0
0 0.668750 0.291204 0.003125 0.004630
0 0.554167 0.333796 0.003125 0.004630
0 0.293229 0.218056 0.002083 0.004630
0 0.558854 0.329630 0.003125 0.003704
0 0.479427 0.376389 0.002604 0.004630
0 0.662500 0.288426 0.002083 0.002778
0 0.529427 0.367130 0.003646 0.004630
0 0.405729 0.238889 0.003125 0.005556
0 0.245573 0.213426 0.002604 0.004630
0 0.233854 0.238889 0.003125 0.003704
0 0.254948 0.130093 0.002604 0.004630
0 0.329167 0.260185 0.002083 0.003704
0 0.181250 0.226852 0.002083 0.003704
0 0.342969 0.256481 0.003646 0.003704
0 0.538281 0.346296 0.003646 0.005556
0 0.290365 0.130556 0.002604 0.003704
