0
0 0.564583 0.574537 0.007292 0.012037
0 0.638542 0.742130 0.007292 0.017593
0 0.539323 0.529630 0.004687 0.009259
0 0.684896 0.430556 0.006250 0.012963
0 0.531250 0.350926 0.004167 0.011111
0 0.535417 0.455093 0.005208 0.013889
0 0.695052 0.455093 0.005729 0.013889
0 0.430208 0.416204 0.006250 0.008333
0 0.576302 0.618056 0.007812 0.008333
0 0.656250 0.358333 0.004167 0.011111
0 0.610938 0.274537 0.007292 0.008333
0 0.422396 0.396296 0.007292 0.007407
0 0.660156 0.769907 0.005729 0.015741
0 0.685677 0.746296 0.009896 0.009259
0 0.616927 0.611111 0.004687 0.014815
0 0.651823 0.600000 0.004687 0.016667
0 0.472656 0.499074 0.004687 0.011111
0 0.660937 0.403704 0.004167 0.011111
0 0.643229 0.203241 0.005208 0.008333
0 0.569271 0.601389 0.004167 0.013889
0 0.593229 0.618981 0.005208 0.010185
0 0.567448 0.631481 0.005729 0.014815
0 0.520052 0.499074 0.006771 0.012963
0 0.384115 0.764352 0.004687 0.010185
0 0.529427 0.409259 0.005729 0.007407
0 0.505208 0.421296 0.005208 0.012963
0 0.573438 0.321296 0.004167 0.011111
0 0.700781 0.093056 0.004687 0.008333
0 0.544792 0.647685 0.006250 0.010185
0 0.667188 0.374537 0.005208 0.012037
0 0.607031 0.247222 0.005729 0.009259
0 0.653385 0.549537 0.005729 0.015741
0 0.652865 0.219907 0.004687 0.008333
0 0.560417 0.746296 0.007292 0.012963
0 0.578385 0.727315 0.009896 0.008333
0 0.578125 0.820370 0.008333 0.011111
0 0.507812 0.587037 0.008333 0.007407
0 0.600000 0.473148 0.008333 0.011111
0 0.672135 0.342130 0.004687 0.012037
0 0.614844 0.152315 0.003646 0.008333
0 0.530990 0.271759 0.006771 0.006481
0 0.667448 0.337500 0.004687 0.012037
0 0.565625 0.254167 0.005208 0.012037
0 0.585156 0.407870 0.018229 0.019444
0 0.546875 0.062037 0.005208 0.005556
0 0.487500 0.584722 0.007292 0.010185
0 0.370573 0.756481 0.008854 0.009259
0 0.523958 0.316204 0.004167 0.010185
0 0.682031 0.707407 0.009896 0.009259
0 0.570312 0.513426 0.008333 0.006481
0 0.091927 0.439815 0.007812 0.011111
0 0.567708 0.127315 0.004167 0.004630
0 0.487760 0.394907 0.007812 0.006481
0 0.522917 0.279167 0.004167 0.008333
0 0.635417 0.168981 0.006250 0.006481
0 0.685937 0.388426 0.004167 0.008333
0 0.653125 0.269444 0.005208 0.009259
0 0.668750 0.311111 0.006250 0.007407
0 0.642188 0.143519 0.010417 0.007407
0 0.546354 0.321296 0.004167 0.011111
0 0.561458 0.368519 0.006250 0.012963
0 0.563802 0.053704 0.003646 0.007407
0 0.356510 0.800926 0.008854 0.012963
0 0.654687 0.400000 0.004167 0.012963
0 0.642969 0.217593 0.004687 0.009259
0 0.460677 0.418519 0.007812 0.007407
0 0.390365 0.758796 0.004687 0.008333
0 0.563021 0.062037 0.004167 0.005556
0 0.588802 0.142593 0.003646 0.005556
0 0.553385 0.054167 0.004687 0.004630
0 0.654167 0.111574 0.005208 0.006481
0 0.616667 0.361111 0.005208 0.011111
0 0.486198 0.436111 0.006771 0.007407
0 0.677604 0.084722 0.005208 0.006481
0 0.686198 0.396759 0.003646 0.008333
0 0.613542 0.222685 0.004167 0.006481
0 0.560677 0.075926 0.002604 0.005556
0 0.619531 0.211111 0.005729 0.007407
0 0.546354 0.307407 0.004167 0.011111
0 0.507812 0.445833 0.005208 0.008333
0 0.662760 0.306481 0.003646 0.009259
0 0.623698 0.143981 0.003646 0.008333
0 0.651042 0.253241 0.005208 0.010185
0 0.608333 0.167593 0.004167 0.005556
0 0.603385 0.066204 0.003646 0.008333
0 0.478385 0.488426 0.004687 0.012037
0 0.503385 0.392130 0.005729 0.008333
0 0.596354 0.227315 0.004167 0.010185
0 0.603385 0.230093 0.003646 0.010185
0 0.492188 0.019907 0.003125 0.006481
0 0.553125 0.096296 0.003125 0.009259
0 0.488802 0.016667 0.002604 0.005556
0 0.607552 0.198611 0.003646 0.010185
0 0.563281 0.080556 0.003646 0.007407
0 0.009635 0.533796 0.005729 0.012037
0 0.638021 0.095833 0.003125 0.006481
0 0.662240 0.259259 0.005729 0.007407
0 0.492448 0.009259 0.003646 0.005556
0 0.627083 0.096296 0.005208 0.007407
0 0.689323 0.077778 0.003646 0.007407
0 0.556771 0.117130 0.003125 0.008333
0 0.528125 0.034259 0.004167 0.007407
0 0.559115 0.057407 0.004687 0.005556
0 0.541667 0.231481 0.004167 0.011111
0 0.492188 0.019444 0.003125 0.007407
0 0.693490 0.081481 0.002604 0.007407
0 0.488802 0.016204 0.002604 0.006481
0 0.544792 0.008333 0.004167 0.007407
0 0.105990 0.439815 0.004687 0.007407
0 0.555729 0.013426 0.003125 0.006481
0 0.626042 0.214352 0.005208 0.008333
0 0.513542 0.001852 0.004167 0.003704
0 0.492448 0.009722 0.003646 0.006481
0 0.654427 0.189352 0.003646 0.008333
0 0.629427 0.245370 0.006771 0.009259
