0
0 0.447135 0.438426 0.005729 0.008333
0 0.534375 0.529167 0.005208 0.012037
0 0.194010 0.380556 0.003646 0.005556
0 0.455208 0.435185 0.006250 0.009259
0 0.412500 0.747685 0.006250 0.015741
0 0.356250 0.532407 0.004167 0.009259
0 0.376042 0.389352 0.005208 0.008333
0 0.485938 0.530556 0.004167 0.009259
0 0.397396 0.750000 0.009375 0.012963
0 0.585677 0.372685 0.004687 0.006481
0 0.989323 0.557870 0.004687 0.010185
0 0.232552 0.379630 0.005729 0.005556
0 0.488542 0.693056 0.009375 0.008333
0 0.711979 0.385185 0.006250 0.009259
0 0.373958 0.524074 0.004167 0.009259
0 0.767969 0.322685 0.004687 0.006481
0 0.516406 0.579167 0.007812 0.008333
0 0.513802 0.364352 0.003646 0.006481
0 0.668490 0.402315 0.005729 0.008333
0 0.252083 0.351389 0.005208 0.006481
0 0.305469 0.388889 0.006771 0.007407
0 0.488281 0.602315 0.007812 0.008333
0 0.409115 0.862963 0.010937 0.012963
0 0.314063 0.358333 0.005208 0.005556
0 0.742448 0.366667 0.004687 0.007407
0 0.494792 0.620370 0.008333 0.011111
0 0.442448 0.343056 0.003646 0.004630
0 0.430469 0.371296 0.005729 0.007407
0 0.977604 0.515741 0.005208 0.009259
0 0.477604 0.797685 0.011458 0.010185
0 0.360417 0.379167 0.005208 0.006481
0 0.488021 0.514815 0.004167 0.009259
0 0.354167 0.372222 0.005208 0.007407
0 0.284115 0.315741 0.005729 0.005556
0 0.731510 0.331019 0.004687 0.006481
0 0.526563 0.335648 0.004167 0.006481
0 0.620573 0.863889 0.010937 0.011111
0 0.239323 0.346759 0.005729 0.008333
0 0.902344 0.562037 0.008854 0.012963
0 0.321094 0.401852 0.004687 0.007407
0 0.320573 0.303241 0.004687 0.004630
0 0.364583 0.858796 0.011458 0.013889
0 0.277083 0.322222 0.005208 0.005556
0 0.304167 0.367593 0.006250 0.007407
0 0.678385 0.308333 0.004687 0.007407
0 0.217188 0.328704 0.004167 0.003704
0 0.329167 0.367130 0.006250 0.006481
0 0.736719 0.389352 0.004687 0.008333
0 0.363542 0.669907 0.008333 0.010185
0 0.702083 0.256019 0.003125 0.006481
0 0.314323 0.320833 0.004687 0.004630
0 0.577865 0.831944 0.011979 0.012037
0 0.290885 0.345833 0.005729 0.006481
0 0.609896 0.322222 0.004167 0.005556
0 0.374479 0.885185 0.005208 0.005556
0 0.328906 0.853241 0.013021 0.013889
0 0.288802 0.322685 0.005729 0.004630
0 0.198958 0.380556 0.005208 0.007407
0 0.336719 0.838426 0.006771 0.008333
0 0.568229 0.345370 0.004167 0.005556
0 0.390365 0.365741 0.005729 0.007407
0 0.722396 0.395370 0.006250 0.007407
0 0.811198 0.429630 0.006771 0.009259
0 0.897656 0.418981 0.005729 0.008333
0 0.846094 0.397222 0.006771 0.009259
0 0.415885 0.437963 0.003646 0.009259
0 0.482552 0.479167 0.003646 0.010185
0 0.353125 0.661111 0.006250 0.009259
0 0.428125 0.445370 0.004167 0.007407
0 0.380729 0.678241 0.008333 0.008333
0 0.374740 0.687037 0.007812 0.011111
0 0.351302 0.671296 0.006771 0.009259
0 0.534375 0.321296 0.004167 0.007407
0 0.267448 0.345833 0.004687 0.004630
0 0.280208 0.334259 0.005208 0.005556
0 0.894271 0.410185 0.007292 0.009259
0 0.222656 0.327315 0.003646 0.004630
0 0.310417 0.373611 0.004167 0.006481
0 0.551823 0.329630 0.002604 0.005556
0 0.472917 0.426389 0.004167 0.008333
0 0.589063 0.306481 0.004167 0.005556
0 0.330208 0.834722 0.005208 0.010185
0 0.510938 0.346759 0.004167 0.006481
0 0.698698 0.306481 0.004687 0.007407
0 0.580990 0.321759 0.003646 0.004630
0 0.520312 0.326852 0.004167 0.005556
0 0.619010 0.314815 0.003646 0.005556
0 0.219792 0.376389 0.005208 0.006481
0 0.339062 0.338426 0.003125 0.006481
0 0.614062 0.318981 0.004167 0.006481
0 0.255729 0.329630 0.003125 0.005556
0 0.428125 0.333796 0.004167 0.004630
0 0.586979 0.318981 0.003125 0.004630
0 0.559115 0.327315 0.003646 0.006481
0 0.563542 0.332407 0.003125 0.003704
0 0.264062 0.349537 0.004167 0.004630
0 0.573958 0.336111 0.003125 0.005556
0 0.303385 0.308333 0.004687 0.005556
0 0.271875 0.330556 0.004167 0.005556
0 0.195312 0.337963 0.005208 0.005556
0 0.237240 0.362963 0.002604 0.005556
0 0.238281 0.335185 0.002604 0.005556
0 0.714323 0.376852 0.005729 0.007407
0 0.351562 0.352315 0.003125 0.004630
0 0.316406 0.372685 0.005729 0.006481
0 0.578125 0.307870 0.004167 0.006481
0 0.426563 0.326852 0.003125 0.005556
0 0.401042 0.329167 0.004167 0.006481
0 0.451823 0.330093 0.003646 0.004630
0 0.724479 0.346759 0.005208 0.006481
0 0.380729 0.346759 0.004167 0.006481
0 0.715104 0.303704 0.005208 0.007407
0 0.551562 0.312963 0.003125 0.007407
0 0.494792 0.348611 0.003125 0.006481
0 0.334375 0.855556 0.002083 0.005556
0 0.452604 0.319907 0.004167 0.004630
0 0.489844 0.353241 0.003646 0.006481
0 0.307812 0.338426 0.005208 0.006481
0 0.363802 0.329167 0.003646 0.004630
0 0.427083 0.312963 0.004167 0.007407
0 0.425260 0.428241 0.003646 0.008333
0 0.316927 0.328241 0.004687 0.006481
0 0.259635 0.331481 0.004687 0.005556
0 0.473698 0.351389 0.003646 0.006481
0 0.707552 0.308333 0.003646 0.007407
0 0.569531 0.320370 0.003646 0.005556
0 0.557552 0.340278 0.003646 0.006481
0 0.599219 0.330556 0.003646 0.005556
0 0.543750 0.321759 0.003125 0.006481
0 0.388021 0.330556 0.003125 0.005556
0 0.578385 0.316667 0.003646 0.005556
0 0.384115 0.337500 0.003646 0.006481
0 0.518490 0.316204 0.002604 0.006481
0 0.310677 0.400000 0.003646 0.007407
0 0.542448 0.314815 0.003646 0.005556
0 0.491927 0.328704 0.003646 0.005556
0 0.505469 0.321296 0.002604 0.005556
0 0.363281 0.344444 0.003646 0.005556
0 0.435677 0.339352 0.003646 0.006481
0 0.456771 0.336574 0.003125 0.004630
0 0.251302 0.326852 0.004687 0.005556
0 0.433854 0.327315 0.003125 0.006481
0 0.442969 0.322685 0.003646 0.004630
0 0.412760 0.322222 0.003646 0.009259
0 0.601302 0.312037 0.003646 0.005556
