0
0 0.408594 0.401852 0.005729 0.007407
0 0.430729 0.541667 0.007292 0.011111
0 0.428125 0.527778 0.006250 0.009259
0 0.338542 0.708333 0.008333 0.011111
0 0.290885 0.570833 0.005729 0.008333
0 0.209115 0.350000 0.004687 0.007407
0 0.617708 0.373148 0.006250 0.007407
0 0.789062 0.505093 0.007292 0.012037
0 0.910937 0.471759 0.007292 0.008333
0 0.219792 0.352315 0.005208 0.004630
0 0.522656 0.781944 0.008854 0.010185
0 0.188542 0.352315 0.004167 0.006481
0 0.692448 0.335185 0.003646 0.005556
0 0.417708 0.593981 0.008333 0.008333
0 0.508854 0.711111 0.010417 0.012963
0 0.655469 0.359722 0.005729 0.008333
0 0.965625 0.481944 0.006250 0.008333
0 0.243229 0.327778 0.005208 0.005556
0 0.349219 0.788889 0.010937 0.011111
0 0.417708 0.399074 0.006250 0.009259
0 0.664062 0.735185 0.004167 0.009259
0 0.745573 0.807407 0.011979 0.012963
0 0.525781 0.795370 0.009896 0.009259
0 0.542969 0.349074 0.005729 0.007407
0 0.282031 0.292593 0.003646 0.003704
0 0.921615 0.412500 0.004687 0.006481
0 0.431510 0.480556 0.003646 0.009259
0 0.330990 0.472685 0.004687 0.010185
0 0.642708 0.729630 0.010417 0.012963
0 0.672917 0.328241 0.004167 0.006481
0 0.433854 0.468056 0.004167 0.008333
0 0.184896 0.352778 0.003125 0.005556
0 0.881510 0.520370 0.007812 0.011111
0 0.150000 0.551852 0.005208 0.011111
0 0.900781 0.475000 0.006771 0.009259
0 0.296615 0.740278 0.010937 0.013889
0 0.660156 0.763426 0.010937 0.013889
0 0.312500 0.725000 0.010417 0.011111
0 0.349740 0.631019 0.005729 0.013889
0 0.946354 0.465278 0.006250 0.008333
0 0.402083 0.345370 0.005208 0.005556
0 0.662500 0.371296 0.005208 0.009259
0 0.303385 0.706019 0.008854 0.012037
0 0.680469 0.346296 0.004687 0.007407
0 0.473958 0.481481 0.004167 0.009259
0 0.178125 0.854630 0.009375 0.016667
0 0.336719 0.632407 0.007812 0.011111
0 0.377344 0.406481 0.004687 0.009259
0 0.335677 0.353241 0.003646 0.006481
0 0.414583 0.786111 0.010417 0.012963
0 0.740104 0.399074 0.006250 0.009259
0 0.717708 0.308796 0.004167 0.006481
0 0.290104 0.292593 0.004167 0.005556
0 0.863281 0.468519 0.004687 0.009259
0 0.634896 0.747222 0.010417 0.012963
0 0.915885 0.424537 0.004687 0.006481
0 0.447917 0.802778 0.009375 0.011111
0 0.391146 0.410648 0.005208 0.008333
0 0.779687 0.373611 0.006250 0.008333
0 0.682813 0.315278 0.005208 0.008333
0 0.659375 0.727315 0.009375 0.010185
0 0.453385 0.511574 0.006771 0.008333
0 0.285677 0.368056 0.003646 0.006481
0 0.958333 0.419444 0.007292 0.007407
0 0.154688 0.868056 0.011458 0.017593
0 0.359635 0.754167 0.010937 0.012037
0 0.689323 0.777315 0.010937 0.015741
0 0.303906 0.287500 0.004687 0.004630
0 0.964063 0.435185 0.005208 0.007407
0 0.939323 0.419907 0.006771 0.006481
0 0.209375 0.307870 0.003125 0.004630
0 0.861458 0.501852 0.005208 0.009259
0 0.275000 0.701389 0.010417 0.013889
0 0.397396 0.306944 0.004167 0.006481
0 0.652344 0.351852 0.003646 0.007407
0 0.305469 0.581481 0.006771 0.011111
0 0.518490 0.320370 0.003646 0.005556
0 0.389583 0.854630 0.009375 0.011111
0 0.477083 0.689815 0.010417 0.011111
0 0.293229 0.756019 0.009375 0.012037
0 0.313802 0.479630 0.003646 0.009259
0 0.288802 0.343519 0.004687 0.005556
0 0.551562 0.314352 0.004167 0.004630
0 0.285677 0.359259 0.004687 0.005556
0 0.559635 0.313426 0.003646 0.004630
0 0.281250 0.361111 0.004167 0.007407
0 0.308333 0.343519 0.005208 0.005556
0 0.193229 0.315278 0.005208 0.004630
0 0.927604 0.472222 0.006250 0.007407
0 0.916406 0.504630 0.005729 0.009259
0 0.606250 0.308796 0.004167 0.006481
0 0.107292 0.885648 0.005208 0.004630
0 0.275521 0.324074 0.005208 0.005556
0 0.814583 0.389815 0.006250 0.009259
0 0.313542 0.577778 0.006250 0.009259
0 0.348958 0.754167 0.010417 0.012037
0 0.223438 0.335185 0.003125 0.005556
0 0.668229 0.362963 0.005208 0.007407
0 0.543490 0.306019 0.003646 0.004630
0 0.264844 0.307407 0.003646 0.005556
0 0.935417 0.410185 0.005208 0.009259
0 0.245833 0.306481 0.004167 0.005556
0 0.294271 0.563426 0.005208 0.008333
0 0.331771 0.346759 0.004167 0.006481
0 0.632031 0.322222 0.003646 0.005556
0 0.279687 0.691204 0.010417 0.012037
0 0.318750 0.318056 0.004167 0.008333
0 0.571354 0.306944 0.003125 0.004630
0 0.498177 0.305093 0.002604 0.006481
0 0.552604 0.300463 0.004167 0.004630
0 0.366406 0.337037 0.004687 0.005556
0 0.303385 0.569444 0.005729 0.009259
0 0.255729 0.306944 0.003125 0.004630
0 0.529167 0.317593 0.003125 0.005556
0 0.398698 0.666204 0.008854 0.008333
0 0.353906 0.304630 0.003646 0.005556
0 0.669792 0.244907 0.003125 0.006481
0 0.388021 0.318056 0.003125 0.004630
0 0.953646 0.477315 0.005208 0.010185
0 0.330469 0.321759 0.002604 0.004630
0 0.819271 0.384722 0.006250 0.008333
0 0.254427 0.293056 0.003646 0.004630
0 0.526823 0.300000 0.003646 0.005556
0 0.439063 0.382870 0.003125 0.008333
0 0.418750 0.306481 0.003125 0.005556
0 0.403385 0.318519 0.003646 0.005556
0 0.413542 0.314352 0.002083 0.004630
0 0.439844 0.329630 0.002604 0.005556
0 0.480990 0.298611 0.002604 0.004630
0 0.337240 0.343981 0.004687 0.006481
0 0.346615 0.363426 0.003646 0.006481
0 0.258594 0.311574 0.003646 0.004630
0 0.517448 0.307407 0.003646 0.007407
0 0.352344 0.323148 0.002604 0.005556
0 0.995833 0.513889 0.006250 0.011111
0 0.343490 0.338889 0.004687 0.005556
0 0.395313 0.319907 0.004167 0.006481
0 0.664323 0.294444 0.003646 0.005556
0 0.364063 0.342130 0.005208 0.006481
0 0.309896 0.319907 0.003125 0.004630
0 0.536719 0.308333 0.003646 0.005556
0 0.270313 0.299074 0.005208 0.005556
0 0.471094 0.303704 0.002604 0.005556
0 0.387760 0.307407 0.003646 0.005556
0 0.476042 0.306944 0.004167 0.006481
0 0.400260 0.314815 0.003646 0.003704
0 0.295312 0.333796 0.005208 0.004630
0 0.370312 0.328704 0.004167 0.005556
0 0.540625 0.300926 0.003125 0.005556
0 0.369271 0.308333 0.003125 0.005556
0 0.270833 0.313426 0.005208 0.006481
0 0.487500 0.315278 0.003125 0.006481
0 0.424219 0.312037 0.003646 0.005556
0 0.397396 0.296759 0.004167 0.006481
0 0.430469 0.398611 0.003646 0.008333
0 0.265885 0.314352 0.003646 0.006481
0 0.297917 0.320833 0.003125 0.004630
0 0.543490 0.294444 0.003646 0.005556
0 0.340365 0.322685 0.002604 0.004630
