0
0 0.408594 0.719907 0.005729 0.012037
0 0.026042 0.794444 0.007292 0.007407
0 0.386198 0.717593 0.005729 0.011111
0 0.352604 0.786574 0.004167 0.008333
0 0.126562 0.733333 0.004167 0.007407
0 0.104167 0.794444 0.006250 0.007407
0 0.450260 0.743981 0.005729 0.006481
0 0.242448 0.736111 0.003646 0.009259
0 0.233854 0.738889 0.004167 0.009259
0 0.211719 0.778241 0.004687 0.012037
0 0.170573 0.804630 0.005729 0.009259
0 0.183854 0.791204 0.005208 0.008333
0 0.341146 0.871759 0.005208 0.012037
0 0.455729 0.448611 0.003125 0.004630
0 0.488802 0.312963 0.002604 0.005556
0 0.444792 0.477315 0.003125 0.004630
0 0.459375 0.396296 0.004167 0.007407
0 0.496094 0.362037 0.002604 0.005556
0 0.497656 0.320833 0.003646 0.004630
0 0.180990 0.800926 0.003646 0.009259
0 0.689063 0.314815 0.003125 0.003704
0 0.820052 0.426389 0.004687 0.008333
0 0.638802 0.261574 0.003646 0.004630
0 0.867969 0.277778 0.002604 0.003704
0 0.176302 0.790741 0.004687 0.011111
0 0.407813 0.707407 0.004167 0.007407
0 0.562760 0.303704 0.002604 0.003704
0 0.419271 0.289352 0.004167 0.004630
0 0.478125 0.302315 0.003125 0.004630
0 0.610156 0.278704 0.002604 0.003704
0 0.602083 0.262963 0.003125 0.003704
0 0.651563 0.218981 0.002083 0.002778
0 0.547135 0.262037 0.002604 0.003704
0 0.604948 0.275463 0.003646 0.004630
0 0.381510 0.762963 0.005729 0.007407
0 0.963802 0.352315 0.003646 0.004630
0 0.564323 0.312500 0.002604 0.004630
0 0.568490 0.268981 0.001563 0.002778
0 0.506250 0.356944 0.004167 0.004630
0 0.656771 0.239815 0.002083 0.003704
0 0.362760 0.588426 0.003646 0.008333
0 0.773698 0.218519 0.002604 0.003704
0 0.827865 0.234259 0.002604 0.003704
0 0.835417 0.269444 0.003125 0.003704
0 0.469531 0.426389 0.002604 0.004630
0 0.620313 0.258333 0.002083 0.003704
0 0.577604 0.268519 0.003125 0.003704
0 0.686979 0.229167 0.002083 0.002778
0 0.536719 0.272222 0.002604 0.003704
0 0.963542 0.337963 0.003125 0.005556
0 0.634896 0.269444 0.002083 0.003704
0 0.880990 0.264352 0.003646 0.004630
0 0.488281 0.305556 0.002604 0.003704
0 0.752865 0.217130 0.002604 0.004630
0 0.578385 0.288889 0.002604 0.003704
0 0.631510 0.211574 0.001563 0.002778
0 0.580208 0.284259 0.002083 0.003704
0 0.594792 0.301852 0.003125 0.003704
0 0.584635 0.300000 0.002604 0.003704
0 0.823958 0.276852 0.003125 0.003704
0 0.760677 0.218981 0.002604 0.004630
0 0.785417 0.217593 0.002083 0.001852
0 0.533854 0.292593 0.003125 0.003704
0 0.809896 0.249074 0.002083 0.003704
0 0.573438 0.275926 0.002083 0.003704
0 0.830469 0.261111 0.002604 0.003704
0 0.527604 0.270833 0.002083 0.004630
0 0.614062 0.254167 0.002083 0.002778
0 0.717969 0.218519 0.002604 0.003704
0 0.761979 0.213889 0.003125 0.003704
0 0.656510 0.202778 0.002604 0.003704
0 0.409115 0.505556 0.003646 0.009259
0 0.672656 0.218981 0.001563 0.002778
0 0.535417 0.306481 0.002083 0.003704
0 0.811458 0.243981 0.002083 0.002778
0 0.680208 0.225463 0.002083 0.002778
0 0.730729 0.209722 0.002083 0.002778
0 0.519792 0.302315 0.002083 0.004630
0 0.678385 0.271759 0.002604 0.004630
