0
0 0.408854 0.840741 0.005208 0.007407
0 0.324219 0.816204 0.005729 0.012037
0 0.352344 0.816667 0.006771 0.012963
0 0.364844 0.513889 0.003646 0.007407
0 0.418229 0.374074 0.004167 0.005556
0 0.351562 0.798611 0.004167 0.008333
0 0.368229 0.373611 0.003125 0.004630
0 0.152865 0.869907 0.004687 0.010185
0 0.330990 0.875000 0.004687 0.007407
0 0.292448 0.651852 0.004687 0.011111
0 0.739062 0.427315 0.004167 0.008333
0 0.472656 0.321759 0.002604 0.004630
0 0.106510 0.122222 0.005729 0.005556
0 0.595313 0.318519 0.003125 0.003704
0 0.395833 0.837963 0.006250 0.007407
0 0.593750 0.262500 0.002083 0.004630
0 0.647135 0.263889 0.002604 0.003704
0 0.392708 0.329167 0.003125 0.004630
0 0.373958 0.482407 0.005208 0.005556
0 0.330208 0.546759 0.003125 0.008333
0 0.863281 0.343056 0.003646 0.004630
0 0.372656 0.423148 0.004687 0.005556
0 0.647656 0.233333 0.001563 0.003704
0 0.380208 0.317130 0.004167 0.004630
0 0.410677 0.445833 0.003646 0.004630
0 0.443490 0.316204 0.002604 0.004630
0 0.141406 0.875000 0.004687 0.011111
0 0.480469 0.312963 0.002604 0.003704
0 0.439583 0.312963 0.003125 0.005556
0 0.555469 0.240741 0.002604 0.003704
0 0.526563 0.262963 0.002083 0.003704
0 0.495312 0.317593 0.003125 0.003704
0 0.753125 0.258333 0.003125 0.003704
0 0.477604 0.271296 0.002083 0.003704
0 0.852344 0.328704 0.001563 0.003704
0 0.502604 0.255556 0.003125 0.003704
0 0.119010 0.123611 0.006771 0.006481
0 0.701562 0.246296 0.002083 0.003704
0 0.485938 0.291667 0.002083 0.003704
0 0.839844 0.336111 0.003646 0.005556
0 0.471354 0.257407 0.002083 0.003704
0 0.725521 0.261574 0.003125 0.002778
0 0.655729 0.217593 0.002083 0.003704
0 0.430990 0.327778 0.001563 0.005556
0 0.622135 0.218056 0.002604 0.004630
0 0.610677 0.218056 0.002604 0.004630
0 0.386198 0.456481 0.003646 0.005556
0 0.680729 0.217130 0.002083 0.002778
0 0.595052 0.215741 0.002604 0.003704
0 0.638542 0.217593 0.002083 0.003704
0 0.460677 0.268981 0.001563 0.002778
0 0.317188 0.305556 0.003125 0.003704
0 0.417448 0.305093 0.002604 0.004630
0 0.487240 0.287037 0.002604 0.003704
0 0.403125 0.335648 0.003125 0.004630
0 0.720573 0.257407 0.002604 0.003704
0 0.851302 0.341667 0.003646 0.005556
0 0.562760 0.213889 0.001563 0.003704
0 0.406510 0.349537 0.002604 0.004630
0 0.489583 0.308333 0.003125 0.003704
0 0.488281 0.314352 0.002604 0.002778
0 0.473698 0.283796 0.002604 0.004630
0 0.544271 0.275926 0.002083 0.003704
0 0.479948 0.319444 0.002604 0.003704
