0
0 0.166406 0.438889 0.005729 0.007407
0 0.276823 0.394907 0.005729 0.006481
0 0.352865 0.425926 0.005729 0.007407
0 0.722917 0.471296 0.007292 0.009259
0 0.302344 0.410648 0.005729 0.006481
0 0.160677 0.439352 0.004687 0.006481
0 0.285156 0.455556 0.005729 0.007407
0 0.498437 0.655093 0.006250 0.013889
0 0.205469 0.438889 0.005729 0.005556
0 0.764323 0.452315 0.006771 0.010185
0 0.239323 0.608796 0.004687 0.010185
0 0.352083 0.437037 0.006250 0.009259
0 0.190885 0.435185 0.006771 0.007407
0 0.482031 0.496759 0.006771 0.012037
0 0.819271 0.365278 0.006250 0.008333
0 0.555469 0.656019 0.007812 0.015741
0 0.501563 0.634259 0.006250 0.012963
0 0.168229 0.440278 0.003125 0.004630
0 0.361198 0.642130 0.005729 0.013889
0 0.370312 0.451852 0.006250 0.009259
0 0.654948 0.356944 0.005729 0.008333
0 0.732552 0.389352 0.004687 0.006481
0 0.892708 0.516667 0.008333 0.011111
0 0.781771 0.443981 0.006250 0.010185
0 0.458594 0.518981 0.007812 0.012037
0 0.308594 0.471759 0.006771 0.008333
0 0.804427 0.459259 0.005729 0.011111
0 0.585156 0.389352 0.005729 0.008333
0 0.506250 0.824074 0.011458 0.018519
0 0.574479 0.386111 0.006250 0.009259
0 0.433333 0.390741 0.005208 0.007407
0 0.214844 0.395833 0.005729 0.006481
0 0.428385 0.528241 0.005729 0.010185
0 0.314844 0.394444 0.004687 0.007407
0 0.810156 0.410648 0.006771 0.008333
0 0.494271 0.789352 0.009375 0.013889
0 0.436719 0.379630 0.004687 0.005556
0 0.317188 0.424074 0.007292 0.007407
0 0.615365 0.432407 0.006771 0.009259
0 0.497135 0.575926 0.005729 0.012963
0 0.433073 0.431019 0.006771 0.008333
0 0.298177 0.469444 0.003646 0.007407
0 0.340365 0.656019 0.004687 0.013889
0 0.428646 0.505556 0.005208 0.011111
0 0.450781 0.524537 0.007812 0.012037
0 0.305990 0.349537 0.005729 0.006481
0 0.797135 0.429630 0.005729 0.009259
0 0.923958 0.468519 0.007292 0.011111
0 0.442969 0.350926 0.004687 0.007407
0 0.226562 0.400463 0.006250 0.006481
0 0.350521 0.372222 0.005208 0.005556
0 0.243750 0.398611 0.006250 0.006481
0 0.777865 0.468981 0.007812 0.010185
0 0.536458 0.752315 0.011458 0.013889
0 0.508854 0.408333 0.004167 0.007407
0 0.267448 0.399074 0.005729 0.007407
0 0.345573 0.428704 0.006771 0.009259
0 0.404427 0.398148 0.005729 0.007407
0 0.323437 0.398148 0.003125 0.005556
0 0.689323 0.369444 0.005729 0.007407
0 0.769792 0.285648 0.004167 0.004630
0 0.372396 0.364352 0.005208 0.006481
0 0.300260 0.429167 0.005729 0.008333
0 0.784635 0.377315 0.006771 0.010185
0 0.602604 0.396759 0.005208 0.006481
0 0.405208 0.389352 0.003125 0.004630
0 0.344792 0.405556 0.005208 0.007407
0 0.760677 0.349074 0.004687 0.007407
0 0.634115 0.352315 0.004687 0.006481
0 0.251302 0.394444 0.005729 0.005556
0 0.559115 0.363426 0.005729 0.008333
0 0.755469 0.344907 0.004687 0.008333
0 0.988542 0.485185 0.009375 0.012963
0 0.476562 0.400463 0.004167 0.006481
0 0.514844 0.401389 0.004687 0.008333
0 0.644271 0.366204 0.005208 0.008333
0 0.304167 0.362037 0.005208 0.005556
0 0.262760 0.362963 0.005729 0.005556
0 0.779427 0.399074 0.005729 0.009259
0 0.304948 0.387037 0.004687 0.007407
0 0.546354 0.370833 0.005208 0.008333
0 0.289583 0.452315 0.006250 0.008333
0 0.395573 0.403704 0.004687 0.005556
0 0.493229 0.332870 0.005208 0.008333
0 0.721094 0.349074 0.004687 0.007407
0 0.540365 0.366667 0.003646 0.007407
0 0.509896 0.395833 0.005208 0.008333
0 0.554167 0.384259 0.005208 0.007407
0 0.229948 0.368981 0.005729 0.006481
0 0.270833 0.375926 0.006250 0.005556
0 0.535937 0.397685 0.005208 0.008333
0 0.552344 0.350926 0.004687 0.007407
0 0.592708 0.379167 0.004167 0.006481
0 0.420833 0.515278 0.005208 0.012037
0 0.386979 0.438426 0.005208 0.010185
0 0.410417 0.381944 0.005208 0.006481
0 0.575521 0.376389 0.004167 0.008333
0 0.510156 0.373148 0.005729 0.007407
0 0.455208 0.381481 0.003125 0.005556
0 0.285417 0.421759 0.005208 0.008333
0 0.623177 0.356944 0.004687 0.008333
0 0.469531 0.333796 0.003646 0.006481
0 0.420312 0.389815 0.004167 0.007407
0 0.293750 0.385648 0.005208 0.006481
0 0.359375 0.418056 0.006250 0.006481
0 0.336979 0.389352 0.005208 0.004630
0 0.264583 0.379167 0.005208 0.006481
0 0.435417 0.368519 0.005208 0.007407
0 0.537500 0.420833 0.004167 0.006481
0 0.376042 0.411111 0.007292 0.005556
0 0.472135 0.403704 0.005729 0.007407
0 0.352083 0.405556 0.006250 0.009259
0 0.767708 0.340741 0.005208 0.007407
0 0.468229 0.376852 0.005208 0.007407
0 0.387760 0.417130 0.005729 0.006481
0 0.273958 0.353241 0.005208 0.006481
0 0.421615 0.362500 0.002604 0.006481
0 0.598958 0.382407 0.004167 0.007407
0 0.277344 0.362963 0.005729 0.005556
0 0.426042 0.349537 0.004167 0.008333
0 0.385677 0.385185 0.005729 0.007407
0 0.499740 0.479167 0.004687 0.010185
0 0.497396 0.394444 0.004167 0.007407
0 0.460156 0.374537 0.003646 0.006481
0 0.623698 0.379167 0.003646 0.006481
0 0.538281 0.372685 0.004687 0.006481
0 0.310156 0.385185 0.005729 0.007407
0 0.570833 0.362500 0.004167 0.006481
0 0.618229 0.361574 0.004167 0.006481
0 0.509635 0.385185 0.004687 0.009259
0 0.638802 0.361111 0.004687 0.007407
0 0.444792 0.371759 0.003125 0.006481
0 0.455729 0.348148 0.004167 0.007407
0 0.378906 0.397685 0.005729 0.006481
0 0.567969 0.356944 0.003646 0.006481
0 0.291406 0.429167 0.004687 0.006481
0 0.612240 0.364815 0.004687 0.007407
0 0.361979 0.373611 0.005208 0.006481
0 0.463542 0.368056 0.004167 0.006481
0 0.417708 0.374537 0.005208 0.006481
0 0.561458 0.349537 0.003125 0.006481
0 0.608854 0.359259 0.004167 0.005556
0 0.393490 0.375000 0.004687 0.005556
0 0.502083 0.388889 0.004167 0.007407
0 0.391406 0.365278 0.005729 0.004630
0 0.473958 0.364815 0.004167 0.005556
0 0.306510 0.370370 0.005729 0.005556
0 0.480729 0.406944 0.004167 0.006481
0 0.606771 0.369444 0.004167 0.005556
