0
0 0.471354 0.607870 0.005208 0.008333
0 0.390104 0.871759 0.004167 0.008333
0 0.513281 0.627315 0.004687 0.006481
0 0.443229 0.765741 0.008333 0.009259
0 0.240625 0.642130 0.004167 0.006481
0 0.293750 0.653704 0.004167 0.007407
0 0.342969 0.612037 0.003646 0.007407
0 0.489844 0.609722 0.005729 0.010185
0 0.389323 0.769907 0.004687 0.010185
0 0.358594 0.789815 0.004687 0.012963
0 0.181510 0.634722 0.005729 0.006481
0 0.335938 0.730556 0.005208 0.011111
0 0.325260 0.638426 0.004687 0.010185
0 0.431510 0.718519 0.004687 0.009259
0 0.313021 0.785185 0.004167 0.011111
0 0.395313 0.853704 0.004167 0.011111
0 0.405729 0.769907 0.008333 0.008333
0 0.980990 0.262037 0.002604 0.003704
0 0.297656 0.646296 0.004687 0.011111
0 0.461458 0.641667 0.004167 0.007407
0 0.722135 0.239352 0.003646 0.004630
0 0.784375 0.240741 0.003125 0.003704
0 0.307812 0.788889 0.005208 0.011111
0 0.318750 0.729630 0.004167 0.007407
0 0.327083 0.733333 0.004167 0.009259
0 0.965104 0.261111 0.003125 0.003704
0 0.258333 0.600926 0.004167 0.007407
0 0.522135 0.630093 0.005729 0.006481
0 0.348698 0.723148 0.004687 0.011111
0 0.930990 0.218519 0.002604 0.003704
0 0.301563 0.652315 0.003125 0.006481
0 0.684896 0.239815 0.003125 0.003704
0 0.702344 0.246296 0.002604 0.003704
0 0.922656 0.249074 0.002604 0.003704
0 0.447135 0.510185 0.003646 0.007407
0 0.343750 0.094907 0.005208 0.004630
0 0.341927 0.726852 0.004687 0.011111
0 0.752344 0.217130 0.002604 0.002778
0 0.313802 0.731944 0.004687 0.012037
0 0.806510 0.247685 0.002604 0.004630
0 0.620313 0.274537 0.002083 0.004630
0 0.610156 0.268519 0.002604 0.003704
0 0.441667 0.655556 0.004167 0.007407
0 0.353125 0.097222 0.003125 0.003704
0 0.542969 0.316667 0.002604 0.005556
0 0.706771 0.232407 0.002083 0.003704
0 0.960156 0.248611 0.002604 0.002778
0 0.656510 0.262963 0.002604 0.003704
0 0.643490 0.275463 0.002604 0.004630
0 0.646615 0.292130 0.002604 0.004630
0 0.830990 0.195833 0.002604 0.004630
0 0.895052 0.397685 0.004687 0.006481
0 0.935937 0.260185 0.003125 0.005556
0 0.721094 0.246759 0.003646 0.004630
0 0.653125 0.276852 0.003125 0.003704
0 0.847396 0.204167 0.003125 0.002778
0 0.837500 0.245370 0.003125 0.003704
0 0.732292 0.231481 0.003125 0.003704
0 0.828125 0.199074 0.002083 0.003704
0 0.867188 0.247222 0.003125 0.003704
0 0.907031 0.221759 0.002604 0.004630
0 0.671875 0.253704 0.002083 0.003704
0 0.968490 0.240741 0.002604 0.003704
0 0.690365 0.251389 0.002604 0.002778
0 0.845313 0.199074 0.003125 0.003704
0 0.952865 0.195833 0.002604 0.004630
0 0.976562 0.249074 0.003125 0.003704
0 0.644531 0.283796 0.002604 0.004630
0 0.547917 0.381481 0.003125 0.007407
0 0.772396 0.293056 0.003125 0.004630
0 0.653385 0.227778 0.002604 0.003704
0 0.662240 0.258333 0.002604 0.003704
0 0.768229 0.202315 0.002083 0.002778
0 0.668490 0.249074 0.002604 0.003704
0 0.748177 0.201852 0.001563 0.003704
0 0.773177 0.209722 0.001563 0.002778
0 0.404687 0.035648 0.003125 0.008333
0 0.856250 0.202315 0.002083 0.002778
0 0.390365 0.031944 0.003646 0.008333
0 0.619531 0.245833 0.002604 0.004630
0 0.688281 0.467593 0.003646 0.005556
0 0.742448 0.218981 0.002604 0.002778
0 0.425260 0.031019 0.003646 0.004630
0 0.349740 0.610648 0.004687 0.008333
0 0.843229 0.194907 0.002083 0.002778
0 0.951562 0.257407 0.003125 0.005556
0 0.774219 0.191667 0.002604 0.003704
0 0.761979 0.200463 0.002083 0.002778
