0 0.23747395833333332 0.8635092592592593 0.005213541666666662 0.016518518518518443
0 0.26044270833333333 0.6969259259259258 0.0038281250000000116 0.010157407407407433
0 0.26486458333333335 0.6932407407407408 0.004062500000000006 0.00903703703703703
0 0.3047552083333333 0.6298703703703704 0.003661458333333319 0.009555555555555496
0 0.31308854166666666 0.5958240740740741 0.00703125 0.006814814814814722
0 0.3279583333333333 0.5550555555555556 0.006656249999999986 0.005231481481481566
0 0.32538020833333337 0.5587592592592593 0.0065833333333333854 0.007083333333333418
0 0.30920312499999997 0.50625 0.004744791666666614 0.008453703703703805
0 0.35588020833333334 0.5362870370370371 0.005395833333333281 0.00873148148148154
0 0.30138020833333334 0.4355277777777778 0.0031979166666667187 0.005398148148148186
0 0.3199375 0.4350555555555556 0.0032239583333333616 0.005055555555555589
0 0.34841145833333337 0.4414537037037037 0.0026666666666666098 0.005759259259259284
0 0.36147916666666663 0.4321111111111111 0.004302083333333329 0.005824074074074041
0 0.3486927083333333 0.3389722222222222 0.0028854166666666477 0.005268518518518569
0 0.34976562499999997 0.3528703703703704 0.0036718749999999764 0.005240740740740712
0 0.36213541666666665 0.3423148148148148 0.0035729166666666145 0.005898148148148152
0 0.35721875000000003 0.34120370370370373 0.0029270833333332764 0.005481481481481444
0 0.3562708333333333 0.3528425925925926 0.003416666666666638 0.005175925925925955
0 0.37159895833333334 0.3503240740740741 0.0037395833333333664 0.005722222222222176
0 0.37564583333333335 0.3476851851851852 0.003567708333333286 0.005537037037037054
0 0.38341666666666663 0.35205555555555557 0.003187499999999943 0.00522222222222221
0 0.37986458333333334 0.33575925925925926 0.0027708333333333 0.005453703703703691
0 0.3226822916666666 0.36362962962962964 0.0036302083333333477 0.004314814814814785
0 0.30942708333333335 0.3589074074074074 0.004500000000000052 0.005351851851851826
0 0.32354166666666667 0.3761388888888889 0.003442708333333281 0.004722222222222243
0 0.34065104166666665 0.3827037037037037 0.002968750000000024 0.004842592592592609
0 0.3377864583333333 0.3875925925925926 0.0032916666666666333 0.003861111111111073
0 0.5465364583333333 0.6643240740740741 0.004286458333333343 0.00635185185185176
0 0.7361666666666667 0.48206481481481483 0.004036458333333334 0.011092592592592609
0 0.839890625 0.3663703703703704 0.0035520833333334187 0.005472222222222193
0 0.8363437499999999 0.36721296296296296 0.0031041666666666856 0.004916666666666616
0 0.8319010416666667 0.36644444444444446 0.0037083333333332766 0.00506481481481484
0 0.8252708333333333 0.3654722222222222 0.0034374999999999527 0.004231481481481528
0 0.83084375 0.3513611111111111 0.0025468749999999337 0.00361111111111109
0 0.8289427083333333 0.35374074074074074 0.003499999999999896 0.0044166666666666495
0 0.8235520833333333 0.35737962962962966 0.0044322916666667805 0.005111111111111094
0 0.8218854166666667 0.3602870370370371 0.003625000000000019 0.005129629629629596
0 0.8249583333333333 0.3452222222222222 0.002734375 0.0038425925925925715
0 0.8157916666666666 0.3528703703703704 0.004010416666666572 0.007333333333333295
0 0.8245104166666667 0.3535277777777778 0.002848958333333229 0.0035648148148148357
0 0.8226614583333334 0.3508148148148148 0.0028229166666667044 0.003222222222222239
0 0.820984375 0.34837962962962965 0.0028749999999999904 0.004407407407407399
0 0.8253229166666666 0.3495092592592593 0.002572916666666695 0.0035277777777777274
0 0.8163854166666666 0.35794444444444445 0.0024947916666666478 0.0026111111111111573
0 0.8180572916666667 0.3600277777777778 0.0030520833333333997 0.0029259259259258965
0 0.6340052083333333 0.38249074074074074 0.001953125 0.0037870370370370666
0 0.6304427083333334 0.3810925925925926 0.001614583333333286 0.0032499999999999916
0 0.6279166666666666 0.3833611111111111 0.0018593750000000854 0.002879629629629642
0 0.6215625 0.38825925925925925 0.001677083333333229 0.0032499999999999916
0 0.616421875 0.3849537037037037 0.001791666666666695 0.003435185185185219
0 0.6200781249999999 0.38250925925925927 0.001671875000000019 0.003064814814814764
0 0.5494635416666667 0.3498055555555556 0.003458333333333267 0.004314814814814785
0 0.5444687500000001 0.34870370370370374 0.0033072916666666194 0.005425925925925938
0 0.37040625 0.3675925925925926 0.0019999999999999575 0.005814814814814789
0 0.37188541666666663 0.3651111111111111 0.0023593749999999856 0.006194444444444495
0 0.3810677083333333 0.3647037037037037 0.0020937499999999906 0.005731481481481532
0 0.34577604166666664 0.40020370370370373 0.002182291666666695 0.005944444444444407
0 0.348328125 0.3971574074074074 0.0027135416666666857 0.00425000000000003
0 0.34936979166666665 0.40292592592592597 0.002895833333333305 0.005620370370370417
0 0.3521927083333333 0.4041111111111111 0.0026458333333332956 0.004601851851851877
0 0.25442708333333336 0.32773148148148146 0.004489583333333336 0.0035185185185184764
0 0.237734375 0.34625 0.0033125000000000073 0.0030000000000000083
0 0.24001562499999998 0.34524074074074074 0.0018072916666666808 0.003592592592592588
0 0.24184375 0.3481203703703704 0.0031718750000000167 0.0033888888888888593
0 0.3672552083333333 0.3066851851851852 0.002406249999999943 0.004305555555555535
0 0.3785 0.30803703703703705 0.0032239583333333616 0.004888888888888864
0 0.38852604166666665 0.2934074074074074 0.003083333333333371 0.004138888888888914
0 0.397046875 0.2955648148148148 0.00202083333333339 0.0031851851851852357
0 0.404828125 0.2786203703703704 0.002437500000000033 0.003064814814814764
0 0.4081354166666667 0.2772314814814815 0.0016302083333333901 0.0034629629629629715
0 0.41190625000000003 0.27822222222222226 0.0023489583333333288 0.0027962962962962794
0 0.41592708333333334 0.2772685185185185 0.0017760416666667094 0.0030092592592592593
0 0.42802604166666663 0.2747777777777778 0.0019218750000000284 0.0032962962962962456
0 0.4101875 0.2861944444444444 0.0018749999999999527 0.002898148148148144
0 0.40928125000000004 0.2905185185185185 0.001843749999999981 0.0031203703703703745
0 0.40390625 0.29354629629629625 0.0017812500000000378 0.002833333333333283
0 0.41430208333333335 0.29217592592592595 0.0014947916666666098 0.0027222222222222725
0 0.4158489583333333 0.2905462962962963 0.0016249999999999431 0.002101851851851835
0 0.42015625 0.2946574074074074 0.0016249999999999431 0.0034629629629629715
0 0.41345312500000003 0.30542592592592593 0.002468750000000005 0.003898148148148182
0 0.40835937499999997 0.31407407407407406 0.0023749999999999718 0.0037870370370370666
0 0.40621875 0.32863888888888887 0.0031458333333333143 0.004398148148148148
0 0.41055729166666666 0.32828703703703704 0.0029114583333332907 0.004231481481481528
0 0.42223958333333333 0.3263425925925926 0.003416666666666638 0.00403703703703705
0 0.40895833333333337 0.3463425925925926 0.0029843750000000096 0.005500000000000051
0 0.42388020833333334 0.34401851851851856 0.003135416666666657 0.004555555555555518
0 0.4303072916666667 0.34258333333333335 0.0032291666666666905 0.0037870370370370666
0 0.42778125 0.34682407407407406 0.0026302083333333095 0.003305555555555602
0 0.41211458333333334 0.35753703703703704 0.0030572916666666097 0.005194444444444457
0 0.41390625000000003 0.35638888888888887 0.002182291666666695 0.005537037037037054
0 0.4203125 0.35940740740740745 0.002531249999999948 0.0036666666666667004
0 0.42729687499999996 0.3544259259259259 0.003140624999999986 0.0037314814814814563
0 0.42585416666666664 0.3723148148148148 0.0032239583333333616 0.004675925925925884
0 0.4370364583333333 0.3493425925925926 0.0024322916666667045 0.003592592592592588
0 0.43962500000000004 0.35364814814814816 0.001671875000000019 0.00323148148148149
0 0.42291666666666666 0.3079537037037037 0.002692708333333371 0.0036759259259259514
0 0.425 0.31019444444444444 0.002708333333333357 0.003925925925925934
0 0.4247447916666667 0.31616666666666665 0.0024322916666667045 0.004611111111111128
0 0.42993750000000003 0.3093333333333333 0.002479166666666662 0.004324074074074036
0 0.43608854166666666 0.3117685185185185 0.002614583333333324 0.003916666666666684
0 0.43783854166666664 0.3028611111111111 0.0025520833333333806 0.00403703703703705
0 0.4387916666666667 0.30748148148148147 0.0029791666666666807 0.004305555555555535
0 0.4379427083333333 0.2874629629629629 0.0027552083333333144 0.006509259259259234
0 0.4442083333333333 0.30366666666666664 0.0025208333333332908 0.004074074074074053
0 0.44708333333333333 0.30504629629629626 0.0026302083333333095 0.0036574074074074495
0 0.44675 0.31487037037037036 0.0028593750000000047 0.004314814814814785
0 0.45001041666666663 0.31433333333333335 0.0028489583333333474 0.004296296296296283
0 0.45522916666666663 0.3117777777777778 0.0029010416666666334 0.003935185185185185
0 0.4386302083333333 0.31751851851851853 0.0017604166666667235 0.0037962962962963176
0 0.44104687499999995 0.319712962962963 0.0018385416666666524 0.003972222222222189
0 0.44191145833333334 0.35071296296296295 0.0020885416666666617 0.0026296296296296593
0 0.44322395833333333 0.3501111111111111 0.0014427083333333238 0.0035462962962963343
0 0.4448229166666666 0.35224074074074074 0.0019114583333333713 0.003435185185185219
0 0.42434375 0.29808333333333337 0.0034583333333333853 0.004425925925925901
0 0.43141666666666667 0.31912037037037033 0.0020677083333333476 0.004824074074074107
0 0.44772395833333334 0.342787037037037 0.002104166666666648 0.004703703703703742
0 0.45247916666666665 0.34080555555555553 0.002562500000000038 0.003555555555555585
0 0.46738541666666666 0.2800092592592593 0.002515624999999962 0.0030092592592592593
0 0.46827083333333336 0.27649074074074076 0.00202083333333339 0.0024074074074074284
0 0.4744895833333333 0.2708888888888889 0.00202083333333339 0.0024629629629629333
0 0.4632135416666667 0.2655092592592593 0.0020885416666666617 0.002564814814814798
0 0.4594791666666667 0.2746388888888889 0.0016302083333333901 0.003925925925925934
0 0.46217708333333335 0.2763611111111111 0.002052083333333362 0.003361111111111107
0 0.4584479166666667 0.2834537037037037 0.0018385416666666524 0.003064814814814764
0 0.44507291666666665 0.27402777777777776 0.0015572916666666714 0.0027129629629629166
0 0.4470572916666667 0.2728055555555556 0.002124999999999962 0.0030740740740741205
0 0.44672395833333334 0.26872222222222225 0.0021406249999999477 0.0037685185185185647
0 0.4520104166666667 0.2545925925925926 0.0018489583333333097 0.0032592592592592426
0 0.45537500000000003 0.2529351851851852 0.0015677083333333285 0.003166666666666629
0 0.4622395833333333 0.25128703703703703 0.0017291666666666334 0.003083333333333371
0 0.4652291666666667 0.2541759259259259 0.0013697916666667235 0.0028148148148147813
0 0.48736979166666666 0.27111111111111114 0.0017604166666667235 0.003305555555555602
0 0.4906875 0.27496296296296296 0.002296875000000043 0.002574074074074049
0 0.4966875 0.28975925925925927 0.0016249999999999431 0.003212962962962988
0 0.4950677083333333 0.2975833333333333 0.0019999999999999575 0.0035833333333333377
0 0.49248958333333337 0.29925 0.002499999999999976 0.004500000000000013
0 0.48819270833333334 0.2985648148148148 0.0013229166666666478 0.002879629629629642
0 0.48946354166666667 0.29869444444444443 0.0013906250000000379 0.0028425925925926387
0 0.458078125 0.25330555555555556 0.001062499999999981 0.002444444444444432
0 0.45877083333333335 0.25578703703703703 0.001088541666666624 0.0020925925925925843
0 0.44328645833333336 0.3078796296296296 0.001734374999999962 0.0027962962962962794
0 0.44429166666666664 0.31077777777777776 0.0018489583333333097 0.0020833333333333333
0 0.44608333333333333 0.30917592592592597 0.0025833333333333524 0.003212962962962988
0 0.45092187499999997 0.2708888888888889 0.0018854166666666097 0.005916666666666654
0 0.45017708333333334 0.2888981481481481 0.0032656249999999903 0.004351851851851894
0 0.454484375 0.2788611111111111 0.002921874999999948 0.0052962962962963215
0 0.47023437500000004 0.29714814814814816 0.002869791666666662 0.004916666666666616
0 0.47670833333333335 0.2945 0.002562500000000038 0.004092592592592555
0 0.47309375000000004 0.28229629629629627 0.0017812500000000378 0.0026203703703704083
0 0.48941666666666667 0.28397222222222224 0.0032500000000000046 0.004675925925925884
0 0.46647916666666667 0.2656851851851852 0.0014583333333333095 0.003166666666666629
0 0.47120833333333334 0.2500833333333333 0.002317708333333357 0.004453703703703653
0 0.4788854166666667 0.25846296296296295 0.0015416666666666855 0.003361111111111107
0 0.48703125 0.2647314814814815 0.0013489583333332908 0.003166666666666629
0 0.49140104166666665 0.25852777777777775 0.0011302083333333713 0.004129629629629664
0 0.4891770833333334 0.26237037037037036 0.001697916666666662 0.0041851851851851685
0 0.5000416666666667 0.2680462962962963 0.0015625 0.004064814814814802
0 0.5400416666666668 0.2796018518518519 0.003072916666666714 0.0042222222222221715
0 0.5337656249999999 0.29274074074074075 0.0027031250000000284 0.0037407407407407073
0 0.5597239583333333 0.28479629629629627 0.0022968749999999244 0.003148148148148127
0 0.5600468749999999 0.28170370370370373 0.0025833333333333524 0.0033425925925926053
0 0.5638906250000001 0.28277777777777774 0.001671875000000019 0.0035648148148148357
0 0.5659583333333333 0.2820648148148148 0.002218750000000114 0.0027870370370370284
0 0.5651510416666666 0.2856203703703704 0.0029791666666665623 0.0028518518518518897
0 0.5630260416666667 0.2917592592592593 0.003515625 0.003694444444444453
0 0.60234375 0.2777222222222222 0.0025937500000000097 0.004287037037037033
0 0.6285260416666667 0.27824074074074073 0.0019114583333333713 0.004055555555555551
0 0.6705572916666667 0.2864537037037037 0.0028177083333332576 0.004555555555555518
0 0.6756510416666667 0.2689259259259259 0.0022552083333332953 0.003268518518518493
0 0.6794479166666666 0.2730925925925926 0.002322916666666686 0.003314814814814853
0 0.6830364583333334 0.27420370370370367 0.0019791666666667614 0.0017222222222222348
0 0.6831614583333334 0.2719722222222222 0.002223958333333324 0.003620370370370341
0 0.6855989583333333 0.2758148148148148 0.002442708333333362 0.004314814814814785
0 0.6911145833333333 0.2750370370370371 0.0027187499999998957 0.0040277777777777985
0 0.6916041666666667 0.2836944444444444 0.0029843750000000096 0.0047685185185184975
0 0.686125 0.25631481481481483 0.0016979166666667804 0.002888888888888893
0 0.6882031249999999 0.2568796296296296 0.002630208333333428 0.004018518518518548
0 0.6173906250000001 0.2501851851851852 0.0019166666666665813 0.0031944444444444867
0 0.6193333333333333 0.25077777777777777 0.0020937499999999906 0.0030740740740741205
0 0.6292239583333333 0.2515555555555556 0.001843749999999981 0.003314814814814853
0 0.6346197916666667 0.25105555555555553 0.002624999999999981 0.002305555555555564
0 0.6390833333333333 0.25165740740740744 0.0026562499999999525 0.004175925925925917
0 0.6537395833333334 0.25727777777777777 0.002291666666666714 0.004212962962962921
0 0.652953125 0.24819444444444447 0.0022031250000000093 0.0025185185185185436
0 0.6523020833333334 0.24251851851851852 0.003499999999999896 0.003685185185185202
0 0.661453125 0.23856481481481479 0.002515624999999962 0.0030462962962962627
0 0.6633958333333333 0.23616666666666666 0.001947916666666553 0.002861111111111114
0 0.6684218749999999 0.2371388888888889 0.0019895833333334187 0.003490740740740724
0 0.6454895833333333 0.22607407407407407 0.001000000000000038 0.003768518518518512
0 0.6433541666666667 0.22633333333333333 0.0011822916666666572 0.002981481481481507
0 0.6402812499999999 0.22542592592592595 0.0017135416666666477 0.0031388888888888764
0 0.637015625 0.22556481481481483 0.0018541666666666383 0.0027500000000000254
0 0.7054427083333333 0.25905555555555554 0.0025885416666665624 0.003148148148148127
0 0.7037604166666667 0.27194444444444443 0.0021979166666665625 0.003861111111111073
0 0.7027083333333334 0.27961111111111114 0.0026874999999999243 0.004018518518518548
0 0.7047916666666667 0.28176851851851853 0.001677083333333229 0.0028611111111111406
0 0.7123697916666667 0.283712962962963 0.0027187499999998957 0.004314814814814785
0 0.7297395833333333 0.2814814814814815 0.0025937500000000097 0.003814814814814819
0 0.7338020833333334 0.2831388888888889 0.0021927083333333525 0.0031851851851852357
0 0.4991302083333334 0.25375000000000003 0.001953125 0.0033240740740741034
0 0.4990625 0.24840740740740738 0.0013958333333333665 0.0029351851851851475
0 0.5083229166666666 0.2574259259259259 0.0019999999999999575 0.0024166666666666794
0 0.5076145833333333 0.25537037037037036 0.001708333333333319 0.0025925925925925505
0 0.5086770833333333 0.25403703703703706 0.0015781249999999858 0.0027870370370370284
0 0.5113645833333333 0.25021296296296297 0.0011666666666666713 0.003157407407407378
0 0.5121875 0.24600925925925926 0.0015260416666666998 0.002166666666666696
0 0.5208177083333333 0.24156481481481482 0.0014166666666666809 0.0030000000000000083
0 0.5292656250000001 0.2386388888888889 0.0015833333333333144 0.003166666666666629
0 0.5212708333333333 0.23474074074074075 0.0013593749999999479 0.0027962962962962794
0 0.507421875 0.23464814814814813 0.001869791666666624 0.002675925925925913
0 0.5076510416666667 0.2312037037037037 0.0017864583333333664 0.0030833333333333186
0 0.509 0.22777777777777777 0.0017447916666666194 0.0025462962962962965
0 0.44565104166666664 0.22178703703703703 0.0016614583333333618 0.0032499999999999916
0 0.44743750000000004 0.2219537037037037 0.0015781249999999858 0.0028055555555555303
0 0.46525520833333334 0.22187037037037038 0.001588541666666643 0.0034259259259259156
0 0.46664583333333337 0.22416666666666665 0.0013697916666667235 0.002277777777777759
0 0.48851041666666667 0.21725925925925924 0.0014583333333333095 0.002879629629629642
0 0.490625 0.21680555555555556 0.001645833333333376 0.003768518518518512
0 0.480734375 0.2121296296296296 0.002046875000000033 0.003370370370370358
0 0.48232291666666666 0.21051851851851852 0.0018593749999999667 0.0019444444444444654
0 0.47774479166666667 0.2149537037037037 0.0014427083333333238 0.002453703703703683
0 0.47671874999999997 0.21221296296296296 0.0014114583333333522 0.002342592592592567
0 0.4893385416666666 0.22909259259259257 0.002526041666666619 0.0030740740740740676
0 0.485796875 0.2263148148148148 0.0014218750000000095 0.0035092592592592784
0 0.5150885416666667 0.22821296296296295 0.001697916666666662 0.00263888888888891
0 0.5030052083333333 0.22213888888888889 0.0018333333333333238 0.0031296296296296254
0 0.7342864583333333 0.2769814814814815 0.0013489583333334092 0.0031851851851852357
0 0.70903125 0.27017592592592593 0.0027031250000000284 0.0031203703703703745
0 0.7110364583333334 0.26867592592592593 0.0019739583333333146 0.003083333333333371
0 0.7121145833333333 0.27235185185185184 0.0016874999999998864 0.002222222222222201
0 0.7143385416666667 0.26931481481481484 0.0019114583333333713 0.0025462962962962965
0 0.7239322916666667 0.26855555555555555 0.002453125000000019 0.003314814814814853
0 0.722234375 0.26758333333333334 0.0018593750000000854 0.0032407407407407406
0 0.7207291666666666 0.2684444444444445 0.0020156249999999432 0.0037129629629629544
0 0.7184583333333333 0.2679537037037037 0.002052083333333362 0.003351851851851856
0 0.716546875 0.26764814814814814 0.001734374999999962 0.0027314814814815235
0 0.69240625 0.24199074074074076 0.0023333333333333426 0.003925925925925934
0 0.676671875 0.2124259259259259 0.001734374999999962 0.002712962962962969
0 0.6796145833333332 0.21343518518518517 0.0014791666666667425 0.002305555555555564
0 0.6818854166666667 0.21350925925925926 0.0014531249999999811 0.002296296296296313
0 0.6830520833333333 0.2114722222222222 0.0013958333333332481 0.0017685185185185416
0 0.6780625 0.21237037037037038 0.0014270833333332197 0.0023148148148148147
0 0.6278125 0.22243518518518518 0.002104166666666648 0.0026944444444444676
0 0.629453125 0.2290462962962963 0.002005208333333286 0.0030370370370370117
0 0.6252916666666667 0.22675925925925927 0.0018906250000000568 0.0027500000000000254
0 0.6191718749999999 0.22244444444444444 0.0020625000000000187 0.0028703703703703916
0 0.63409375 0.22417592592592595 0.0014791666666667425 0.0032777777777777965
0 0.6219270833333332 0.22494444444444445 0.0014322916666666666 0.00250925925925924
0 0.6228593750000001 0.22664814814814815 0.001671875000000019 0.0034629629629629715
0 0.621984375 0.221 0.001791666666666695 0.002611111111111105
0 0.61878125 0.2304351851851852 0.0010156249999999053 0.0012777777777777735
0 0.6325677083333333 0.22592592592592592 0.0009375000000000947 0.002277777777777759
0 0.6202083333333334 0.22812037037037036 0.002000000000000076 0.002740740740740722
0 0.5965572916666667 0.22317592592592592 0.0013958333333332481 0.0022129629629629504
0 0.5983177083333333 0.22478703703703704 0.0016614583333333618 0.002768518518518527
0 0.5913072916666666 0.21800925925925924 0.0017708333333333807 0.002777777777777778
0 0.5969531250000001 0.21869444444444444 0.0014270833333332197 0.0021481481481481417
0 0.6065208333333333 0.2235462962962963 0.0013072916666667803 0.0025185185185185436
0 0.6096145833333334 0.22302777777777777 0.0016093750000000758 0.00212962962962964
0 0.6070572916666667 0.22819444444444442 0.0015000000000000568 0.002453703703703683
0 0.6023229166666667 0.2245462962962963 0.0016614583333333618 0.002731481481481471
0 0.6042864583333334 0.22201851851851853 0.001338541666666752 0.002351851851851871
0 0.5960729166666667 0.22725 0.0014895833333333996 0.0030185185185185102
0 0.5934166666666666 0.22350925925925924 0.001671875000000019 0.0029537037037037014
0 0.5936510416666666 0.22722222222222221 0.0014843749999999525 0.002564814814814798
0 0.5909114583333334 0.22757407407407407 0.0016302083333333901 0.002675925925925913
0 0.5955416666666667 0.24128703703703702 0.0017447916666666194 0.0030277777777777608
0 0.603890625 0.22868518518518519 0.0013749999999999338 0.002740740740740722
0 0.6003541666666667 0.2245 0.0013072916666667803 0.001953703703703716
0 0.6003124999999999 0.22047222222222224 0.0015364583333332385 0.003111111111111124
0 0.5944843750000001 0.2190925925925926 0.0017604166666667235 0.003601851851851839
0 0.5287239583333333 0.22194444444444444 0.0020833333333333333 0.003351851851851856
0 0.5294270833333333 0.21924074074074074 0.0018020833333333524 0.002435185185185181
0 0.530171875 0.2160277777777778 0.0016093749999999574 0.0030000000000000083
0 0.5247291666666667 0.21478703703703703 0.0022864583333333855 0.0030277777777777608
0 0.5271614583333333 0.2146111111111111 0.0013906250000000379 0.003055555555555566
0 0.5255885416666667 0.21153703703703705 0.0017864583333333664 0.00361111111111109
0 0.54821875 0.2237037037037037 0.0015468749999998958 0.0029629629629629524
0 0.549796875 0.22511111111111112 0.0014687500000000852 0.0020740740740740823
0 0.5514635416666667 0.22267592592592594 0.0015781250000001042 0.002388888888888874
0 0.5535260416666666 0.22494444444444445 0.0014218750000000095 0.0024722222222222368
0 0.5454010416666667 0.2271388888888889 0.0016406250000000474 0.0022407407407407554
0 0.5465989583333334 0.2233425925925926 0.0012916666666666762 0.0023796296296296235
0 0.5442552083333333 0.21898148148148147 0.0012447916666666003 0.0019074074074074095
0 0.545875 0.22067592592592594 0.0015156249999999242 0.0023333333333333166
0 0.5490989583333333 0.21962962962962962 0.0017395833333334091 0.0020277777777777755
0 0.5499010416666666 0.21739814814814815 0.0012604166666667046 0.0022037037037036995
0 0.5518958333333334 0.21846296296296297 0.0013906250000000379 0.0022870370370370622
0 0.5511979166666666 0.21596296296296297 0.0014531249999999811 0.0021111111111110858
0 0.5555052083333333 0.226 0.001958333333333447 0.002768518518518527
0 0.5565104166666667 0.22407407407407406 0.0016354166666666004 0.002712962962962969
0 0.5604322916666666 0.2241203703703704 0.0017083333333334375 0.002453703703703683
0 0.5155520833333334 0.21880555555555556 0.0014166666666666809 0.0024166666666666794
0 0.5140208333333333 0.21697222222222223 0.001479166666666624 0.0020833333333333333
0 0.5106302083333333 0.2185 0.0015416666666666855 0.001972222222222218
0 0.5123593750000001 0.21789814814814815 0.0014739583333332955 0.0021111111111110858
0 0.5101614583333334 0.21662037037037035 0.0023593749999999856 0.001796296296296294
0 0.50596875 0.2181574074074074 0.0017812500000000378 0.00263888888888891
0 0.511234375 0.2122314814814815 0.0013177083333333192 0.002435185185185181
0 0.5123020833333334 0.21422222222222223 0.0013802083333333806 0.002712962962962969
0 0.5099322916666666 0.21130555555555555 0.001010416666666695 0.0015000000000000042
0 0.5135104166666667 0.21131481481481482 0.001088541666666624 0.0020833333333333333
0 0.5149947916666666 0.21308333333333332 0.0011302083333333713 0.0020925925925925843
0 0.5181875 0.2143425925925926 0.0013802083333333806 0.001842592592592601
0 0.519046875 0.21568518518518517 0.001010416666666695 0.0017499999999999875
0 0.516359375 0.21544444444444444 0.001052083333333324 0.002000000000000023
0 0.516875 0.21314814814814814 0.0011510416666666856 0.0020370370370370264
0 0.5207552083333333 0.2185 0.0017187499999999764 0.0027500000000000254
0 0.5203645833333334 0.21067592592592593 0.001255208333333376 0.002268518518518508
0 0.5219322916666667 0.21225925925925926 0.0013593749999999479 0.002101851851851835
0 0.48773958333333334 0.21125925925925926 0.0015208333333333712 0.0025277777777777946
0 0.4896979166666667 0.21283333333333335 0.0013802083333333806 0.0025185185185185436
0 0.49119270833333334 0.2137314814814815 0.0014947916666666098 0.0019166666666666603
0 0.49151041666666667 0.2115 0.0013541666666666192 0.0018796296296296044
0 0.49248958333333337 0.22682407407407407 0.003833333333333281 0.0032777777777777965
0 0.49321875 0.22947222222222224 0.001223958333333286 0.0015370370370370603
0 0.49404166666666666 0.23562037037037037 0.0015260416666666998 0.0025277777777777946
0 0.4975729166666667 0.23115740740740742 0.002124999999999962 0.0023148148148148147
0 0.5201770833333333 0.22773148148148148 0.001708333333333319 0.006027777777777769
0 0.5146145833333333 0.22012962962962965 0.0017291666666666334 0.002296296296296313
0 0.5823958333333333 0.2241388888888889 0.0021145833333333047 0.002925925925925949
0 0.5887291666666666 0.22127777777777777 0.0016458333333332575 0.002712962962962969
0 0.5900885416666667 0.22290740740740742 0.0017708333333333807 0.002574074074074049
0 0.5853489583333332 0.21831481481481482 0.0015729166666666571 0.002851851851851837
0 0.5838541666666667 0.22275 0.0012500000000000473 0.0016203703703703703
0 0.5848229166666666 0.22464814814814815 0.0014114583333333522 0.002444444444444432
0 0.5859010416666667 0.22247222222222224 0.0013854166666665908 0.001981481481481469
0 0.583015625 0.22046296296296294 0.0014531249999999811 0.0020462962962962774
0 0.5821666666666666 0.21796296296296297 0.0014166666666665625 0.002222222222222201
0 0.5762916666666666 0.22280555555555556 0.0013333333333333049 0.002277777777777759
0 0.5780520833333332 0.2231388888888889 0.0015208333333333712 0.002018518518518525
0 0.5792239583333333 0.2252962962962963 0.0018854166666666097 0.002620370370370356
0 0.5794427083333333 0.2192222222222222 0.0014947916666666098 0.002342592592592567
0 0.5772083333333333 0.21852777777777777 0.0018072916666665624 0.0027870370370370284
0 0.5751510416666666 0.2197962962962963 0.0022812500000000567 0.0029907407407407578
0 0.573671875 0.22174074074074074 0.0014010416666666952 0.0021944444444444485
0 0.5732604166666667 0.2165925925925926 0.0011406250000000283 0.002277777777777759
0 0.572 0.2182685185185185 0.0012604166666667046 0.0022870370370370622
0 0.5704114583333334 0.2205185185185185 0.0010885416666667424 0.0017592592592592382
0 0.5543229166666667 0.21382407407407408 0.0011458333333332386 0.0017777777777777926
0 0.5571927083333333 0.21409259259259258 0.0010468750000001137 0.001638888888888872
0 0.5607343749999999 0.2139074074074074 0.0011562499999998959 0.001935185185185162
0 0.5622083333333333 0.21541666666666667 0.0009010416666666762 0.001935185185185162
0 0.565109375 0.21862037037037038 0.0010468750000001137 0.0016481481481481228
0 0.5649635416666666 0.21521296296296297 0.0011302083333333713 0.0018611111111111027
0 0.47022395833333336 0.2104537037037037 0.0012291666666666146 0.0015092592592592551
0 0.49481770833333333 0.21717592592592594 0.001026041666666681 0.001962962962962967
0 0.49480729166666665 0.21034259259259258 0.0012968750000000048 0.0017870370370370434
0 0.49496875 0.2123611111111111 0.0011822916666666572 0.0015092592592592551
0 0.49623958333333335 0.21378703703703703 0.0011510416666666856 0.001555555555555562
0 0.496421875 0.21558333333333335 0.0012343749999999432 0.0015740740740740635
0 0.49918229166666667 0.2155277777777778 0.0014218750000000095 0.001962962962962967
0 0.4985416666666667 0.21314814814814814 0.002515624999999962 0.0022500000000000063
0 0.5017291666666667 0.21448148148148147 0.0011874999999999859 0.002101851851851835
0 0.5077291666666667 0.2119537037037037 0.0015000000000000568 0.004092592592592608
0 0.50603125 0.21125925925925926 0.0018593749999999667 0.002712962962962969
0 0.5037239583333333 0.2129722222222222 0.0012031249999999716 0.0018796296296296044
0 0.5019739583333334 0.21108333333333335 0.0012395833333333902 0.001805555555555545
0 0.5035729166666667 0.21074074074074073 0.0012135416666666289 0.001851851851851852
0 0.568453125 0.2220925925925926 0.0016354166666666004 0.002231481481481505
0 0.5680208333333333 0.2183888888888889 0.0018854166666666097 0.0034166666666666646
0 0.5689375 0.2151851851851852 0.0011302083333333713 0.0022129629629629504
0 0.5697708333333333 0.21735185185185185 0.0012343749999999432 0.0019444444444444654
0 0.5553854166666666 0.2185462962962963 0.0015781250000001042 0.0024999999999999896
0 0.55753125 0.21927777777777777 0.0018177083333332197 0.003648148148148146
0 0.5586510416666666 0.22286111111111112 0.0012864583333332292 0.002277777777777759
0 0.5594583333333334 0.21761111111111112 0.0012447916666666003 0.002268518518518508
0 0.5631614583333333 0.2230925925925926 0.0013593750000000663 0.002388888888888874
0 0.5627552083333334 0.22616666666666665 0.0014322916666666666 0.0022129629629629504
0 0.5648854166666666 0.2263425925925926 0.0012552083333332575 0.0019444444444444654
0 0.560390625 0.22142592592592591 0.0014947916666666098 0.0015833333333333144
0 0.562265625 0.21951851851851853 0.0011979166666667613 0.0023703703703703725
0 0.5635260416666666 0.221 0.001223958333333286 0.002740740740740722
0 0.5657604166666667 0.22365740740740742 0.0012031249999999716 0.0024999999999999896
0 0.5663958333333333 0.22495370370370368 0.001057291666666771 0.002175925925925947
0 0.5385416666666667 0.22100925925925927 0.0012552083333332575 0.002018518518518525
0 0.54034375 0.22196296296296297 0.0013177083333334376 0.002064814814814832
0 0.5397239583333333 0.2200925925925926 0.0010937499999999526 0.002175925925925947
0 0.535640625 0.22025 0.001901041666666714 0.002453703703703683
0 0.5371406249999999 0.22223148148148147 0.0016510416666667045 0.0026944444444444676
0 0.54153125 0.2285925925925926 0.0008906250000000189 0.0017592592592592382
0 0.5413958333333333 0.22519444444444445 0.0015833333333333144 0.002388888888888874
0 0.5395729166666666 0.21768518518518518 0.0015833333333333144 0.002574074074074049
0 0.5404791666666667 0.21588888888888888 0.0012916666666666762 0.0021481481481481417
0 0.5394114583333334 0.2128611111111111 0.0012604166666667046 0.001842592592592601
0 0.5417708333333333 0.2149814814814815 0.001119791666666714 0.0017685185185185416
0 0.542484375 0.21696296296296297 0.0014114583333333522 0.0017037037037036806
0 0.54396875 0.21444444444444444 0.0014687500000000852 0.00212962962962964
0 0.5462864583333332 0.2126388888888889 0.0014114583333333522 0.0025370370370370455
0 0.54846875 0.21458333333333332 0.0010833333333332953 0.0018333333333333502
0 0.5496666666666666 0.21189814814814814 0.0018593750000000854 0.0022129629629629504
0 0.5315520833333334 0.2142962962962963 0.0017395833333332907 0.0030092592592592593
0 0.5308020833333333 0.2112037037037037 0.0017552083333332764 0.0030000000000000083
0 0.534359375 0.21475925925925926 0.0012343749999999432 0.002120370370370389
0 0.5360416666666666 0.21383333333333332 0.0012916666666666762 0.002305555555555564
0 0.5366093749999999 0.21559259259259259 0.0011458333333332386 0.0017407407407407365
0 0.5373333333333333 0.21741666666666667 0.0012031249999999716 0.002000000000000023
0 0.5370364583333332 0.2128611111111111 0.0012864583333332292 0.0022500000000000063
0 0.5364635416666667 0.21025 0.0015781250000001042 0.002351851851851871
0 0.5353333333333333 0.21164814814814817 0.0012916666666666762 0.002555555555555547