0 0.31618229166666667 0.6075 0.007437499999999986 0.006620370370370454
0 0.30780729166666665 0.6548240740740741 0.006093750000000024 0.009944444444444454
0 0.29489583333333336 0.6645462962962964 0.004963541666666653 0.012231481481481515
0 0.35158854166666664 0.6406296296296297 0.0039427083333333 0.011398148148148098
0 0.3645 0.5863703703703703 0.004468749999999962 0.007972222222222129
0 0.3666979166666666 0.536888888888889 0.0039427083333333 0.007407407407407408
0 0.35254166666666664 0.5763888888888888 0.005796875000000057 0.007666666666666641
0 0.3256822916666666 0.6041203703703704 0.005343749999999995 0.006388888888888973
0 0.298828125 0.6962314814814814 0.006265624999999986 0.009101851851851785
0 0.27839583333333334 0.705925925925926 0.007182291666666648 0.005509259259259301
0 0.280796875 0.6948981481481482 0.005578125000000019 0.010185185185185186
0 0.27890625 0.7003055555555556 0.006932291666666638 0.008824074074074048
0 0.31909375 0.6406296296296297 0.006906249999999995 0.010962962962962888
0 0.32197395833333337 0.6296111111111111 0.004041666666666662 0.008981481481481524
0 0.3317864583333333 0.6276018518518518 0.0058229166666667 0.01347222222222218
0 0.33203125 0.6180555555555556 0.005911458333333286 0.008657407407407324
0 0.4411614583333333 0.44313888888888886 0.0034843750000000282 0.007037037037037058
0 0.45801041666666664 0.440537037037037 0.004296875 0.007583333333333384
0 0.4663072916666666 0.43966666666666665 0.005140624999999943 0.005037037037037087
0 0.4907239583333334 0.4364166666666667 0.00518229166666669 0.004555555555555518
0 0.4807135416666667 0.4243148148148148 0.003635416666666676 0.005379629629629579
0 0.4809583333333334 0.3517777777777778 0.0034583333333333853 0.00646296296296298
0 0.5083020833333334 0.3884537037037037 0.003234375000000019 0.006027777777777769
0 0.5239166666666667 0.3838611111111111 0.0036458333333333334 0.004000000000000046
0 0.52025 0.39008333333333334 0.002515624999999962 0.008564814814814815
0 0.48777604166666666 0.40397222222222223 0.0030885416666667 0.004907407407407366
0 0.37378125 0.391712962962963 0.0028333333333333617 0.006120370370370383
0 0.38940625 0.3795555555555556 0.0034270833333332955 0.005861111111111149
0 0.40286979166666664 0.3972222222222222 0.0032239583333333616 0.005740740740740783
0 0.40506770833333333 0.39452777777777776 0.003286458333333305 0.0060370370370370205
0 0.4088177083333333 0.39416666666666667 0.0030885416666667 0.004555555555555518
0 0.407890625 0.39725925925925926 0.002197916666666681 0.004481481481481511
0 0.4349166666666667 0.4222592592592593 0.002708333333333357 0.0054907407407406945
0 0.43190104166666665 0.42374074074074075 0.0025937500000000097 0.006638888888888851
0 0.4285572916666667 0.42438888888888887 0.0023333333333333426 0.006398148148148119
0 0.4235833333333333 0.42474074074074075 0.0022291666666666523 0.004833333333333359
0 0.42080208333333335 0.4278611111111111 0.003760416666666681 0.004916666666666616
0 0.41596875 0.42453703703703705 0.0032135416666667044 0.006333333333333363
0 0.416734375 0.4408611111111111 0.0024739583333333332 0.005703703703703674
0 0.41394791666666664 0.4425925925925926 0.003135416666666657 0.006148148148148135
0 0.42079687499999996 0.39237962962962963 0.0026666666666666098 0.0060185185185185185
0 0.430375 0.3834444444444444 0.0036718749999999764 0.003277777777777744
0 0.43511979166666664 0.3841481481481481 0.0021093749999999763 0.004675925925925884
0 0.45846875 0.46512037037037035 0.002588541666666681 0.0038333333333333205
0 0.4564166666666667 0.46925 0.003015624999999981 0.0040277777777777985
0 0.4907916666666667 0.4074259259259259 0.002515624999999962 0.006222222222222248
0 0.52821875 0.3935462962962963 0.0023125000000000285 0.00382407407407407
0 0.5333906249999999 0.39452777777777776 0.00216666666666665 0.0037777777777778156
0 0.5318072916666667 0.3205740740740741 0.003651041666666662 0.007425925925925909
0 0.5564166666666667 0.30743518518518514 0.002557291666666591 0.00420370370370367
0 0.8355625 0.30600925925925926 0.0035520833333334187 0.005555555555555556
0 0.5727604166666667 0.2924537037037037 0.0031458333333333143 0.003916666666666684
0 0.5754895833333333 0.28783333333333333 0.002567708333333248 0.004898148148148114
0 0.5740625 0.27229629629629626 0.0037291666666665908 0.004444444444444402
0 0.582609375 0.27949074074074076 0.0018749999999999527 0.00506481481481484
0 0.593484375 0.286212962962963 0.0038125000000000854 0.0047129629629629926
0 0.5794270833333334 0.25110185185185185 0.0029791666666665623 0.00544444444444444
0 0.56903125 0.20866666666666667 0.002291666666666714 0.004314814814814838
0 0.5564895833333333 0.2141388888888889 0.0027656249999999717 0.0030092592592592593
0 0.6045104166666667 0.25866666666666666 0.0020260416666666005 0.0037407407407407073
0 0.6075833333333333 0.26019444444444445 0.0030052083333333237 0.005259259259259213
0 0.605625 0.22367592592592592 0.0025468749999999337 0.00565740740740742
0 0.6125104166666666 0.2258425925925926 0.002692708333333371 0.003537037037037031
0 0.6120885416666667 0.2291851851851852 0.0018177083333332197 0.0028425925925925862
0 0.6159531250000001 0.2371574074074074 0.0022291666666667707 0.004111111111111136
0 0.630578125 0.23546296296296299 0.0016354166666666004 0.004814814814814831
0 0.6129583333333334 0.23870370370370372 0.0017552083333332764 0.004759259259259247
0 0.6098958333333333 0.2434537037037037 0.0015989583333334185 0.0036574074074074495
0 0.611375 0.2446296296296296 0.0014114583333333522 0.006240740740740749
0 0.612765625 0.2455740740740741 0.0013854166666665908 0.0027129629629629166
0 0.62971875 0.23985185185185187 0.002218750000000114 0.005416666666666688
0 0.6620781250000001 0.20462037037037037 0.0026510416666667425 0.00352777777777778
0 0.6514583333333334 0.20977777777777779 0.002526041666666619 0.00323148148148149
0 0.6443177083333332 0.20817592592592593 0.00202083333333339 0.0032870370370370475
0 0.6404114583333332 0.22266666666666665 0.0020156249999999432 0.0037129629629629544
0 0.6598333333333334 0.2336388888888889 0.0018333333333333238 0.004435185185185204
0 0.6612552083333333 0.23346296296296296 0.00220833333333322 0.0032777777777777965
0 0.6711770833333334 0.23362037037037037 0.0024791666666667805 0.004388888888888897
0 0.673453125 0.23047222222222222 0.0019739583333333146 0.003805555555555568
0 0.6657031250000001 0.22937037037037036 0.0020937499999999906 0.0032407407407407406
0 0.6648958333333332 0.23446296296296296 0.0018541666666666383 0.0036296296296296445
0 0.6649583333333333 0.24024074074074073 0.0019791666666667614 0.0045740740740741245
0 0.6444583333333332 0.22423148148148148 0.001843749999999981 0.0035740740740740867
0 0.6449843749999999 0.22145370370370368 0.002442708333333362 0.0037314814814814563
0 0.6474114583333334 0.22574074074074074 0.002348958333333447 0.0032037037037036848
0 0.69609375 0.22843518518518519 0.0022656249999999526 0.004629629629629629
0 0.693453125 0.22773148148148148 0.0024843749999999905 0.004055555555555551
0 0.6921510416666667 0.2298148148148148 0.002182291666666695 0.0033148148148148
0 0.6882291666666667 0.22984259259259257 0.0021458333333332765 0.004999999999999979
0 0.7719635416666667 0.21557407407407406 0.0024739583333333332 0.0033981481481481627
0 0.8024947916666666 0.21088888888888888 0.0029218750000000663 0.00382407407407407
0 0.7779114583333333 0.24349074074074076 0.003348958333333248 0.004537037037037016
0 0.7769479166666666 0.2397037037037037 0.002796874999999943 0.003499999999999975
0 0.81565625 0.21376851851851852 0.0016927083333333334 0.003055555555555566
0 0.8575364583333334 0.19573148148148148 0.0018906250000000568 0.0037222222222222053
0 0.8438958333333333 0.21448148148148147 0.002619791666666771 0.004481481481481459
0 0.8688177083333334 0.21687962962962962 0.0033281249999999336 0.004370370370370396
0 0.6419583333333333 0.22992592592592592 0.005270833333333277 0.004851851851851861
0 0.64571875 0.23099074074074075 0.0037656250000000094 0.0060370370370370205
0 0.6477916666666667 0.2293148148148148 0.003510416666666553 0.004879629629629613
0 0.6792708333333334 0.23350925925925925 0.0023697916666667613 0.003990740740740743
0 0.6828749999999999 0.23373148148148148 0.002677083333333267 0.0039722222222222416
0 0.6922604166666667 0.22031481481481482 0.0025312500000000664 0.002898148148148144
0 0.6887708333333333 0.22133333333333333 0.002182291666666695 0.0023333333333333166
0 0.6855781249999999 0.2210185185185185 0.002052083333333362 0.002351851851851871
0 0.6844947916666667 0.21862962962962965 0.0020885416666667806 0.003472222222222222
0 0.6897239583333333 0.21873148148148147 0.0011406250000000283 0.0036666666666666475
0 0.72253125 0.21483333333333335 0.0023020833333333712 0.002925925925925949
0 0.722328125 0.21175925925925926 0.0022135416666666666 0.002925925925925949
0 0.7176666666666667 0.21394444444444444 0.002328124999999896 0.0028240740740740847
0 0.7141979166666667 0.2133888888888889 0.0018333333333333238 0.0023796296296296235
0 0.7123906249999999 0.21237037037037038 0.0014322916666666666 0.003194444444444434
0 0.7142083333333333 0.2121388888888889 0.0015260416666665814 0.002731481481481471
0 0.7063333333333334 0.20403703703703704 0.0021874999999999052 0.0031296296296296254
0 0.7018854166666666 0.20580555555555557 0.0019843749999999714 0.0026481481481481607
0 0.6961041666666666 0.20875925925925926 0.0023177083333332385 0.0028333333333333353
0 0.6938229166666667 0.2165925925925926 0.0022604166666667425 0.003064814814814817
0 0.6909322916666666 0.21185185185185187 0.0019427083333333427 0.0033055555555555494
0 0.6888958333333334 0.20908333333333334 0.0017395833333334091 0.0029166666666666455
0 0.6869791666666667 0.19859259259259257 0.0020833333333333333 0.003101851851851873
0 0.6835364583333334 0.1983888888888889 0.0016406250000000474 0.0026944444444444676
0 0.6800833333333334 0.20225925925925925 0.0021354166666666193 0.0024166666666666794
0 0.677671875 0.20415740740740743 0.0018125000000000094 0.002777777777777778
0 0.681015625 0.20535185185185184 0.0014218750000000095 0.0023240740740740656
0 0.6828489583333333 0.2041111111111111 0.0018697916666667424 0.0027037037037037186
0 0.6823750000000001 0.20776851851851852 0.0019791666666667614 0.0037129629629629544
0 0.6846354166666667 0.2071111111111111 0.0015833333333333144 0.0035555555555555323
0 0.6872447916666666 0.2060462962962963 0.0013281250000000946 0.001981481481481469
0 0.6856875 0.20375000000000001 0.0017604166666667235 0.0025370370370370455
0 0.6812760416666667 0.19749074074074074 0.0012968749999998862 0.0031759259259259323
0 0.6782708333333333 0.19873148148148148 0.0020468749999999146 0.003370370370370358
0 0.6950260416666667 0.2133888888888889 0.001776041666666591 0.0029537037037037014
0 0.699296875 0.21164814814814817 0.0020781249999998865 0.004564814814814821
0 0.6855729166666666 0.20935185185185184 0.0025989583333332197 0.0033333333333333544
0 0.701015625 0.2128796296296296 0.0019062499999999243 0.002879629629629642
0 0.7036979166666666 0.21027777777777779 0.002052083333333362 0.003472222222222222
0 0.7082291666666667 0.20712037037037037 0.002624999999999981 0.0038981481481481293
0 0.7091822916666667 0.2122222222222222 0.0038281249999999527 0.005037037037037035
0 0.7134947916666667 0.19691666666666666 0.0023802083333334186 0.0030185185185185102
0 0.7190208333333333 0.19667592592592592 0.0020260416666666005 0.003351851851851856
0 0.723234375 0.19798148148148148 0.0017812500000000378 0.002712962962962969
0 0.7235208333333334 0.2019351851851852 0.0021302083333334092 0.0033148148148148
0 0.7198697916666668 0.20444444444444446 0.002124999999999962 0.0026574074074074117
0 0.7262291666666666 0.2016388888888889 0.0023072916666665813 0.0031203703703703745
0 0.7282239583333333 0.20560185185185187 0.0019635416666666573 0.002944444444444451
0 0.728984375 0.20249074074074075 0.002572916666666695 0.003212962962962988
0 0.7313489583333334 0.2046574074074074 0.002052083333333362 0.0029907407407407578
0 0.73571875 0.21007407407407408 0.0014375000000001136 0.0021574074074073926
0 0.7376302083333334 0.21275925925925926 0.002947916666666591 0.0034166666666666646
0 0.750515625 0.20956481481481481 0.002072916666666676 0.0031759259259259323
0 0.751859375 0.2023148148148148 0.0020260416666666005 0.002851851851851837
0 0.7481145833333334 0.20173148148148148 0.002286458333333267 0.0024999999999999896
0 0.74403125 0.20125925925925928 0.0018749999999999527 0.0031851851851851833
0 0.7465416666666667 0.1981851851851852 0.0018749999999999527 0.0027037037037037186
0 0.7674270833333333 0.19564814814814815 0.002828124999999915 0.0033148148148148
0 0.7527708333333333 0.1739814814814815 0.0020260416666666005 0.002944444444444451
0 0.7545416666666667 0.18362037037037038 0.0016927083333333334 0.0031759259259259323
0 0.7413802083333334 0.19536111111111112 0.0015885416666667615 0.002740740740740722
0 0.7343072916666666 0.17290740740740743 0.0013541666666666192 0.0028240740740740847
0 0.7116666666666667 0.1988888888888889 0.0014322916666666666 0.0026944444444444676
0 0.7101510416666666 0.1991111111111111 0.001723958333333305 0.002861111111111088
0 0.7161927083333333 0.19686111111111113 0.0016354166666666004 0.002305555555555564
0 0.7168125 0.20192592592592593 0.0022447916666666384 0.0028703703703703916
0 0.7169895833333333 0.19925925925925925 0.0014895833333333996 0.002592592592592603
0 0.7344791666666667 0.1998703703703704 0.0018541666666666383 0.0029722222222222034
0 0.7368958333333333 0.19756481481481483 0.0014739583333332955 0.002851851851851837
0 0.7297499999999999 0.19650925925925924 0.0014010416666666952 0.0029907407407407578
0 0.72753125 0.19671296296296295 0.0017083333333334375 0.003685185185185202
0 0.7272447916666667 0.19278703703703703 0.0019218750000000284 0.002861111111111088
0 0.7261197916666667 0.18975925925925927 0.0017395833333334091 0.0032592592592592426
0 0.7287604166666667 0.1900462962962963 0.001958333333333447 0.0035555555555555323
0 0.7320260416666666 0.1925462962962963 0.0015364583333332385 0.0026666666666666622
0 0.7363645833333333 0.18875925925925927 0.001677083333333229 0.00352777777777778
0 0.7580520833333334 0.19392592592592592 0.0020989583333334374 0.0034074074074074137
0 0.763390625 0.1913425925925926 0.0018177083333332197 0.004851851851851861
0 0.742046875 0.20928703703703705 0.0016354166666666004 0.0029629629629629524
0 0.74009375 0.2100925925925926 0.0014531249999999811 0.0026296296296296063
0 0.74025 0.2070648148148148 0.002640625000000085 0.0028055555555555303
0 0.7399739583333333 0.19899074074074075 0.0018697916666667424 0.0030000000000000083
0 0.7979635416666666 0.2504722222222222 0.001953125 0.0035370370370370833
0 0.8007447916666667 0.25210185185185185 0.0018177083333332197 0.004055555555555551
0 0.8061145833333333 0.2510277777777778 0.0015989583333334185 0.002685185185185164
0 0.8098281249999999 0.2512962962962963 0.0020156249999999432 0.002453703703703683
0 0.8139010416666667 0.2507222222222222 0.0016093750000000758 0.0032407407407407406
0 0.8171614583333333 0.25301851851851853 0.002005208333333286 0.002379629629629676
0 0.8164374999999999 0.21775 0.0018645833333332954 0.003916666666666684
0 0.8193750000000001 0.21853703703703706 0.0024843749999999905 0.0031574074074074304
0 0.8246666666666667 0.21316666666666667 0.001895833333333267 0.003703703703703704
0 0.8281770833333333 0.21350925925925926 0.002124999999999962 0.00323148148148149
0 0.9882395833333334 0.2749166666666667 0.003406249999999981 0.004194444444444419
0 0.9089010416666666 0.22690740740740742 0.0022708333333334 0.003361111111111107
0 0.9176145833333333 0.21949074074074076 0.002567708333333248 0.00382407407407407
0 0.9221302083333334 0.2287685185185185 0.00202083333333339 0.0034259259259259156
0 0.9246041666666667 0.22812962962962963 0.002057291666666572 0.003601851851851839
0 0.929 0.22085185185185185 0.0026354166666666384 0.0031388888888888764
0 0.93684375 0.22544444444444445 0.002734375 0.0035740740740740867
0 0.9231041666666666 0.21574074074074073 0.002328124999999896 0.0026481481481481607
0 0.922421875 0.21888888888888888 0.0023333333333333426 0.003111111111111124
0 0.9205833333333333 0.22000925925925927 0.0016614583333333618 0.0029166666666666455
0 0.9234375 0.22227777777777777 0.0024687499999998864 0.0027500000000000254
0 0.9381666666666667 0.21783333333333332 0.0018281250000001137 0.002944444444444451
0 0.9401822916666667 0.20976851851851852 0.0018281250000001137 0.0029722222222222034
0 0.9426302083333333 0.21078703703703705 0.0025468749999999337 0.003222222222222239
0 0.9309062499999999 0.19744444444444445 0.002442708333333362 0.004166666666666667
0 0.9398854166666666 0.198 0.0021666666666665907 0.00361111111111109
0 0.9478385416666666 0.21925925925925926 0.0029270833333332764 0.003268518518518493
0 0.9520885416666667 0.22132407407407406 0.002463541666666676 0.0030185185185185102
0 0.9539583333333332 0.2193240740740741 0.002182291666666695 0.002861111111111088
0 0.9535104166666667 0.2285462962962963 0.002526041666666619 0.0037129629629629544
0 0.9602187499999999 0.2295462962962963 0.0026458333333332956 0.0035092592592592784
0 0.9692395833333334 0.2305 0.0027656249999999717 0.00323148148148149
0 0.960265625 0.22243518518518518 0.0030572916666666097 0.003592592592592588
0 0.9604583333333333 0.21937037037037035 0.0022031250000000093 0.002944444444444451
0 0.9628958333333333 0.21960185185185185 0.002729166666666553 0.003935185185185185
0 0.9654791666666667 0.22 0.002354166666666657 0.003657407407407397
0 0.9664010416666666 0.21689814814814815 0.0026458333333332956 0.003499999999999975
0 0.9680885416666667 0.22100925925925927 0.0029374999999999337 0.004222222222222224
0 0.9574791666666667 0.20442592592592593 0.0023645833333333145 0.003351851851851856
0 0.9589635416666666 0.20397222222222222 0.0020833333333333333 0.003638888888888895
0 0.9123854166666666 0.19950925925925925 0.0028385416666665718 0.003657407407407397
0 0.910265625 0.20464814814814816 0.0025989583333332197 0.0037870370370370137
0 0.9019166666666667 0.20158333333333334 0.0018593750000000854 0.0037500000000000107
0 0.8948333333333333 0.20407407407407407 0.002515624999999962 0.003648148148148146
0 0.876953125 0.20305555555555557 0.002692708333333371 0.004666666666666685
0 0.8883072916666667 0.20464814814814816 0.0025885416666665624 0.004814814814814804
0 0.9124427083333334 0.18849074074074074 0.0023802083333334186 0.0049259259259259195
0 0.9101302083333334 0.1882777777777778 0.002322916666666686 0.003490740740740724
0 0.9072760416666666 0.18769444444444444 0.0017500000000000664 0.0033333333333333544
0 0.9036666666666666 0.18808333333333332 0.0013697916666667235 0.003101851851851873
0 0.792296875 0.18876851851851853 0.0016093750000000758 0.0031388888888888764
0 0.787484375 0.1894537037037037 0.001953125 0.0029537037037037014
0 0.7808177083333334 0.1919537037037037 0.001619791666666733 0.0033425925925926053
0 0.7794114583333334 0.19183333333333333 0.0018333333333333238 0.003861111111111126
0 0.7760312500000001 0.19152777777777777 0.002005208333333286 0.0032592592592592426
0 0.7565781250000001 0.16494444444444442 0.0029739583333333523 0.0032407407407407406
0 0.7646770833333334 0.16652777777777777 0.0022656249999999526 0.003324074074074051
0 0.7687239583333334 0.16698148148148148 0.002562500000000038 0.0034629629629629715
0 0.7613125000000001 0.1675185185185185 0.0020364583333332574 0.0030092592592592593
0 0.7677239583333333 0.17819444444444443 0.002723958333333343 0.005092592592592593
0 0.9704166666666667 0.18231481481481482 0.0022552083333332953 0.00352777777777778
0 0.9724947916666667 0.18191666666666667 0.0010937499999999526 0.002351851851851871
0 0.9751927083333333 0.1823425925925926 0.0035885416666666 0.005490740740740747
0 0.8188958333333333 0.21230555555555555 0.0025468749999999337 0.0030925925925925695
0 0.8209895833333333 0.21307407407407408 0.002005208333333286 0.003101851851851873
0 0.8219479166666667 0.21547222222222223 0.0023020833333333712 0.0027962962962962794
0 0.8965104166666666 0.18864814814814815 0.0016354166666666004 0.002740740740740722
0 0.8982447916666667 0.18825 0.0014583333333334282 0.0027037037037037186
0 0.900015625 0.1894074074074074 0.001557291666666553 0.005416666666666688
0 0.8955104166666668 0.1844722222222222 0.0019947916666666287 0.0024074074074074284
0 0.8927291666666667 0.18760185185185185 0.0020260416666666005 0.0029351851851852
0 0.89128125 0.1844722222222222 0.0019114583333333713 0.005462962962962942
0 0.889 0.18424074074074073 0.0018697916666667424 0.003851851851851875
0 0.8856145833333334 0.1820277777777778 0.002177083333333248 0.0024722222222222368
0 0.88071875 0.18616666666666667 0.002052083333333362 0.0027500000000000254
0 0.86990625 0.18650925925925926 0.0016927083333333334 0.0022870370370370622
0 0.8683541666666666 0.18137037037037038 0.0015937499999999715 0.0023148148148148147
0 0.8659166666666667 0.17876851851851852 0.0018749999999999527 0.002064814814814832
0 0.865890625 0.1855462962962963 0.0020312500000000473 0.0030370370370370117
0 0.7459635416666667 0.17487962962962963 0.0015625 0.002185185185185198
0 0.774109375 0.17887962962962964 0.002000000000000076 0.00361111111111109
0 0.7695208333333333 0.18219444444444446 0.0015729166666666571 0.003064814814814817
0 0.7732291666666666 0.1831851851851852 0.0015833333333333144 0.0026481481481481607
0 0.772453125 0.1850925925925926 0.0013749999999999338 0.002268518518518508
0 0.7831614583333334 0.1703425925925926 0.0022604166666667425 0.0038796296296296274
0 0.7765260416666667 0.17364814814814813 0.0014322916666666666 0.002675925925925913
0 0.7778020833333333 0.1725925925925926 0.0016302083333333901 0.0026481481481481607
0 0.7799010416666667 0.17451851851851852 0.0017968749999999053 0.0023333333333333166
0 0.7810052083333333 0.17324074074074072 0.0016562499999999147 0.002759259259259276
0 0.7781666666666667 0.16852777777777778 0.0027031250000000284 0.0037870370370370137
0 0.7790052083333333 0.18030555555555555 0.0021927083333333525 0.0028425925925925862
0 0.7792135416666667 0.1845925925925926 0.0019374999999998957 0.003064814814814817
0 0.7813645833333334 0.18241666666666667 0.0015364583333332385 0.003194444444444434
0 0.78396875 0.18129629629629632 0.0017083333333334375 0.0033425925925926053
0 0.7883333333333333 0.18687962962962965 0.0018593750000000854 0.002555555555555547
0 0.7903229166666667 0.18391666666666667 0.0016458333333332575 0.0032037037037036848
0 0.787640625 0.17771296296296296 0.0018281250000001137 0.003638888888888895
0 0.871859375 0.18378703703703705 0.0020625000000000187 0.004101851851851858
0 0.8712968750000001 0.1799074074074074 0.0023854166666666286 0.0034166666666666646
0 0.87403125 0.18431481481481482 0.0017031249999999905 0.002574074074074049
0 0.8739583333333333 0.1807777777777778 0.0015520833333333428 0.00323148148148149
0 0.8761093750000001 0.1802962962962963 0.0016927083333333334 0.002675925925925913
0 0.8776197916666667 0.17982407407407408 0.0015625 0.002740740740740722
0 0.8791614583333334 0.18219444444444446 0.001791666666666695 0.002388888888888874
0 0.87825 0.18382407407407408 0.0013906250000000379 0.0020925925925925843
0 0.8765729166666667 0.18360185185185185 0.0014687500000000852 0.0031666666666666813
0 0.8631875 0.18592592592592594 0.0012968749999998862 0.002222222222222201
0 0.8603958333333334 0.1782314814814815 0.0017187500000000948 0.002601851851851854
0 0.8604479166666666 0.18087037037037038 0.0009687500000000663 0.0022870370370370622
0 0.8616145833333333 0.1836574074074074 0.0015833333333333144 0.0022592592592592573
0 0.8585833333333334 0.18287962962962961 0.002104166666666648 0.0032407407407407406
0 0.856625 0.18137037037037038 0.001895833333333267 0.002768518518518527
0 0.8548229166666667 0.18294444444444447 0.0017291666666667518 0.0033796296296296087
0 0.856640625 0.1786574074074074 0.0013593750000000663 0.002435185185185181
0 0.855171875 0.17699074074074075 0.0012760416666665719 0.0026574074074074117
0 0.85275 0.17832407407407408 0.002729166666666553 0.0032962962962962985
0 0.8520833333333333 0.18183333333333332 0.0016874999999998864 0.0026944444444444676
0 0.849390625 0.18038888888888888 0.0014479166666667709 0.0028425925925925862
0 0.8500885416666667 0.17682407407407408 0.0022656249999999526 0.0043611111111110925
0 0.8478281249999999 0.1756388888888889 0.0017552083333332764 0.00352777777777778
0 0.8159322916666666 0.17033333333333334 0.0014531249999999811 0.002064814814814832
0 0.817578125 0.1731574074074074 0.002171875000000038 0.0026296296296296063
0 0.8144218750000001 0.17264814814814816 0.0012864583333332292 0.003638888888888895
0 0.80515625 0.18076851851851852 0.0019166666666665813 0.0020833333333333333
0 0.8243802083333333 0.1793796296296296 0.0014687500000000852 0.0023611111111111215
0 0.8247395833333333 0.18198148148148147 0.0013333333333333049 0.0024814814814814877
0 0.8257447916666667 0.18037037037037038 0.0013489583333334092 0.0028055555555555303
0 0.8274791666666667 0.18112962962962964 0.0016614583333333618 0.0028055555555555303
0 0.8290624999999999 0.1814074074074074 0.001119791666666714 0.0023333333333333166
0 0.8643385416666667 0.18350925925925926 0.001614583333333286 0.0022500000000000063
0 0.8636354166666667 0.18149074074074073 0.0016041666666666288 0.0025833333333333524
0 0.8624375000000001 0.1801574074074074 0.001666666666666572 0.0030277777777777608
0 0.866234375 0.18178703703703705 0.0022447916666666384 0.0031759259259259323
0 0.7914687499999999 0.17096296296296296 0.0028385416666665718 0.007703703703703697
0 0.7931354166666666 0.172 0.0015520833333333428 0.002685185185185164
0 0.79596875 0.17498148148148146 0.0020104166666667328 0.003268518518518493
0 0.798765625 0.1739814814814815 0.002348958333333447 0.0031388888888888764
0 0.7982656250000001 0.17062962962962963 0.0016979166666667804 0.002675925925925913
0 0.7950937499999999 0.1704166666666667 0.0020156249999999432 0.003499999999999975
0 0.80378125 0.17650000000000002 0.0018593750000000854 0.002555555555555547
0 0.8051458333333333 0.1746851851851852 0.0014270833333332197 0.0020462962962962774
0 0.8080104166666667 0.17557407407407408 0.0015468749999998958 0.0025833333333333524
0 0.8098645833333333 0.17582407407407405 0.0017447916666666194 0.0024629629629629862
0 0.8311666666666666 0.1812777777777778 0.0019062499999999243 0.002768518518518527
0 0.8328697916666666 0.18325925925925926 0.003177083333333286 0.003111111111111124
0 0.836453125 0.1818611111111111 0.001666666666666572 0.0032499999999999916
0 0.8333906249999999 0.17966666666666667 0.0021510416666667234 0.0032777777777777965
0 0.8105416666666667 0.17831481481481481 0.002286458333333267 0.002759259259259276
0 0.8013645833333333 0.17248148148148149 0.0016874999999998864 0.0021111111111110858
0 0.8022291666666667 0.17452777777777778 0.002177083333333248 0.0032777777777777965
0 0.8024010416666666 0.17036111111111113 0.0021145833333333047 0.0037592592592592612
0 0.804625 0.1716574074074074 0.00202083333333339 0.0026666666666666622
0 0.806546875 0.17364814814814813 0.0013124999999999905 0.0029907407407407578
0 0.80721875 0.17028703703703704 0.0022500000000000853 0.002861111111111088
0 0.808984375 0.17274074074074075 0.0020625000000000187 0.0026296296296296063
0 0.8125833333333333 0.17016666666666666 0.0022447916666666384 0.003361111111111107
0 0.8105885416666666 0.1710925925925926 0.0019635416666666573 0.0030185185185185102
0 0.81221875 0.17412962962962963 0.002791666666666733 0.0037129629629629544
0 0.8138124999999999 0.17700925925925926 0.0017708333333333807 0.002018518518518525
0 0.8151145833333333 0.17580555555555555 0.0013124999999999905 0.0024722222222222368
0 0.8165520833333333 0.17716666666666667 0.0014479166666667709 0.002342592592592567
0 0.8163072916666666 0.17483333333333334 0.0015989583333334185 0.0022500000000000063
0 0.8387916666666667 0.18208333333333335 0.0023020833333333712 0.0032592592592592426
0 0.840375 0.18064814814814814 0.0017500000000000664 0.0033148148148148
0 0.8423177083333333 0.1823425925925926 0.0019270833333332386 0.004500000000000013
0 0.824265625 0.17110185185185184 0.0021302083333334092 0.002555555555555547
0 0.8309791666666667 0.1782037037037037 0.0019374999999998957 0.0028333333333333353
0 0.8331614583333333 0.17701851851851852 0.0017656249999999337 0.0026481481481481607
0 0.828984375 0.17697222222222223 0.0020781249999998865 0.002564814814814798
0 0.8196927083333333 0.17903703703703705 0.0015208333333333712 0.002981481481481507
0 0.7877291666666667 0.16917592592592592 0.004166666666666667 0.00493518518518517
0 0.996875 0.2638888888888889 0.00625 0.007407407407407408
0 0.9984375 0.2773148148148148 0.003125 0.004629629629629629
0 0.9926458333333333 0.27558333333333335 0.005343750000000114 0.0054907407407406945
0 0.8275416666666667 0.17489814814814814 0.0020625000000000187 0.0039722222222222416
0 0.8305572916666667 0.17421296296296296 0.0033593749999999054 0.005805555555555539
0 0.834125 0.17425925925925925 0.0029062499999999622 0.0045925925925925735
0 0.8400989583333334 0.17471296296296296 0.0015468749999998958 0.0023611111111111215
0 0.8415416666666666 0.1738888888888889 0.0013645833333332765 0.002064814814814832
0 0.8416875 0.17737037037037037 0.0014687500000000852 0.002222222222222201
0 0.8249583333333333 0.17573148148148146 0.0025000000000000946 0.0035092592592592784
0 0.82121875 0.17253703703703704 0.0028749999999999904 0.005759259259259284
0 0.822015625 0.17742592592592593 0.0034739583333333714 0.005768518518518536
0 0.8438802083333333 0.17969444444444443 0.0015781250000001042 0.002851851851851837
0 0.8437447916666667 0.17572222222222222 0.0018020833333333524 0.004490740740740762
0 0.8452083333333333 0.18260185185185185 0.002124999999999962 0.003907407407407432
0 0.8462291666666667 0.17772222222222223 0.0020937499999999906 0.004805555555555553
0 0.8371718749999999 0.1733611111111111 0.0016562499999999147 0.0024814814814814877
0 0.8366302083333333 0.1755462962962963 0.0012708333333333619 0.001472222222222199
0 0.8378333333333334 0.17654629629629628 0.001109375000000057 0.001805555555555545
0 0.8370989583333334 0.17817592592592593 0.0022708333333334 0.0033148148148148
0 0.8386041666666666 0.17872222222222223 0.0015312500000000285 0.002879629629629642
0 0.8396458333333333 0.17775 0.001895833333333267 0.0030740740740740676