0 0.33591145833333336 0.8772407407407407 0.009921874999999976 0.010240740740740691
0 0.3419375 0.9096018518518518 0.006505208333333338 0.016425925925925934
0 0.3524479166666667 0.8194351851851852 0.007572916666666648 0.0098981481481482
0 0.35709375 0.8045740740740741 0.005390624999999953 0.009444444444444486
0 0.413828125 0.7352037037037037 0.0036458333333333334 0.007268518518518435
0 0.33038020833333337 0.6754074074074075 0.00383854166666661 0.011814814814814806
0 0.31871875000000005 0.5513518518518519 0.0034583333333333853 0.005796296296296288
0 0.3343125 0.5700185185185185 0.0027291666666666714 0.005870370370370295
0 0.3828958333333333 0.5613888888888888 0.0041250000000000375 0.00635185185185176
0 0.39824479166666665 0.5425277777777777 0.005395833333333281 0.008527777777777811
0 0.3149895833333333 0.4315 0.003989583333333376 0.006388888888888868
0 0.33296875 0.46267592592592593 0.004531250000000024 0.006685185185185211
0 0.3329947916666667 0.4382314814814815 0.0035885416666667186 0.005675925925925922
0 0.3554375 0.46919444444444447 0.0025833333333333524 0.0064074074074073695
0 0.36203125 0.46049999999999996 0.0033020833333332906 0.006749999999999966
0 0.37197395833333335 0.48864814814814816 0.0027291666666666714 0.0080740740740741
0 0.374921875 0.48588888888888887 0.0021406249999999477 0.004324074074074142
0 0.380515625 0.4949537037037037 0.0023593749999999856 0.005620370370370311
0 0.37740104166666666 0.49343518518518514 0.003109375000000014 0.005231481481481566
0 0.22950520833333332 0.41703703703703704 0.005604166666666662 0.004953703703703725
0 0.22265625 0.41324074074074074 0.00436979166666666 0.004453703703703653
0 0.22966666666666666 0.40519444444444447 0.0034375000000000117 0.003435185185185219
0 0.25013541666666667 0.3796574074074074 0.004463541666666693 0.0037962962962963176
0 0.365828125 0.3917037037037037 0.00241145833333339 0.004842592592592609
0 0.37396875 0.39692592592592596 0.002734375 0.005518518518518552
0 0.36826041666666665 0.3993333333333333 0.004786458333333362 0.006805555555555577
0 0.3522135416666667 0.4157777777777778 0.005109374999999972 0.006870370370370332
0 0.36186979166666666 0.4157314814814815 0.004473958333333291 0.006777777777777824
0 0.39188541666666665 0.4278611111111111 0.003854166666666714 0.005592592592592559
0 0.39090624999999996 0.4303703703703704 0.0037916666666666524 0.007250000000000038
0 0.38685416666666667 0.4083703703703704 0.004223958333333281 0.00625
0 0.39513541666666663 0.39985185185185185 0.0037083333333332766 0.00608333333333338
0 0.39576041666666667 0.40602777777777777 0.004010416666666691 0.007462962962962913
0 0.41180729166666663 0.4333796296296296 0.001953125 0.007361111111111153
0 0.39059375 0.3485648148148148 0.004588541666666638 0.005564814814814806
0 0.38537499999999997 0.3480092592592593 0.0026979166666667 0.006138888888888885
0 0.40552083333333333 0.3901851851851852 0.003140624999999986 0.002768518518518527
0 0.404875 0.3878888888888889 0.003260416666666662 0.00323148148148149
0 0.42626041666666664 0.3803240740740741 0.0038177083333332954 0.004972222222222227
0 0.420421875 0.37802777777777774 0.0035208333333333285 0.006287037037037003
0 0.442078125 0.3749351851851852 0.0036666666666666475 0.0060185185185185185
0 0.42311458333333335 0.36580555555555555 0.003687499999999962 0.004620370370370379
0 0.4305833333333334 0.40603703703703703 0.004395833333333362 0.005796296296296288
0 0.45137499999999997 0.42088888888888887 0.003755208333333352 0.0059814814814815155
0 0.4490989583333333 0.42212962962962963 0.003947916666666629 0.005925925925925905
0 0.4490989583333333 0.4077037037037037 0.004890625000000052 0.006592592592592597
0 0.45791145833333335 0.40150925925925923 0.0035520833333333003 0.006870370370370332
0 0.46616145833333333 0.4055833333333333 0.004385416666666705 0.005740740740740783
0 0.4674375 0.4169259259259259 0.0036197916666666904 0.004805555555555606
0 0.45958854166666663 0.42526851851851855 0.0035781249999999433 0.005472222222222193
0 0.4684270833333333 0.4443796296296296 0.0036979166666666194 0.005740740740740783
0 0.6042343750000001 0.4105462962962963 0.003958333333333286 0.005537037037037054
0 0.5981302083333334 0.41210185185185183 0.003619791666666572 0.006129629629629634
0 0.5723385416666668 0.3078888888888889 0.0032656249999999903 0.005175925925925955
0 0.5377291666666667 0.3339722222222222 0.002359375000000104 0.005888888888888902
0 0.5354427083333333 0.33189814814814816 0.0020625000000000187 0.005111111111111094
0 0.5299010416666666 0.33625 0.0033020833333332906 0.005379629629629579
0 0.525328125 0.33708333333333335 0.0036458333333333334 0.006203703703703746
0 0.5264479166666667 0.32575925925925925 0.0035208333333333285 0.0054907407407406945
0 0.5135364583333334 0.3298148148148148 0.00283854166666669 0.0060185185185185185
0 0.5034947916666667 0.3328148148148148 0.003625000000000019 0.006111111111111132
0 0.486 0.35744444444444445 0.0037395833333333664 0.005611111111111061
0 0.48211979166666663 0.35816666666666663 0.003567708333333286 0.005361111111111078
0 0.47922395833333337 0.3547222222222222 0.003947916666666629 0.0060555555555555215
0 0.47683854166666667 0.3428333333333333 0.0039270833333333146 0.005898148148148152
0 0.4719947916666667 0.3411018518518518 0.002776041666666629 0.005824074074074041
0 0.46709895833333337 0.34149074074074076 0.0024739583333333332 0.004898148148148114
0 0.47772395833333337 0.4083981481481481 0.0031458333333333143 0.0038796296296296803
0 0.4818645833333333 0.41507407407407404 0.002182291666666695 0.004092592592592555
0 0.48459375 0.41160185185185183 0.003406249999999981 0.0037129629629629544
0 0.4861875 0.4102777777777778 0.003432291666666624 0.003407407407407361
0 0.48833333333333334 0.41310185185185183 0.003635416666666676 0.004555555555555518
0 0.48978125 0.39992592592592596 0.0034791666666667 0.005240740740740712
0 0.4949010416666667 0.3946944444444444 0.003687499999999962 0.004657407407407382
0 0.47470312499999995 0.37304629629629626 0.002124999999999962 0.004555555555555518
0 0.4781197916666667 0.3758518518518519 0.0020833333333333333 0.004527777777777765
0 0.4710885416666667 0.35150925925925924 0.0033489583333333665 0.0037592592592592088
0 0.46892187500000004 0.3527777777777778 0.004026041666666676 0.003935185185185185
0 0.46871875 0.34987962962962965 0.0036197916666666904 0.00425000000000003
0 0.45922395833333335 0.3490833333333333 0.0039010416666666716 0.005074074074074091
0 0.4648229166666667 0.36438888888888893 0.0029479166666667093 0.006657407407407458
0 0.45714583333333336 0.36 0.0039270833333333146 0.004638888888888881
0 0.449765625 0.3579351851851852 0.0039791666666667185 0.004564814814814768
0 0.445953125 0.3583518518518518 0.0028072916666667187 0.0043796296296296465
0 0.44264583333333335 0.35347222222222224 0.003218750000000033 0.004407407407407399
0 0.42944791666666665 0.3513611111111111 0.0036041666666667047 0.004231481481481528
0 0.45333854166666665 0.3701111111111111 0.001817708333333338 0.00527777777777782
0 0.4257447916666666 0.30892592592592594 0.0029010416666666334 0.0031851851851852357
0 0.41913541666666665 0.3274444444444444 0.002744791666666657 0.0029537037037037544
0 0.40863020833333336 0.32869444444444446 0.0029739583333333523 0.0035185185185184764
0 0.40971874999999996 0.33705555555555555 0.002692708333333371 0.0037870370370370666
0 0.4293802083333333 0.3059907407407408 0.00227604166666661 0.004083333333333304
0 0.433640625 0.30699074074074073 0.0031718749999999573 0.0036759259259259514
0 0.43313541666666666 0.3183148148148148 0.0021614583333333806 0.004055555555555551
0 0.43300520833333334 0.32475000000000004 0.002442708333333362 0.004324074074074036
0 0.43833333333333335 0.30587037037037035 0.0019375000000000143 0.004814814814814857
0 0.4432552083333333 0.30516666666666664 0.0030677083333333854 0.003407407407407361
0 0.446578125 0.330037037037037 0.0020885416666666617 0.005712962962962925
0 0.4510885416666667 0.3341203703703704 0.002317708333333357 0.0035370370370370833
0 0.45353645833333334 0.3361574074074074 0.002796874999999943 0.004111111111111162
0 0.43900520833333334 0.32779629629629625 0.002234374999999981 0.004000000000000046
0 0.44090625 0.32486111111111116 0.002098958333333319 0.0037870370370370666
0 0.46013020833333335 0.31799074074074074 0.0027135416666666857 0.00403703703703705
0 0.466 0.3204814814814815 0.003151041666666643 0.00420370370370367
0 0.48037500000000005 0.3217777777777778 0.0029999999999999953 0.005787037037037037
0 0.49108854166666666 0.3049351851851852 0.002249999999999967 0.0044166666666666495
0 0.48775520833333336 0.29995370370370367 0.002130208333333291 0.00543518518518519
0 0.49075 0.28991666666666666 0.0019427083333333427 0.004740740740740745
0 0.4991614583333333 0.3048888888888889 0.00241145833333339 0.004314814814814785
0 0.49906770833333336 0.30942592592592594 0.0025781250000000235 0.003694444444444453
0 0.5057395833333334 0.31246296296296294 0.0021197916666666336 0.004592592592592626
0 0.5182656250000001 0.28833333333333333 0.0024583333333333475 0.004148148148148165
0 0.50525 0.2968148148148148 0.002588541666666681 0.0036759259259259514
0 0.5236041666666666 0.30296296296296293 0.002588541666666681 0.004333333333333287
0 0.5261666666666667 0.3133425925925926 0.0022656249999999526 0.0031203703703703745
0 0.5250520833333333 0.31503703703703706 0.002942708333333381 0.004583333333333376
0 0.5267135416666666 0.2939907407407407 0.0019062500000000427 0.004490740740740762
0 0.5272708333333334 0.28218518518518515 0.0015625 0.00479629629629625
0 0.5149895833333333 0.27877777777777774 0.0017187499999999764 0.004425925925925901
0 0.5258125 0.27632407407407406 0.0015520833333333428 0.004685185185185134
0 0.5287916666666667 0.2702685185185185 0.001697916666666662 0.0042222222222221715
0 0.53190625 0.2653425925925926 0.0017447916666666194 0.004055555555555551
0 0.5380989583333334 0.26123148148148145 0.0017708333333333807 0.0035740740740740867
0 0.49422916666666666 0.26975925925925925 0.0023593749999999856 0.0038333333333333205
0 0.49219270833333334 0.2729537037037037 0.0019218750000000284 0.0044166666666666495
0 0.48763541666666665 0.27485185185185185 0.0022552083333332953 0.004324074074074036
0 0.48456770833333335 0.2707777777777778 0.0026614583333332813 0.003944444444444436
0 0.47219791666666666 0.2941111111111111 0.003369791666666681 0.0060185185185185185
0 0.47352083333333334 0.3002314814814815 0.00202083333333339 0.00403703703703705
0 0.4719166666666667 0.3015185185185185 0.002072916666666676 0.0040277777777777985
0 0.483328125 0.3096388888888889 0.002369791666666643 0.004120370370370412
0 0.48340625 0.3059537037037037 0.002515624999999962 0.004500000000000013
0 0.4786354166666667 0.29966666666666664 0.002427083333333376 0.003555555555555585
0 0.4779375 0.2964259259259259 0.0021197916666666336 0.0041851851851851685
0 0.49456770833333336 0.29007407407407404 0.0015833333333333144 0.005055555555555589
0 0.489 0.3140462962962963 0.0028020833333333903 0.004527777777777765
0 0.6049427083333333 0.3103425925925926 0.002791666666666733 0.004240740740740778
0 0.60284375 0.31300925925925926 0.0025937500000000097 0.0037592592592592088
0 0.6001718749999999 0.3110648148148148 0.0026979166666665816 0.003092592592592622
0 0.59740625 0.3128518518518518 0.0029895833333332196 0.004083333333333304
0 0.5984166666666667 0.31696296296296295 0.0028229166666667044 0.005194444444444457
0 0.6054010416666666 0.31725925925925924 0.0029843750000000096 0.005148148148148098
0 0.6038020833333333 0.32846296296296296 0.0030520833333333997 0.004296296296296283
0 0.6015885416666666 0.3268148148148148 0.0022656249999999526 0.0035833333333333377
0 0.5798489583333333 0.32596296296296295 0.003130208333333447 0.003166666666666629
0 0.6528020833333333 0.3039351851851852 0.003281250000000095 0.004990740740740728
0 0.7556354166666667 0.3095277777777778 0.0039531250000000755 0.005203703703703708
0 0.7328385416666666 0.4714444444444445 0.002692708333333371 0.006064814814814825
0 0.7264479166666666 0.47176851851851853 0.002729166666666553 0.0037777777777778156
0 0.7170052083333334 0.47200925925925924 0.002338541666666553 0.004268518518518479
0 0.7188125 0.47775 0.0024739583333333332 0.004666666666666633
0 0.7245625 0.4762962962962963 0.0022604166666667425 0.004694444444444438
0 0.7273489583333334 0.48247222222222225 0.002338541666666553 0.005000000000000084
0 0.9179895833333334 0.6215 0.0070208333333333425 0.010583333333333392
0 0.9740104166666667 0.43125925925925923 0.004692708333333447 0.004564814814814768
0 0.9716510416666666 0.4276944444444445 0.0047239583333334185 0.0051203703703703455
0 0.9612395833333333 0.428324074074074 0.004395833333333362 0.00560185185185181
0 0.9501145833333333 0.42438888888888887 0.0048177083333333336 0.004648148148148131
0 0.9541770833333333 0.40814814814814815 0.00461979166666661 0.006620370370370349
0 0.9495885416666667 0.41705555555555557 0.004244791666666714 0.003870370370370324
0 0.9442864583333334 0.4181666666666667 0.00455208333333322 0.004064814814814802
0 0.943890625 0.41335185185185186 0.00408854166666662 0.00544444444444444
0 0.9379791666666667 0.4079814814814815 0.004640624999999924 0.005990740740740766
0 0.9331197916666666 0.40465740740740735 0.0046979166666666575 0.005990740740740766
0 0.9465104166666667 0.3978888888888889 0.004114583333333381 0.004907407407407366
0 0.9428697916666666 0.4018888888888889 0.004166666666666667 0.005675925925925922
0 0.9487239583333333 0.4124259259259259 0.0038177083333332954 0.004444444444444402
0 0.9483333333333334 0.4078611111111111 0.0038489583333332672 0.0037222222222222053
0 0.946171875 0.4049537037037037 0.0020937499999999906 0.0020925925925925843
0 0.9467760416666666 0.40258333333333335 0.0030208333333334282 0.0028518518518518897
0 0.7258229166666667 0.31512037037037033 0.0026093750000001138 0.0037962962962963176
0 0.7378177083333333 0.29737962962962966 0.0026354166666666384 0.002555555555555547
0 0.7314791666666667 0.29212962962962963 0.002864583333333333 0.0033333333333333544
0 0.7388229166666667 0.27566666666666667 0.002359375000000104 0.0030185185185185102
0 0.7415677083333333 0.2766388888888889 0.0025468749999999337 0.00323148148148149
0 0.7442291666666667 0.29889814814814814 0.0027031250000000284 0.0026296296296296593
0 0.745 0.2957962962962963 0.0028541666666666763 0.0031203703703703745
0 0.7477760416666667 0.3014074074074074 0.0025468749999999337 0.0019351851851852147
0 0.7474062499999999 0.2990833333333333 0.002510416666666752 0.002500000000000042
0 0.754234375 0.2961111111111111 0.0024895833333334377 0.003749999999999958
0 0.764734375 0.2904814814814815 0.003125 0.0043796296296296465
0 0.7582395833333333 0.27794444444444444 0.00241145833333339 0.003870370370370324
0 0.73996875 0.2556203703703704 0.0021354166666666193 0.002361111111111069
0 0.737671875 0.2546111111111111 0.0018697916666667424 0.002574074074074049
0 0.7517916666666667 0.29903703703703705 0.0027656249999999717 0.0033981481481481102
0 0.7295208333333334 0.2202962962962963 0.002515624999999962 0.002685185185185164
0 0.7105 0.2496388888888889 0.002406249999999943 0.0027407407407407745
0 0.7054218750000001 0.25069444444444444 0.0017968749999999053 0.0022777777777778113
0 0.70475 0.2528796296296296 0.0021458333333332765 0.0027870370370370284
0 0.702375 0.278537037037037 0.0016249999999999431 0.0032037037037037372
0 0.70040625 0.2661851851851852 0.0019166666666665813 0.002555555555555547
0 0.6810104166666666 0.2367777777777778 0.0012968749999998862 0.0030092592592592857
0 0.6814531250000001 0.26817592592592593 0.0021510416666667234 0.0035648148148148357
0 0.6694218749999999 0.2684537037037037 0.0023125000000000285 0.002962962962963005
0 0.6602395833333333 0.267037037037037 0.0025416666666667237 0.0035833333333333377
0 0.6574270833333333 0.2666574074074074 0.001895833333333267 0.002435185185185181
0 0.6833802083333332 0.30419444444444443 0.0027656249999999717 0.004481481481481511
0 0.6967135416666667 0.2582962962962963 0.0034895833333332387 0.0038796296296296803
0 0.6896145833333333 0.23776851851851855 0.0020364583333332574 0.004212962962962947
0 0.6871562499999999 0.23855555555555555 0.0012968749999998862 0.002500000000000042
0 0.6857083333333333 0.23770370370370372 0.0012916666666666762 0.0023611111111110955
0 0.7238697916666667 0.2228888888888889 0.0016093750000000758 0.002222222222222201
0 0.7209739583333333 0.2228240740740741 0.001843749999999981 0.0025370370370370455
0 0.7188958333333333 0.22152777777777777 0.0017135416666666477 0.0030740740740740676
0 0.7760572916666667 0.3099722222222222 0.0026979166666665816 0.003407407407407361
0 0.7836979166666667 0.29737962962962966 0.001776041666666591 0.0025833333333332995
0 0.7953385416666666 0.2983148148148148 0.002515624999999962 0.0036759259259259514
0 0.7891041666666666 0.3066851851851852 0.002739583333333447 0.003425925925925968
0 0.7917395833333334 0.30545370370370367 0.0029270833333332764 0.0037777777777778156
0 0.7879791666666667 0.29044444444444445 0.0027083333333332384 0.0032499999999999916
0 0.7839166666666666 0.29012037037037036 0.0024166666666666004 0.0035648148148148357
0 0.785046875 0.28906481481481483 0.0027500000000001044 0.003694444444444453
0 0.7806927083333334 0.29008333333333336 0.0025312500000000664 0.0038796296296296803
0 0.7727604166666667 0.2896296296296296 0.002864583333333333 0.003805555555555568
0 0.774765625 0.29200000000000004 0.0028177083333332576 0.0036666666666667004
0 0.7652187500000001 0.3045277777777778 0.0030260416666666383 0.003064814814814764
0 0.7673125 0.3059722222222222 0.0025364583333332765 0.0030000000000000083
0 0.6789010416666666 0.26878703703703705 0.0024322916666667045 0.002564814814814798
0 0.5079114583333334 0.24010185185185184 0.0022031250000000093 0.0031203703703703745
0 0.5103645833333333 0.24187962962962964 0.002130208333333291 0.0028148148148147813
0 0.5122447916666667 0.23855555555555555 0.0018020833333333524 0.002759259259259276
0 0.5211875 0.24881481481481485 0.0016614583333333618 0.0030555555555555136
0 0.5214739583333333 0.23250925925925928 0.0017291666666666334 0.0031666666666666813
0 0.5127135416666666 0.22717592592592592 0.0015833333333333144 0.00272222222222222
0 0.5121510416666667 0.22447222222222224 0.0018593749999999667 0.002305555555555564
0 0.514859375 0.22158333333333333 0.002046875000000033 0.002888888888888893
0 0.5326927083333334 0.24722222222222223 0.001937499999999955 0.0028148148148147813
0 0.5317864583333333 0.24351851851851852 0.0020156249999999432 0.003694444444444453
0 0.533109375 0.239962962962963 0.0018958333333333854 0.003305555555555602
0 0.54046875 0.2786388888888889 0.0024322916666667045 0.003990740740740691
0 0.47634375 0.2753425925925926 0.0036822916666666337 0.0042222222222221715
0 0.5487395833333333 0.25645370370370374 0.002453125000000019 0.004212962962962921
0 0.5440572916666666 0.24659259259259259 0.002828124999999915 0.004407407407407399
0 0.5405885416666667 0.23945370370370372 0.0014947916666666098 0.0032407407407407406
0 0.5465416666666666 0.2650740740740741 0.0013072916666667803 0.00361111111111109
0 0.5624791666666666 0.2543703703703704 0.001614583333333286 0.0031851851851852357
0 0.569796875 0.2389814814814815 0.0020937499999999906 0.0033425925925926053
0 0.5634270833333334 0.23720370370370372 0.002328124999999896 0.0034537037037037205
0 0.6297812500000001 0.2555925925925926 0.0022968749999999244 0.0035370370370370833
0 0.62225 0.23950000000000002 0.00227604166666661 0.0033333333333333544
0 0.6256145833333334 0.2393425925925926 0.0019218750000000284 0.0030092592592592593
0 0.6286197916666667 0.23975925925925926 0.0020364583333332574 0.0027962962962962794
0 0.6400677083333334 0.24131481481481482 0.001619791666666733 0.0032962962962962456
0 0.6420729166666667 0.24065740740740743 0.0018020833333333524 0.0030370370370370117
0 0.6532135416666667 0.23323148148148146 0.001958333333333447 0.002861111111111088
0 0.644 0.2338425925925926 0.0018229166666666667 0.0030277777777777608
0 0.6422135416666667 0.23550000000000001 0.0017812500000000378 0.002685185185185164
0 0.5382135416666666 0.4121296296296296 0.002692708333333371 0.004175925925925917
0 0.5370989583333333 0.2763888888888889 0.0026354166666666384 0.0028148148148147813
0 0.5369427083333334 0.2784259259259259 0.0011822916666666572 0.002833333333333283
0 0.540625 0.2889537037037037 0.0014687500000000852 0.004814814814814857
0 0.4799947916666667 0.2323611111111111 0.002072916666666676 0.003851851851851875
0 0.4824791666666667 0.23430555555555557 0.0016666666666666904 0.003324074074074051
0 0.46597916666666667 0.23314814814814816 0.0018281249999999953 0.0035648148148148357
0 0.4844947916666667 0.21931481481481482 0.0014010416666666952 0.0032499999999999916
0 0.4911822916666667 0.22318518518518518 0.001223958333333286 0.0021481481481481417
0 0.49613541666666666 0.22502777777777777 0.0015312500000000285 0.0027962962962962794
0 0.49624479166666663 0.22186111111111112 0.0012343749999999432 0.002851851851851837
0 0.498421875 0.22148148148148147 0.0013020833333333333 0.0020925925925925843
0 0.5011666666666666 0.2204074074074074 0.0014687499999999668 0.0023796296296296235
0 0.5044270833333333 0.22715740740740742 0.0016510416666667045 0.002925925925925949
0 0.5045260416666667 0.22175925925925927 0.001479166666666624 0.002925925925925949
0 0.5067239583333333 0.22747222222222221 0.0014062500000000236 0.002898148148148144
0 0.5089479166666666 0.22080555555555556 0.0018958333333333854 0.003212962962962988
0 0.5103645833333333 0.21816666666666668 0.001749999999999948 0.0030092592592592593
0 0.505625 0.2188148148148148 0.0015416666666666855 0.0027962962962962794
0 0.5066354166666667 0.2220462962962963 0.0019166666666666997 0.0029722222222222034
0 0.50834375 0.22621296296296298 0.0015520833333333428 0.0029351851851852
0 0.512515625 0.22182407407407406 0.0016562500000000331 0.002944444444444451
0 0.5229270833333334 0.22846296296296298 0.0017447916666666194 0.0028240740740740847
0 0.6746302083333333 0.23825 0.0014739583333332955 0.002925925925925923
0 0.6757500000000001 0.23644444444444446 0.0013072916666667803 0.002685185185185164
0 0.6719375 0.23569444444444446 0.0014114583333333522 0.0025462962962962965
0 0.6605989583333333 0.24419444444444446 0.0015156249999999242 0.002555555555555547
0 0.6634322916666666 0.2441759259259259 0.0013177083333334376 0.0030092592592592593
0 0.6681406249999999 0.24149074074074076 0.0019270833333332386 0.0033240740740741034
0 0.6631822916666666 0.23438888888888887 0.0013437499999999622 0.002398148148148125
0 0.5141666666666667 0.23976851851851852 0.0019062500000000427 0.004620370370370379
0 0.5173020833333334 0.24237037037037037 0.0031562499999999716 0.003888888888888931
0 0.51596875 0.2245277777777778 0.0018333333333333238 0.002675925925925913
0 0.5179322916666667 0.2235 0.0019687499999999857 0.002740740740740722
0 0.5302864583333333 0.2287777777777778 0.001734374999999962 0.0020833333333333333
0 0.530484375 0.2267037037037037 0.0016927083333333334 0.002611111111111105
0 0.5286927083333334 0.22642592592592592 0.0017187499999999764 0.0028240740740740847
0 0.5259479166666667 0.22741666666666668 0.0015989583333333001 0.0028703703703703916
0 0.5278020833333333 0.2290185185185185 0.0014739583333332955 0.0029629629629629524
0 0.5256875 0.2197037037037037 0.003625000000000019 0.0040092592592592445
0 0.5241666666666667 0.2220925925925926 0.0018958333333333854 0.002898148148148144
0 0.5279375 0.22219444444444444 0.0014947916666666098 0.0024629629629629862
0 0.5296302083333333 0.21987037037037038 0.0014531249999999811 0.002231481481481505
0 0.5319479166666666 0.2232037037037037 0.0017031249999999905 0.0025185185185185436
0 0.5325520833333334 0.22593518518518518 0.0014635416666666382 0.0024166666666666794
0 0.5339583333333333 0.23008333333333333 0.0023906250000000164 0.002944444444444451
0 0.5342708333333334 0.2278148148148148 0.0022968749999999834 0.0030370370370370117
0 0.5398229166666667 0.2262037037037037 0.0018385416666667708 0.0029629629629629524
0 0.5458489583333334 0.23781481481481478 0.002119791666666752 0.0030277777777777608
0 0.5462552083333333 0.2411203703703704 0.0014687500000000852 0.003157407407407378
0 0.569765625 0.22930555555555557 0.0018906250000000568 0.0030925925925925695
0 0.5712083333333333 0.23207407407407407 0.0018645833333332954 0.002851851851851837
0 0.5727656250000001 0.2348796296296296 0.001901041666666714 0.0029907407407407578
0 0.5741822916666667 0.2302962962962963 0.001734374999999962 0.0028055555555555303
0 0.5823489583333333 0.2358148148148148 0.0018854166666666097 0.003287037037037021
0 0.579921875 0.23648148148148151 0.001723958333333305 0.002787037037037055
0 0.5837291666666666 0.23799074074074072 0.0016249999999999431 0.0033888888888888857
0 0.5521406249999999 0.2209537037037037 0.0014739583333332955 0.0030185185185185102
0 0.5541822916666667 0.22271296296296297 0.0015937499999999715 0.0030185185185185102
0 0.5561197916666667 0.22462962962962962 0.0015104166666667141 0.0029629629629629524
0 0.5564583333333334 0.2192037037037037 0.0020781249999998865 0.0028425925925925862
0 0.5555104166666667 0.23152777777777778 0.0017500000000000664 0.0032407407407407406
0 0.5585520833333334 0.2335648148148148 0.001791666666666695 0.003055555555555566
0 0.6306302083333333 0.23622222222222222 0.0019947916666666287 0.0035555555555555588
0 0.6285989583333333 0.2345 0.001677083333333229 0.002888888888888893
0 0.631515625 0.23242592592592592 0.0017812500000000378 0.0028148148148148338
0 0.6327812500000001 0.23645370370370372 0.0016041666666666288 0.003287037037037021
0 0.634703125 0.23549074074074075 0.0018020833333333524 0.0026481481481481607
0 0.6172291666666666 0.2316851851851852 0.0016458333333332575 0.003194444444444434
0 0.6188802083333333 0.23167592592592592 0.0014843749999999525 0.002898148148148144
0 0.6196041666666667 0.23358333333333334 0.001671875000000019 0.0036296296296296445
0 0.620125 0.22878703703703704 0.002124999999999962 0.0029351851851852
0 0.6217135416666667 0.22795370370370371 0.0017604166666667235 0.0031296296296296254
0 0.6234166666666667 0.23 0.001619791666666733 0.002768518518518527
0 0.6247291666666667 0.23532407407407407 0.0017500000000000664 0.0024999999999999896
0 0.6235052083333333 0.23428703703703704 0.0017968749999999053 0.0026574074074074117
0 0.6260781249999999 0.23051851851851854 0.0015312500000000285 0.002888888888888893
0 0.6280208333333334 0.22984259259259257 0.0009427083333333049 0.0020925925925925843
0 0.6375729166666667 0.23409259259259257 0.0017083333333334375 0.002435185185185181
0 0.6374583333333333 0.23125925925925925 0.001895833333333267 0.0026944444444444676
0 0.6129479166666666 0.2391481481481481 0.0019374999999998957 0.0036759259259259514
0 0.6132291666666667 0.23568518518518516 0.0020833333333333333 0.0032314814814814637
0 0.606625 0.23452777777777778 0.001791666666666695 0.0038796296296296274
0 0.608078125 0.23396296296296296 0.001776041666666591 0.0032870370370370475
0 0.6096666666666667 0.2359166666666667 0.0018333333333333238 0.003129629629629652
0 0.5908958333333333 0.23502777777777778 0.0020989583333334374 0.003148148148148127
0 0.5908593750000001 0.23800925925925928 0.0020260416666666005 0.0028148148148148073
0 0.5933541666666666 0.23875000000000002 0.0017552083333332764 0.002777777777777778
0 0.5856458333333333 0.23491666666666666 0.0016041666666666288 0.0027962962962962794
0 0.5877395833333333 0.2358981481481482 0.001723958333333305 0.002907407407407421
0 0.5888281249999999 0.23330555555555554 0.0018229166666666667 0.0029074074074073946
0 0.5877135416666667 0.2305648148148148 0.001677083333333229 0.003351851851851856
0 0.5603958333333333 0.22724074074074072 0.0020885416666667806 0.003324074074074051
0 0.5634479166666666 0.23228703703703704 0.0019843749999999714 0.003592592592592588
0 0.5331666666666667 0.21877777777777777 0.0019583333333333284 0.0036666666666666475
0 0.5341927083333334 0.22192592592592594 0.0017187500000000948 0.0029166666666666455
0 0.5366822916666667 0.2220462962962963 0.001791666666666695 0.0027870370370370284
0 0.5361718750000001 0.22500925925925924 0.0021354166666666193 0.0037222222222222053
0 0.5187916666666667 0.22100925925925927 0.0018541666666666383 0.003499999999999975
0 0.5193802083333333 0.21926851851851853 0.0017864583333333664 0.002231481481481505
0 0.52159375 0.21993518518518518 0.0013124999999999905 0.0026574074074074117
0 0.5402447916666666 0.2194351851851852 0.002072916666666676 0.00352777777777778
0 0.5417395833333334 0.21864814814814815 0.0017135416666666477 0.0034444444444444696
0 0.5417239583333333 0.2227314814814815 0.0017812500000000378 0.0028703703703703916
0 0.5423958333333334 0.22118518518518518 0.0014583333333334282 0.0023611111111111215
0 0.5482395833333332 0.22910185185185186 0.0020104166666667328 0.002851851851851837
0 0.5419375 0.22896296296296295 0.0024843749999999905 0.003518518518518529
0 0.6594635416666667 0.23950000000000002 0.002119791666666752 0.0029259259259258965
0 0.6607291666666666 0.23805555555555558 0.001953125 0.002675925925925913
0 0.6584895833333333 0.23624074074074072 0.0019322916666666857 0.0033796296296296087
0 0.6568645833333334 0.23323148148148146 0.001953125 0.0031388888888888764
0 0.6564583333333334 0.23840740740740743 0.0025312500000000664 0.003592592592592588
0 0.6039010416666667 0.22889814814814816 0.0015520833333333428 0.002055555555555581
0 0.6043072916666666 0.2303888888888889 0.0014218750000000095 0.0022592592592592573
0 0.6059322916666667 0.2280925925925926 0.0014531249999999811 0.0022870370370370622
0 0.609046875 0.23002777777777778 0.0015364583333332385 0.0024629629629629862
0 0.6009166666666667 0.22690740740740742 0.0022708333333334 0.002888888888888893
0 0.6009791666666667 0.2289074074074074 0.002739583333333447 0.00323148148148149
0 0.5513854166666667 0.22852777777777777 0.001619791666666733 0.0022407407407407554
0 0.5529791666666667 0.22425 0.0018697916666667424 0.003648148148148146
0 0.551953125 0.2262962962962963 0.0018541666666666383 0.003638888888888895
0 0.5604739583333332 0.22172222222222224 0.0020989583333334374 0.0032592592592592426
0 0.5647135416666667 0.23058333333333333 0.0015104166666667141 0.0020925925925925843
0 0.5639010416666667 0.22875 0.001338541666666752 0.002120370370370389
0 0.5889895833333333 0.22382407407407406 0.0014010416666666952 0.0026944444444444676
0 0.5850520833333334 0.2285462962962963 0.0020104166666667328 0.0028703703703703916
0 0.5936666666666667 0.22607407407407407 0.0016302083333333901 0.004472222222222207
0 0.594109375 0.23072222222222222 0.0014218750000000095 0.0027037037037037186
0 0.6025677083333334 0.23162037037037037 0.0019791666666667614 0.00352777777777778
0 0.6015989583333333 0.23430555555555557 0.0013229166666666478 0.003101851851851873
0 0.551828125 0.2331111111111111 0.0026354166666666384 0.005157407407407401
0 0.615171875 0.2301574074074074 0.00202083333333339 0.002231481481481505
0 0.6127083333333334 0.22850925925925925 0.0019947916666666287 0.0037314814814814563
0 0.6146041666666666 0.2272685185185185 0.0018697916666667424 0.003638888888888895
0 0.5962656249999999 0.23303703703703704 0.002005208333333286 0.00272222222222222
0 0.5757656250000001 0.22219444444444444 0.0020625000000000187 0.003537037037037031
0 0.5736822916666667 0.24249074074074073 0.001677083333333229 0.0022592592592593098
0 0.5672604166666667 0.2265648148148148 0.0022552083333332953 0.003518518518518529
0 0.5971302083333333 0.23609259259259255 0.0017968749999999053 0.004148148148148139
0 0.5823697916666667 0.22530555555555556 0.0013541666666666192 0.002601851851851854
0 0.5810364583333333 0.22406481481481483 0.0014531249999999811 0.0030277777777777608
0 0.5684635416666667 0.22145370370370368 0.0014114583333333522 0.00272222222222222
0 0.5666979166666667 0.22174074074074074 0.0013177083333334376 0.0019074074074074095
0 0.577171875 0.2285648148148148 0.0017812500000000378 0.0029722222222222034
0 0.5625572916666666 0.22645370370370368 0.0018020833333333524 0.004055555555555551
0 0.5585729166666666 0.23072222222222222 0.0029739583333333523 0.0029351851851852
0 0.546640625 0.22447222222222224 0.0027812500000000758 0.0035555555555555323
0 0.5463958333333333 0.22048148148148147 0.0022812500000000567 0.004222222222222224
0 0.5743385416666666 0.2273425925925926 0.0013854166666665908 0.0020925925925925843
0 0.5750208333333333 0.22475925925925927 0.0019114583333333713 0.0033981481481481627
0 0.590125 0.22747222222222221 0.0013906250000000379 0.0030185185185185102
0 0.5744010416666666 0.23496296296296296 0.0010937499999999526 0.001962962962962967
0 0.5759687499999999 0.23575925925925925 0.0016249999999999431 0.0022592592592592573
0 0.5756822916666666 0.23327777777777778 0.001677083333333229 0.0024814814814814877
0 0.5589010416666667 0.22440740740740742 0.0015781250000001042 0.004398148148148148
0 0.5939010416666667 0.23578703703703704 0.0022500000000000853 0.002740740740740722
0 0.5911510416666667 0.2322685185185185 0.0015312500000000285 0.0025462962962962965
0 0.5926302083333332 0.23421296296296296 0.0014010416666666952 0.0024814814814814877
0 0.5638854166666667 0.2225185185185185 0.0016458333333332575 0.0031203703703703745
0 0.5708697916666666 0.22566666666666665 0.0015312500000000285 0.002620370370370356
0 0.6132239583333334 0.2324351851851852 0.0020364583333332574 0.0033055555555555494
0 0.615609375 0.23369444444444443 0.002234374999999981 0.002944444444444451
0 0.615359375 0.23652777777777775 0.0018645833333332954 0.0030648148148147906
0 0.6167604166666667 0.23561111111111113 0.0015468749999998958 0.0025277777777777946
0 0.5633229166666667 0.22012962962962965 0.0018593750000000854 0.0024722222222222368
0 0.5649479166666667 0.21885185185185185 0.002395833333333286 0.0034537037037037205
0 0.598125 0.2263240740740741 0.0013489583333334092 0.0022870370370370622
0 0.5966510416666666 0.22903703703703704 0.002052083333333362 0.0036296296296296445
0 0.5721354166666667 0.22162962962962965 0.0033177083333332763 0.0044166666666666495
0 0.5818281249999999 0.2292037037037037 0.0022708333333334 0.003935185185185185
0 0.584421875 0.2309074074074074 0.0022968749999999244 0.0035648148148148357