0 0.7177447916666666 0.41052777777777777 0.007437500000000105 0.015101851851851802
0 0.6988229166666666 0.39435185185185184 0.009020833333333419 0.014379629629629605
0 0.7103125 0.39093518518518516 0.005848958333333343 0.01781481481481482
0 0.6995677083333334 0.3653518518518518 0.009416666666666629 0.014509259259259222
0 0.6817760416666666 0.3646203703703704 0.00891666666666661 0.014962962962962933
0 0.6709010416666668 0.3363703703703703 0.006614583333333239 0.015490740740740758
0 0.7036145833333334 0.37934259259259256 0.006125000000000114 0.01212962962962965
0 0.7153333333333334 0.33528703703703705 0.007260416666666695 0.010555555555555535
0 0.689453125 0.3224814814814815 0.009484375000000019 0.01189814814814817
0 0.6948229166666666 0.34223148148148147 0.006984374999999924 0.011990740740740783
0 0.6728541666666668 0.2703611111111111 0.008515624999999952 0.011351851851851844
0 0.7026354166666666 0.32096296296296295 0.007932291666666676 0.011055555555555607
0 0.73228125 0.3118518518518519 0.008093749999999981 0.010833333333333375
0 0.6812343750000001 0.35441666666666666 0.008812500000000037 0.01227777777777777
0 0.4353020833333333 0.03303703703703704 0.006666666666666643 0.008925925925925926
0 0.554171875 0.04212962962962963 0.005843749999999896 0.007851851851851856
0 0.5556302083333333 0.011314814814814816 0.005385416666666742 0.007814814814814816
0 0.546875 0.020388888888888887 0.004927083333333352 0.006722222222222221
0 0.5883802083333334 0.018296296296296297 0.005218749999999991 0.009953703703703704
0 0.60403125 0.027425925925925923 0.005218749999999991 0.007694444444444443
0 0.4436041666666667 0.021675925925925925 0.004927083333333352 0.006509259259259261
0 0.61553125 0.018083333333333333 0.005249999999999962 0.0076944444444444465
0 0.4498020833333333 0.023407407407407408 0.0020885416666666617 0.008657407407407409
0 0.6141666666666666 0.0068333333333333345 0.005901041666666629 0.006101851851851852
0 0.45358333333333334 0.022768518518518518 0.004000000000000033 0.005351851851851853
0 0.662109375 0.19607407407407407 0.005197916666666676 0.008037037037037044
0 0.669921875 0.25602777777777774 0.0093020833333334 0.011444444444444457
0 0.6649062499999999 0.26713888888888887 0.005276041666666723 0.01087037037037038
0 0.674796875 0.26287962962962963 0.0044322916666667805 0.00850925925925931