0 0.7705052083333332 0.8784351851851853 0.005380208333333295 0.01906481481481474
0 0.7809375000000001 0.9570370370370369 0.010609374999999944 0.018805555555555506
0 0.7730312500000001 0.9923425925925926 0.00716666666666678 0.015314814814814781
0 0.7970677083333333 0.9778796296296295 0.014213541666666647 0.01650000000000015
0 0.7869791666666667 0.9884259259259259 0.009375 0.023148148148148147
0 0.6539270833333333 0.3406666666666667 0.007968750000000096 0.007509259259259272
0 0.6568854166666667 0.3653240740740741 0.008026041666666591 0.008203703703703717
0 0.61878125 0.3632962962962963 0.00475520833333339 0.013398148148148173
0 0.4190989583333333 0.3739907407407408 0.004604166666666624 0.008175925925925963
0 0.4151927083333333 0.3760648148148148 0.0059062499999999575 0.012314814814814773
0 0.39302604166666666 0.39658333333333334 0.009119791666666661 0.011666666666666688
0 0.4031041666666667 0.37007407407407406 0.00713541666666669 0.008435185185185198
0 0.6478541666666667 0.014481481481481482 0.00494270833333322 0.010444444444444445
0 0.6484322916666667 0.024537037037037038 0.0034947916666666855 0.007388888888888893
0 0.6588333333333334 0.017638888888888888 0.0047604166666666 0.008648148148148146
0 0.6537968749999999 0.031101851851851856 0.005755208333333428 0.01126851851851852
0 0.6751458333333333 0.11419444444444445 0.003520833333333447 0.007250000000000012
0 0.67778125 0.12085185185185186 0.004885416666666724 0.007212962962962969
0 0.568296875 0.4128611111111111 0.007932291666666676 0.0099166666666667
0 0.5698593750000001 0.35156481481481483 0.008713541666666677 0.007379629629629655
0 0.5551770833333334 0.36537962962962967 0.007635416666666591 0.009537037037036995
0 0.6362656250000001 0.38192592592592595 0.004968749999999981 0.01131481481481484
0 0.6056041666666666 0.2798981481481482 0.004848958333333305 0.013379629629629672
0 0.6362291666666666 0.2703981481481481 0.007151041666666676 0.013166666666666691
0 0.6358125 0.23567592592592596 0.006791666666666648 0.01378703703703705
0 0.5637864583333333 0.2903703703703704 0.005255208333333409 0.012527777777777752
0 0.5839427083333334 0.2826203703703704 0.006536458333333428 0.009759259259259226
0 0.4978020833333333 0.25889814814814816 0.006880208333333352 0.008722222222222185
0 0.5708020833333334 0.2816851851851852 0.007906249999999915 0.008583333333333316
0 0.515046875 0.26020370370370366 0.006744791666666691 0.00743518518518516
0 0.5444322916666666 0.301 0.006614583333333239 0.008861111111111158
0 0.5615260416666668 0.25216666666666665 0.007119791666666705 0.00987037037037034
0 0.541015625 0.2202685185185185 0.005427083333333371 0.008037037037037044
0 0.5678697916666666 0.20974074074074076 0.007208333333333409 0.006981481481481501
0 0.5947291666666668 0.18055555555555555 0.007843749999999972 0.010027777777777762
0 0.5258802083333334 0.19917592592592595 0.006192708333333385 0.010759259259259264
0 0.5381250000000001 0.16782407407407407 0.006125000000000114 0.010268518518518495
0 0.48368229166666665 0.1991851851851852 0.006614583333333357 0.007759259259259255
0 0.4899895833333333 0.1903240740740741 0.0060520833333332765 0.010712962962962957
0 0.4750989583333334 0.13975925925925925 0.006390624999999991 0.007259259259259236
0 0.44921875 0.1380185185185185 0.005864583333333328 0.0075185185185185225
0 0.4428697916666666 0.12359259259259259 0.005937500000000048 0.008037037037037044
0 0.49752083333333336 0.1534259259259259 0.005864583333333328 0.007583333333333331
0 0.5161145833333334 0.16048148148148147 0.005062500000000014 0.0080740740740741
0 0.4995104166666666 0.12185185185185185 0.006291666666666629 0.007259259259259249
0 0.5122083333333334 0.12076851851851853 0.006744791666666691 0.007879629629629622
0 0.5161145833333334 0.14257407407407408 0.005598958333333333 0.011055555555555553
0 0.5346666666666666 0.13368518518518518 0.006166666666666683 0.008101851851851851
0 0.5283229166666666 0.07058333333333333 0.005406250000000057 0.010962962962962966
0 0.5373489583333334 0.09237962962962963 0.005114583333333419 0.009259259259259259
0 0.5512135416666666 0.06804629629629629 0.004328124999999972 0.00948148148148149
0 0.5634739583333332 0.10366666666666666 0.005510416666666629 0.009953703703703704
0 0.5752968749999999 0.06800925925925926 0.004567708333333324 0.012129629629629624
0 0.5805677083333334 0.13487037037037036 0.005281249999999934 0.010388888888888914
0 0.6118177083333334 0.09961111111111111 0.005218749999999991 0.014333333333333325
0 0.645015625 0.12672222222222224 0.0046875 0.011564814814814823
0 0.6495052083333334 0.13050925925925924 0.004187499999999981 0.01199074074074073
0 0.6782604166666667 0.17139814814814816 0.005218749999999991 0.011055555555555553
0 0.6689479166666668 0.14825925925925926 0.006093749999999906 0.014657407407407393
0 0.696078125 0.10383333333333333 0.010645833333333361 0.016231481481481482
0 0.6713854166666666 0.12435185185185187 0.007208333333333409 0.012814814814814805
0 0.6484375 0.09798148148148147 0.006145833333333428 0.012037037037037037
0 0.6557604166666666 0.10921296296296297 0.005729166666666666 0.013416666666666676
0 0.6575364583333333 0.0787962962962963 0.005802083333333267 0.013037037037037048
0 0.6627291666666667 0.08203703703703703 0.005885416666666762 0.011055555555555553
0 0.6289427083333333 0.06761111111111111 0.005968750000000019 0.012999999999999992
0 0.6098645833333334 0.030759259259259257 0.005937500000000048 0.008962962962962966
0 0.607421875 0.01038888888888889 0.005322916666666563 0.007814814814814816
0 0.5747083333333334 0.021425925925925928 0.004984375000000085 0.011055555555555553
0 0.55078125 0.05739814814814815 0.005427083333333371 0.008787037037037032
0 0.6564635416666668 0.05689814814814815 0.004109374999999933 0.010231481481481485
0 0.661125 0.05883333333333333 0.006244791666666553 0.01067592592592592
0 0.5380885416666668 0.028731481481481483 0.006489583333333352 0.00812962962962963
0 0.5660052083333333 0.26871296296296293 0.0050156250000000565 0.011657407407407437
0 0.531234375 0.03367592592592592 0.0038177083333332954 0.00761111111111111