0 0.6549479166666666 0.8375092592592592 0.006093749999999906 0.009888888888888947
0 0.681546875 0.6832870370370371 0.006973958333333267 0.008268518518518578
0 0.6833541666666666 0.6545833333333334 0.0034218750000000854 0.008175925925925859
0 0.8000624999999999 0.5143425925925926 0.004854166666666752 0.007953703703703628
0 0.7883958333333333 0.5063888888888889 0.003463541666666714 0.007185185185185176
0 0.7720104166666667 0.5022592592592593 0.0038333333333333995 0.006879629629629689
0 0.7747760416666666 0.5152314814814816 0.003536458333333314 0.007351851851851903
0 0.7611875 0.49372222222222223 0.003687499999999962 0.0073240740740741495
0 0.7506406250000001 0.5066574074074075 0.003187499999999943 0.006916666666666692
0 0.745546875 0.49341666666666667 0.004197916666666638 0.0075185185185184175
0 0.727390625 0.47188888888888886 0.005515625000000076 0.006657407407407458
0 0.719578125 0.4730648148148149 0.005557291666666704 0.005824074074074093
0 0.7189010416666667 0.45975 0.005546875000000047 0.007861111111111119
0 0.7270520833333334 0.45037037037037037 0.004838541666666648 0.006620370370370349
0 0.7321041666666667 0.4543425925925926 0.005083333333333447 0.005796296296296288
0 0.714703125 0.44123148148148145 0.005208333333333333 0.007453703703703661
0 0.6726666666666666 0.4407037037037037 0.0035416666666667615 0.007185185185185176
0 0.7658541666666667 0.4617685185185185 0.004057291666666647 0.007111111111111065
0 0.7690989583333334 0.4684259259259259 0.005625000000000094 0.008490740740740703
0 0.7780468749999999 0.48617592592592596 0.004255208333333371 0.006564814814814739
0 0.8002708333333334 0.4705462962962963 0.00482291666666678 0.005564814814814806
0 0.7881770833333334 0.46008333333333334 0.006161458333333296 0.006925925925925943
0 0.779765625 0.4609722222222222 0.0050156250000000565 0.007120370370370421
0 0.7805625 0.44757407407407407 0.003921875000000104 0.005805555555555539
0 0.799109375 0.44083333333333335 0.006526041666666771 0.006638888888888851
0 0.782078125 0.47091666666666665 0.0038177083333332954 0.006305555555555505
0 0.7676666666666667 0.41650925925925925 0.004546875000000009 0.007361111111111153
0 0.7785989583333334 0.3974537037037037 0.0049218749999999055 0.0058703703703704
0 0.7321041666666667 0.38442592592592595 0.004661458333333239 0.007546296296296275
0 0.7353333333333333 0.3842962962962963 0.0032656249999999903 0.00727777777777779
0 0.7368541666666667 0.3949722222222222 0.006015625000000095 0.006916666666666692
0 0.7673854166666667 0.3952407407407407 0.004322916666666761 0.009018518518518526
0 0.7642135416666667 0.3990092592592593 0.003635416666666676 0.006518518518518485
0 0.7400833333333333 0.38189814814814815 0.002557291666666591 0.006000000000000017
0 0.74309375 0.3798148148148148 0.004140624999999906 0.004694444444444491
0 0.7581927083333333 0.3473981481481481 0.004494791666666723 0.009407407407407378
0 0.7559635416666667 0.34475 0.0032604166666667803 0.004824074074074107
0 0.7509583333333333 0.34300925925925924 0.0049479166666666664 0.00420370370370367
0 0.7531302083333333 0.37646296296296294 0.004052083333333438 0.005157407407407453
0 0.7496458333333333 0.381 0.0035260416666666574 0.004916666666666616
0 0.7489635416666667 0.3902685185185185 0.0037760416666666667 0.00625
0 0.7569166666666667 0.3849351851851852 0.0039531250000000755 0.004888888888888864
0 0.7353854166666667 0.35739814814814813 0.004447916666666648 0.005027777777777732
0 0.728046875 0.3393425925925926 0.0034843750000000282 0.00403703703703705
0 0.726953125 0.34205555555555556 0.004932291666666562 0.005166666666666705
0 0.7450677083333334 0.3731388888888889 0.003244791666666676 0.004240740740740778
0 0.7362291666666666 0.3706759259259259 0.002911458333333409 0.0043425925925926435
0 0.72840625 0.37150925925925926 0.002994791666666667 0.0045740740740741245
0 0.62634375 0.3782777777777778 0.00494270833333322 0.006648148148148102
0 0.63009375 0.36796296296296294 0.004380208333333258 0.00609259259259263
0 0.62746875 0.3638888888888889 0.005182291666666572 0.006537037037036986
0 0.681921875 0.33809259259259256 0.0038229166666667426 0.0036759259259259514
0 0.683171875 0.3397222222222222 0.004348958333333286 0.003499999999999975
0 0.6747135416666666 0.32955555555555555 0.0032760416666666476 0.004620370370370379
0 0.6787135416666668 0.3429074074074074 0.002744791666666657 0.004287037037037033
0 0.6491614583333334 0.3360370370370371 0.004463541666666752 0.007620370370370388
0 0.6587604166666666 0.28585185185185186 0.003916666666666657 0.005425925925925938
0 0.6202447916666666 0.32975925925925925 0.002119791666666752 0.005500000000000051
0 0.5999739583333333 0.3232962962962963 0.0031927083333333902 0.004898148148148114
0 0.5973385416666667 0.33314814814814814 0.0032552083333333335 0.0056481481481481695
0 0.5854374999999999 0.3469166666666667 0.003463541666666714 0.00803703703703699
0 0.56478125 0.3598148148148148 0.004838541666666648 0.00727777777777779
0 0.5585989583333333 0.36185185185185187 0.003942708333333419 0.007083333333333312
0 0.5544583333333333 0.36489814814814814 0.003130208333333447 0.0060740740740740234
0 0.5514479166666667 0.3647222222222222 0.003786458333333324 0.005240740740740712
0 0.5293125 0.30992592592592594 0.005395833333333281 0.006148148148148135
0 0.5162291666666666 0.3097314814814815 0.0037708333333333383 0.006712962962962963
0 0.5164479166666667 0.3357777777777778 0.0023385416666666715 0.007583333333333384
0 0.47166145833333334 0.3136574074074074 0.0037447916666666953 0.005555555555555556
0 0.46201041666666665 0.3705462962962963 0.0041770833333333235 0.005500000000000051
0 0.41983333333333334 0.36387962962962966 0.004927083333333352 0.006861111111111082
0 0.41698958333333336 0.37507407407407406 0.003244791666666676 0.0060185185185185185
0 0.43461458333333336 0.3526111111111111 0.004343749999999957 0.005203703703703708
0 0.4415729166666667 0.3526388888888889 0.0038489583333333856 0.0062129629629629965
0 0.448640625 0.35795370370370366 0.003260416666666662 0.005388888888888935
0 0.4005677083333333 0.3753796296296297 0.004213541666666624 0.004592592592592626
0 0.3721041666666667 0.37627777777777777 0.005479166666666657 0.0063703703703703665
0 0.3560885416666667 0.3930092592592592 0.003140624999999986 0.005592592592592559
0 0.5222916666666666 0.30491666666666667 0.002895833333333305 0.004907407407407366
0 0.5573072916666667 0.2719814814814815 0.0022968749999999244 0.003953703703703687
0 0.5652239583333334 0.31542592592592594 0.0028854166666666477 0.00523148148148146
0 0.5890000000000001 0.2666574074074074 0.0026874999999999243 0.0040092592592592975
0 0.606296875 0.2888703703703704 0.0031718750000000757 0.004907407407407366
0 0.6181510416666666 0.2925555555555555 0.0032083333333332575 0.004435185185185151
0 0.6100364583333333 0.22025 0.0034374999999999527 0.006055555555555574
0 0.6034166666666666 0.22019444444444444 0.00383854166666661 0.004527777777777765
0 0.6339479166666667 0.23051851851851854 0.003505208333333343 0.005203703703703708
0 0.6321979166666666 0.2511759259259259 0.002812500000000047 0.0044166666666666495
0 0.6390781249999999 0.2595925925925926 0.0029322916666667236 0.005564814814814806
0 0.5905833333333333 0.2179722222222222 0.0030416666666667424 0.0043611111111110925
0 0.6476822916666667 0.2288888888888889 0.0020781249999998865 0.004083333333333356
0 0.6654947916666667 0.2566388888888889 0.002791666666666733 0.003935185185185185
0 0.6717395833333334 0.2811018518518518 0.002848958333333229 0.005768518518518536
0 0.6875729166666668 0.27978703703703706 0.0028177083333332576 0.004583333333333376
0 0.693609375 0.28291666666666665 0.0036458333333333334 0.005129629629629596
0 0.6973177083333333 0.27744444444444444 0.005447916666666686 0.006305555555555505
0 0.6977395833333334 0.2851018518518519 0.002682291666666714 0.00523148148148146
0 0.7039635416666666 0.28991666666666666 0.0030885416666665815 0.005564814814814806
0 0.7072916666666667 0.27182407407407405 0.002520833333333409 0.0043425925925926435
0 0.7076041666666666 0.27674074074074073 0.003958333333333286 0.004907407407407366
0 0.7065312499999999 0.2844351851851852 0.003015624999999981 0.006027777777777769
0 0.71028125 0.2882222222222222 0.0036927083333334093 0.005037037037037087
0 0.7205677083333334 0.28302777777777777 0.002776041666666629 0.004324074074074036
0 0.718734375 0.28785185185185186 0.0046041666666667425 0.008537037037037062
0 0.7145416666666667 0.29271296296296295 0.0029322916666667236 0.005259259259259213
0 0.7278958333333333 0.2892592592592592 0.004630208333333267 0.005935185185185155
0 0.7244010416666666 0.2920185185185185 0.002515624999999962 0.004407407407407399
0 0.72309375 0.3004537037037037 0.0026458333333332956 0.004481481481481511
0 0.7301666666666667 0.2993981481481482 0.0033697916666665623 0.004527777777777765