0 0.2560572916666667 0.540537037037037 0.009390624999999986 0.007592592592592635
0 0.2773802083333334 0.5221296296296296 0.009765625 0.006314814814814756
0 0.28290624999999997 0.5354814814814816 0.0046302083333333854 0.007629629629629638
0 0.2716510416666667 0.5360092592592592 0.003442708333333281 0.0049629629629628705
0 0.29315104166666667 0.5666944444444444 0.0055052083333333 0.010138888888888932
0 0.32590625 0.5511018518518519 0.005510416666666629 0.009083333333333284
0 0.33830208333333334 0.5326481481481481 0.003072916666666714 0.0077129629629628955
0 0.49039062499999997 0.49294444444444446 0.005026041666666714 0.011120370370370362
0 0.4865260416666667 0.49793518518518515 0.005427083333333371 0.009027777777777777
0 0.4867916666666667 0.4844814814814815 0.0043333333333333 0.005750000000000034
0 0.3592135416666667 0.6749259259259259 0.004338541666666629 0.010009259259259209
0 0.3678072916666667 0.6841574074074074 0.004854166666666633 0.008379629629629588
0 0.5328541666666667 0.5120092592592593 0.006791666666666707 0.011333333333333341
0 0.597109375 0.5690185185185185 0.005125000000000076 0.006740740740740716
0 0.6297239583333333 0.5965185185185186 0.004234375000000057 0.008481481481481557
0 0.638578125 0.6086944444444444 0.007109375000000047 0.00806481481481485
0 0.6831302083333333 0.6481759259259259 0.005885416666666762 0.01499074074074079
0 0.7207395833333333 0.765 0.006687500000000076 0.011648148148148081
0 0.7079635416666666 0.7863888888888888 0.0069166666666667705 0.011175925925925867
0 0.695015625 0.8091851851851851 0.004463541666666752 0.011462962962963064
0 0.7370312499999999 0.8516388888888888 0.004692708333333447 0.012509259259259251
0 0.8106666666666666 0.8518055555555556 0.009979166666666591 0.010231481481481439
0 0.8685781250000001 0.8291759259259259 0.004968749999999981 0.015148148148148055
0 0.8793385416666666 0.8549907407407408 0.007083333333333286 0.01660185185185191
0 0.9228072916666666 0.8785462962962963 0.005828125000000029 0.015898148148148217
0 0.9404687500000001 0.9023796296296297 0.0085208333333334 0.02357407407407411
0 0.9650364583333333 0.9319351851851851 0.011348958333333315 0.01369444444444441
0 0.9673593749999999 0.9517037037037036 0.007182291666666648 0.014046296296296364
0 0.9673854166666668 0.9735740740740741 0.010312500000000094 0.02563888888888894
0 0.66775 0.14003703703703704 0.002890625000000095 0.0025370370370370455
0 0.6691927083333333 0.15135185185185185 0.0024322916666667045 0.00587962962962965
0 0.6551510416666667 0.14873148148148146 0.0021302083333334092 0.003101851851851873
0 0.6620572916666667 0.1534259259259259 0.0037239583333333807 0.0027037037037037186
0 0.7360156250000001 0.15524074074074073 0.0025468749999999337 0.005796296296296288
0 0.7381354166666667 0.16749074074074072 0.002812500000000047 0.004222222222222224
0 0.750921875 0.16333333333333333 0.0030364583333332956 0.0056851851851851725
0 0.812125 0.17585185185185184 0.002624999999999981 0.005194444444444457
0 0.753671875 0.22217592592592592 0.0035260416666666574 0.004277777777777782
0 0.7463229166666667 0.2204537037037037 0.0035781249999999433 0.0035555555555555323
0 0.7430416666666667 0.22250925925925927 0.004296875 0.004953703703703725
0 0.7304791666666667 0.2199814814814815 0.004078124999999962 0.004314814814814838
0 0.736984375 0.22149074074074074 0.003677083333333305 0.003592592592592588
0 0.7337343749999999 0.2246203703703704 0.0025468749999999337 0.0033796296296296087
0 0.7256250000000001 0.21766666666666667 0.0028072916666666003 0.0037870370370370137
0 0.7231927083333333 0.2194074074074074 0.0031093749999998956 0.005898148148148152
0 0.7207239583333334 0.21921296296296297 0.0027708333333334185 0.003472222222222222
0 0.7158229166666668 0.21706481481481482 0.002359375000000104 0.0056481481481481695
0 0.70934375 0.21475 0.002624999999999981 0.0037407407407407597
0 0.693984375 0.2183888888888889 0.002557291666666591 0.004888888888888864
0 0.6978333333333333 0.22031481481481482 0.002401041666666733 0.0039722222222222416
0 0.7000572916666666 0.21873148148148147 0.0018697916666667424 0.00352777777777778
0 0.7022916666666668 0.2190277777777778 0.002505208333333305 0.004462962962962957
0 0.7047552083333334 0.21875925925925926 0.002723958333333343 0.003916666666666684
0 0.7103385416666667 0.21883333333333332 0.0019322916666666857 0.0037314814814814563
0 0.7128177083333332 0.22052777777777777 0.0020937499999999906 0.002685185185185164
0 0.7137291666666666 0.21883333333333332 0.002005208333333286 0.0033981481481481627