0 0.5606875 0.8753703703703704 0.0056145833333334375 0.0067962962962962205
0 0.5542604166666667 0.8826296296296297 0.003755208333333352 0.005962962962963014
0 0.5793229166666667 0.8359259259259259 0.0041510416666665625 0.0060740740740740234
0 0.4870885416666667 0.40202777777777776 0.0021875000000000236 0.0040277777777777985
0 0.49036979166666667 0.40209259259259256 0.0022395833333333096 0.0038425925925925715
0 0.53184375 0.3811851851851852 0.0024947916666666478 0.003212962962962988
0 0.531984375 0.38573148148148145 0.002968750000000024 0.003685185185185202
0 0.5390885416666666 0.3847407407407407 0.0029895833333332196 0.004111111111111162
0 0.5377291666666667 0.3791296296296296 0.00202083333333339 0.005768518518518536
0 0.54021875 0.3778055555555555 0.0037447916666666953 0.004444444444444402
0 0.5463125000000001 0.3726481481481481 0.0049479166666666664 0.007907407407407373
0 0.554671875 0.3672037037037037 0.0034270833333332955 0.00501851851851848
0 0.5588125 0.36362037037037037 0.003463541666666714 0.004074074074074053
0 0.5627604166666667 0.36257407407407405 0.0026093750000001138 0.00420370370370367
0 0.5659270833333333 0.36294444444444446 0.002453125000000019 0.0049444444444444735
0 0.5692447916666666 0.36269444444444443 0.003406249999999981 0.006222222222222248
0 0.5263854166666666 0.39160185185185187 0.003598958333333376 0.004064814814814802
0 0.5292708333333334 0.3940925925925926 0.0028229166666667044 0.004592592592592626
0 0.531703125 0.3930185185185185 0.004500000000000052 0.005537037037037054
0 0.6601510416666667 0.3318888888888889 0.002390625000000076 0.004916666666666616
0 0.6638802083333334 0.33449999999999996 0.0026041666666666665 0.003953703703703687
0 0.65340625 0.33222222222222225 0.0035468749999999715 0.00851851851851856
0 0.34168229166666664 0.2985648148148148 0.0021458333333332765 0.0033425925925926053
0 0.3436302083333333 0.3015833333333333 0.004526041666666695 0.0060555555555555215
0 0.34676562499999997 0.3027314814814815 0.002406249999999943 0.0037592592592592088
0 0.3575052083333333 0.29850925925925925 0.0028229166666667044 0.003481481481481473
0 0.3595833333333333 0.2995185185185185 0.0031927083333333902 0.0027962962962962794
0 0.3786979166666667 0.2963796296296296 0.0014531249999999811 0.0036666666666667004
0 0.382046875 0.3035277777777778 0.0015572916666666714 0.00237037037037032
0 0.38265625000000003 0.3010555555555555 0.002197916666666681 0.002833333333333283
0 0.38929687500000004 0.30118518518518517 0.002171875000000038 0.004212962962962921
0 0.38344791666666667 0.28127777777777774 0.002718750000000014 0.0034444444444444696
0 0.39828645833333337 0.28109259259259256 0.002406249999999943 0.005694444444444423
0 0.4076302083333333 0.2820648148148148 0.0016614583333333618 0.003888888888888931
0 0.41091145833333337 0.28146296296296297 0.002526041666666619 0.003435185185185219
0 0.41678125 0.2857962962962963 0.003489583333333357 0.008361111111111087
0 0.35981250000000004 0.2788981481481481 0.0019166666666666997 0.003166666666666629
0 0.357984375 0.28173148148148147 0.0017031249999999905 0.003944444444444436
0 0.3561302083333333 0.2834351851851852 0.002130208333333291 0.0030555555555555136
0 0.3438697916666667 0.2699537037037037 0.0020833333333333333 0.004898148148148114
0 0.32787499999999997 0.26914814814814814 0.002499999999999976 0.003287037037036995
0 0.32391666666666663 0.26691666666666664 0.001479166666666624 0.002490740740740791
0 0.311546875 0.265537037037037 0.0015625 0.003425925925925968
0 0.30230729166666664 0.26778703703703705 0.002723958333333343 0.0030277777777777608
0 0.26746875 0.26087037037037036 0.00234375 0.005111111111111094
0 0.258125 0.2831759259259259 0.0036458333333333334 0.003157407407407378
0 0.254578125 0.28438888888888886 0.0024166666666666594 0.006194444444444495
0 0.22772395833333334 0.26721296296296293 0.003515625 0.006157407407407387
0 0.22110416666666666 0.272537037037037 0.0030260416666666383 0.003314814814814853
0 0.212984375 0.27546296296296297 0.002994791666666667 0.004268518518518531
0 0.19302083333333334 0.27428703703703705 0.002708333333333357 0.0062129629629629965
0 0.209140625 0.27274074074074073 0.0018593750000000262 0.0037222222222222053
0 0.197453125 0.2731111111111111 0.003994791666666646 0.006314814814814861
0 0.26019791666666664 0.2615 0.0019322916666666857 0.003314814814814853
0 0.26240625 0.2591574074074074 0.001520833333333312 0.0035277777777777274
0 0.27016666666666667 0.18735185185185185 0.002322916666666686 0.0037870370370370137
0 0.3032708333333333 0.1874351851851852 0.0023125000000000285 0.003953703703703687
0 0.3089375 0.18949074074074074 0.0025104166666666335 0.0038981481481481293
0 0.26717708333333334 0.18698148148148147 0.0016197916666666442 0.003055555555555566
0 0.315234375 0.20451851851851852 0.0016197916666666145 0.0037500000000000107
0 0.32155729166666663 0.20464814814814816 0.003135416666666657 0.003999999999999994