0 0.6954114583333334 0.10454629629629629 0.00709895833333339 0.011666666666666662
0 0.6830937499999999 0.12047222222222223 0.005630208333333305 0.01288888888888889
0 0.6718020833333332 0.12008333333333333 0.0056145833333334375 0.011064814814814805
0 0.6450416666666666 0.08049074074074075 0.003755208333333352 0.008953703703703693
0 0.6421822916666666 0.06628703703703705 0.003984375000000048 0.010092592592592597
0 0.6468281250000001 0.07307407407407407 0.0039531250000000755 0.009055555555555556
0 0.6404218749999999 0.07471296296296297 0.004609374999999953 0.00894444444444444
0 0.6367708333333333 0.014166666666666668 0.0038750000000000286 0.0075555555555555575
0 0.6504583333333334 0.12925 0.00501041666666661 0.01389814814814814
0 0.6648020833333333 0.1165925925925926 0.005416666666666714 0.012805555555555567
0 0.669859375 0.11299074074074074 0.002916666666666619 0.011657407407407398
0 0.6710989583333333 0.1482037037037037 0.004208333333333296 0.013453703703703678
0 0.6636510416666667 0.1428148148148148 0.0041510416666665625 0.014212962962962985
0 0.6555677083333333 0.14850925925925926 0.004291666666666553 0.01338888888888887
0 0.6587656249999999 0.13596296296296298 0.003890624999999896 0.0143240740740741
0 0.6799479166666667 0.1761851851851852 0.006010416666666647 0.012916666666666656
0 0.6668645833333334 0.16412037037037036 0.0054531249999998956 0.012768518518518537
0 0.672546875 0.16146296296296295 0.004890624999999934 0.014157407407407426