0 0.39453125 0.8177129629629629 0.005552083333333376 0.013064814814814722
0 0.4117395833333333 0.8684907407407407 0.0055052083333333 0.014055555555555614
0 0.46428125 0.7710833333333333 0.0049218750000000235 0.0114166666666666
0 0.4320833333333333 0.7309537037037036 0.007546875000000005 0.009101851851851785
0 0.44458333333333333 0.7395555555555556 0.005197916666666676 0.010629629629629647
0 0.45334895833333333 0.7569814814814815 0.004604166666666624 0.010925925925925884
0 0.31272395833333333 0.6779537037037038 0.006338541666666705 0.0058611111111110436
0 0.38600520833333335 0.681861111111111 0.004557291666666667 0.0069351851851851935
0 0.231078125 0.68425 0.003817708333333355 0.005000000000000084
0 0.40843229166666667 0.6697314814814814 0.006958333333333281 0.007916666666666624
0 0.41383333333333333 0.6536481481481482 0.005911458333333286 0.009277777777777762
0 0.420921875 0.642462962962963 0.003880208333333357 0.00613888888888899
0 0.4558125 0.6848981481481482 0.004250000000000043 0.008101851851851851
0 0.3968541666666667 0.664537037037037 0.005510416666666629 0.006287037037037003
0 0.586609375 0.9895833333333334 0.004854166666666752 0.0166018518518517
0 0.5469739583333334 0.876712962962963 0.008427083333333248 0.013416666666666676
0 0.6011562500000001 0.92575 0.0054531249999998956 0.016861111111111146
0 0.5281875 0.9888888888888889 0.009505208333333333 0.011601851851852037
0 0.5729739583333333 0.8715277777777778 0.00831250000000002 0.01185185185185181
0 0.5458125 0.9557314814814816 0.009578124999999934 0.009722222222222222
0 0.5439010416666666 0.9926666666666666 0.009963541666666723 0.01218518518518505
0 0.5492916666666667 0.9838518518518518 0.004479166666666619 0.01701851851851862
0 0.6792604166666667 0.9520648148148149 0.007218750000000066 0.01465740740740734