0 0.5828385416666666 0.6333518518518518 0.005203124999999887 0.008444444444444343
0 0.5650677083333334 0.6283240740740741 0.007385416666666581 0.005685185185185277
0 0.546734375 0.6397037037037037 0.0059843749999998865 0.008037037037037096
0 0.5193645833333334 0.6265092592592593 0.007005208333333357 0.007148148148148173
0 0.5177604166666667 0.6470740740740741 0.006666666666666643 0.00818518518518511
0 0.5424010416666667 0.6616574074074074 0.004281249999999895 0.00819444444444436
0 0.5324114583333334 0.6361203703703704 0.00603645833333335 0.007425925925925909
0 0.5005572916666667 0.6388148148148147 0.00383854166666661 0.008444444444444343
0 0.5113072916666667 0.6462129629629629 0.004015625000000019 0.009388888888888981
0 0.49564583333333334 0.6432962962962963 0.0050937499999999854 0.00646296296296298
0 0.4882135416666667 0.647962962962963 0.004166666666666667 0.007777777777777862
0 0.4946927083333333 0.6533055555555556 0.00419270833333331 0.00850925925925931
0 0.484234375 0.6248518518518519 0.006458333333333381 0.0074814814814814145
0 0.4761875 0.6489074074074075 0.005947916666666705 0.0074814814814814145
0 0.46680208333333334 0.6536388888888889 0.006046874999999948 0.007472222222222163
0 0.4608177083333333 0.6677962962962963 0.004729166666666629 0.009537037037036995
0 0.45171354166666666 0.6553148148148148 0.00415625000000001 0.009351851851851768
0 0.4707604166666667 0.6526574074074074 0.00408854166666662 0.008351851851851834
0 0.559546875 0.6377592592592592 0.008645833333333287 0.009240740740740758
0 0.38839583333333333 0.32925 0.00234375 0.005722222222222176
0 0.36984895833333337 0.3634907407407407 0.004135416666666695 0.004370370370370396
0 0.376625 0.3731111111111111 0.006291666666666629 0.004074074074074053
0 0.39075 0.3673148148148148 0.002734375 0.0071296296296296715
0 0.39019791666666664 0.36245370370370367 0.005557291666666704 0.005092592592592593
0 0.49869270833333335 0.35126851851851854 0.00458333333333331 0.00506481481481484
0 0.5133645833333333 0.3984537037037037 0.006046874999999948 0.005888888888888902
0 0.5281041666666667 0.37857407407407406 0.005291666666666709 0.00522222222222221
0 0.5060208333333333 0.35090740740740745 0.0039270833333333146 0.005731481481481532
0 0.5097864583333334 0.35512037037037036 0.0038489583333333856 0.004694444444444491
0 0.5876927083333333 0.38981481481481484 0.004286458333333343 0.006749999999999966
0 0.6430989583333333 0.39896296296296296 0.004354166666666733 0.005509259259259301
0 0.7217187500000001 0.42918518518518517 0.004192708333333428 0.005481481481481444
0 0.9392395833333332 0.3266851851851852 0.006979166666666714 0.007666666666666641
0 0.9108854166666667 0.3311203703703704 0.0049218749999999055 0.0038518518518518225
0 0.9038177083333333 0.3296574074074074 0.0038125000000000854 0.004657407407407382
0 0.8929218750000001 0.3286018518518518 0.004729166666666629 0.005537037037037054