0 0.3928854166666667 0.03871296296296296 0.004885416666666724 0.008527777777777785
0 0.4001041666666667 0.04124074074074074 0.004911458333333367 0.006879629629629623
0 0.670671875 0.3705925925925926 0.005317708333333352 0.010046296296296317
0 0.6744687500000001 0.41237962962962965 0.006218750000000028 0.012527777777777752
0 0.6652968749999999 0.4314351851851852 0.005567708333333362 0.013611111111111154
0 0.6530781250000001 0.4386759259259259 0.005510416666666629 0.016194444444444452
0 0.6313229166666667 0.428787037037037 0.004854166666666752 0.014583333333333334
0 0.7067135416666667 0.4259351851851852 0.007807291666666553 0.00888888888888891
0 0.7366979166666667 0.37903703703703706 0.00604166666666662 0.012953703703703712
0 0.7470052083333333 0.34658333333333335 0.005421874999999924 0.009546296296296245
0 0.7506927083333333 0.3845648148148148 0.0041510416666665625 0.012824074074074095
0 0.3738489583333333 0.921212962962963 0.01310416666666671 0.016351851851851926
0 0.3133697916666666 0.936425925925926 0.012781249999999982 0.012046296296296288
0 0.3033541666666667 0.9632777777777777 0.009848958333333376 0.021472222222222274
0 0.784828125 0.3961574074074074 0.012281249999999962 0.011583333333333326