0 0.3948177083333333 0.9956851851851851 0.004182291666666653 0.007925925925925876
0 0.45708333333333334 0.8760462962962963 0.006786458333333319 0.014796296296296313
0 0.4448020833333333 0.8561481481481481 0.006119791666666667 0.01423148148148138
0 0.43427083333333333 0.8370277777777778 0.007114583333333376 0.013018518518518468
0 0.419078125 0.8268981481481481 0.007979166666666633 0.01454629629629633
0 0.450796875 0.7706944444444445 0.005859375 0.011064814814814857
0 0.4127604166666667 0.7191018518518518 0.00514583333333339 0.00808333333333335
0 0.40099999999999997 0.7324444444444445 0.006744791666666691 0.00862037037037032
0 0.3981302083333333 0.7524351851851852 0.007130208333333362 0.008305555555555582
0 0.3858020833333333 0.7464537037037037 0.0075937499999999625 0.009407407407407484
0 0.37314062499999995 0.7681296296296297 0.004942708333333338 0.008111111111111102
0 0.2923541666666667 0.7625740740740741 0.008791666666666724 0.008972222222222272
0 0.3741979166666667 0.9268240740740741 0.005833333333333357 0.015064814814814798
0 0.7669270833333334 0.2663888888888889 0.008156249999999924 0.010259259259259298
0 0.7054375 0.19721296296296298 0.006328125000000047 0.006324074074074059
0 0.7965625000000001 0.16335185185185183 0.008885416666666639 0.00726851851851854
0 0.6967552083333334 0.1362685185185185 0.004411458333333229 0.004407407407407399
0 0.7043177083333333 0.13448148148148148 0.004489583333333277 0.004453703703703705
0 0.7124895833333333 0.13583333333333333 0.004166666666666667 0.004981481481481477
0 0.715875 0.13112962962962962 0.005656250000000067 0.006407407407407422