0 0.509046875 0.84375 0.009968750000000052 0.01336111111111117
0 0.5162864583333333 0.8524537037037037 0.0055052083333333 0.013231481481481448
0 0.627734375 0.7836851851851852 0.007296875000000114 0.010675925925925901
0 0.6339010416666666 0.7977314814814814 0.0066770833333334185 0.010361111111111161
0 0.6388437499999999 0.7926296296296296 0.0085208333333334 0.008990740740740775
0 0.6410833333333333 0.806 0.008598958333333446 0.008879629629629553
0 0.6459166666666667 0.75 0.006093749999999906 0.01087962962962963
0 0.6476770833333333 0.7214907407407408 0.007135416666666572 0.010009259259259209
0 0.6660468749999999 0.7411574074074074 0.007510416666666704 0.010055555555555463
0 0.6656093750000001 0.7048333333333333 0.007088541666666733 0.009759259259259226
0 0.67265625 0.6955277777777777 0.008624999999999971 0.009842592592592694
0 0.6915937499999999 0.6706944444444445 0.0085208333333334 0.009722222222222222
0 0.68940625 0.6607314814814815 0.007942708333333333 0.007398148148148156
0 0.7142916666666667 0.6372777777777777 0.008062500000000009 0.009407407407407484
0 0.726171875 0.6195277777777778 0.008401041666666723 0.007861111111111119
0 0.7360156250000001 0.6145277777777778 0.0075937499999999625 0.00743518518518516
0 0.7433541666666666 0.5817962962962964 0.0049218749999999055 0.008694444444444538
0 0.7452916666666667 0.6115185185185186 0.0065572916666667425 0.008574074074074066
0 0.7486406250000001 0.6134444444444445 0.004416666666666676 0.009870370370370446
0 0.7522604166666667 0.6153796296296297 0.006723958333333257 0.009685185185185219
0 0.7509427083333333 0.6096666666666667 0.008484374999999982 0.00764814814814814
0 0.9802447916666667 0.4882407407407407 0.006937500000000085 0.006222222222222248
0 0.9545156250000001 0.4686018518518518 0.0034843750000000282 0.005675925925925922
0 0.9549062500000001 0.47983333333333333 0.006630208333333343 0.00699999999999995
0 0.9703229166666667 0.4780925925925926 0.0056406249999999625 0.005462962962963047
0 0.9696458333333333 0.4727962962962963 0.004296875 0.006175925925925941
0 0.11839583333333333 0.24990740740740738 0.005182291666666661 0.004537037037037016
0 0.12641666666666668 0.2466851851851852 0.002927083333333336 0.008435185185185198
0 0.13127604166666668 0.24525 0.003921874999999986 0.005583333333333308
0 0.14185416666666667 0.24177777777777779 0.003031250000000026 0.007500000000000021
0 0.14638020833333334 0.2538796296296296 0.0037656250000000094 0.005824074074074041
0 0.16146354166666665 0.2391481481481481 0.005244791666666693 0.006666666666666683
0 0.175 0.24057407407407408 0.003625000000000019 0.007314814814814794
0 0.2091875 0.2766018518518519 0.00546875 0.006907407407407441
0 0.20204166666666667 0.2764814814814815 0.00490104166666665 0.006675925925925959
0 0.24886979166666665 0.21906481481481482 0.003572916666666674 0.005268518518518516
0 0.25084375 0.21475925925925926 0.003286458333333305 0.006148148148148135
0 0.2553229166666667 0.21876851851851853 0.002234374999999981 0.006750000000000019
0 0.28892708333333333 0.22412962962962962 0.002708333333333357 0.006351851851851865
0 0.3213020833333333 0.23162962962962963 0.0028229166666667044 0.005027777777777784
0 0.339140625 0.23662962962962963 0.002208333333333338 0.003925925925925934
0 0.3442447916666667 0.23951851851851852 0.004078124999999962 0.005249999999999988
0 0.3669427083333333 0.2449722222222222 0.0031718749999999573 0.007990740740740736
0 0.3592916666666667 0.331537037037037 0.00461979166666661 0.004972222222222227
0 0.3570052083333334 0.32899074074074075 0.0029010416666666334 0.0047499999999999955
0 0.3275104166666667 0.3299722222222222 0.004807291666666676 0.005972222222222264
0 0.32707291666666666 0.3393240740740741 0.005661458333333276 0.007212962962962929
0 0.33215625 0.3394351851851852 0.0046718750000000146 0.006240740740740749
0 0.32985416666666667 0.33499074074074076 0.003432291666666624 0.004138888888888914
0 0.3793229166666666 0.27575925925925926 0.0037447916666666953 0.005796296296296288
0 0.38521354166666666 0.2703148148148148 0.0040729166666666336 0.005074074074074091
0 0.395765625 0.3447037037037037 0.0038229166666666242 0.005342592592592576
0 0.41242708333333333 0.33772222222222226 0.003453125000000057 0.005212962962962959
0 0.4217708333333333 0.27931481481481485 0.005229166666666648 0.0054907407407406945
0 0.4454166666666667 0.2719722222222222 0.0024739583333333332 0.005638888888888918
0 0.44844270833333333 0.27623148148148147 0.002734375 0.005861111111111149
0 0.46530208333333334 0.2791296296296296 0.0022031250000000093 0.005129629629629596
0 0.3914270833333333 0.2865740740740741 0.0033489583333333665 0.0037129629629629544
0 0.3966510416666667 0.3235092592592593 0.003046874999999953 0.003814814814814819
0 0.39978125000000003 0.33631481481481484 0.0029583333333333666 0.005314814814814823
0 0.46995312499999997 0.2796018518518519 0.0035104166666666712 0.008009259259259239
0 0.476453125 0.2919722222222222 0.004270833333333357 0.007740740740740754
0 0.477515625 0.2882037037037037 0.0034010416666666525 0.004148148148148165
0 0.4780416666666667 0.28437962962962965 0.0043333333333333 0.005249999999999962
0 0.34483854166666666 0.06540740740740741 0.0021562500000000522 0.005305555555555546
0 0.34990625000000003 0.06473148148148147 0.0021875000000000236 0.005055555555555563
0 0.3481510416666667 0.05772222222222222 0.001901041666666714 0.003462962962962965
0 0.3374375 0.06362037037037037 0.0018385416666666524 0.0030185185185185102
0 0.3995052083333333 0.0698425925925926 0.0025104166666666335 0.004509259259259263
0 0.4145520833333334 0.06684259259259259 0.002916666666666619 0.0049629629629629754
0 0.387890625 0.0965 0.004062499999999977 0.005879629629629624
0 0.39280208333333333 0.09635185185185186 0.002505208333333305 0.004111111111111109
0 0.4010104166666667 0.0966851851851852 0.0022708333333332814 0.004148148148148139
0 0.403171875 0.09662037037037037 0.002098958333333319 0.003722222222222232
0 0.40864062500000004 0.09682407407407406 0.0015937499999999715 0.003777777777777789
0 0.3975989583333333 0.0966851851851852 0.002322916666666686 0.004138888888888888
0 0.3817447916666667 0.09800925925925925 0.0017447916666666194 0.004861111111111111
0 0.3837552083333333 0.09622222222222222 0.0018385416666666524 0.0032129629629629617
0 0.37959895833333335 0.09637037037037037 0.0021666666666667095 0.005453703703703691
0 0.37161979166666664 0.09855555555555555 0.0017760416666667094 0.005305555555555546
0 0.3687083333333333 0.09780555555555555 0.0017395833333332907 0.003166666666666655
0 0.3736302083333333 0.0980462962962963 0.0023906249999999575 0.0034444444444444436
0 0.37590104166666666 0.09775925925925925 0.001901041666666714 0.003203703703703711
0 0.3961614583333333 0.06387962962962962 0.0014166666666666809 0.0061944444444444425