0 0.87671875 0.7061851851851851 0.011822916666666572 0.014101851851851869
0 0.86559375 0.6812037037037038 0.00833854166666678 0.014694444444444343
0 0.8197239583333332 0.6618148148148149 0.006885416666666562 0.009796296296296228
0 0.8018697916666666 0.7018425925925926 0.009578124999999934 0.010638888888888897
0 0.5108333333333334 0.5532314814814815 0.005140624999999943 0.011101851851851861
0 0.5302447916666667 0.3995740740740741 0.004822916666666662 0.008120370370370354
0 0.5309895833333333 0.3736851851851852 0.006067708333333381 0.0074814814814815195
0 0.17948958333333334 0.15837037037037036 0.006953125000000012 0.00941666666666668
0 0.2111875 0.1540648148148148 0.004734375000000016 0.004277777777777782
0 0.22820833333333335 0.1381111111111111 0.004145833333333352 0.005314814814814823
0 0.23153645833333333 0.15297222222222223 0.0036822916666666926 0.0047685185185184975
0 0.24196874999999998 0.1246388888888889 0.004520833333333307 0.007000000000000002
0 0.24985416666666668 0.12362037037037037 0.005312500000000024 0.006296296296296307
0 0.25965104166666664 0.12491666666666666 0.00394270833333336 0.00587962962962965
0 0.27975 0.13774074074074072 0.00625 0.007527777777777774
0 0.284453125 0.07492592592592592 0.0048697916666666195 0.006611111111111099
0 0.3356145833333333 0.09286111111111112 0.002489583333333319 0.008240740740740746
0 0.32948958333333334 0.0642962962962963 0.004395833333333362 0.005935185185185182
0 0.346421875 0.06342592592592593 0.0046510416666667 0.006435185185185175
0 0.38428125 0.11223148148148147 0.004505208333333381 0.0072870370370370415
0 0.37815624999999997 0.11714814814814814 0.004239583333333385 0.0074814814814814935
0 0.37128125 0.11933333333333333 0.005046875000000029 0.007296296296296292
0 0.365296875 0.1201851851851852 0.005072916666666672 0.006453703703703716
0 0.40568229166666664 0.09626851851851852 0.004500000000000052 0.007453703703703714
0 0.451984375 0.10617592592592592 0.004437499999999991 0.0069537037037036955
0 0.45492187500000003 0.11049074074074074 0.0037968749999999813 0.0063888888888888945
0 0.45189583333333333 0.12119444444444444 0.004416666666666676 0.005453703703703691
0 0.542046875 0.17110185185185184 0.005083333333333447 0.006768518518518521
0 0.546875 0.18738888888888888 0.005552083333333258 0.006509259259259234
0 0.5532083333333334 0.17662037037037037 0.004890624999999934 0.006824074074074078
0 0.5587239583333333 0.1799537037037037 0.004531249999999905 0.006824074074074078
0 0.555265625 0.19771296296296295 0.00514583333333339 0.006046296296296271
0 0.5479843750000001 0.19928703703703704 0.0044322916666667805 0.006648148148148155
0 0.5727395833333334 0.21516666666666667 0.00475520833333339 0.007314814814814794
0 0.5785625 0.22712037037037036 0.0039270833333333146 0.006305555555555557
0 0.6017604166666667 0.17862037037037037 0.005052083333333238 0.0053333333333333245
0 0.6091302083333333 0.17607407407407408 0.005156250000000047 0.005240740740740764
0 0.5891979166666667 0.1814537037037037 0.003015624999999981 0.006055555555555574
0 0.6015729166666667 0.20340740740740743 0.0037656250000000094 0.005564814814814806
0 0.59309375 0.18675925925925924 0.005098958333333315 0.006518518518518537
0 0.6119010416666666 0.22055555555555553 0.004526041666666695 0.006268518518518501
0 0.5869427083333334 0.21347222222222223 0.0037812500000001135 0.005722222222222228
0 0.5970052083333334 0.2196759259259259 0.0040729166666667515 0.005814814814814789
0 0.6005416666666666 0.23125 0.003937499999999971 0.007990740740740736
0 0.6220833333333334 0.2265648148148148 0.004557291666666667 0.0069351851851851935
0 0.6206041666666666 0.18578703703703706 0.005447916666666686 0.005972222222222212
0 0.6181666666666668 0.15625 0.005406250000000057 0.006092592592592578
0 0.59765625 0.11708333333333333 0.0046979166666666575 0.006333333333333337
0 0.6022031250000001 0.16625 0.004609374999999953 0.0051203703703703455
0 0.5473385416666667 0.06966666666666667 0.004718749999999971 0.0040462962962963004
0 0.5475572916666667 0.06601851851851852 0.0033281249999999336 0.0034259259259259156
0 0.4967135416666667 0.06366666666666668 0.0037760416666666667 0.003953703703703714
0 0.471859375 0.0749537037037037 0.0038281249999999527 0.004111111111111109
0 0.5035364583333333 0.0708425925925926 0.0034270833333332955 0.004472222222222234
0 0.5050729166666666 0.07238888888888889 0.004140625000000024 0.0047685185185185235
0 0.5014479166666667 0.07616666666666667 0.0022135416666666666 0.00323148148148149
0 0.5014635416666666 0.09774999999999999 0.002005208333333286 0.003675925925925925
0 0.441734375 0.0718425925925926 0.003390624999999995 0.0067592592592592695
0 0.41961979166666663 0.07878703703703704 0.004057291666666647 0.005888888888888902
0 0.474078125 0.021611111111111112 0.003442708333333281 0.006083333333333334
0 0.4768489583333333 0.023398148148148147 0.003244791666666676 0.005759259259259258
0 0.5022395833333333 0.17669444444444446 0.0035260416666666574 0.004898148148148167
0 0.438078125 0.03174074074074074 0.0031822916666666146 0.004157407407407403
0 0.4254739583333333 0.02978703703703704 0.0035260416666666574 0.003972222222222225
0 0.42159895833333333 0.06689814814814815 0.0030781250000000426 0.0040462962962963004
0 0.40586979166666665 0.00825 0.002890624999999976 0.0035370370370370373
0 0.38519270833333336 0.0640462962962963 0.002989583333333338 0.0038981481481481554
0 0.489828125 0.013 0.002416666666666719 0.004509259259259259
0 0.505375 0.009861111111111112 0.0029270833333332764 0.004083333333333334
0 0.512015625 0.006120370370370371 0.0041250000000000375 0.004092592592592592
0 0.5115520833333334 0.012453703703703703 0.0037500000000000237 0.004074074074074073
0 0.51659375 0.009814814814814814 0.002479166666666662 0.003342592592592592
0 0.52215625 0.01813888888888889 0.0020677083333333476 0.006324074074074072
0 0.5281979166666667 0.016324074074074074 0.003343750000000038 0.0040092592592592576
0 0.5321197916666667 0.019833333333333335 0.002937500000000052 0.004833333333333333
0 0.5241875 0.01163888888888889 0.002640624999999967 0.007
0 0.5243697916666666 0.0038425925925925928 0.003562499999999957 0.004425925925925927
0 0.5374479166666667 0.008796296296296297 0.0029739583333333523 0.0032685185185185187
0 0.5360625 0.01161111111111111 0.0029531250000000378 0.0036851851851851854
0 0.536484375 0.01587037037037037 0.0038958333333333427 0.004074074074074073
0 0.5418125 0.017305555555555557 0.002734375 0.003675925925925925
0 0.54496875 0.014759259259259258 0.003921875000000104 0.003796296296296294
0 0.5478541666666668 0.024694444444444446 0.0030885416666665815 0.005111111111111107
0 0.541109375 0.02672222222222222 0.0026093750000001138 0.0039537037037037
0 0.576609375 0.06911111111111111 0.003989583333333257 0.006870370370370359
0 0.5744062499999999 0.06737962962962962 0.0035572916666666288 0.004657407407407409
0 0.5693385416666668 0.0671574074074074 0.0037135416666667235 0.004620370370370379
0 0.5561354166666667 0.08297222222222222 0.003734375000000038 0.0034166666666666646
0 0.5572604166666667 0.09665740740740741 0.0027083333333332384 0.004175925925925917
0 0.5504895833333333 0.09895370370370371 0.002963541666666695 0.00378703703703704
0 0.5658489583333334 0.0975462962962963 0.0028177083333332576 0.004287037037037033
0 0.564390625 0.10480555555555555 0.003177083333333286 0.004685185185185187
0 0.5619114583333332 0.10730555555555556 0.002890625000000095 0.004685185185185187
0 0.5579010416666667 0.11015740740740741 0.0030520833333333997 0.00706481481481481
0 0.5547604166666668 0.11066666666666666 0.003791666666666771 0.008092592592592601
0 0.55778125 0.11974074074074073 0.003989583333333257 0.005453703703703691
0 0.5731822916666667 0.09956481481481481 0.002526041666666619 0.004583333333333323
0 0.5704322916666666 0.10471296296296297 0.002630208333333428 0.0032592592592592686
0 0.5701041666666666 0.11387962962962962 0.0036093749999999147 0.005370370370370381
0 0.5777395833333333 0.10760185185185185 0.003921875000000104 0.004462962962962957
0 0.5876874999999999 0.11721296296296296 0.0028333333333333617 0.006685185185185198
0 0.5850208333333333 0.12074074074074075 0.002401041666666733 0.00447222222222222
0 0.5890416666666667 0.13852777777777778 0.003968749999999943 0.00522222222222221
0 0.58346875 0.11452777777777777 0.0027656249999999717 0.004129629629629637
0 0.5835416666666667 0.10942592592592593 0.0025989583333332197 0.0045740740740740716
0 0.6047499999999999 0.1878425925925926 0.0038854166666666854 0.006564814814814792