0 0.8697031249999999 0.9939351851851852 0.006546875000000086 0.012129629629629546
0 0.6454010416666667 0.8417870370370371 0.005901041666666629 0.009861111111111195
0 0.47383854166666667 0.568138888888889 0.004197916666666638 0.0076759259259258925
0 0.48170833333333335 0.5705648148148148 0.004078124999999962 0.008000000000000092
0 0.303859375 0.1980925925925926 0.003416666666666638 0.004249999999999977
0 0.3072239583333333 0.20537962962962963 0.003729166666666709 0.0035462962962962813
0 0.313734375 0.19418518518518518 0.002369791666666643 0.0037129629629629544
0 0.3224635416666667 0.19394444444444445 0.002223958333333324 0.002925925925925949
0 0.32994270833333333 0.19398148148148148 0.0020677083333333476 0.0036296296296296445
0 0.32321875 0.1885185185185185 0.002317708333333357 0.0031296296296296254
0 0.320375 0.18608333333333332 0.0019635416666666573 0.002055555555555581
0 0.32102604166666665 0.18221296296296297 0.003083333333333371 0.004111111111111109
0 0.34227604166666664 0.16228703703703704 0.0025572916666667094 0.0034537037037037205
0 0.36643749999999997 0.18292592592592594 0.002515624999999962 0.003324074074074051
0 0.36110416666666667 0.15127777777777776 0.0027031250000000284 0.002601851851851854
0 0.37760937499999997 0.15357407407407409 0.0026458333333332956 0.0030925925925925695
0 0.380859375 0.16431481481481483 0.002208333333333338 0.004351851851851841
0 0.3845208333333333 0.17395370370370372 0.0029531250000000378 0.0037129629629629544
0 0.39217708333333334 0.17386111111111113 0.0031562499999999716 0.005111111111111094
0 0.3982395833333333 0.17212962962962963 0.002651041666666624 0.004481481481481459
0 0.3882395833333333 0.17374074074074072 0.0022135416666666666 0.0029629629629629524
0 0.420625 0.16108333333333333 0.0022656249999999526 0.0035648148148148357
0 0.3941614583333333 0.10722222222222222 0.0021458333333332765 0.003935185185185185
0 0.3916614583333333 0.10781481481481481 0.0021197916666666336 0.004814814814814804
0 0.41758854166666665 0.10685185185185185 0.0018854166666666097 0.003518518518518529
0 0.4204166666666667 0.10637962962962963 0.002026041666666719 0.004157407407407416
0 0.4305260416666667 0.1530277777777778 0.0021510416666667234 0.004527777777777765
0 0.425375 0.14922222222222223 0.0026979166666667 0.0032407407407407406
0 0.43794791666666666 0.14951851851851852 0.002416666666666719 0.0047685185185184975
0 0.44593750000000004 0.13092592592592592 0.002223958333333324 0.003944444444444436
0 0.45705729166666664 0.1479074074074074 0.0018802083333332813 0.0031388888888888764
0 0.45378124999999997 0.16067592592592592 0.001734374999999962 0.002435185185185181
0 0.45560416666666664 0.16186111111111112 0.002442708333333362 0.0030833333333333186
0 0.4577708333333333 0.16581481481481483 0.001843749999999981 0.0034074074074074137
0 0.42459375 0.13562037037037036 0.0023854166666666286 0.003212962962962988
0 0.42359895833333333 0.12024074074074076 0.00234375 0.0031203703703703745
0 0.4204114583333334 0.11657407407407408 0.002369791666666643 0.003361111111111107
0 0.397078125 0.12937962962962962 0.0021145833333333047 0.003064814814814817
0 0.401375 0.15076851851851852 0.001817708333333338 0.003490740740740724
0 0.46895312499999997 0.1434351851851852 0.0018541666666666383 0.003361111111111107
0 0.475515625 0.14596296296296296 0.003598958333333376 0.003999999999999994
0 0.4997447916666667 0.14212962962962963 0.0026302083333333095 0.004861111111111111
0 0.5020364583333333 0.17864814814814814 0.0029479166666667093 0.00361111111111109
0 0.43972916666666667 0.11706481481481482 0.0024322916666667045 0.002777777777777778
0 0.41634895833333335 0.13642592592592592 0.001536458333333357 0.0029351851851852
0 0.45152604166666666 0.126 0.002197916666666681 0.004194444444444419
0 0.4608697916666667 0.12290740740740741 0.0029322916666667236 0.003703703703703704
0 0.46454687499999997 0.12450000000000001 0.0026354166666666384 0.0034166666666666646
0 0.46597916666666667 0.1200648148148148 0.0019427083333333427 0.002759259259259276
0 0.4692395833333334 0.11771296296296296 0.0022447916666666384 0.0034351851851851796
0 0.4711197916666666 0.12025000000000001 0.0015572916666666714 0.0034444444444444696
0 0.4706197916666667 0.12356481481481481 0.0019843749999999714 0.0024999999999999896
0 0.47274479166666666 0.12265740740740741 0.0012604166666667046 0.002268518518518508
0 0.4734947916666667 0.12635185185185185 0.0018645833333332954 0.0026944444444444676
0 0.4759479166666667 0.12443518518518518 0.0019739583333333146 0.00361111111111109
0 0.4786927083333333 0.12605555555555553 0.0017708333333333807 0.003370370370370358
0 0.4800260416666667 0.1212037037037037 0.0015989583333333001 0.0028333333333333353
0 0.48107291666666663 0.12328703703703704 0.002354166666666657 0.003435185185185166
0 0.48555729166666667 0.12328703703703704 0.00234375 0.003212962962962988
0 0.48597395833333334 0.12775925925925924 0.0014010416666666952 0.0026666666666666622
0 0.490171875 0.12581481481481482 0.0017968750000000237 0.0038425925925925715
0 0.50834375 0.1464074074074074 0.0020572916666666903 0.0032962962962962985
0 0.5084895833333333 0.15096296296296297 0.0016354166666667188 0.0029166666666666455
0 0.5130416666666666 0.13672222222222222 0.0022031250000000093 0.004777777777777801
0 0.5176093749999999 0.14026851851851851 0.0022708333333332814 0.0039722222222222416
0 0.5170052083333333 0.14968518518518517 0.0015989583333333001 0.002277777777777759
0 0.5136302083333333 0.15561111111111112 0.0023072916666666997 0.003999999999999994
0 0.5151822916666666 0.15421296296296297 0.0018645833333332954 0.003111111111111124
0 0.5174739583333333 0.15648148148148147 0.002624999999999981 0.0043611111111110925
0 0.5175364583333333 0.15331481481481482 0.001765625000000052 0.002574074074074049
0 0.515140625 0.13998148148148148 0.0017760416666667094 0.0030833333333333186
0 0.5228125 0.1547037037037037 0.0020104166666666144 0.0031388888888888764
0 0.5218229166666667 0.1492777777777778 0.0021614583333333806 0.003351851851851856
0 0.521140625 0.15203703703703703 0.0016822916666666761 0.0025370370370370455
0 0.526 0.15203703703703703 0.0018020833333333524 0.002861111111111088
0 0.5286093749999999 0.15535185185185185 0.0018749999999999527 0.003805555555555568
0 0.5337031250000001 0.1548148148148148 0.0020937499999999906 0.003046296296296315
0 0.5386875 0.15333333333333332 0.0021093750000000947 0.002611111111111105
0 0.5192083333333334 0.1743888888888889 0.002796874999999943 0.003953703703703687
0 0.52528125 0.17800000000000002 0.0028593750000000047 0.0032592592592592426
0 0.5262447916666667 0.1745925925925926 0.002468750000000005 0.002453703703703683
0 0.5300364583333333 0.17477777777777778 0.0020572916666666903 0.0028333333333333353
0 0.5280364583333333 0.18226851851851852 0.0019687499999999857 0.003592592592592588
0 0.5314687499999999 0.18108333333333332 0.002614583333333324 0.004055555555555551
0 0.5712916666666668 0.18218518518518517 0.002067708333333229 0.0027962962962962794
0 0.5627760416666666 0.17327777777777775 0.002463541666666676 0.0036296296296296445
0 0.5565989583333334 0.16485185185185183 0.0025520833333333806 0.002879629629629642
0 0.5555885416666667 0.17130555555555554 0.002671875000000057 0.0028425925925925862
0 0.5523229166666667 0.17202777777777778 0.002182291666666695 0.002388888888888874
0 0.54978125 0.1684074074074074 0.002072916666666676 0.002731481481481471
0 0.5497083333333334 0.17518518518518517 0.002463541666666676 0.0026944444444444676
0 0.5458645833333333 0.1738888888888889 0.0017083333333334375 0.0029537037037037014
0 0.5442760416666667 0.1835 0.0022604166666667425 0.002898148148148144
0 0.5488802083333333 0.18780555555555556 0.0016979166666667804 0.0029722222222222034
0 0.5509479166666666 0.18274074074074076 0.0022812500000000567 0.003592592592592588
0 0.5555052083333333 0.17549074074074075 0.0016093750000000758 0.0029907407407407578
0 0.556375 0.17969444444444443 0.0021093750000000947 0.002851851851851837
0 0.5575260416666666 0.18339814814814814 0.0019218750000000284 0.0030092592592592593
0 0.5611822916666667 0.18676851851851853 0.001947916666666553 0.0034166666666666646
0 0.3773697916666666 0.13492592592592592 0.0018489583333333097 0.0024814814814814877
0 0.3316822916666667 0.10987037037037037 0.003015624999999981 0.003472222222222222