0 0.472890625 0.36415740740740743 0.003661458333333319 0.005962962962963014
0 0.4769791666666666 0.3654074074074074 0.0031718749999999573 0.005203703703703708
0 0.5202916666666667 0.34922222222222227 0.00440104166666669 0.005129629629629596
0 0.5242239583333334 0.3519351851851852 0.0026614583333332813 0.004138888888888914
0 0.52625 0.3501666666666667 0.0037187500000000523 0.003814814814814819
0 0.5274322916666666 0.3535185185185185 0.0035208333333333285 0.004425925925925901
0 0.5269114583333333 0.3418240740740741 0.0026354166666666384 0.0041851851851851685
0 0.527078125 0.3351296296296296 0.0033750000000000095 0.00501851851851848
0 0.5357708333333334 0.3394259259259259 0.0037604166666665626 0.0047314814814814945
0 0.5342135416666667 0.33111111111111113 0.0026458333333332956 0.004814814814814857
0 0.536953125 0.3283148148148148 0.0040729166666667515 0.006833333333333329
0 0.5437864583333333 0.318962962962963 0.004786458333333362 0.004324074074074036
0 0.54478125 0.32272222222222224 0.00482291666666678 0.0066296296296296
0 0.5544114583333334 0.3144814814814815 0.0038437500000000568 0.0060370370370370205
0 0.5591614583333333 0.30947222222222226 0.0035468749999999715 0.0038425925925925715
0 0.5636614583333334 0.30786111111111114 0.0035468749999999715 0.003101851851851873
0 0.5656770833333333 0.2985277777777778 0.0037760416666666667 0.0036481481481481985
0 0.5678541666666667 0.3067037037037037 0.0022447916666666384 0.002972222222222256
0 0.570640625 0.3050925925925926 0.0025520833333333806 0.0034629629629629715
0 0.5700052083333333 0.3085 0.0038177083333332954 0.005268518518518569
0 0.6693020833333333 0.26464814814814813 0.003458333333333267 0.004138888888888914
0 0.6769895833333333 0.26405555555555554 0.0028697916666667804 0.005814814814814789
0 0.6810520833333332 0.26732407407407405 0.003286458333333305 0.0047129629629629926
0 0.6696875 0.2608333333333333 0.0020833333333333333 0.0038425925925925715
0 0.13865104166666667 0.19750925925925927 0.0024270833333333167 0.005166666666666652
0 0.14263020833333334 0.19675925925925927 0.002510416666666693 0.006694444444444461
0 0.14500520833333336 0.19544444444444445 0.0031041666666666856 0.005907407407407403
0 0.15705729166666668 0.1947037037037037 0.002812499999999988 0.004851851851851861
0 0.16084895833333332 0.1982962962962963 0.0021458333333333355 0.0058425925925925945
0 0.166515625 0.1976111111111111 0.0019010416666666548 0.005388888888888882
0 0.18070833333333333 0.18916666666666668 0.0027135416666666857 0.006083333333333327
0 0.20847916666666666 0.20877777777777776 0.002197916666666681 0.00646296296296298
0 0.21275000000000002 0.20862962962962964 0.003072916666666655 0.004083333333333356
0 0.2270625 0.18037037037037038 0.002562499999999979 0.005814814814814789
0 0.22139583333333332 0.17922222222222223 0.0018958333333333262 0.0037592592592592612
0 0.219609375 0.18062037037037038 0.0023489583333333288 0.004481481481481459
0 0.26414583333333336 0.1856574074074074 0.002869791666666662 0.005898148148148152
0 0.27790625 0.18556481481481482 0.002546875000000052 0.004407407407407399
0 0.29225520833333335 0.18748148148148147 0.0017552083333332764 0.00433333333333334
0 0.296078125 0.18880555555555556 0.0037187500000000523 0.004703703703703689
0 0.31422395833333333 0.18931481481481482 0.002994791666666667 0.003685185185185202
0 0.314390625 0.1935925925925926 0.0021770833333333663 0.0037314814814814563
0 0.30879687499999997 0.22789814814814816 0.0028802083333333193 0.0033425925925926053
0 0.31057291666666664 0.23171296296296295 0.004640625000000042 0.006055555555555574
0 0.31409374999999995 0.23208333333333334 0.0032135416666667044 0.004435185185185204
0 0.327140625 0.2268425925925926 0.0021406249999999477 0.004018518518518495
0 0.3292760416666667 0.22813888888888886 0.0029062499999999622 0.004111111111111109
0 0.32943229166666665 0.2043425925925926 0.0023593749999999856 0.0037870370370370137
0 0.33184895833333333 0.20139814814814813 0.002406249999999943 0.004074074074074053
0 0.35886979166666666 0.20387962962962963 0.0037656250000000094 0.00403703703703705
0 0.36440104166666665 0.2290462962962963 0.0021093749999999763 0.0032962962962962985
0 0.356140625 0.2287685185185185 0.0019427083333333427 0.0030370370370370117
0 0.3515833333333333 0.22362037037037036 0.002072916666666676 0.0030092592592592593
0 0.35509375 0.23241666666666666 0.0021562500000000522 0.003851851851851875
0 0.37294791666666666 0.20067592592592592 0.001697916666666662 0.0032037037037036848
0 0.37577083333333333 0.2024351851851852 0.0025572916666667094 0.0037962962962963176
0 0.39069791666666664 0.204 0.002515624999999962 0.004583333333333323
0 0.38662500000000005 0.2036296296296296 0.002291666666666714 0.0029537037037037014
0 0.3961145833333333 0.20447222222222222 0.0030885416666667 0.0033333333333333544
0 0.39649999999999996 0.2075648148148148 0.002718750000000014 0.005935185185185208
0 0.242484375 0.08906481481481482 0.0026041666666666665 0.003935185185185185
0 0.27994270833333335 0.08860185185185185 0.002296875000000043 0.00382407407407407
0 0.2854635416666667 0.09219444444444444 0.002427083333333376 0.0028148148148148073
0 0.30782291666666667 0.08868518518518519 0.0023749999999999718 0.005370370370370381
0 0.2981979166666667 0.1094074074074074 0.0016875000000000048 0.0034351851851851926
0 0.30234375 0.10896296296296297 0.0016562500000000331 0.0033148148148148264
0 0.296484375 0.11002777777777778 0.0021562500000000522 0.0031574074074074043
0 0.29353125 0.11041666666666666 0.00241145833333339 0.002777777777777778
0 0.28983854166666667 0.11000925925925926 0.001723958333333305 0.0017685185185185154
0 0.2886875 0.10862037037037037 0.0016875000000000048 0.002444444444444432
0 0.2860833333333333 0.1094074074074074 0.0017708333333333807 0.0022962962962962867
0 0.284453125 0.10937962962962963 0.0013281249999999762 0.0016481481481481492
0 0.28203125 0.10937962962962963 0.001671875000000019 0.0022314814814814784
0 0.28084375 0.1101388888888889 0.0015625 0.0022129629629629504
0 0.27930208333333334 0.11012037037037038 0.0014010416666666952 0.0016018518518518424
0 0.27802083333333333 0.10903703703703704 0.0014322916666666666 0.002138888888888891
0 0.2759010416666667 0.11023148148148147 0.0012968750000000048 0.0023981481481481514
0 0.2743333333333334 0.1100925925925926 0.0012916666666666762 0.001342592592592582
0 0.272796875 0.11106481481481481 0.0013541666666666192 0.002157407407407419
0 0.2705677083333333 0.11069444444444444 0.001645833333333376 0.002555555555555547
0 0.32605729166666664 0.09328703703703704 0.001708333333333319 0.0029537037037037014
0 0.31319270833333335 0.09328703703703704 0.0019114583333333713 0.002749999999999999
0 0.35011458333333334 0.0952962962962963 0.0021458333333332765 0.0033425925925926053