0 0.341796875 0.5017407407407407 0.00614583333333331 0.006981481481481448
0 0.4123541666666667 0.493925925925926 0.004385416666666705 0.006148148148148241
0 0.40327604166666664 0.5059444444444444 0.004057291666666647 0.006000000000000017
0 0.4212916666666667 0.497037037037037 0.005156250000000047 0.006203703703703746
0 0.4184583333333334 0.6106759259259259 0.005062500000000014 0.012509259259259251
0 0.425671875 0.4839444444444444 0.004526041666666695 0.009277777777777762
0 0.4310104166666667 0.475425925925926 0.003531249999999986 0.008379629629629588
0 0.43245833333333333 0.6400370370370371 0.004447916666666648 0.010064814814814714
0 0.556640625 0.6322592592592593 0.004890624999999934 0.009648148148148215
0 0.4714375 0.5702037037037038 0.005281250000000052 0.00904629629629628
0 0.5363854166666666 0.6350277777777779 0.006125000000000055 0.00905555555555553
0 0.45010937500000003 0.545 0.005166666666666705 0.011768518518518551
0 0.51065625 0.7081666666666667 0.008255208333333286 0.01035185185185191
0 0.5338697916666667 0.6832962962962963 0.007536458333333288 0.010499999999999924
0 0.5853697916666667 0.6736944444444445 0.005744791666666771 0.011111111111111112
0 0.4624479166666667 0.5608333333333334 0.00501041666666661 0.009527777777777744
0 0.587890625 0.7287314814814815 0.008880208333333427 0.009277777777777762
0 0.5392135416666667 0.704712962962963 0.0065572916666667425 0.010379629629629664
0 0.52478125 0.7139907407407408 0.006364583333333348 0.010972222222222138
0 0.6390520833333333 0.681425925925926 0.005130208333333286 0.011185185185185118
0 0.564546875 0.7075185185185185 0.004192708333333428 0.013370370370370421
0 0.5153020833333334 0.7638425925925927 0.008354166666666647 0.007407407407407408
0 0.5388072916666666 0.759287037037037 0.008484374999999982 0.008027777777777845
0 0.5035677083333333 0.7853611111111112 0.004838541666666648 0.012194444444444511
0 0.597640625 0.7498148148148148 0.008546874999999924 0.010194444444444437
0 0.525625 0.7853425925925925 0.006807291666666633 0.008898148148148056
0 0.583234375 0.775611111111111 0.005447916666666686 0.011805555555555555
0 0.5503802083333333 0.7977407407407406 0.0049895833333332956 0.015611111111111018
0 0.5380885416666668 0.8033888888888888 0.008062500000000009 0.009685185185185219
0 0.5814010416666666 0.8206388888888888 0.0047239583333334185 0.014296296296296347
0 0.5207083333333333 0.8176666666666667 0.006291666666666629 0.014796296296296313
0 0.5454114583333334 0.8511296296296297 0.009598958333333248 0.009685185185185219
0 0.5983541666666666 0.8402777777777778 0.006005208333333438 0.011620370370370328
0 0.4974947916666667 0.8745648148148147 0.006895833333333338 0.013629629629629655
0 0.501109375 0.8371481481481482 0.005890624999999971 0.008648148148148072
0 0.4938958333333333 0.8540092592592593 0.0039531249999999575 0.014212962962962879
0 0.5992239583333333 0.8214444444444444 0.0069010416666666664 0.013324074074074167
0 0.48661979166666663 0.8471018518518518 0.008578125000000015 0.010527777777777676
0 0.5732760416666667 0.9441481481481482 0.0055416666666666 0.01608333333333334
0 0.5747760416666666 0.9335462962962963 0.004984375000000085 0.013111111111111186
0 0.49558854166666666 0.8438333333333333 0.0047760416666667044 0.014935185185185286
0 0.6010208333333333 0.8124537037037037 0.00493750000000001 0.01423148148148138