0 0.7465416666666667 0.644962962962963 0.008546874999999924 0.01660185185185191
0 0.7626979166666668 0.6338611111111112 0.008744791666666647 0.01887037037037047
0 0.763671875 0.6705740740740741 0.008645833333333287 0.02013888888888889
0 0.7343697916666667 0.6448425925925926 0.009260416666666771 0.017620370370370345
0 0.7300625000000001 0.6216481481481482 0.007078125000000076 0.01227777777777777
0 0.7315677083333333 0.5903240740740741 0.0054531249999998956 0.014194444444444378
0 0.7469479166666667 0.5822962962962963 0.005989583333333334 0.012250000000000016
0 0.6963854166666666 0.5762222222222223 0.00657291666666661 0.01853703703703702
0 0.68859375 0.568111111111111 0.0072864583333332195 0.017583333333333343
0 0.72103125 0.5670740740740742 0.00461979166666661 0.013388888888888922
0 0.73684375 0.550425925925926 0.004317708333333314 0.011518518518518569
0 0.6932239583333334 0.5417129629629629 0.0046041666666667425 0.017268518518518603
0 0.7778333333333334 0.5303796296296296 0.008989583333333447 0.01217592592592601
0 0.6913125 0.46741666666666665 0.008614583333333314 0.013500000000000038
0 0.7026197916666667 0.4679166666666667 0.008062500000000009 0.014611111111111085
0 0.6889635416666666 0.38520370370370366 0.0067708333333333336 0.010796296296296267
0 0.6988749999999999 0.4508333333333333 0.007822916666666657 0.010611111111111144
0 0.70703125 0.45870370370370367 0.00696354166666661 0.009259259259259259
0 0.5571302083333334 0.15451851851851853 0.0067968750000000945 0.0080740740740741
0 0.5483385416666666 0.1268425925925926 0.005598958333333333 0.0075185185185185225
0 0.5590833333333334 0.11686111111111112 0.006489583333333352 0.007351851851851863
0 0.626484375 0.12478703703703704 0.007604166666666619 0.008481481481481505
0 0.6254895833333334 0.11018518518518519 0.006218750000000028 0.007120370370370368
0 0.6127916666666666 0.1366111111111111 0.005890624999999971 0.007972222222222235
0 0.42165104166666667 0.14366666666666666 0.007208333333333291 0.010111111111111126
0 0.43011458333333336 0.1277962962962963 0.005130208333333286 0.007175925925925926
0 0.43856249999999997 0.1311203703703704 0.002942708333333381 0.007629629629629638
0 0.5970624999999999 0.1252962962962963 0.0038489583333332672 0.010101851851851876
0 0.6173802083333333 0.06558333333333333 0.006182291666666609 0.009185185185185173
0 0.6147916666666667 0.04747222222222223 0.0053958333333334 0.00910185185185185
0 0.5913072916666666 0.0738425925925926 0.004666666666666685 0.010833333333333323
0 0.5405260416666666 0.08718518518518519 0.004625000000000057 0.007435185185185186
0 0.5727552083333334 0.0748148148148148 0.0050416666666665815 0.007490740740740744
0 0.55571875 0.07912037037037037 0.005249999999999962 0.010435185185185195
0 0.5610364583333334 0.027203703703703702 0.006072916666666591 0.007092592592592596
0 0.5619895833333334 0.07429629629629629 0.005510416666666629 0.00680555555555555
0 0.5556666666666668 0.054851851851851846 0.0062656250000001044 0.009138888888888887
0 0.5397604166666666 0.03464814814814815 0.0038958333333333427 0.005972222222222225
0 0.5278333333333334 0.021425925925925928 0.0050416666666666995 0.010351851851851852
0 0.5170885416666666 0.06016666666666667 0.006390624999999991 0.006796296296296299
0 0.5034166666666666 0.05881481481481483 0.005239583333333305 0.007407407407407414
0 0.70703125 0.060703703703703704 0.005864583333333447 0.010759259259259264
0 0.5849635416666668 0.007879629629629629 0.006166666666666742 0.010555555555555558
0 0.6570885416666666 0.006351851851851853 0.0038125000000000854 0.010564814814814815
0 0.4922552083333333 0.018962962962962963 0.004729166666666629 0.00590740740740741
0 0.49821875000000004 0.013601851851851851 0.0036979166666666194 0.008675925925925927
0 0.538171875 0.001861111111111111 0.0033802083333332195 0.003425925925925926
0 0.44290104166666666 0.12899074074074074 0.003015624999999981 0.00726851851851854