0 0.14480208333333333 0.6783888888888888 0.006015624999999977 0.006675925925925959
0 0.18636979166666665 0.6647685185185186 0.0030677083333333264 0.004351851851851894
0 0.18284375 0.6611018518518519 0.0018958333333333262 0.0036759259259259514
0 0.17329687500000002 0.6777592592592593 0.0029531249999999788 0.0049629629629628705
0 0.41432291666666665 0.45587037037037037 0.0030312499999999667 0.0065833333333333455
0 0.4212135416666667 0.46164814814814814 0.003911458333333328 0.0064074074074073695
0 0.42486979166666666 0.4543888888888889 0.00408333333333329 0.0052962962962963215
0 0.42761979166666664 0.453037037037037 0.0032812499999999765 0.0051203703703703455
0 0.431671875 0.4513888888888889 0.004473958333333291 0.004722222222222243
0 0.436765625 0.43869444444444444 0.004291666666666671 0.004620370370370379
0 0.44036458333333334 0.4507129629629629 0.0029531250000000378 0.005175925925925955
0 0.44556250000000003 0.4482777777777778 0.0037968749999999813 0.003916666666666684
0 0.4451875 0.45373148148148146 0.0030572916666666097 0.005777777777777786
0 0.44883854166666665 0.4456481481481482 0.0034374999999999527 0.005527777777777803
0 0.4566458333333333 0.44883333333333336 0.002994791666666667 0.005759259259259284
0 0.46163020833333335 0.44901851851851854 0.0054322916666667 0.007203703703703678
0 0.46386979166666664 0.43913888888888886 0.0038229166666666242 0.005509259259259301
0 0.47167708333333336 0.4436481481481481 0.005203125000000005 0.005861111111111149
0 0.47971874999999997 0.4570833333333333 0.0038020833333333097 0.005268518518518569
0 0.48191666666666666 0.44507407407407407 0.0049479166666666664 0.0047499999999999955
0 0.4916979166666666 0.44399074074074074 0.00560937499999999 0.00727777777777779
0 0.49579166666666663 0.43819444444444444 0.005453125000000014 0.0047129629629629926
0 0.5082864583333333 0.44003703703703706 0.004020833333333348 0.004787037037036999
0 0.7903489583333333 0.25260185185185186 0.005286458333333381 0.004777777777777748
0 0.7681458333333333 0.256037037037037 0.003968749999999943 0.003592592592592588
0 0.7627552083333333 0.2554444444444444 0.0037760416666666667 0.0029351851851851475
0 0.7542187499999999 0.25523148148148145 0.004078124999999962 0.003861111111111073
0 0.6158333333333333 0.3216481481481481 0.003406249999999981 0.003962962962962938
0 0.556421875 0.3040185185185185 0.0035989583333332575 0.004999999999999979
0 0.5134166666666666 0.29953703703703705 0.0026197916666666527 0.005462962962962942
0 0.46565625 0.2920833333333333 0.0047499999999999435 0.0037222222222222053
0 0.45365625 0.3057314814814815 0.004640625000000042 0.005962962962963014
0 0.44743750000000004 0.27767592592592594 0.0034843750000000282 0.006185185185185139
0 0.44215625000000003 0.2766388888888889 0.0038750000000000286 0.005574074074074057
0 0.43929687500000003 0.27522222222222226 0.0031302083333333286 0.0036296296296295916
0 0.3478645833333333 0.2609444444444444 0.0022552083333332953 0.004268518518518531
0 0.33395833333333336 0.2853425925925926 0.003812499999999967 0.00323148148148149
0 0.3415989583333333 0.29082407407407407 0.0024947916666666478 0.0056296296296296676
0 0.351296875 0.284787037037037 0.002817708333333376 0.0032962962962962456
0 0.35284895833333335 0.287712962962963 0.0031979166666667187 0.007370370370370404