0 0.6401354166666666 0.6731759259259259 0.005598958333333333 0.008657407407407324
0 0.6108385416666666 0.6861574074074074 0.006093749999999906 0.008787037037037046
0 0.6186302083333334 0.6631944444444444 0.005182291666666572 0.009175925925926002
0 0.615234375 0.6267777777777778 0.004281249999999895 0.007944444444444377
0 0.5078125 0.6441018518518519 0.006312499999999943 0.008388888888888838
0 0.4995364583333333 0.6397592592592594 0.006906249999999995 0.008583333333333316
0 0.5497239583333333 0.6257222222222222 0.004859374999999962 0.008861111111111052
0 0.505859375 0.63325 0.004963541666666653 0.008388888888888838
0 0.5532343750000001 0.6340185185185185 0.007750000000000057 0.007175925925925926
0 0.6611354166666668 0.525175925925926 0.006125000000000114 0.007259259259259183
0 0.50390625 0.6176203703703703 0.0067708333333333336 0.008388888888888838
0 0.705078125 0.5260462962962963 0.004625000000000057 0.00872222222222229
0 0.6997083333333334 0.5143240740740741 0.004249999999999924 0.007120370370370421
0 0.732421875 0.5355925925925926 0.004348958333333286 0.007583333333333384
0 0.740234375 0.5442685185185184 0.005343750000000114 0.008861111111111052
0 0.75390625 0.5551203703703703 0.006932291666666638 0.008824074074074048
0 0.7536197916666667 0.5636666666666666 0.005848958333333343 0.007444444444444411
0 0.751953125 0.5733518518518519 0.006411458333333305 0.010675925925925901
0 0.6044947916666668 0.4882777777777778 0.004557291666666667 0.007287037037036936
0 0.6128020833333333 0.5295185185185185 0.0041510416666665625 0.006333333333333258
0 0.5952135416666666 0.5 0.004395833333333362 0.007351851851851903
0 0.5864114583333334 0.5113055555555556 0.004927083333333352 0.007462962962962913
0 0.5815416666666666 0.4299074074074074 0.004197916666666638 0.009796296296296334
0 0.5502916666666666 0.4106111111111111 0.005281249999999934 0.007814814814814865
0 0.5440260416666667 0.40428703703703706 0.0033177083333332763 0.0060555555555555215
0 0.5200208333333334 0.39019444444444445 0.004197916666666638 0.005888888888888902
0 0.47166145833333334 0.36024074074074075 0.0048697916666666195 0.008861111111111158
0 0.3518072916666667 0.4600740740740741 0.004182291666666653 0.006611111111111099
0 0.3461927083333334 0.45573148148148146 0.004057291666666647 0.008861111111111158
0 0.317140625 0.3860648148148148 0.005218749999999991 0.007638888888888889
0 0.259046875 0.3862592592592593 0.004453124999999976 0.005953703703703657
0 0.2690416666666666 0.38083333333333336 0.003416666666666638 0.007583333333333384
0 0.32041145833333334 0.3767407407407407 0.0028333333333333617 0.006388888888888868
0 0.28808854166666664 0.3988703703703703 0.004432291666666662 0.006120370370370383
0 0.27775 0.3812685185185185 0.0032239583333333616 0.006435185185185227
0 0.27989583333333334 0.37148148148148147 0.0073854166666667 0.004564814814814768
0 0.4342760416666666 0.352462962962963 0.0038645833333333713 0.005851851851851898
0 0.43770312499999997 0.3495462962962963 0.0031979166666667187 0.008268518518518472
0 0.43564062499999995 0.3427777777777778 0.001953125 0.005305555555555572
0 0.12891666666666668 0.5399074074074074 0.004927083333333322 0.005703703703703779
0 0.7065 0.12852777777777777 0.003677083333333305 0.004694444444444438
0 0.6578385416666667 0.12024074074074076 0.0033750000000000095 0.005814814814814803
0 0.642578125 0.11534259259259258 0.004026041666666676 0.005157407407407401
0 0.6451197916666668 0.12444444444444445 0.0034947916666666855 0.005407407407407384
0 0.7428697916666667 0.13825925925925925 0.002916666666666619 0.0034259259259259156
0 0.638734375 0.11423148148148149 0.002182291666666695 0.005166666666666678
0 0.636328125 0.11462037037037037 0.0019947916666666287 0.003675925925925925
0 0.6548177083333333 0.1646388888888889 0.0022604166666667425 0.003861111111111126
0 0.6484062500000001 0.1637962962962963 0.003234375000000019 0.0037592592592592612
0 0.645625 0.16507407407407407 0.003072916666666714 0.004064814814814802
0 0.6407395833333334 0.16396296296296298 0.003067708333333267 0.003064814814814817
0 0.5851458333333334 0.10399074074074074 0.0021093750000000947 0.00514814814814815
0 0.5726093750000001 0.11074074074074074 0.0024374999999999146 0.0040092592592592706
0 0.5799791666666666 0.1145925925925926 0.0028541666666666763 0.00408333333333333
0 0.5862083333333333 0.11331481481481481 0.0028333333333333617 0.005194444444444457
0 0.6380052083333333 0.16717592592592595 0.0021302083333334092 0.0030833333333333186
0 0.63525 0.16364814814814815 0.0032708333333334376 0.004055555555555551
0 0.6211979166666667 0.16353703703703704 0.0021406250000000665 0.004268518518518531
0 0.627046875 0.1631111111111111 0.0017604166666667235 0.0033425925925926053
0 0.6298125 0.16240740740740742 0.0029739583333333523 0.005092592592592593
0 0.623375 0.16103703703703703 0.0017604166666667235 0.005694444444444423
0 0.618671875 0.16310185185185186 0.0015156249999999242 0.003351851851851856
0 0.6179375 0.16006481481481483 0.0026666666666666098 0.0034537037037037205
0 0.6049791666666666 0.16260185185185186 0.0026354166666666384 0.005462962962962942
0 0.608203125 0.16461111111111112 0.00227604166666661 0.0038796296296296274
0 0.6103333333333333 0.16306481481481483 0.0018020833333333524 0.0033148148148148
0 0.6139479166666667 0.1628611111111111 0.0019791666666667614 0.003111111111111124
0 0.8720833333333334 0.1218425925925926 0.003786458333333324 0.003777777777777763
0 0.61184375 0.1627685185185185 0.0017135416666666477 0.002675925925925913
0 0.8792500000000001 0.12223148148148147 0.002640625000000085 0.0029907407407407578
0 0.8834739583333333 0.12318518518518518 0.0025520833333333806 0.002611111111111105
0 0.9029583333333334 0.12314814814814815 0.002505208333333305 0.002879629629629642
0 0.9053541666666667 0.1231388888888889 0.002671875000000057 0.003472222222222222