0 0.31265624999999997 0.45496296296296296 0.004901041666666709 0.006888888888888939
0 0.2935052083333333 0.476712962962963 0.003531249999999986 0.005074074074074091
0 0.3465729166666666 0.45193518518518516 0.004359374999999943 0.008046296296296346
0 0.36408854166666665 0.453 0.0036458333333333334 0.005935185185185155
0 0.37427604166666667 0.4406111111111111 0.004489583333333277 0.005305555555555572
0 0.39324479166666665 0.4246388888888889 0.004062499999999977 0.005129629629629596
0 0.39842187500000004 0.42734259259259255 0.002749999999999986 0.00544444444444444
0 0.40391666666666665 0.4343796296296296 0.003015624999999981 0.005546296296296304
0 0.4176614583333333 0.44608333333333333 0.004770833333333376 0.007768518518518506
0 0.42939062499999997 0.37175 0.004645833333333372 0.006499999999999983
0 0.47981250000000003 0.40155555555555555 0.0032760416666666476 0.007666666666666641
0 0.47905729166666666 0.36739814814814814 0.003442708333333281 0.006277777777777753
0 0.48672916666666666 0.3609074074074074 0.002817708333333376 0.004722222222222243
0 0.49376041666666665 0.3664814814814815 0.0047239583333333005 0.006981481481481448
0 0.5244947916666667 0.4362407407407407 0.004494791666666723 0.006722222222222214
0 0.5286770833333333 0.4341111111111111 0.005020833333333386 0.00770370370370375
0 0.5334114583333334 0.43242592592592594 0.0057864583333333405 0.0076944444444443936
0 0.5421510416666667 0.4319722222222222 0.006416666666666752 0.0073240740740740445
0 0.5604270833333334 0.41407407407407404 0.004166666666666667 0.0072870370370370415
0 0.5710052083333333 0.3948240740740741 0.0031614583333334184 0.0060555555555555215
0 0.6045416666666666 0.45563888888888887 0.006145833333333428 0.006555555555555593
0 0.6053802083333333 0.43607407407407406 0.004489583333333277 0.006398148148148119
0 0.6088125000000001 0.44185185185185183 0.004677083333333343 0.005240740740740712
0 0.6287552083333333 0.4007222222222222 0.0038229166666667426 0.005157407407407453
0 0.5980520833333334 0.39258333333333334 0.0036458333333333334 0.005398148148148186
0 0.5756666666666667 0.3838888888888889 0.0034270833333332955 0.004509259259259263
0 0.5347708333333333 0.37449074074074074 0.0028854166666666477 0.003944444444444436
0 0.5799895833333333 0.34008333333333335 0.0030208333333334282 0.0037407407407407073
0 0.593734375 0.34364814814814815 0.003119791666666553 0.004092592592592555
0 0.5605833333333333 0.31260185185185185 0.003281250000000095 0.0038518518518518225
0 0.6070781249999999 0.2929351851851852 0.003119791666666553 0.003898148148148182
0 0.52509375 0.31889814814814815 0.0028281250000000333 0.004999999999999979
0 0.6156614583333333 0.3034537037037037 0.0026510416666667425 0.004175925925925917
0 0.6438489583333333 0.2997592592592593 0.002328124999999896 0.003981481481481439
0 0.6404947916666667 0.33637962962962964 0.004192708333333428 0.004814814814814857
0 0.6394375 0.34014814814814814 0.003640624999999886 0.005453703703703691
0 0.6510729166666667 0.32964814814814813 0.0022447916666666384 0.00447222222222226
0 0.6569583333333333 0.3914722222222222 0.0035260416666666574 0.004861111111111111
0 0.6620364583333332 0.40752777777777777 0.0024791666666667805 0.0035092592592592254
0 0.6651354166666666 0.40175925925925926 0.003921875000000104 0.0038425925925925715
0 0.6668020833333334 0.4038333333333333 0.0048958333333333805 0.004305555555555535
0 0.6905 0.32412962962962966 0.003182291666666733 0.0069907407407406984
0 0.6813541666666667 0.32323148148148145 0.0037135416666667235 0.0068981481481481905
0 0.6687083333333333 0.3279814814814815 0.003911458333333447 0.005361111111111078
0 0.6674166666666667 0.3112592592592593 0.0039531250000000755 0.004546296296296267
0 0.6089947916666667 0.26810185185185187 0.00408854166666662 0.0037777777777778156
0 0.6233541666666667 0.2663981481481481 0.0025520833333333806 0.004194444444444419
0 0.5818854166666667 0.25585185185185183 0.0034843750000000282 0.004694444444444491
0 0.5740833333333334 0.2549166666666667 0.0036041666666667047 0.003685185185185202
0 0.56175 0.2528888888888889 0.003234375000000019 0.0038518518518518225
0 0.6896770833333333 0.3187962962962963 0.002968749999999905 0.004361111111111145
0 0.6754635416666667 0.3326388888888889 0.004083333333333409 0.0036759259259259514
0 0.6871354166666667 0.34067592592592594 0.0028854166666666477 0.006203703703703746
0 0.6897760416666666 0.33382407407407405 0.003166666666666629 0.007305555555555543
0 0.6940208333333333 0.33959259259259256 0.004265625000000028 0.0040277777777777985
0 0.6992760416666666 0.3438703703703704 0.002630208333333428 0.006231481481481498
0 0.7036927083333333 0.3409814814814815 0.0035989583333332575 0.0051018518518518435
0 0.7132604166666667 0.3402685185185185 0.0048697916666666195 0.005805555555555539
0 0.7097760416666666 0.34337962962962965 0.0033802083333332195 0.004833333333333359
0 0.7083645833333333 0.3539259259259259 0.0029322916666667236 0.003898148148148182
0 0.716046875 0.35281481481481486 0.0030572916666666097 0.006324074074074112
0 0.7030104166666666 0.33555555555555555 0.0027135416666666857 0.003157407407407378
0 0.704953125 0.3308888888888889 0.0032604166666667803 0.0069537037037036955
0 0.7161770833333333 0.4040277777777778 0.0033125000000000663 0.004555555555555518
0 0.715234375 0.4073425925925926 0.004531249999999905 0.0035648148148148357
0 0.7259583333333333 0.42639814814814814 0.004536458333333352 0.003981481481481439
0 0.7192864583333333 0.4448611111111111 0.002619791666666771 0.005750000000000034
0 0.7273333333333334 0.4449074074074074 0.0031718750000000757 0.005555555555555556
0 0.7244062499999999 0.46170370370370367 0.00404166666666678 0.009361111111111124
0 0.7280104166666667 0.46225925925925926 0.0037604166666665626 0.008592592592592567
0 0.7329322916666666 0.45932407407407405 0.002515624999999962 0.004592592592592626
0 0.7351979166666667 0.4560925925925926 0.005140624999999943 0.0036481481481481985
0 0.7378750000000001 0.447537037037037 0.004067708333333305 0.003898148148148182
0 0.7416041666666667 0.408962962962963 0.005088541666666657 0.004685185185185134
0 0.7477135416666666 0.41032407407407406 0.0034947916666666855 0.0040277777777777985
0 0.750484375 0.41537962962962965 0.004786458333333362 0.006203703703703746
0 0.7469947916666667 0.4507129629629629 0.004197916666666638 0.004740740740740745
0 0.743484375 0.45751851851851855 0.0036041666666667047 0.004814814814814857
0 0.743015625 0.46994444444444444 0.004338541666666629 0.005509259259259301
0 0.7311093750000001 0.47548148148148145 0.006010416666666647 0.005574074074074057
0 0.7520260416666668 0.4627685185185185 0.004010416666666572 0.0047129629629629926
0 0.7649010416666666 0.4787037037037037 0.004036458333333334 0.005657407407407315
0 0.7611145833333333 0.4810925925925926 0.0033697916666665623 0.0062129629629629965
0 0.7666354166666667 0.5052592592592592 0.006067708333333381 0.008805555555555547
0 0.7769322916666667 0.4789722222222222 0.0047499999999999435 0.005777777777777786
0 0.7071875 0.5381851851851852 0.005109374999999972 0.00517592592592585
0 0.7141406250000001 0.5640925925925926 0.006869791666666695 0.007027777777777702
0 0.7221822916666666 0.5502962962962964 0.005796875000000057 0.005685185185185277
0 0.72865625 0.5565555555555556 0.0060781250000000375 0.00635185185185176
0 0.7238906249999999 0.5797592592592592 0.005635416666666752 0.006583333333333241
0 0.7150052083333333 0.5819074074074074 0.005739583333333324 0.005370370370370328
0 0.7671666666666667 0.5654814814814815 0.003182291666666733 0.006527777777777736
0 0.78334375 0.5465555555555556 0.003755208333333352 0.006685185185185211
0 0.7832604166666666 0.5638703703703704 0.0050156250000000565 0.005731481481481532
0 0.7725572916666666 0.575212962962963 0.006005208333333438 0.005953703703703762
0 0.7925520833333334 0.5628796296296296 0.006203124999999924 0.005870370370370295
0 0.8079270833333333 0.5775185185185185 0.006453124999999934 0.005074074074074091
0 0.7870520833333334 0.5788796296296297 0.004020833333333229 0.007787037037037113
0 0.7837135416666666 0.6002037037037037 0.004729166666666629 0.006805555555555471
0 0.7467552083333333 0.6104537037037037 0.0039531250000000755 0.008675925925925825
0 0.7543593749999999 0.6291388888888889 0.003682291666666752 0.007509259259259167
0 0.76515625 0.6118425925925925 0.0038281249999999527 0.007629629629629638
0 0.7778645833333333 0.6236111111111111 0.003989583333333257 0.007453703703703661
0 0.7834427083333334 0.6426944444444445 0.004182291666666771 0.008361111111111087
0 0.8120677083333334 0.640324074074074 0.005687500000000038 0.008685185185185287
0 0.798046875 0.6285648148148149 0.004322916666666761 0.008055555555555597
0 0.8031302083333334 0.5367037037037037 0.006151041666666638 0.005620370370370311
0 0.6604895833333334 0.5390092592592592 0.0048177083333333336 0.005240740740740817
0 0.68103125 0.8969722222222223 0.005531249999999943 0.010259259259259192
0 0.6914114583333333 0.8722592592592592 0.004359374999999943 0.01034259259259266
0 0.661671875 0.43455555555555553 0.00234375 0.0038333333333333205
0 0.6798541666666666 0.3364259259259259 0.001947916666666553 0.004175925925925917