0 0.3316614583333333 0.9494351851851853 0.00670833333333339 0.019240740740740822
0 0.2781041666666667 0.9645925925925926 0.011130208333333277 0.010083333333333215
0 0.2953072916666667 0.9347222222222222 0.008651041666666614 0.017500000000000085
0 0.282359375 0.925861111111111 0.005119791666666628 0.014055555555555614
0 0.27126041666666667 0.8952314814814815 0.007911458333333362 0.010759259259259158
0 0.29025 0.9228240740740741 0.009213541666666695 0.008472222222222306
0 0.30109895833333333 0.9063240740740741 0.009385416666666656 0.007240740740740682
0 0.2908385416666667 0.873462962962963 0.007041666666666657 0.013018518518518468
0 0.35288020833333333 0.8352685185185186 0.004427083333333333 0.012685185185185228
0 0.33815625 0.8163333333333334 0.007005208333333357 0.010925925925925884
0 0.36633333333333334 0.7328518518518519 0.004359374999999943 0.011833333333333309
0 0.348171875 0.46950925925925924 0.0060520833333332765 0.006351851851851865
0 0.3919583333333333 0.47895370370370366 0.005197916666666676 0.006611111111111204
0 0.40834895833333335 0.45841666666666664 0.004656250000000028 0.006509259259259234
0 0.4296666666666667 0.49011111111111116 0.0040729166666666336 0.007175925925925926
0 0.4355572916666667 0.4896666666666667 0.0026666666666666098 0.004898148148148114
0 0.4323802083333333 0.48564814814814816 0.003562499999999957 0.00818518518518511
0 0.43707291666666664 0.48541666666666666 0.004880208333333276 0.005935185185185261
0 0.4526354166666666 0.4831111111111111 0.003463541666666714 0.008685185185185287
0 0.46532291666666664 0.4696018518518519 0.003598958333333376 0.0058703703703704
0 0.47177604166666665 0.46685185185185185 0.003286458333333305 0.00764814814814814
0 0.43977083333333333 0.5652222222222223 0.003677083333333305 0.007879629629629622
0 0.44340104166666666 0.5633703703703704 0.0037656250000000094 0.007861111111111119
0 0.475421875 0.5692037037037038 0.003333333333333381 0.009250000000000008
0 0.4691458333333333 0.5332962962962964 0.004000000000000033 0.008361111111111087
0 0.4647604166666667 0.5341111111111111 0.003328125000000052 0.007972222222222129
0 0.46016666666666667 0.537 0.003786458333333324 0.006546296296296238
0 0.45331770833333335 0.5366666666666667 0.004546875000000009 0.007833333333333367
0 0.45051562500000003 0.5405648148148148 0.004562499999999995 0.00625
0 0.4436875 0.5352592592592593 0.0047239583333333005 0.010212962962962938
0 0.4463125 0.5390740740740741 0.004130208333333367 0.00506481481481484
0 0.44766666666666666 0.5343703703703704 0.0032291666666666905 0.006203703703703746
0 0.49584374999999997 0.6125648148148148 0.004598958333333295 0.008564814814814815
0 0.49884375 0.6075277777777778 0.0037187500000000523 0.005425925925925833
0 0.5090520833333333 0.5633981481481481 0.006088541666666695 0.00850925925925931
0 0.4976041666666667 0.5648518518518518 0.004338541666666629 0.007268518518518435
0 0.5398020833333333 0.5630370370370371 0.007848958333333418 0.00840740740740734
0 0.530203125 0.5384814814814814 0.0042604166666667 0.00625
0 0.5388385416666667 0.5034814814814814 0.003734375000000038 0.005972222222222264
0 0.5479583333333333 0.5029814814814815 0.0031614583333334184 0.006962962962962946
0 0.5652708333333333 0.4780277777777778 0.003890624999999896 0.007249999999999933
0 0.5805989583333333 0.48150925925925925 0.0039270833333333146 0.009398148148148232
0 0.5814114583333333 0.47335185185185186 0.005562499999999915 0.005037037037037087
0 0.59390625 0.4908518518518519 0.0038229166666667426 0.005592592592592559
0 0.6000989583333334 0.49260185185185185 0.003067708333333267 0.0045740740740741245
0 0.5412604166666667 0.41783333333333333 0.004468749999999962 0.0069351851851851935
0 0.5918541666666666 0.378 0.0028177083333332576 0.006379629629629617
0 0.593421875 0.3744444444444444 0.0024739583333333332 0.004398148148148148
0 0.6224635416666667 0.3594907407407407 0.0025312500000000664 0.004537037037037016
0 0.6367499999999999 0.3394814814814815 0.004187499999999981 0.005694444444444423
0 0.6441250000000001 0.33325925925925926 0.0029270833333332764 0.005731481481481532
0 0.64859375 0.32413888888888887 0.003291666666666752 0.005787037037037037
0 0.6410416666666666 0.3106574074074074 0.00397395833333339 0.005462962962962942
0 0.6665989583333333 0.3300277777777778 0.0030937500000000283 0.0047499999999999955
0 0.6466666666666666 0.2831666666666667 0.0024947916666666478 0.004212962962962921
0 0.6697239583333333 0.28924074074074074 0.002895833333333305 0.004287037037037033
0 0.675875 0.2914907407407407 0.002901041666666752 0.0036481481481481985
0 0.6849427083333333 0.2920740740740741 0.0017656249999999337 0.0037592592592592088
0 0.6700364583333334 0.24787962962962962 0.0037708333333332194 0.004898148148148114
0 0.6804322916666667 0.2547037037037037 0.002734375 0.004453703703703653
0 0.6814635416666667 0.25075000000000003 0.0038281249999999527 0.005833333333333291
0 0.6179739583333334 0.23437037037037037 0.0037447916666666953 0.003944444444444436
0 0.6302916666666667 0.23041666666666666 0.003333333333333381 0.003962962962962938
0 0.6313489583333334 0.2271388888888889 0.003807291666666638 0.003222222222222239
0 0.6816875 0.272074074074074 0.002223958333333324 0.004629629629629629
0 0.686328125 0.2643425925925926 0.002744791666666657 0.004083333333333304
0 0.6841458333333333 0.26569444444444446 0.0028593749999998863 0.005370370370370328
0 0.7038541666666667 0.2653425925925926 0.0028385416666665718 0.006314814814814861
0 0.683890625 0.27381481481481484 0.0023177083333332385 0.006425925925925976
0 0.6849531249999999 0.2745648148148148 0.003187499999999943 0.0037407407407407073
0 0.7116614583333334 0.2456759259259259 0.003166666666666629 0.0045740740740741245
0 0.7181562499999999 0.2281574074074074 0.0024843749999999905 0.004287037037037033
0 0.727328125 0.22956481481481483 0.0033802083333332195 0.004194444444444419
0 0.7388385416666666 0.22242592592592592 0.0029322916666667236 0.004537037037037016
0 0.7211822916666667 0.24519444444444444 0.0032239583333333616 0.0034629629629629715
0 0.7176458333333334 0.24722222222222223 0.0031979166666666003 0.005425925925925938
0 0.7141822916666667 0.2533148148148148 0.005265625000000066 0.005092592592592593
0 0.7183333333333334 0.25575 0.0020833333333333333 0.0032499999999999916
0 0.72096875 0.2552037037037037 0.003854166666666714 0.0043425925925926435
0 0.7247239583333334 0.2525648148148148 0.005343750000000114 0.006148148148148135
0 0.72003125 0.2489722222222222 0.0029895833333332196 0.003601851851851839
0 0.7401458333333333 0.26043518518518516 0.0026666666666666098 0.00500925925925923
0 0.7417916666666666 0.2600648148148148 0.002515624999999962 0.0036666666666667004
0 0.7470104166666667 0.2700092592592593 0.0030260416666666383 0.0060370370370370205
0 0.74621875 0.26291666666666663 0.0030416666666667424 0.005620370370370417
0 0.7537604166666667 0.26087962962962963 0.0032239583333333616 0.004814814814814857
0 0.7461510416666666 0.2553333333333333 0.003072916666666714 0.0049629629629629754
0 0.7561510416666667 0.2556296296296296 0.00390625 0.0069351851851851935
0 0.7624322916666666 0.2580925925925926 0.0023802083333334186 0.0035092592592592254
0 0.7635989583333332 0.26086111111111115 0.0023333333333333426 0.003472222222222222
0 0.7663541666666667 0.26019444444444445 0.002291666666666714 0.003416666666666717
0 0.7683385416666667 0.26154629629629633 0.0030208333333334282 0.004175925925925917
0 0.7737499999999999 0.2574722222222222 0.0027656249999999717 0.003287037037036995
0 0.7727343750000001 0.2532685185185185 0.003416666666666638 0.004305555555555535
0 0.7764635416666666 0.253712962962963 0.0030520833333333997 0.004500000000000013
0 0.7783541666666667 0.2563796296296296 0.003333333333333381 0.004083333333333304
0 0.7632395833333334 0.24389814814814817 0.0036093749999999147 0.0043425925925926435
0 0.7672864583333333 0.24196296296296296 0.0019166666666665813 0.003962962962962938
0 0.7676197916666666 0.24606481481481482 0.003677083333333305 0.00523148148148146
0 0.7721250000000001 0.24474074074074073 0.0036614583333334375 0.004398148148148148
0 0.784109375 0.2252962962962963 0.0031510416666667616 0.005370370370370381
0 0.8778385416666666 0.27458333333333335 0.003083333333333371 0.004361111111111145
0 0.8795416666666667 0.2713611111111111 0.0038281249999999527 0.004212962962962921
0 0.9766979166666666 0.36464814814814817 0.005499999999999972 0.008046296296296346
0 0.9867135416666667 0.240712962962963 0.003296874999999962 0.004370370370370396
0 0.9559479166666667 0.237712962962963 0.003291666666666752 0.004722222222222243
0 0.9126822916666666 0.28980555555555554 0.0017135416666666477 0.0037592592592592088
0 0.9172916666666667 0.2918425925925926 0.0022031250000000093 0.003601851851851839
0 0.9180677083333334 0.28888888888888886 0.0021666666666665907 0.0033240740740741034
0 0.9241666666666667 0.28935185185185186 0.002057291666666572 0.00425000000000003
0 0.934171875 0.2920277777777778 0.0025468749999999337 0.005925925925925905
0 0.9319427083333333 0.29041666666666666 0.0017291666666667518 0.003555555555555585
0 0.9314635416666667 0.23562962962962963 0.0027552083333333144 0.004074074074074079
0 0.9276458333333333 0.23620370370370372 0.003062500000000057 0.003824074074074096
0 0.9251666666666666 0.23797222222222222 0.0030885416666665815 0.004657407407407382
0 0.9015000000000001 0.23150925925925925 0.002776041666666629 0.004999999999999979
0 0.8719114583333333 0.23866666666666667 0.002744791666666657 0.004509259259259263
0 0.92296875 0.24259259259259258 0.003625000000000019 0.004592592592592626
0 0.9199895833333334 0.24119444444444446 0.0020416666666667046 0.003925925925925934
0 0.9184114583333333 0.23677777777777778 0.002848958333333229 0.004249999999999977
0 0.92209375 0.23522222222222222 0.004265625000000028 0.0032592592592592426
0 0.9683697916666667 0.21407407407407406 0.002729166666666553 0.004018518518518495
0 0.9940520833333333 0.2236851851851852 0.0024895833333334377 0.003481481481481473
0 0.9917864583333333 0.22325925925925927 0.0019270833333332386 0.0033425925925926053
0 0.8441875 0.23077777777777778 0.0028749999999999904 0.00425925925925928
0 0.8445364583333334 0.22168518518518518 0.0019791666666667614 0.0037222222222222053
0 0.8396458333333333 0.2199537037037037 0.002119791666666752 0.003768518518518512
0 0.8376041666666667 0.21630555555555556 0.002401041666666733 0.004240740740740726
0 0.83453125 0.21991666666666665 0.0026093750000001138 0.003703703703703704
0 0.8179010416666667 0.18475925925925926 0.0021406250000000665 0.004083333333333356
0 0.83821875 0.18571296296296297 0.002453125000000019 0.004249999999999977
0 0.8102552083333333 0.2334537037037037 0.00220833333333322 0.00433333333333334
0 0.8061302083333334 0.23710185185185184 0.0030572916666666097 0.004444444444444429
0 0.8019375 0.2367962962962963 0.002515624999999962 0.00382407407407407
0 0.7989479166666666 0.2358333333333333 0.0026093750000001138 0.0037129629629629544
0 0.7971874999999999 0.23446296296296296 0.0018593750000000854 0.0036666666666666475
0 0.8241354166666667 0.23200925925925925 0.002156249999999934 0.003694444444444453
0 0.8229739583333333 0.21788888888888888 0.0023645833333333145 0.0033333333333333544
0 0.8257187500000001 0.20435185185185184 0.002291666666666714 0.004129629629629611
0 0.8193020833333333 0.2086574074074074 0.0026093750000001138 0.0037407407407407597
0 0.8189479166666668 0.2057037037037037 0.002395833333333286 0.0032407407407407406
0 0.8147395833333333 0.18412962962962964 0.002328124999999896 0.003694444444444453
0 0.8453125 0.19828703703703704 0.002286458333333267 0.0036759259259259514
0 0.8620260416666666 0.21266666666666667 0.0023333333333333426 0.00412037037037036
0 0.83178125 0.21724074074074073 0.0035416666666667615 0.0033796296296296087
0 0.82940625 0.2124074074074074 0.0025833333333333524 0.00764814814814814
0 0.8148593749999999 0.20466666666666666 0.0028229166666667044 0.003851851851851875
0 0.812125 0.20525925925925925 0.0038958333333333427 0.004175925925925917
0 0.8124583333333334 0.2088425925925926 0.002739583333333447 0.00352777777777778
0 0.8062135416666667 0.21507407407407408 0.0024739583333333332 0.004444444444444455
0 0.8031041666666667 0.2241203703703704 0.002572916666666695 0.0036666666666666475
0 0.79103125 0.22351851851851853 0.0032083333333332575 0.0029074074074073946
0 0.7670833333333333 0.2159074074074074 0.0020885416666667806 0.0034074074074074137
0 0.7757604166666667 0.23083333333333333 0.002510416666666752 0.00361111111111109
0 0.7751979166666667 0.24067592592592593 0.0021354166666666193 0.004407407407407399
0 0.7849322916666667 0.23230555555555554 0.0026458333333332956 0.003851851851851875
0 0.7890052083333334 0.2335925925925926 0.0021927083333333525 0.0037129629629629544
0 0.7903385416666667 0.2356111111111111 0.002723958333333343 0.003925925925925908
0 0.792875 0.23588888888888887 0.0018020833333333524 0.002305555555555564
0 0.794171875 0.23475000000000001 0.002401041666666733 0.0035740740740740867
0 0.8068697916666667 0.2593888888888889 0.0028229166666667044 0.0030185185185185102
0 0.8096927083333333 0.22005555555555556 0.0037083333333332766 0.004601851851851877
0 0.8143125 0.22146296296296297 0.002567708333333248 0.003916666666666684
0 0.8168802083333334 0.22537962962962962 0.0016354166666666004 0.0030000000000000083
0 0.81809375 0.22423148148148148 0.002734375 0.003268518518518493
0 0.817921875 0.22130555555555556 0.0021666666666665907 0.00352777777777778
0 0.817203125 0.21441666666666667 0.002057291666666572 0.003935185185185185
0 0.8141614583333333 0.214 0.0026354166666666384 0.003694444444444453
0 0.7824895833333334 0.23854629629629628 0.00234375 0.0032499999999999916
0 0.8028229166666667 0.2206111111111111 0.0023177083333332385 0.003268518518518493
0 0.8020885416666667 0.21728703703703703 0.0021145833333333047 0.003351851851851856
0 0.7963177083333334 0.21644444444444444 0.0020833333333333333 0.0047870370370370514
0 0.79453125 0.21766666666666667 0.0021874999999999052 0.0030833333333333186
0 0.793359375 0.2151574074074074 0.0021666666666665907 0.0035833333333333377
0 0.7721510416666667 0.23485185185185184 0.0019843749999999714 0.0030277777777777608
0 0.7705572916666666 0.2323425925925926 0.0020989583333334374 0.0031666666666666813
0 0.842171875 0.1765648148148148 0.0031614583333334184 0.0031574074074074304
0 0.851890625 0.1784537037037037 0.0018125000000000094 0.0034537037037037205
0 0.8569739583333333 0.1776111111111111 0.0017812500000000378 0.0031388888888888764
0 0.8575572916666666 0.18985185185185185 0.0021614583333333806 0.003222222222222239
0 0.858609375 0.1928888888888889 0.0028020833333333903 0.00403703703703705
0 0.8572395833333334 0.2125277777777778 0.002520833333333409 0.005046296296296286
0 0.8547395833333333 0.2085925925925926 0.002520833333333409 0.00684259259259258
0 0.763140625 0.21608333333333335 0.003031250000000085 0.0036759259259259514
0 0.760546875 0.21512962962962964 0.0028177083333332576 0.004296296296296283
0 0.7569947916666667 0.21586111111111111 0.002796874999999943 0.004500000000000013
0 0.7593645833333333 0.22098148148148147 0.002812500000000047 0.003805555555555568
0 0.7574062500000001 0.22382407407407406 0.002682291666666714 0.003601851851851839
0 0.7778072916666667 0.23871296296296296 0.0025520833333333806 0.004453703703703679
0 0.7792760416666666 0.23319444444444443 0.002994791666666667 0.004342592592592591
0 0.7811145833333334 0.2359074074074074 0.0020625000000000187 0.0036203703703703936
0 0.7841197916666667 0.236 0.0021145833333333047 0.0031203703703703745
0 0.793734375 0.22640740740740742 0.003098958333333239 0.005453703703703691
0 0.7994114583333333 0.2142962962962963 0.002395833333333286 0.005370370370370381
0 0.8018125 0.21406481481481482 0.00241145833333339 0.003685185185185202
0 0.8292135416666666 0.23362037037037037 0.0032499999999998862 0.0063703703703703665
0 0.831421875 0.2323611111111111 0.0029270833333332764 0.0040462962962963004
0 0.8317395833333333 0.2277962962962963 0.003859374999999924 0.004435185185185204
0 0.7678385416666667 0.2299351851851852 0.003072916666666714 0.005037037037037035
0 0.7652239583333333 0.22646296296296298 0.0019427083333333427 0.003925925925925934
0 0.76275 0.22795370370370371 0.002734375 0.0049629629629629754
0 0.7635729166666666 0.22420370370370368 0.0019374999999998957 0.003777777777777763
0 0.7609479166666666 0.2252685185185185 0.0020937499999999906 0.0028055555555555303
0 0.76171875 0.22289814814814815 0.002239583333333428 0.003657407407407397
0 0.8492135416666666 0.18032407407407408 0.0024166666666666004 0.004462962962962957
0 0.8755104166666666 0.2079814814814815 0.0019427083333333427 0.0037962962962963176
0 0.8719114583333333 0.20939814814814817 0.0023645833333333145 0.003472222222222222
0 0.8673489583333333 0.20850925925925926 0.002124999999999962 0.003055555555555566
0 0.8831979166666667 0.20549074074074075 0.002072916666666676 0.0033425925925926053
0 0.8700677083333334 0.19328703703703703 0.0022708333333334 0.0037870370370370137
0 0.8643645833333333 0.19221296296296297 0.0026354166666666384 0.0032407407407407406
0 0.8725885416666667 0.19801851851851854 0.0018020833333333524 0.0026574074074074117
0 0.8743177083333333 0.19897222222222222 0.0020416666666667046 0.003111111111111124
0 0.88478125 0.20158333333333334 0.0019843749999999714 0.003055555555555566
0 0.8867499999999999 0.1986388888888889 0.0017552083333332764 0.003870370370370377
0 0.8893333333333333 0.20485185185185187 0.002359375000000104 0.004305555555555535
0 0.8830520833333334 0.19433333333333333 0.001895833333333267 0.003361111111111107
0 0.8801666666666667 0.19547222222222224 0.001677083333333229 0.0031666666666666813
0 0.878484375 0.19617592592592592 0.0018802083333333997 0.0028240740740740847
0 0.8803072916666667 0.19028703703703703 0.0021614583333333806 0.0030277777777777608
0 0.8661614583333334 0.18512962962962962 0.0017552083333332764 0.0030092592592592593
0 0.8684375000000001 0.1796851851851852 0.0023177083333332385 0.0036296296296296445
0 0.8682604166666666 0.18519444444444444 0.002156249999999934 0.004175925925925917
0 0.8715572916666667 0.18537037037037035 0.0026510416666667425 0.0031759259259259323
0 0.8726354166666667 0.18166666666666664 0.002338541666666553 0.003870370370370377
0 0.8761093750000001 0.18158333333333335 0.0027031250000000284 0.003962962962962938
0 0.8774895833333333 0.18087037037037038 0.002119791666666752 0.003324074074074051
0 0.8613125 0.19501851851851854 0.0018229166666666667 0.003703703703703704
0 0.8625989583333333 0.19618518518518518 0.0013802083333333806 0.003194444444444434
0 0.8638385416666666 0.19733333333333333 0.0017031249999999905 0.0030185185185185102
0 0.866359375 0.1998888888888889 0.001843749999999981 0.003222222222222239
0 0.8659114583333333 0.19730555555555557 0.0016562499999999147 0.0036666666666666475
0 0.88146875 0.18312962962962964 0.0038437500000000568 0.007101851851851867
0 0.8885416666666667 0.18673148148148147 0.0023697916666667613 0.002888888888888893
0 0.8898854166666667 0.1879722222222222 0.002796874999999943 0.002620370370370356
0 0.891375 0.18612037037037035 0.0028541666666666763 0.0027870370370370284
0 0.8842239583333333 0.18050925925925926 0.0017083333333334375 0.0031203703703703745
0 0.8847968749999999 0.1838425925925926 0.002520833333333409 0.002712962962962969
0 0.8862708333333333 0.18129629629629632 0.0021614583333333806 0.004703703703703689
0 0.8907708333333333 0.18157407407407408 0.0028697916666667804 0.004666666666666685
0 0.8946354166666667 0.18825925925925927 0.002124999999999962 0.0027870370370370284
0 0.8979010416666667 0.1895648148148148 0.001776041666666591 0.0032499999999999916
0 0.8963333333333333 0.18736111111111112 0.002286458333333267 0.0035092592592592784
0 0.8946302083333334 0.18473148148148147 0.0022447916666666384 0.0023796296296296235
0 0.8946302083333334 0.18237037037037038 0.0017552083333332764 0.003148148148148127
0 0.896015625 0.18337037037037035 0.0018020833333333524 0.0026481481481481607
0 0.8968802083333334 0.18072222222222223 0.0022031250000000093 0.002740740740740722
0 0.9125677083333333 0.18239814814814817 0.0021874999999999052 0.002759259259259276
0 0.9163593750000001 0.18300925925925926 0.002171875000000038 0.0024999999999999896
0 0.9315572916666667 0.19576851851851854 0.00220833333333322 0.0032870370370370475
0 0.92440625 0.19673148148148148 0.0025833333333333524 0.00352777777777778
0 0.9321406250000001 0.18578703703703706 0.0020364583333332574 0.0029629629629629524
0 0.9728385416666666 0.19274999999999998 0.002630208333333428 0.0040277777777777985
0 0.9808333333333333 0.20237037037037037 0.0018593750000000854 0.0029351851851852
0 0.9925729166666667 0.20276851851851851 0.0018906250000000568 0.003388888888888912
0 0.9019635416666667 0.1808796296296296 0.0022500000000000853 0.003046296296296315
0 0.9003229166666666 0.18203703703703702 0.0016562499999999147 0.0022870370370370622
0 0.8992604166666667 0.1835 0.001776041666666591 0.0028240740740740847
0 0.9552604166666666 0.19530555555555557 0.002286458333333267 0.0037962962962963176
0 0.9577864583333333 0.19693518518518519 0.0022552083333332953 0.0033796296296296087
0 0.960578125 0.19800925925925925 0.002442708333333362 0.0035648148148148357
0 0.962796875 0.19674074074074074 0.0027500000000001044 0.004129629629629611
0 0.9630937500000001 0.19310185185185186 0.0019114583333333713 0.002768518518518527
0 0.961171875 0.19123148148148147 0.0018749999999999527 0.003268518518518493
0 0.954828125 0.1891388888888889 0.0013177083333334376 0.002574074074074049
0 0.9560104166666666 0.19155555555555556 0.0016927083333333334 0.002574074074074049
0 0.9595416666666666 0.19142592592592594 0.0015000000000000568 0.0023240740740740656
0 0.957421875 0.19301851851851853 0.0014375000000001136 0.0032592592592592426
0 0.9589114583333332 0.19367592592592592 0.0017447916666666194 0.0022129629629629504
0 0.9658489583333334 0.19873148148148148 0.0020416666666667046 0.0034629629629629715
0 0.9672447916666667 0.19662962962962965 0.0021666666666665907 0.003222222222222239
0 0.9684062499999999 0.19912962962962963 0.0020364583333332574 0.002981481481481507
0 0.9695520833333333 0.1939074074074074 0.001666666666666572 0.0029074074074073946
0 0.9710208333333333 0.19648148148148148 0.001848958333333428 0.0030092592592592593
0 0.9671354166666667 0.19230555555555556 0.002390625000000076 0.003268518518518493
0 0.9851093750000001 0.20059259259259257 0.0018802083333333997 0.0032407407407407406
0 0.9866927083333333 0.19802777777777777 0.0019374999999998957 0.0024629629629629862
0 0.987515625 0.1998425925925926 0.0017500000000000664 0.002601851851851854
0 0.9955364583333334 0.20398148148148149 0.002286458333333267 0.0029166666666666455
0 0.9771510416666668 0.20127777777777778 0.0017447916666666194 0.003435185185185166
0 0.9194479166666666 0.18374074074074073 0.0021874999999999052 0.0029907407407407578
0 0.980328125 0.19445370370370368 0.002401041666666733 0.004342592592592591
0 0.9820833333333333 0.1991388888888889 0.0022604166666667425 0.004685185185185187
0 0.983515625 0.19490740740740742 0.0018749999999999527 0.003805555555555568
0 0.9853020833333334 0.19514814814814813 0.0018020833333333524 0.003925925925925934
0 0.9875260416666667 0.19451851851851854 0.001791666666666695 0.0037314814814814563
0 0.9115885416666667 0.1895740740740741 0.002348958333333447 0.004092592592592608
0 0.9121354166666666 0.18686111111111112 0.0016093750000000758 0.0026666666666666622
0 0.9133177083333333 0.18464814814814814 0.0016822916666666761 0.0029351851851852
0 0.9145729166666666 0.18578703703703706 0.0013749999999999338 0.0025370370370370455
0 0.916453125 0.18975 0.0016562499999999147 0.0023703703703703725
0 0.9029479166666667 0.18831481481481482 0.0020104166666667328 0.0029351851851852
0 0.9007135416666666 0.18536111111111112 0.001901041666666714 0.003064814814814817
0 0.8995 0.18694444444444444 0.001734374999999962 0.004101851851851858
0 0.9011614583333334 0.18876851851851853 0.001338541666666752 0.002564814814814798
0 0.90459375 0.1952685185185185 0.0014270833333332197 0.0026296296296296063
0 0.9030416666666666 0.18469444444444444 0.0017135416666666477 0.0030185185185185102
0 0.9179322916666667 0.1925925925925926 0.0021874999999999052 0.002898148148148144
0 0.9186093750000001 0.19117592592592592 0.0016041666666666288 0.0022037037037036995
0 0.9236666666666667 0.19311111111111112 0.0017968749999999053 0.00263888888888891
0 0.925640625 0.19383333333333333 0.0016249999999999431 0.002777777777777778
0 0.9269427083333334 0.19614814814814815 0.0015677083333334471 0.002675925925925913
0 0.9281145833333333 0.19457407407407407 0.0014895833333333996 0.0025370370370370455
0 0.9168125 0.18678703703703703 0.0020156249999999432 0.003046296296296315
0 0.918234375 0.1857037037037037 0.0019843749999999714 0.0031759259259259323
0 0.9087916666666668 0.189 0.0019427083333333427 0.0024074074074074284
0 0.9346875 0.1967962962962963 0.0024166666666666004 0.0032870370370370475
0 0.9749010416666667 0.19994444444444445 0.0024739583333333332 0.005009259259259283
0 0.9729583333333333 0.20141666666666666 0.0021458333333332765 0.0030370370370370117
0 0.9744583333333333 0.19680555555555557 0.0019895833333334187 0.0029351851851852
0 0.9760416666666667 0.19544444444444445 0.002354166666666657 0.0025833333333333524
0 0.9901302083333333 0.19866666666666666 0.0017083333333334375 0.0045555555555555705
0 0.9924895833333333 0.1985462962962963 0.0016822916666666761 0.0022037037037036995
0 0.9063072916666666 0.1913611111111111 0.0020312500000000473 0.0040092592592592445
0 0.9078906250000001 0.18614814814814815 0.0016510416666667045 0.0027037037037037186
0 0.9083749999999999 0.1825 0.0019218750000000284 0.0030740740740740676
0 0.9098802083333334 0.18480555555555556 0.0018593750000000854 0.004388888888888897
0 0.9053697916666666 0.18368518518518517 0.00220833333333322 0.002851851851851837
0 0.9063541666666667 0.18557407407407406 0.0016406250000000474 0.002851851851851837
0 0.9341041666666666 0.19060185185185186 0.0021406250000000665 0.002675925925925913
0 0.935109375 0.19325 0.0015156249999999242 0.002342592592592567
0 0.9366979166666667 0.19349999999999998 0.0013645833333332765 0.0025277777777777946
0 0.9378333333333334 0.19519444444444445 0.001171875 0.0024907407407407387
0 0.9387500000000001 0.19671296296296295 0.0015625 0.002898148148148144
0 0.9274218750000001 0.19069444444444444 0.0018385416666667708 0.0024259259259259303
0 0.9291666666666667 0.1915925925925926 0.0014270833333332197 0.002925925925925949
0 0.931015625 0.19131481481481483 0.00220833333333322 0.0036666666666666475
0 0.9277916666666666 0.18666666666666668 0.0013593750000000663 0.0021666666666666436
0 0.9293072916666667 0.18812962962962965 0.0014739583333332955 0.002055555555555581
0 0.929171875 0.18460185185185185 0.0014375000000001136 0.002351851851851871
0 0.9260937499999999 0.18836111111111112 0.0013697916666667235 0.0025370370370370455
0 0.9242916666666667 0.1845925925925926 0.0014114583333333522 0.002342592592592567
0 0.9250104166666666 0.18652777777777776 0.0013906250000000379 0.0027500000000000254
0 0.9224270833333333 0.18548148148148147 0.001338541666666752 0.0028148148148148338
0 0.9242864583333333 0.18912037037037038 0.0018906250000000568 0.0018796296296296044
0 0.9233958333333334 0.19060185185185186 0.002052083333333362 0.0022500000000000063
0 0.920015625 0.18868518518518518 0.0019322916666666857 0.002351851851851871
0 0.9204218750000001 0.19044444444444444 0.0019635416666666573 0.0024907407407407387
0 0.921484375 0.18724074074074074 0.0029062499999999622 0.003657407407407397
0 0.9448072916666667 0.19098148148148147 0.0018385416666667708 0.0031851851851851833
0 0.9431770833333334 0.1979351851851852 0.0017135416666666477 0.0031759259259259323
0 0.9381354166666667 0.18567592592592594 0.0021927083333333525 0.002981481481481507
0 0.9398854166666666 0.18772222222222223 0.001723958333333305 0.0026574074074074117
0 0.9441614583333333 0.18712962962962962 0.001843749999999981 0.00323148148148149
0 0.9461302083333333 0.19894444444444445 0.0018541666666666383 0.002453703703703683
0 0.9468385416666667 0.19687962962962963 0.0017395833333334091 0.002888888888888893
0 0.9418489583333333 0.19587037037037036 0.0017968749999999053 0.002685185185185164
0 0.9339270833333334 0.18799074074074074 0.0013697916666667235 0.002564814814814798
0 0.9355208333333334 0.18662037037037038 0.0020364583333332574 0.003194444444444434
0 0.9373541666666667 0.18791666666666665 0.0012916666666666762 0.0024166666666666794
0 0.9383541666666667 0.18967592592592591 0.0017187500000000948 0.002564814814814798
0 0.9397239583333333 0.19155555555555556 0.001619791666666733 0.0029537037037037014
0 0.9447135416666667 0.19471296296296295 0.0018177083333332197 0.003101851851851873
0 0.9416458333333334 0.19102777777777777 0.0019843749999999714 0.0030370370370370117
0 0.9470572916666666 0.1935925925925926 0.0017708333333333807 0.002555555555555547
0 0.947484375 0.18822222222222224 0.0019947916666666287 0.0030277777777777608
0 0.947515625 0.19100925925925924 0.0014270833333332197 0.002435185185185181
0 0.9486875 0.19705555555555554 0.0018854166666666097 0.002759259259259276
0 0.95021875 0.19460185185185183 0.0022656249999999526 0.0030092592592592593
0 0.9502708333333333 0.19108333333333333 0.0019166666666665813 0.0032592592592592426
0 0.9519322916666667 0.18862962962962962 0.002505208333333305 0.004018518518518495