0 0.34842708333333333 0.8893055555555556 0.004906250000000038 0.015240740740740775
0 0.39825520833333333 0.5165833333333333 0.004437499999999991 0.005824074074074041
0 0.3826145833333333 0.543962962962963 0.00514583333333339 0.005555555555555556
0 0.47354687500000003 0.5300092592592592 0.003072916666666714 0.006092592592592525
0 0.444140625 0.6236203703703703 0.004416666666666676 0.00538888888888883
0 0.4486041666666667 0.6246574074074074 0.005776041666666624 0.007972222222222129
0 0.4414166666666667 0.618925925925926 0.004182291666666653 0.012694444444444479
0 0.4453697916666667 0.6169166666666667 0.003395833333333324 0.005592592592592559
0 0.45251562500000003 0.6220462962962963 0.004130208333333367 0.010277777777777693
0 0.4600520833333333 0.6196666666666667 0.0039010416666666716 0.00861111111111107
0 0.7983020833333333 0.44752777777777775 0.0034947916666666855 0.005555555555555556
0 0.5029322916666666 0.6545648148148148 0.005083333333333329 0.009611111111111213
0 0.5170885416666666 0.6558611111111111 0.006906249999999995 0.007731481481481397
0 0.47754166666666664 0.6645 0.004625000000000057 0.011537037037037071
0 0.5405260416666666 0.6216944444444444 0.004249999999999924 0.0076944444444443936
0 0.5503177083333333 0.5742592592592592 0.004182291666666771 0.006666666666666709
0 0.551734375 0.6571203703703704 0.006984374999999924 0.007759259259259361
0 0.564390625 0.568574074074074 0.004083333333333409 0.006824074074073973
0 0.5795885416666666 0.5412314814814815 0.004385416666666705 0.009611111111111213
0 0.596703125 0.5447500000000001 0.004666666666666685 0.01002777777777771
0 0.46517708333333335 0.6166666666666667 0.003463541666666714 0.010268518518518443
0 0.47043229166666667 0.6154537037037038 0.003609375000000033 0.009277777777777762
0 0.4356770833333333 0.6582592592592592 0.005187500000000019 0.011194444444444368
0 0.4404583333333333 0.657324074074074 0.004541666666666681 0.00840740740740734
0 0.4514166666666667 0.5494814814814816 0.004057291666666647 0.007231481481481431
0 0.466796875 0.5299444444444444 0.004609374999999953 0.007407407407407408
0 0.4338020833333333 0.552675925925926 0.0046718750000000146 0.007749999999999899
0 0.42469270833333334 0.5579537037037038 0.004010416666666691 0.006962962962962946
0 0.42866666666666664 0.5528333333333333 0.0038437500000000568 0.009240740740740758
0 0.43172916666666666 0.557574074074074 0.002572916666666695 0.006472222222222231
0 0.5561510416666666 0.4643703703703704 0.0036927083333334093 0.005935185185185155
0 0.6049739583333333 0.4131851851851852 0.0025885416666665624 0.005787037037037037
0 0.606875 0.4104259259259259 0.0018645833333332954 0.005342592592592576
0 0.6376979166666668 0.3932685185185185 0.0037499999999999053 0.006314814814814861
0 0.6606458333333334 0.30229629629629634 0.0033645833333333522 0.00501851851851848
0 0.6513697916666668 0.37065740740740744 0.003510416666666553 0.005638888888888918
0 0.6567604166666666 0.33528703703703705 0.0036614583333334375 0.005638888888888918
0 0.685546875 0.35767592592592595 0.0034270833333332955 0.004870370370370362
0 0.7026354166666666 0.3114166666666667 0.0033645833333333522 0.005555555555555556
0 0.5970677083333332 0.5369814814814815 0.00579166666666661 0.0042407407407406734
0 0.6146458333333332 0.5593981481481481 0.0032239583333333616 0.004814814814814857
0 0.6222395833333334 0.5616388888888889 0.00482291666666678 0.005944444444444512
0 0.6645052083333333 0.3526574074074074 0.0022135416666666666 0.005805555555555539
0 0.6613072916666667 0.36135185185185187 0.002614583333333324 0.0037314814814814563
0 0.6936822916666666 0.31212962962962965 0.0024687499999998864 0.003888888888888931
0 0.6277291666666667 0.24677777777777776 0.0029843750000000096 0.003962962962962938
0 0.6415104166666666 0.2383148148148148 0.0030000000000001137 0.003805555555555568
0 0.6828020833333334 0.2618888888888889 0.0037239583333333807 0.0033333333333333544
0 0.6946041666666667 0.26529629629629625 0.0028072916666666003 0.0034537037037037205
0 0.6936197916666667 0.2702407407407407 0.002723958333333343 0.004620370370370379
0 0.7017395833333333 0.2799814814814815 0.0023645833333333145 0.003314814814814853
0 0.6993020833333333 0.2816851851851852 0.0027656249999999717 0.005370370370370328
0 0.69778125 0.29018518518518516 0.001614583333333286 0.005611111111111061
0 0.7011822916666667 0.2910092592592593 0.004260416666666582 0.007250000000000038
0 0.7211562499999999 0.28173148148148147 0.0030937500000000283 0.004120370370370412
0 0.7223958333333333 0.27757407407407403 0.0029322916666667236 0.004527777777777765
0 0.7288802083333333 0.2665648148148148 0.0023177083333332385 0.003305555555555602
0 0.7306197916666667 0.2693333333333333 0.0028749999999999904 0.003907407407407432
0 0.7245 0.25887037037037036 0.0029895833333332196 0.0033240740740741034
0 0.7318645833333334 0.2608240740740741 0.0026354166666666384 0.003888888888888931
0 0.7378333333333333 0.2577222222222222 0.0028697916666667804 0.0043796296296296465
0 0.734859375 0.2625 0.0026979166666665816 0.004824074074074107
0 0.7416927083333333 0.26755555555555555 0.002291666666666714 0.004611111111111128
0 0.7355364583333334 0.26972222222222225 0.0020468749999999146 0.0035740740740740867
0 0.738015625 0.2705092592592592 0.0035572916666666288 0.004907407407407366
0 0.7340312499999999 0.2394259259259259 0.0028177083333332576 0.003351851851851856
0 0.74325 0.24062962962962964 0.0027656249999999717 0.003064814814814764
0 0.755234375 0.23325925925925925 0.0037187499999999335 0.004425925925925901
0 0.7659374999999999 0.2708425925925926 0.002864583333333333 0.004481481481481511
0 0.7662864583333333 0.27849999999999997 0.0028177083333332576 0.004361111111111145
0 0.76765625 0.28644444444444445 0.003296874999999962 0.004833333333333359
0 0.7592291666666667 0.2764722222222222 0.002286458333333267 0.007009259259259305
0 0.7612656250000001 0.2760462962962963 0.0026979166666665816 0.004555555555555518
0 0.773859375 0.2766944444444444 0.003625000000000019 0.0047685185185184975
0 0.776046875 0.2714814814814815 0.0038489583333332672 0.006425925925925976
0 0.7796354166666667 0.25758333333333333 0.002723958333333343 0.004787037037036999
0 0.7837968750000001 0.25865740740740745 0.003125 0.00425000000000003
0 0.7902708333333333 0.2678611111111111 0.003999999999999915 0.004555555555555518
0 0.7898541666666666 0.2576111111111111 0.0035416666666667615 0.004833333333333359
0 0.7872447916666666 0.25472222222222224 0.0028541666666666763 0.003749999999999958
0 0.7942916666666666 0.26852777777777775 0.0029895833333332196 0.003870370370370324
0 0.7947552083333334 0.2718703703703704 0.003244791666666676 0.0035370370370370833
0 0.799515625 0.27062037037037034 0.0024947916666666478 0.003370370370370358
0 0.7736302083333333 0.22522222222222224 0.002786458333333286 0.003111111111111124
0 0.7771197916666667 0.2246203703703704 0.001843749999999981 0.0025833333333333524
0 0.780078125 0.2256388888888889 0.0024843749999999905 0.003268518518518493
0 0.7844895833333333 0.2250740740740741 0.0022500000000000853 0.0028148148148148338
0 0.7770885416666666 0.23047222222222222 0.0021614583333333806 0.002879629629629642
0 0.8020572916666667 0.23560185185185184 0.002901041666666752 0.005287037037037044
0 0.80959375 0.2245462962962963 0.0033593749999999054 0.003703703703703704
0 0.7929375000000001 0.24313888888888888 0.002572916666666695 0.00317592592592588
0 0.7912239583333334 0.2480277777777778 0.002442708333333362 0.0033240740740741034
0 0.7969322916666666 0.24510185185185182 0.0025520833333333806 0.0033425925925926053
0 0.8027447916666667 0.24458333333333332 0.0028593749999998863 0.003555555555555585
0 0.9064166666666666 0.2933611111111111 0.0029218750000000663 0.003499999999999975
0 0.9063645833333334 0.2892037037037037 0.003244791666666676 0.0035740740740740867
0 0.9433333333333334 0.2489259259259259 0.0033281249999999336 0.004703703703703742
0 0.9465104166666667 0.24613888888888888 0.004531249999999905 0.004481481481481511
0 0.9256302083333333 0.2426851851851852 0.0035625000000000756 0.005203703703703708
0 0.9851093750000001 0.24978703703703703 0.00358333333333339 0.0056666666666666705
0 0.9567604166666667 0.24768518518518517 0.003130208333333447 0.0037685185185185647
0 0.9526666666666667 0.24711111111111111 0.003531250000000104 0.004129629629629664
0 0.950875 0.2501111111111111 0.0033802083333332195 0.00479629629629625
0 0.9487447916666666 0.25547222222222227 0.0038437500000000568 0.004064814814814802
0 0.9461770833333334 0.2539166666666667 0.003010416666666771 0.0047685185185184975
0 0.8749427083333334 0.2159074074074074 0.0026666666666666098 0.004324074074074089
0 0.8665677083333333 0.2316111111111111 0.0026666666666666098 0.004425925925925901
0 0.8610052083333334 0.23094444444444442 0.003135416666666657 0.003101851851851873
0 0.8561302083333333 0.23028703703703704 0.0032552083333333335 0.004074074074074053
0 0.867125 0.2422037037037037 0.003348958333333248 0.00425000000000003
0 0.81353125 0.2371759259259259 0.0030781249999999242 0.004870370370370362
0 0.8097760416666666 0.23475925925925925 0.0028697916666667804 0.003861111111111126
0 0.8245416666666666 0.2505833333333333 0.002776041666666629 0.004972222222222227
0 0.8203020833333333 0.24903703703703703 0.0028854166666666477 0.004166666666666667
0 0.8174947916666666 0.24844444444444444 0.0028541666666666763 0.004509259259259263
0 0.8153645833333333 0.24734259259259259 0.002453125000000019 0.002305555555555564
0 0.83128125 0.244712962962963 0.0029374999999999337 0.00544444444444444
0 0.811984375 0.24769444444444444 0.002567708333333248 0.004537037037037016
0 0.809109375 0.24819444444444447 0.0028541666666666763 0.005546296296296304
0 0.8065833333333334 0.24571296296296297 0.002067708333333229 0.0036296296296295916
0 0.7974166666666667 0.25045370370370373 0.0021979166666665625 0.003953703703703687
0 0.8513854166666667 0.24679629629629632 0.0029791666666665623 0.0038333333333333205
0 0.84921875 0.24452777777777776 0.0019947916666666287 0.0032499999999999916
0 0.8529375 0.24465740740740743 0.002734375 0.0035277777777777274
0 0.8547604166666667 0.23853703703703705 0.0022968749999999244 0.003175925925925906
0 0.8528385416666667 0.23887962962962964 0.0029062499999999622 0.0038703703703703504
0 0.844109375 0.24390740740740743 0.0029270833333332764 0.004000000000000046
0 0.8970520833333333 0.25071296296296297 0.0024791666666667805 0.004398148148148148
0 0.8239062500000001 0.22443518518518518 0.003046874999999953 0.0033981481481481627
0 0.82284375 0.23458333333333334 0.0020312500000000473 0.0032037037037036848
0 0.8151979166666667 0.22598148148148148 0.002354166666666657 0.0031851851851851833
0 0.83134375 0.2756203703703704 0.0026458333333332956 0.0032037037037037372
0 0.8435677083333334 0.22796296296296295 0.0026562499999999525 0.002555555555555547
0 0.8492604166666666 0.22146296296296297 0.0017708333333333807 0.0037129629629629544
0 0.8586718750000001 0.2262962962962963 0.0025885416666665624 0.0031851851851851833
0 0.8524322916666667 0.22742592592592592 0.002223958333333324 0.002611111111111105
0 0.8523489583333334 0.22344444444444445 0.0023645833333333145 0.003703703703703704
0 0.8460572916666667 0.21301851851851852 0.0015468749999998958 0.00323148148148149
0 0.8379375 0.21422222222222223 0.0016354166666666004 0.001953703703703716
0 0.8382552083333333 0.21726851851851853 0.0018072916666665624 0.002731481481481471
0 0.8369375 0.22328703703703703 0.0017083333333334375 0.00250925925925924
0 0.8340364583333333 0.22312962962962962 0.0021145833333333047 0.0030000000000000083
0 0.82971875 0.21368518518518517 0.0015312500000000285 0.0029166666666666455
0 0.8301510416666668 0.21697222222222223 0.0014739583333332955 0.002138888888888891
0 0.8333802083333333 0.21284259259259258 0.0017135416666666477 0.002879629629629642
0 0.83190625 0.214 0.0015364583333332385 0.0023333333333333166
0 0.8266875 0.22989814814814813 0.0021354166666666193 0.00263888888888891
0 0.829046875 0.23073148148148148 0.0015677083333334471 0.0030833333333333186
0 0.8327343749999999 0.2308425925925926 0.002505208333333305 0.0032962962962962985
0 0.8368958333333333 0.23396296296296296 0.002515624999999962 0.003518518518518529
0 0.8377760416666666 0.236037037037037 0.0026510416666667425 0.0038148148148147926
0 0.8384531249999999 0.23187962962962963 0.002624999999999981 0.003870370370370377
0 0.8222552083333333 0.23048148148148148 0.0030208333333334282 0.003953703703703687
0 0.8212395833333334 0.22677777777777777 0.0019218750000000284 0.003111111111111124
0 0.8193541666666667 0.2239074074074074 0.0023020833333333712 0.0031296296296296254
0 0.8174791666666666 0.22312962962962962 0.00202083333333339 0.0028055555555555303
0 0.8131354166666667 0.22639814814814813 0.0018697916666667424 0.0029629629629629524
0 0.8031614583333333 0.25236111111111115 0.0016562499999999147 0.0025833333333332995
0 0.8027604166666666 0.24997222222222223 0.0026458333333332956 0.002898148148148144
0 0.947796875 0.3114166666666667 0.001895833333333267 0.003601851851851839
0 0.9527447916666667 0.3109351851851852 0.001895833333333267 0.00263888888888891
0 0.9517343749999999 0.3144166666666667 0.0021874999999999052 0.0035833333333333377
0 0.9616562500000001 0.3116666666666667 0.0015781250000001042 0.004101851851851805
0 0.9678541666666667 0.31205555555555553 0.00202083333333339 0.003416666666666717
0 0.9700364583333333 0.31534259259259256 0.0018541666666666383 0.003425925925925968
0 0.7832708333333334 0.2740185185185185 0.001791666666666695 0.0020925925925925843
0 0.7843697916666666 0.2771574074074074 0.0019270833333332386 0.002500000000000042
0 0.7896145833333333 0.27764814814814814 0.0020104166666667328 0.0031203703703703745
0 0.7872291666666666 0.2765740740740741 0.0014583333333334282 0.0027962962962962794
0 0.7805 0.23448148148148149 0.0020104166666667328 0.002898148148148144
0 0.7829583333333333 0.23830555555555555 0.0012708333333333619 0.002768518518518527
0 0.7784010416666667 0.23558333333333334 0.0022656249999999526 0.003166666666666655
0 0.7788229166666666 0.2390462962962963 0.0028854166666666477 0.003370370370370358
0 0.7866979166666667 0.2449537037037037 0.002124999999999962 0.0022777777777778113
0 0.7860364583333334 0.2408148148148148 0.003286458333333305 0.0037592592592592088
0 0.7743385416666667 0.23392592592592593 0.0014166666666665625 0.0023148148148148147
0 0.7757708333333333 0.23187962962962963 0.002359375000000104 0.003324074074074051
0 0.855375 0.19187962962962962 0.0025989583333332197 0.003388888888888912
0 0.876125 0.19568518518518518 0.00227604166666661 0.004231481481481475
0 0.8773593749999999 0.19935185185185186 0.002442708333333362 0.003537037037037031
0 0.884328125 0.22167592592592592 0.002562500000000038 0.003944444444444436
0 0.892484375 0.21831481481481482 0.0025468749999999337 0.0034074074074074137
0 0.8970468749999999 0.21630555555555556 0.002520833333333409 0.0036666666666666475
0 0.8876979166666668 0.2175925925925926 0.0021145833333333047 0.0027500000000000254
0 0.9127239583333334 0.21212037037037038 0.0017552083333332764 0.0030000000000000083
0 0.90528125 0.2137222222222222 0.001786458333333248 0.0024166666666666794
0 0.9071458333333333 0.20833333333333334 0.0018697916666667424 0.0035555555555555323
0 0.908953125 0.20436111111111113 0.0015208333333333712 0.0031851851851851833
0 0.8787708333333334 0.22039814814814815 0.0020260416666666005 0.005833333333333344
0 0.9953072916666666 0.22296296296296297 0.0020104166666667328 0.004111111111111109
0 0.7953489583333333 0.25324074074074077 0.0015156249999999242 0.004953703703703725
0 0.8889322916666667 0.1991388888888889 0.002286458333333267 0.0037870370370370137
0 0.8826927083333334 0.19844444444444445 0.0021510416666667234 0.0030833333333333186
0 0.8849687500000001 0.1907222222222222 0.002067708333333229 0.0034166666666666646
0 0.8997864583333333 0.1961574074074074 0.0019947916666666287 0.003324074074074051
0 0.9060468749999999 0.20124074074074075 0.0017812500000000378 0.0031851851851851833
0 0.8862864583333334 0.19160185185185186 0.0019791666666667614 0.0021666666666666436
0 0.8872083333333334 0.19055555555555556 0.001953125 0.004166666666666667
0 0.8863072916666667 0.18558333333333335 0.0023802083333334186 0.004370370370370396
0 0.9026197916666666 0.20248148148148148 0.0018229166666666667 0.0031388888888888764
0 0.9007135416666666 0.20326851851851852 0.0014791666666667425 0.0024074074074074284
0 0.896359375 0.2063148148148148 0.0016406250000000474 0.002740740740740722
0 0.8939687500000001 0.20472222222222222 0.002057291666666572 0.0033981481481481627
0 0.8889479166666666 0.2073611111111111 0.0015416666666666855 0.003657407407407397
0 0.8867708333333333 0.20439814814814813 0.001953125 0.002740740740740722
0 0.881375 0.20170370370370372 0.0021927083333333525 0.0031296296296296254
0 0.8668541666666666 0.20575925925925925 0.0017291666666667518 0.0037870370370370137
0 0.8749166666666667 0.18344444444444444 0.0018697916666667424 0.003268518518518493
0 0.8685104166666666 0.18388888888888888 0.0024687499999998864 0.0034629629629629715
0 0.8673385416666667 0.1870925925925926 0.0018593750000000854 0.0030092592592592593
0 0.8588697916666667 0.1817314814814815 0.0020989583333334374 0.002925925925925949
0 0.833921875 0.1901111111111111 0.002072916666666676 0.003388888888888912
0 0.8321875 0.19061111111111112 0.0015677083333334471 0.002731481481481471
0 0.8901979166666667 0.18658333333333332 0.0018541666666666383 0.00361111111111109
0 0.8906562499999999 0.1913611111111111 0.0013906250000000379 0.002712962962962969
0 0.9705677083333334 0.1949537037037037 0.002234374999999981 0.00323148148148149
0 0.970421875 0.19750925925925927 0.001619791666666733 0.0024814814814814877
0 0.9703958333333333 0.20089814814814816 0.0017291666666667518 0.0022592592592592573
0 0.971140625 0.19903703703703704 0.0021927083333333525 0.00263888888888891
0 0.9666666666666667 0.1941111111111111 0.002791666666666733 0.0037222222222222053
0 0.967609375 0.19790740740740742 0.0024218750000000473 0.0033055555555555494
0 0.95378125 0.20274074074074075 0.0022291666666667707 0.0027962962962962794
0 0.929453125 0.19578703703703704 0.001776041666666591 0.0025185185185185436
0 0.9275416666666667 0.19827777777777778 0.0022291666666667707 0.003472222222222222
0 0.9279218749999999 0.20257407407407407 0.0015156249999999242 0.0021481481481481417
0 0.9327916666666667 0.19671296296296295 0.0015416666666666855 0.0025185185185185436
0 0.9359583333333333 0.1887222222222222 0.002177083333333248 0.0024259259259259303
0 0.9331927083333333 0.1878611111111111 0.0024374999999999146 0.0027037037037037186
0 0.93365625 0.19038888888888889 0.0016874999999998864 0.002101851851851835
0 0.9351927083333333 0.19182407407407406 0.0017656249999999337 0.0026481481481481607
0 0.999234375 0.20950925925925926 0.0015312500000000285 0.0037592592592592612
0 0.9909010416666667 0.20314814814814816 0.0020104166666667328 0.0031203703703703745
0 0.9900729166666667 0.20607407407407408 0.002328124999999896 0.004083333333333356
0 0.9925364583333334 0.2065648148148148 0.002567708333333248 0.004018518518518495
0 0.9913333333333333 0.19966666666666666 0.0024895833333334377 0.0038333333333333205
0 0.99721875 0.19969444444444442 0.0024687499999998864 0.0045925925925925735
0 0.9953802083333334 0.20407407407407407 0.0019322916666666857 0.0028703703703703916
0 0.9943072916666666 0.2014351851851852 0.0025416666666667237 0.0038888888888888784
0 0.9984375 0.2037037037037037 0.003125 0.003703703703703704
0 0.9817291666666667 0.20348148148148149 0.0017500000000000664 0.0030925925925925695
0 0.9793854166666667 0.20229629629629628 0.0017812500000000378 0.0027962962962962794
0 0.980390625 0.19858333333333333 0.0018229166666666667 0.003064814814814817
0 0.9867604166666666 0.20402777777777778 0.0019843749999999714 0.003481481481481473
0 0.9846614583333333 0.20464814814814816 0.0021145833333333047 0.0040092592592592445
0 0.9827135416666667 0.20041666666666666 0.0021510416666667234 0.003935185185185185
0 0.9873802083333333 0.2001574074074074 0.0020468749999999146 0.00272222222222222
0 0.9858750000000001 0.20137037037037037 0.002182291666666695 0.003046296296296315
0 0.9852083333333332 0.19775925925925927 0.0032083333333332575 0.0035092592592592784
0 0.9069895833333333 0.19210185185185186 0.0020260416666666005 0.002675925925925913
0 0.9084739583333333 0.19353703703703704 0.0020781249999998865 0.0028333333333333353
0 0.9172552083333334 0.19547222222222224 0.002510416666666752 0.0038333333333333205
0 0.90978125 0.19165740740740742 0.001791666666666695 0.00263888888888891
0 0.911296875 0.1930462962962963 0.0025885416666665624 0.003064814814814817
0 0.91003125 0.18737037037037038 0.001901041666666714 0.0032407407407407406
0 0.8940260416666667 0.1877962962962963 0.0018541666666666383 0.0030185185185185102
0 0.8955364583333334 0.1864074074074074 0.0020104166666667328 0.0027870370370370284
0 0.8984479166666667 0.18796296296296297 0.0016510416666667045 0.002731481481481471
0 0.8516197916666666 0.19357407407407407 0.0024687499999998864 0.0032962962962962985
0 0.92284375 0.19451851851851854 0.002072916666666676 0.0029351851851852
0 0.9229375 0.19122222222222224 0.0013802083333333806 0.002611111111111105
0 0.9211145833333333 0.1912777777777778 0.0017187500000000948 0.0033148148148148
0 0.920359375 0.19532407407407407 0.0017812500000000378 0.0038796296296296274
0 0.9191145833333334 0.19415740740740742 0.0021145833333333047 0.004324074074074089
0 0.919109375 0.1882037037037037 0.0014791666666667425 0.0033055555555555494
0 0.9221041666666667 0.18765740740740738 0.002614583333333324 0.003481481481481473
0 0.9159791666666667 0.1862037037037037 0.002104166666666648 0.0029907407407407578
0 0.916015625 0.18982407407407406 0.0015677083333334471 0.0026666666666666622
0 0.9139947916666666 0.18823148148148147 0.001895833333333267 0.00250925925925924
0 0.9142239583333333 0.19074074074074074 0.0020156249999999432 0.002851851851851837
0 0.914984375 0.1942222222222222 0.0022135416666666666 0.0031574074074074304
0 0.906734375 0.18661111111111112 0.0017031249999999905 0.002611111111111105
0 0.9055729166666667 0.18850925925925927 0.0017135416666666477 0.0024629629629629862
0 0.9042083333333333 0.1868425925925926 0.0013177083333334376 0.0020277777777777755
0 0.9031822916666666 0.19010185185185186 0.0014895833333333996 0.002731481481481471
0 0.8992135416666667 0.19075925925925927 0.001953125 0.0030092592592592593
0 0.9015052083333334 0.18686111111111112 0.0019895833333334187 0.0029074074074073946
0 0.932328125 0.19399074074074074 0.001901041666666714 0.0032499999999999916
0 0.927046875 0.19225 0.0017395833333334091 0.002759259259259276
0 0.9302447916666666 0.19143518518518518 0.0019270833333332386 0.0029074074074073946
0 0.9286979166666666 0.1888148148148148 0.0016874999999998864 0.003046296296296315
0 0.9248437500000001 0.18987037037037038 0.0023697916666667613 0.003490740740740724
0 0.9370885416666667 0.19348148148148148 0.0016927083333333334 0.002685185185185164
0 0.939359375 0.18974074074074074 0.0023645833333333145 0.0032407407407407406
0 0.9387447916666667 0.19269444444444445 0.0017604166666667235 0.0029074074074073946
0 0.9615729166666667 0.2028888888888889 0.0022656249999999526 0.004870370370370362
0 0.9577343749999999 0.20421296296296299 0.002338541666666553 0.0035092592592592784
0 0.9531770833333333 0.192 0.0019270833333332386 0.0025833333333333524
0 0.9529427083333334 0.19768518518518519 0.002104166666666648 0.0030740740740740676
0 0.94990625 0.1980925925925926 0.0021666666666665907 0.0033055555555555494
0 0.950375 0.20127777777777778 0.002057291666666572 0.0029351851851852
0 0.9477552083333334 0.20085185185185184 0.0014114583333333522 0.0025185185185185436
0 0.9461041666666666 0.20380555555555557 0.0023020833333333712 0.003268518518518493
0 0.9448124999999999 0.19991666666666666 0.0019843749999999714 0.0029351851851852
0 0.9587135416666667 0.2003148148148148 0.002682291666666714 0.004305555555555535
0 0.9562916666666667 0.19670370370370371 0.002354166666666657 0.0034074074074074137
0 0.9562916666666667 0.19368518518518518 0.002359375000000104 0.003657407407407397
0 0.9588489583333334 0.19262037037037036 0.0019895833333334187 0.0038333333333333205
0 0.9745208333333333 0.19605555555555557 0.002354166666666657 0.004388888888888897
0 0.960921875 0.19230555555555556 0.001723958333333305 0.002712962962962969
0 0.9625 0.19369444444444445 0.0018854166666666097 0.0029166666666666455
0 0.9599791666666667 0.19548148148148148 0.0018541666666666383 0.002944444444444451
0 0.9609687499999999 0.19858333333333333 0.0014687500000000852 0.0021111111111110858
0 0.9628697916666666 0.1988148148148148 0.0013645833333332765 0.0028055555555555303
0 0.9648333333333333 0.1980925925925926 0.0017812500000000378 0.0025185185185185436
0 0.9652395833333334 0.2035462962962963 0.0013124999999999905 0.0025370370370370455
0 0.9646822916666667 0.20119444444444443 0.0016041666666666288 0.0022500000000000063
0 0.9779479166666667 0.1960185185185185 0.0019218750000000284 0.0028333333333333353
0 0.976515625 0.1977962962962963 0.0017968749999999053 0.003046296296296315
0 0.97203125 0.20437962962962963 0.0016354166666666004 0.0030925925925925695
0 0.97403125 0.2018611111111111 0.0020937499999999906 0.002851851851851837
0 0.9701822916666667 0.20491666666666666 0.0019427083333333427 0.0031388888888888764
0 0.9677916666666667 0.20181481481481484 0.0021979166666665625 0.003861111111111126
0 0.9670572916666667 0.2051851851851852 0.002239583333333428 0.0037500000000000107
0 0.9731770833333333 0.19914814814814816 0.0018906250000000568 0.0030370370370370117
0 0.9500208333333333 0.19453703703703704 0.0019166666666665813 0.002898148148148144
0 0.9449583333333333 0.19640740740740742 0.0021354166666666193 0.0028333333333333353
0 0.946890625 0.19490740740740742 0.0017187500000000948 0.0025833333333333524
0 0.9486666666666667 0.19330555555555556 0.0017135416666666477 0.002759259259259276
0 0.93890625 0.19912962962962963 0.001791666666666695 0.0027870370370370284
0 0.9409583333333333 0.19537962962962963 0.0018541666666666383 0.0026944444444444676
0 0.9422552083333334 0.19375925925925924 0.0019947916666666287 0.0033055555555555494
0 0.944328125 0.1907037037037037 0.001947916666666553 0.003101851851851873
0 0.9384895833333334 0.19669444444444445 0.001953125 0.002277777777777759
0 0.9416666666666667 0.19762962962962963 0.001968750000000104 0.0024999999999999896
0 0.9453125 0.1929722222222222 0.0018593750000000854 0.002981481481481507
0 0.94853125 0.2034351851851852 0.0017031249999999905 0.003370370370370358
0 0.5016875 0.7271666666666667 0.004567708333333324 0.0068981481481481905
0 0.5060208333333333 0.7181296296296297 0.00390625 0.006722222222222214
0 0.3332447916666667 0.5321388888888889 0.005203125000000005 0.007342592592592651