0 0.3950260416666667 0.571324074074074 0.003515625 0.006657407407407458
0 0.3898854166666667 0.5684537037037036 0.0073854166666667 0.010962962962962888
0 0.468875 0.5232685185185185 0.00579166666666661 0.00678703703703697
0 0.4735520833333334 0.5297777777777778 0.004880208333333276 0.006592592592592491
0 0.47690625 0.5261666666666667 0.0059322916666667185 0.005666666666666566
0 0.47895312500000004 0.5329351851851852 0.00625 0.007851851851851869
0 0.4959895833333333 0.4722592592592592 0.007234375000000052 0.006907407407407388
0 0.491921875 0.47775 0.004614583333333281 0.006398148148148224
0 0.4798385416666667 0.4882407407407407 0.004911458333333367 0.005314814814814823
0 0.48018750000000004 0.5040648148148148 0.005098958333333315 0.0070925925925926685
0 0.49361458333333336 0.4975277777777778 0.005843750000000014 0.005518518518518552
0 0.5065885416666667 0.45191666666666663 0.0059322916666667185 0.005287037037037071
0 0.5083489583333333 0.4579259259259259 0.00635416666666669 0.005361111111111078
0 0.5229322916666667 0.43710185185185185 0.006302083333333286 0.006444444444444478
0 0.530640625 0.4255555555555556 0.006208333333333312 0.006342592592592614
0 0.537328125 0.4224074074074074 0.005104166666666761 0.006009259259259268
0 0.5410572916666666 0.4010462962962963 0.006098958333333352 0.006962962962962946
0 0.548 0.4177314814814815 0.006843749999999934 0.005500000000000051
0 0.5436093750000001 0.4196666666666667 0.0038281249999999527 0.004703703703703742
0 0.54778125 0.4216111111111111 0.005635416666666752 0.006925925925925943
0 0.682640625 0.3195925925925926 0.0027552083333333144 0.004138888888888914
0 0.6829999999999999 0.32658333333333334 0.004203125000000085 0.005092592592592593
0 0.6925625 0.32325925925925925 0.0037291666666665908 0.006268518518518501
0 0.698890625 0.3299814814814815 0.005026041666666714 0.005046296296296339
0 0.011114583333333334 0.2139351851851852 0.004656249999999999 0.006361111111111115
0 0.045223958333333335 0.2444722222222222 0.0031875000000000024 0.006435185185185227
0 0.05219791666666666 0.2447314814814815 0.005619791666666663 0.005453703703703691
0 0.079984375 0.19024074074074074 0.0028072916666666598 0.0032592592592592426
0 0.07806770833333333 0.19417592592592595 0.0035781250000000023 0.004796296296296303
0 0.087015625 0.1925925925925926 0.002645833333333325 0.00757407407407408
0 0.12857291666666668 0.19805555555555557 0.0041458333333333226 0.007342592592592599
0 0.15686458333333334 0.20112962962962963 0.003593749999999988 0.006055555555555574
0 0.17609375000000002 0.2035648148148148 0.002718750000000014 0.004981481481481477
0 0.18128125 0.20587037037037037 0.0036718749999999764 0.005870370370370347
0 0.20512499999999997 0.20850925925925926 0.0032291666666666905 0.00705555555555556
0 0.181734375 0.2766574074074074 0.00458333333333331 0.004953703703703725
0 0.18251562500000001 0.2835462962962963 0.005312500000000024 0.005342592592592576
0 0.18747395833333333 0.28425 0.0037135416666666645 0.0056296296296296676
0 0.185140625 0.2803425925925926 0.0033125000000000073 0.005194444444444457
0 0.20865625000000002 0.2738240740740741 0.003390624999999995 0.004500000000000013
0 0.21201041666666667 0.2760462962962963 0.004135416666666695 0.004453703703703653
0 0.221796875 0.23177777777777778 0.0035104166666666712 0.004842592592592609
0 0.22583854166666667 0.22767592592592592 0.0034375000000000117 0.004453703703703705
0 0.217140625 0.23631481481481484 0.0027812500000000168 0.003129629629629652
0 0.234640625 0.2396388888888889 0.002208333333333338 0.0027129629629629166
0 0.2055 0.2138148148148148 0.002291666666666655 0.003537037037037031
0 0.2620677083333333 0.232 0.004328124999999972 0.0045555555555555705
0 0.26276041666666666 0.2367962962962963 0.0030781249999999832 0.003351851851851856
0 0.245046875 0.2665370370370371 0.002718750000000014 0.003685185185185202
0 0.24993229166666667 0.27644444444444444 0.002864583333333333 0.004157407407407416
0 0.24725520833333334 0.28282407407407406 0.002744791666666657 0.004999999999999979
0 0.2610885416666667 0.2765370370370371 0.0027812500000000168 0.0047129629629629926
0 0.2826927083333333 0.2247222222222222 0.002468750000000005 0.004129629629629611
0 0.2859583333333333 0.22822222222222222 0.0029322916666667236 0.003685185185185202
0 0.30601562499999996 0.2293425925925926 0.0032812499999999765 0.004814814814814804
0 0.30151041666666667 0.22933333333333333 0.0024322916666667045 0.0036759259259259514
0 0.31370312499999997 0.23060185185185186 0.0037968749999999813 0.002861111111111088
0 0.313875 0.23380555555555554 0.003177083333333286 0.003370370370370358
0 0.3130520833333333 0.23796296296296296 0.003354166666666695 0.003620370370370367
0 0.147734375 0.054175925925925926 0.0021770833333333074 0.004953703703703698
0 0.15272395833333335 0.053731481481481484 0.0024583333333333475 0.004870370370370375
0 0.20159895833333333 0.051555555555555556 0.001697916666666662 0.004518518518518515
0 0.20571875 0.056712962962962965 0.0022708333333333404 0.002805555555555557
0 0.22511458333333334 0.053518518518518514 0.002734375 0.003629629629629631
0 0.255921875 0.0575925925925926 0.0021250000000000214 0.003361111111111107
0 0.2845625 0.06147222222222222 0.0023749999999999718 0.0031203703703703745
0 0.19911979166666666 0.0815 0.003296875000000021 0.0033425925925926053
0 0.2041197916666667 0.08210185185185186 0.0021250000000000214 0.003768518518518512
0 0.21225 0.08216666666666667 0.0016354166666666596 0.004685185185185187
0 0.21489062499999997 0.08159259259259259 0.002895833333333305 0.002749999999999999
0 0.22015104166666666 0.08152777777777777 0.0022395833333333096 0.0030185185185185102
0 0.20893229166666666 0.08153703703703703 0.002588541666666681 0.0034259259259259156
0 0.19452604166666668 0.08198148148148149 0.002156249999999993 0.003916666666666657
0 0.19284375 0.08293518518518518 0.0021354166666666787 0.005027777777777784
0 0.18981770833333333 0.08115740740740741 0.002786458333333345 0.003870370370370377
0 0.186796875 0.08231481481481483 0.0021093749999999763 0.0030092592592592593
0 0.18433333333333335 0.08337037037037037 0.0018697916666666832 0.00272222222222222
0 0.18213020833333332 0.08438888888888889 0.0019322916666666857 0.002777777777777778
0 0.17925520833333333 0.08261111111111111 0.0022187499999999955 0.0043796296296296205