0 0.34657812499999996 0.7274814814814814 0.008223958333333314 0.009444444444444486
0 0.327421875 0.7235462962962963 0.008020833333333382 0.011250000000000085
0 0.320421875 0.728574074074074 0.006885416666666681 0.008111111111111102
0 0.3150833333333333 0.7296018518518519 0.007104166666666719 0.010148148148148182
0 0.5021875 0.626462962962963 0.0033229166666667235 0.005666666666666566
0 0.5021458333333333 0.6214722222222223 0.005187500000000019 0.006083333333333274
0 0.7212447916666667 0.8776944444444444 0.008093749999999981 0.010305555555555656
0 0.5141614583333334 0.9461851851851852 0.008218749999999986 0.009990740740740812
0 0.6635729166666666 0.8224814814814815 0.007317708333333428 0.00862037037037032
0 0.6978020833333333 0.9106851851851852 0.007489583333333391 0.012370370370370278
0 0.5883802083333334 0.924574074074074 0.007786458333333238 0.011537037037037071
0 0.6123541666666666 0.9480092592592592 0.008005208333333276 0.010629629629629541
0 0.6245625 0.9627685185185185 0.008614583333333314 0.010675925925926111
0 0.69340625 0.9914074074074074 0.008880208333333427 0.01055555555555564
0 0.681203125 0.9653703703703703 0.0059583333333333615 0.012555555555555506
0 0.7143541666666666 0.990537037037037 0.007036458333333447 0.013731481481481414
0 0.7421875 0.980037037037037 0.007604166666666619 0.011055555555555607
0 0.705078125 0.9592037037037038 0.007208333333333409 0.010425925925926128
0 0.7163072916666666 0.9470462962962962 0.009015624999999972 0.009648148148148215
0 0.60546875 0.9921851851851852 0.009520833333333438 0.010925925925926094
0 0.4509270833333333 0.6315092592592593 0.005140624999999943 0.007212962962962929
0 0.421140625 0.7656296296296297 0.008156250000000042 0.00862037037037032
0 0.4274895833333333 0.7296018518518519 0.006666666666666643 0.009175925925926002
0 0.3706041666666666 0.6315092592592593 0.004312499999999986 0.009101851851851785
0 0.3735364583333334 0.6106759259259259 0.005281250000000052 0.006981481481481448
0 0.350828125 0.47091666666666665 0.004135416666666695 0.006388888888888868
0 0.3125 0.6015648148148148 0.004041666666666662 0.007064814814814916
0 0.22741666666666666 0.6037314814814815 0.00536458333333331 0.007064814814814916
0 0.2502447916666667 0.6006944444444444 0.007489583333333331 0.007555555555555631
0 0.23986979166666667 0.587675925925926 0.004541666666666681 0.007231481481481431
0 0.22546354166666666 0.6823796296296296 0.004328124999999972 0.010305555555555656
0 0.14746354166666667 0.6285648148148149 0.00763541666666665 0.007351851851851903
0 0.29980729166666664 0.4926203703703703 0.004812500000000005 0.006509259259259234
0 0.3479010416666667 0.36250925925925925 0.0041510416666666805 0.005175925925925955
0 0.43242708333333335 0.37683333333333335 0.003781249999999995 0.005861111111111149
0 0.086484375 0.7981759259259259 0.009817708333333345 0.008888888888888804
0 0.055421874999999995 0.8196203703703704 0.009557291666666664 0.013018518518518468
0 0.10723958333333333 0.8159722222222222 0.006265624999999986 0.00872222222222229
0 0.08434895833333332 0.7773425925925925 0.00575000000000001 0.009648148148148215
0 0.085265625 0.7834166666666667 0.007432291666666657 0.009351851851851768
0 0.3540052083333334 0.675 0.0037968749999999813 0.010833333333333375
0 0.4096666666666666 0.6202222222222222 0.004312499999999986 0.008222222222222323
0 0.014854166666666665 0.8459444444444445 0.006729166666666665 0.0154074074074075
0 0.6684583333333334 0.7555000000000001 0.006411458333333305 0.007120370370370421
0 0.6525156249999999 0.7587962962962963 0.007416666666666553 0.011972222222222282
0 0.648375 0.7664166666666666 0.005026041666666714 0.0071296296296296715
0 0.6315520833333333 0.7291481481481482 0.005749999999999981 0.007666666666666641
0 0.6180312499999999 0.7477222222222222 0.008161458333333371 0.008157407407407356
0 0.6063697916666667 0.759074074074074 0.004968749999999981 0.010787037037037121
0 0.5939010416666667 0.7361018518518518 0.004578124999999981 0.012842592592592492
0 0.5990520833333334 0.7344814814814815 0.005739583333333324 0.011351851851851844
0 0.6065572916666666 0.7236574074074074 0.006328125000000047 0.007157407407407424
0 0.6079895833333333 0.7169444444444444 0.006739583333333362 0.005074074074074091
0 0.6185989583333333 0.7186203703703704 0.0043906249999999146 0.006685185185185211
0 0.621421875 0.7044074074074074 0.005619791666666648 0.006194444444444495
0 0.6086302083333333 0.6995277777777777 0.004583333333333428 0.006907407407407441
0 0.5943177083333333 0.6975185185185185 0.0044322916666667805 0.008129629629629605
0 0.582953125 0.6990740740740741 0.004291666666666553 0.007740740740740648
0 0.5879427083333333 0.6565185185185185 0.006416666666666752 0.006416666666666726
0 0.6163541666666668 0.6279444444444444 0.00579166666666661 0.006009259259259268
0 0.604125 0.6143888888888889 0.005875000000000104 0.005074074074074091
0 0.6118489583333333 0.6167777777777778 0.004145833333333352 0.0063703703703704715
0 0.570453125 0.612675925925926 0.0048177083333333336 0.005148148148148098
0 0.5703541666666666 0.6198425925925926 0.006583333333333267 0.005509259259259301
0 0.5050885416666666 0.6262592592592593 0.005223958333333319 0.006287037037037003
0 0.4892916666666667 0.6030092592592593 0.004015625000000019 0.006648148148148207
0 0.4988697916666667 0.6348611111111111 0.003541666666666643 0.006740740740740716
0 0.502296875 0.6939351851851853 0.0035208333333333285 0.007074074074074167
0 0.421390625 0.71975 0.0056927083333333664 0.0080740740740741
0 0.5541770833333334 0.49058333333333337 0.005156250000000047 0.005361111111111078
0 0.5505052083333334 0.4982592592592593 0.002723958333333343 0.005000000000000084
0 0.5506354166666667 0.5171018518518519 0.0029843750000000096 0.006027777777777769
0 0.5605781249999999 0.5146759259259259 0.004218749999999953 0.005527777777777803
0 0.5383333333333333 0.5002222222222222 0.004406250000000019 0.009787037037036978
0 0.5299791666666667 0.49295370370370367 0.004880208333333276 0.005731481481481532
0 0.52228125 0.4978703703703704 0.004703124999999986 0.008574074074074066
0 0.5091197916666667 0.4921574074074074 0.006369791666666676 0.006749999999999966
0 0.542578125 0.47994444444444445 0.0035625000000000756 0.005888888888888796
0 0.5409166666666666 0.48668518518518517 0.002692708333333371 0.005416666666666583
0 0.5430989583333333 0.4945462962962963 0.005218749999999991 0.006805555555555471
0 0.5243177083333334 0.4857962962962963 0.003380208333333338 0.006259259259259251
0 0.5215572916666666 0.4571296296296296 0.0037447916666666953 0.006527777777777736
0 0.5161510416666667 0.4648703703703704 0.004223958333333281 0.009787037037037084
0 0.5239427083333333 0.46625925925925926 0.0036041666666667047 0.010814814814814768
0 0.5057552083333333 0.48463888888888884 0.006020833333333305 0.005675925925926027
0 0.49711458333333336 0.47848148148148145 0.004447916666666648 0.00646296296296298
0 0.3784895833333334 0.5189907407407407 0.0038437500000000568 0.005435185185185084
0 0.39720833333333333 0.5248796296296296 0.003968749999999943 0.0058611111111110436
0 0.464265625 0.5033055555555556 0.0030677083333333854 0.007231481481481431
0 0.46407291666666667 0.4985 0.003661458333333319 0.006342592592592508
0 0.4739583333333333 0.4836574074074074 0.0033020833333332906 0.005472222222222298
0 0.3719895833333334 0.36185185185185187 0.004593749999999967 0.007120370370370421
0 0.364265625 0.36485185185185187 0.0038697916666666997 0.005259259259259213
0 0.40505208333333337 0.3844166666666667 0.004437499999999991 0.005111111111111094
0 0.4119114583333333 0.4255833333333333 0.003916666666666657 0.005398148148148186
0 0.42425520833333336 0.44299074074074074 0.0025781250000000235 0.0052962962962963215
0 0.46103645833333334 0.43074999999999997 0.0029843750000000096 0.005268518518518569
0 0.49225 0.4486944444444444 0.0035520833333333003 0.00361111111111109