0 0.437453125 0.31203703703703706 0.003390624999999995 0.004148148148148165
0 0.4334895833333333 0.3164074074074074 0.0038750000000000286 0.008138888888888855
0 0.42959375000000005 0.32642592592592595 0.004427083333333333 0.005046296296296339
0 0.4144583333333333 0.3327314814814815 0.0030677083333333854 0.0062129629629629965
0 0.464890625 0.33416666666666667 0.004848958333333305 0.004935185185185223
0 0.45925 0.3647870370370371 0.005104166666666643 0.008861111111111158
0 0.46508333333333335 0.36833333333333335 0.004765625000000048 0.008138888888888855
0 0.4673333333333333 0.37449074074074074 0.00383854166666661 0.009592592592592606
0 0.4778177083333333 0.3844166666666667 0.003734375000000038 0.008814814814814798
0 0.43546875 0.4189907407407407 0.004380208333333376 0.009601851851851856
0 0.4477552083333334 0.43598148148148147 0.004984374999999967 0.008481481481481453
0 0.5308854166666667 0.42700000000000005 0.005442708333333298 0.008009259259259239
0 0.5465052083333333 0.42448148148148146 0.0034739583333333714 0.008722222222222185
0 0.5336927083333334 0.5694444444444444 0.007578125000000035 0.007351851851851903
0 0.57609375 0.5617777777777778 0.0058802083333333146 0.009351851851851768
0 0.5655208333333334 0.5505648148148148 0.0062656250000001044 0.01131481481481484
0 0.5142083333333333 0.5472407407407407 0.005776041666666624 0.011092592592592609
0 0.517578125 0.5260462962962963 0.007604166666666619 0.008009259259259343
0 0.5004895833333334 0.5277777777777778 0.005161458333333376 0.012555555555555506
0 0.5288072916666666 0.5108518518518519 0.008645833333333287 0.007555555555555631
0 0.5112291666666666 0.5125833333333334 0.009375 0.007231481481481431
0 0.5393749999999999 0.5362962962962964 0.005489583333333314 0.011990740740740783
0 0.5286822916666667 0.538675925925926 0.007026041666666672 0.00820370370370361
0 0.5697500000000001 0.5249722222222223 0.004656250000000028 0.009666666666666717
0 0.5502916666666666 0.4787314814814815 0.005406250000000057 0.010305555555555604
0 0.577546875 0.5030370370370371 0.005937500000000048 0.010592592592592643
0 0.5693802083333334 0.4885185185185185 0.008156249999999924 0.010675925925925901
0 0.5336927083333334 0.4782962962962962 0.005197916666666676 0.010759259259259212
0 0.517 0.4839444444444444 0.005343749999999995 0.010268518518518443
0 0.52671875 0.45908333333333334 0.006166666666666624 0.010148148148148182
0 0.5029322916666666 0.4782962962962962 0.006411458333333305 0.00957407407407405
0 0.5739427083333334 0.45587962962962963 0.006458333333333381 0.010222222222222188
0 0.613234375 0.4577407407407407 0.005536458333333391 0.009175925925925896
0 0.615359375 0.7426203703703703 0.005552083333333258 0.013675925925925909
0 0.5961093749999999 0.6809907407407407 0.007520833333333362 0.009870370370370446
0 0.6171875 0.7002407407407407 0.008447916666666562 0.007583333333333384
0 0.59375 0.727 0.008286458333333257 0.015064814814814798
0 0.5991197916666666 0.7018240740740741 0.007755208333333267 0.009175925925926002
0 0.6147864583333333 0.675861111111111 0.006072916666666591 0.013231481481481448
0 0.54296875 0.6940092592592593 0.00919270833333338 0.011898148148148064
0 0.6201145833333332 0.7599814814814815 0.009036458333333285 0.009759259259259226
0 0.49511979166666664 0.5850740740740741 0.006744791666666691 0.010305555555555656
0 0.36054166666666665 0.3300740740740741 0.004395833333333362 0.005638888888888918
0 0.49255208333333333 0.5725185185185185 0.0035885416666667186 0.011250000000000085
0 0.48762500000000003 0.5666481481481481 0.007057291666666643 0.010851851851851876
0 0.49461979166666664 0.5648148148148148 0.003463541666666714 0.010925925925925884
0 0.49816145833333336 0.5596203703703704 0.004994791666666624 0.007231481481481431
0 0.42172395833333337 0.3233240740740741 0.004166666666666667 0.004370370370370396
0 0.5825520833333333 0.5472407407407407 0.004854166666666752 0.010249999999999941
0 0.6026302083333334 0.8295648148148148 0.005182291666666572 0.020185185185185143
0 0.6154375000000001 0.8421481481481481 0.007427083333333447 0.01592592592592597
0 0.6097135416666667 0.6879074074074074 0.008124999999999953 0.009416666666666735
0 0.58159375 0.5555185185185185 0.00631770833333339 0.010703703703703653
0 0.6346875 0.9170092592592592 0.00891666666666661 0.012592592592592508
0 0.6859583333333333 0.9577129629629629 0.009499999999999887 0.011064814814814647
0 0.746953125 0.972212962962963 0.008796874999999933 0.0161666666666667
0 0.8003281250000001 0.8648611111111111 0.0059062500000000755 0.014101851851851869
0 0.739546875 0.8026574074074074 0.009161458333333409 0.01455555555555558
0 0.876875 0.8050555555555556 0.0074062499999998956 0.015425925925926
0 0.7617916666666668 0.8151018518518518 0.009864583333333362 0.010185185185185186
0 0.8293072916666666 0.775175925925926 0.008588541666666553 0.009499999999999991
0 0.8554947916666666 0.7641481481481481 0.004083333333333409 0.00947222222222224
0 0.84475 0.752287037037037 0.008682291666666704 0.00980555555555548
0 0.6821302083333334 0.7048611111111112 0.0067708333333333336 0.013787037037037129
0 0.5549375 0.6262407407407408 0.004437499999999991 0.010962962962962888
0 0.5564531250000001 0.6209907407407407 0.0037708333333332194 0.008490740740740807