0 0.10684374999999999 0.6813148148148148 0.0037656250000000094 0.008638888888888821
0 0.18451041666666665 0.6305092592592593 0.007260416666666695 0.010157407407407433
0 0.2067864583333333 0.631074074074074 0.004942708333333338 0.007879629629629622
0 0.2243645833333333 0.6098055555555556 0.006718749999999988 0.007731481481481397
0 0.276609375 0.6132777777777778 0.00536458333333331 0.007287037037036936
0 0.2602552083333333 0.5972222222222222 0.005890624999999971 0.007037037037036953
0 0.25128645833333335 0.5848888888888888 0.0038593749999999835 0.007546296296296381
0 0.2561041666666667 0.5892314814814815 0.00419270833333331 0.007185185185185176
0 0.13861458333333332 0.6429074074074075 0.007651041666666695 0.007509259259259167
0 0.13747916666666665 0.6380370370370371 0.007156250000000005 0.008759259259259293
0 0.3726302083333334 0.481537037037037 0.005890624999999971 0.007398148148148156
0 0.3546458333333333 0.4848055555555556 0.004999999999999952 0.006314814814814756
0 0.4225260416666667 0.48785185185185187 0.003651041666666662 0.006000000000000017
0 0.471921875 0.496962962962963 0.005062500000000014 0.006490740740740733
0 0.440671875 0.573787037037037 0.006510416666666667 0.0067962962962962205
0 0.5102552083333334 0.6028611111111112 0.007036458333333329 0.006981481481481448
0 0.42872916666666666 0.571712962962963 0.005994791666666662 0.00872222222222229
0 0.5141614583333334 0.5798611111111112 0.005619791666666648 0.007259259259259183
0 0.41753124999999996 0.5778148148148148 0.0059322916666667185 0.009648148148148215
0 0.423796875 0.5741851851851852 0.005447916666666686 0.010833333333333375
0 0.45642708333333337 0.5435833333333334 0.003140624999999986 0.009777777777777727
0 0.467703125 0.513787037037037 0.00344791666666661 0.00764814814814814
0 0.5000572916666667 0.505824074074074 0.0034010416666666525 0.00743518518518516
0 0.6401354166666666 0.7161481481481482 0.0068489583333333805 0.009000000000000025
0 0.650390625 0.7573796296296297 0.007635416666666591 0.009990740740740706
0 0.5099843749999999 0.5726574074074074 0.005718750000000009 0.006518518518518485
0 0.6645520833333334 0.7821203703703704 0.007317708333333428 0.009277777777777762
0 0.6953125 0.8281296296296297 0.005687500000000038 0.012907407407407458
0 0.734375 0.8441851851851853 0.005598958333333333 0.009574074074073999
0 0.70703125 0.8574351851851851 0.006218750000000028 0.011666666666666582
0 0.744140625 0.8771666666666667 0.005489583333333314 0.01035185185185191
0 0.7368177083333334 0.8033888888888888 0.005776041666666743 0.01035185185185191
0 0.7202135416666666 0.7651944444444444 0.0069583333333334 0.00906481481481478
0 0.77734375 0.8680555555555556 0.006072916666666591 0.010148148148148182
0 0.7495104166666666 0.6992222222222222 0.006218750000000028 0.007407407407407408
0 0.7613020833333334 0.7621851851851852 0.006666666666666762 0.01002777777777771
0 0.6586927083333334 0.7330740740740741 0.007010416666666686 0.008685185185185287
0 0.5810572916666668 0.7235277777777778 0.005729166666666666 0.00851851851851856
0 0.65415625 0.7853055555555556 0.006401041666666648 0.008787037037037046
0 0.7173489583333333 0.8267777777777777 0.0057343750000001135 0.010694444444444402
0 0.70378125 0.6570277777777778 0.007385416666666581 0.010796296296296371
0 0.5348802083333334 0.5168055555555555 0.004395833333333362 0.005509259259259301
0 0.5454791666666666 0.4230185185185185 0.004114583333333381 0.005722222222222176
0 0.545015625 0.42764814814814817 0.0034322916666667423 0.005851851851851898
0 0.5667083333333333 0.4994537037037037 0.004510416666666591 0.0051018518518518435
0 0.579125 0.51625 0.005697916666666695 0.005481481481481549
0 0.5771875000000001 0.513 0.005291666666666591 0.004444444444444402
0 0.5742552083333333 0.5225648148148149 0.0033229166666667235 0.005240740740740817
0 0.5762291666666666 0.5625 0.002848958333333229 0.005500000000000051
0 0.35644791666666664 0.5355925925925926 0.0034687500000000425 0.009842592592592694
0 0.293703125 0.4965277777777778 0.004395833333333362 0.005953703703703762
0 0.40983854166666667 0.4101574074074074 0.004067708333333305 0.0056666666666666705
0 0.36438020833333334 0.47358333333333336 0.0032500000000000046 0.006555555555555541
0 0.49051562499999996 0.43830555555555556 0.003932291666666643 0.005324074074074074
0 0.47527604166666665 0.4336759259259259 0.003041666666666624 0.004138888888888914
0 0.4516041666666667 0.3967314814814815 0.002937500000000052 0.004481481481481511
0 0.5552604166666666 0.4130833333333333 0.0024687499999998864 0.005712962962962925
0 0.544625 0.37205555555555553 0.0031718750000000757 0.0042222222222221715
0 0.5136770833333333 0.37980555555555556 0.0029791666666666807 0.005694444444444423
0 0.5033229166666666 0.36636111111111114 0.002588541666666681 0.004287037037037033
0 0.5204270833333333 0.32978703703703705 0.00302083333333331 0.0043425925925926435
0 0.500046875 0.3328055555555556 0.004208333333333296 0.004833333333333359
0 0.47197916666666667 0.3172037037037037 0.004781250000000033 0.005583333333333308
0 0.463890625 0.31725925925925924 0.004562499999999995 0.005037037037037087
0 0.4486822916666667 0.31575925925925924 0.0026614583333332813 0.0036666666666667004
0 0.5752239583333334 0.40923148148148153 0.0029531250000000378 0.005592592592592559
0 0.58303125 0.41525 0.004854166666666752 0.005305555555555572
0 0.5877604166666667 0.42015740740740737 0.003791666666666771 0.00506481481481484
0 0.7372708333333333 0.76725 0.005109374999999972 0.010157407407407433
0 0.7318072916666666 0.7463611111111111 0.00599479166666678 0.008425925925925842
0 0.74153125 0.7406944444444444 0.00834374999999999 0.006703703703703712
0 0.7285 0.7174444444444444 0.0057604166666666385 0.008814814814814798
0 0.7125104166666667 0.7482037037037037 0.003963541666666733 0.009092592592592534
0 0.667421875 0.7422037037037037 0.007250000000000038 0.007611111111111136
0 0.711890625 0.6146851851851852 0.005942708333333257 0.007629629629629638
0 0.6942968749999999 0.6201018518518518 0.004161458333333219 0.005944444444444512
0 0.6981614583333333 0.616175925925926 0.005489583333333314 0.007268518518518435
0 0.6607968750000001 0.6131296296296296 0.005203124999999887 0.009453703703703737
0 0.6726302083333333 0.6042685185185185 0.0061302083333333235 0.011935185185185278
0 0.68203125 0.5945092592592593 0.004463541666666752 0.006657407407407458
0 0.6505989583333334 0.5964537037037037 0.004911458333333248 0.011027777777777853
0 0.6548072916666666 0.5956203703703703 0.00408854166666662 0.011398148148148098
0 0.67121875 0.5871296296296297 0.004020833333333229 0.006620370370370454
0 0.6746927083333334 0.5772962962962963 0.0049479166666666664 0.006703703703703712
0 0.6638697916666667 0.5730925925925926 0.0043125000000001044 0.005962962962963014
0 0.6624583333333334 0.5851203703703703 0.0056666666666667235 0.0045370370370371215
0 0.6607187499999999 0.5893703703703703 0.005718750000000009 0.006481481481481481
0 0.6427083333333333 0.5711944444444444 0.002812500000000047 0.007166666666666675
0 0.6518802083333333 0.5706111111111111 0.0037708333333332194 0.0070092592592592
0 0.6480572916666667 0.5424629629629629 0.00567708333333338 0.005870370370370295
0 0.6345 0.5163240740740741 0.00572395833333322 0.00506481481481484
0 0.6346354166666667 0.5109259259259259 0.004453125000000095 0.005462962962963047
0 0.663375 0.5145462962962963 0.006203124999999924 0.005129629629629596
0 0.6699479166666666 0.5171018518518519 0.004166666666666667 0.005675925925926027
0 0.673609375 0.5240555555555556 0.005130208333333286 0.00613888888888899
0 0.5716822916666667 0.3876759259259259 0.003416666666666638 0.0044166666666666495
0 0.5908229166666668 0.4011388888888889 0.002942708333333381 0.007500000000000021
0 0.5979895833333334 0.4032962962962963 0.004406250000000019 0.008379629629629588
0 0.5974427083333332 0.3953611111111111 0.0036718750000000948 0.00479629629629625
0 0.5984895833333332 0.41608333333333336 0.003395833333333324 0.007240740740740787
0 0.5966406249999999 0.4253240740740741 0.0037604166666665626 0.007296296296296292
0 0.6037395833333333 0.42268518518518516 0.004598958333333295 0.004787037037036999
0 0.6134114583333333 0.416962962962963 0.0026874999999999243 0.0054907407407406945
0 0.6147291666666667 0.4122314814814815 0.0038437500000000568 0.006796296296296325
0 0.6103072916666666 0.4282314814814815 0.0037239583333333807 0.008148148148148106
0 0.6147447916666666 0.4240185185185185 0.004859374999999962 0.006203703703703746
0 0.6213333333333334 0.4273240740740741 0.0031093749999998956 0.004398148148148148
0 0.6247135416666667 0.4224907407407408 0.005348958333333324 0.004805555555555606
0 0.62084375 0.4414166666666667 0.0028697916666667804 0.005861111111111149
0 0.6296406250000001 0.44005555555555553 0.004239583333333267 0.005611111111111061