0 0.3568020833333333 0.8006203703703704 0.009723958333333371 0.012851851851851953
0 0.37084374999999997 0.7571388888888889 0.009093750000000018 0.008601851851851819
0 0.38455208333333335 0.7651574074074075 0.0043333333333333 0.009694444444444469
0 0.39038541666666665 0.7586759259259259 0.005286458333333381 0.007685185185185143
0 0.578203125 0.8203240740740741 0.008505208333333295 0.01088888888888888
0 0.5604947916666667 0.7469814814814815 0.007244791666666591 0.012944444444444462
0 0.5785312499999999 0.7278611111111112 0.00965624999999998 0.009009259259259276
0 0.6388750000000001 0.7424444444444445 0.0075937499999999625 0.017935185185185085
0 0.6606927083333333 0.7701666666666667 0.005182291666666572 0.01617592592592595
0 0.6825520833333333 0.7075833333333333 0.009312500000000057 0.008055555555555597
0 0.6861093749999999 0.7466481481481482 0.009489583333333228 0.008750000000000042
0 0.48782291666666666 0.585712962962963 0.007432291666666657 0.009833333333333232
0 0.5081510416666667 0.5874351851851851 0.008489583333333309 0.008000000000000092
0 0.5453802083333333 0.6482685185185185 0.005234375000000095 0.009990740740740706
0 0.5649166666666667 0.5756851851851852 0.007182291666666648 0.012666666666666725
0 0.569765625 0.6020648148148149 0.004010416666666572 0.015259259259259276
0 0.5677552083333333 0.6316851851851852 0.005432291666666581 0.01552777777777776
0 0.57665625 0.618537037037037 0.008880208333333427 0.008592592592592567
0 0.5931875000000001 0.6189351851851852 0.005317708333333352 0.011157407407407366
0 0.6175885416666667 0.6118981481481481 0.005109374999999972 0.014685185185185093
0 0.652625 0.6007499999999999 0.004395833333333362 0.01701851851851862
0 0.6538229166666666 0.5500740740740742 0.005307291666666695 0.015120370370370303
0 0.6004270833333333 0.4735462962962963 0.008401041666666723 0.011666666666666688
0 0.5706354166666666 0.5139537037037037 0.008218750000000104 0.00711111111111117
0 0.5395260416666667 0.5295740740740741 0.004906250000000038 0.010194444444444437
0 0.5208333333333334 0.500175925925926 0.007125000000000033 0.012120370370370295
0 0.47916145833333335 0.4890277777777778 0.003963541666666614 0.011824074074074058
0 0.4731458333333334 0.4997685185185185 0.004312499999999986 0.009546296296296245
0 0.5358958333333333 0.45514814814814814 0.006067708333333381 0.013592592592592547
0 0.5079739583333333 0.44645370370370374 0.005161458333333376 0.009388888888888875
0 0.4860625 0.43727777777777777 0.008364583333333305 0.008638888888888927
0 0.46127083333333335 0.41837037037037034 0.007786458333333357 0.007787037037037007
0 0.42290625 0.3967314814814815 0.008276041666666718 0.007629629629629638
0 0.430234375 0.41709259259259257 0.007588541666666633 0.008750000000000042
0 0.4878958333333333 0.39575000000000005 0.007578124999999976 0.007416666666666658
0 0.5037239583333333 0.39222222222222225 0.006567708333333281 0.009175925925925896
0 0.5297083333333333 0.4095925925925926 0.006562499999999953 0.008703703703703682
0 0.506171875 0.42248148148148146 0.005020833333333386 0.014259259259259239
0 0.5852916666666667 0.4078611111111111 0.017739583333333305 0.020212962962963002
0 0.6167708333333334 0.36833333333333335 0.00610937500000001 0.011361111111111094
0 0.6175572916666667 0.36144444444444446 0.0055416666666666 0.010972222222222243
0 0.6550885416666666 0.39987962962962964 0.004864583333333409 0.012166666666666654
0 0.6615729166666667 0.4048148148148148 0.0044322916666667805 0.01228703703703702
0 0.6850833333333333 0.4311203703703704 0.006453124999999934 0.013916666666666641
0 0.695328125 0.4557037037037037 0.005651041666666619 0.014685185185185199
0 0.6937395833333333 0.39063888888888887 0.006432291666666619 0.011277777777777732
0 0.6866979166666667 0.3963055555555555 0.003739583333333248 0.009416666666666629
0 0.6863697916666667 0.3881759259259259 0.004067708333333305 0.00987037037037034
0 0.6671458333333333 0.3748703703703704 0.005718750000000009 0.013175925925925943
0 0.6565729166666666 0.3590277777777778 0.004375000000000047 0.010537037037037032
0 0.6674114583333334 0.33659259259259255 0.0057604166666666385 0.013185185185185194
0 0.6720520833333333 0.34196296296296297 0.005255208333333409 0.012138888888888902
0 0.6634427083333333 0.3063148148148148 0.004255208333333371 0.01071296296296301
0 0.6693177083333333 0.3111203703703704 0.007265624999999905 0.008722222222222185
0 0.6111197916666666 0.27524074074074073 0.008010416666666723 0.009287037037037012
0 0.6530520833333333 0.2687962962962963 0.0047604166666666 0.009601851851851856
0 0.6619635416666667 0.259037037037037 0.005749999999999981 0.008564814814814815
0 0.6510052083333334 0.25356481481481485 0.005619791666666648 0.010814814814814768
0 0.6293958333333334 0.24538888888888888 0.008427083333333248 0.012055555555555538
0 0.6073020833333334 0.2479074074074074 0.005328125000000009 0.009175925925925896
0 0.5616145833333334 0.36980555555555555 0.0060260416666667515 0.012740740740740733
0 0.5313125 0.3518148148148148 0.00283854166666669 0.012842592592592596
0 0.574296875 0.3221296296296296 0.002682291666666714 0.012416666666666637
0 0.5468437500000001 0.32139814814814816 0.0032083333333332575 0.011833333333333309
0 0.54665625 0.30842592592592594 0.0038281249999999527 0.014046296296296258
0 0.5241510416666667 0.3167592592592593 0.003854166666666714 0.010481481481481527
0 0.523765625 0.2790277777777778 0.0030885416666667 0.008944444444444415
0 0.5316145833333333 0.272037037037037 0.005911458333333286 0.005509259259259301
0 0.5662031249999999 0.2544351851851852 0.0048020833333332295 0.012546296296296253
0 0.5417500000000001 0.23224074074074075 0.004901041666666591 0.011296296296296313
0 0.5970833333333334 0.22817592592592592 0.0036979166666666194 0.010194444444444437
0 0.6035468749999999 0.2295925925925926 0.004255208333333371 0.012157407407407403
0 0.6141510416666667 0.2224074074074074 0.003677083333333305 0.007462962962962965
0 0.608046875 0.19885185185185184 0.0038489583333332672 0.0113888888888889
0 0.6089010416666666 0.16796296296296298 0.004567708333333324 0.007685185185185196
0 0.6357031249999999 0.17037962962962963 0.006187500000000057 0.007231481481481484
0 0.6546145833333333 0.1899814814814815 0.003916666666666657 0.00948148148148149
0 0.6432395833333333 0.20375000000000001 0.005921874999999943 0.009740740740740723
0 0.6429843749999999 0.2188240740740741 0.004911458333333248 0.009962962962962955
0 0.6533125 0.21991666666666665 0.004786458333333362 0.008638888888888875
0 0.6261770833333333 0.21522222222222223 0.0049635416666667705 0.007175925925925926
0 0.6195572916666666 0.21112037037037037 0.005578125000000019 0.008648148148148125
0 0.6418854166666667 0.14562962962962964 0.012197916666666704 0.010611111111111092
0 0.623859375 0.14402777777777778 0.0033177083333332763 0.00816666666666666
0 0.6150312499999999 0.1529074074074074 0.004208333333333296 0.0075185185185185225
0 0.5888385416666666 0.1433148148148148 0.004020833333333229 0.005972222222222212
0 0.5675625 0.12771296296296297 0.005895833333333419 0.004685185185185187
0 0.5571145833333334 0.1171388888888889 0.002677083333333267 0.007296296296296305
0 0.5531614583333333 0.11908333333333335 0.003395833333333324 0.010425925925925918
0 0.6271927083333334 0.0961574074074074 0.005239583333333305 0.008287037037037027
0 0.6034375 0.06692592592592593 0.00344791666666661 0.008861111111111104
0 0.6386927083333334 0.0970462962962963 0.003229166666666572 0.008518518518518509
0 0.6541354166666667 0.11170370370370371 0.006067708333333381 0.0056296296296296415
0 0.6775989583333334 0.08552777777777779 0.005557291666666704 0.006185185185185191
0 0.701078125 0.09366666666666666 0.004635416666666714 0.00867592592592593
0 0.69403125 0.08209259259259259 0.003046874999999953 0.006981481481481474
0 0.6890989583333333 0.07840740740740741 0.003968749999999943 0.008055555555555545
0 0.5534687500000001 0.09592592592592591 0.0031458333333333143 0.009342592592592595
0 0.56365625 0.08119444444444444 0.0032552083333333335 0.008268518518518524
0 0.5605104166666667 0.07701851851851853 0.0034270833333332955 0.0060370370370370465
0 0.5467552083333334 0.06264814814814815 0.005682291666666591 0.004907407407407418
0 0.5633385416666666 0.06340740740740741 0.004338541666666629 0.00488888888888889
0 0.5639583333333333 0.05346296296296296 0.002994791666666667 0.007249999999999999
0 0.5592395833333333 0.05838888888888889 0.005630208333333305 0.006361111111111115
0 0.5538072916666666 0.0550462962962963 0.004255208333333371 0.005037037037037035
0 0.519515625 0.06004629629629629 0.005119791666666628 0.008138888888888881
0 0.5276041666666667 0.03642592592592593 0.0031822916666666146 0.006907407407407402
0 0.5304635416666666 0.03490740740740741 0.0031718749999999573 0.006111111111111106
0 0.55603125 0.01387962962962963 0.003531250000000104 0.007824074074074074
0 0.549046875 0.011333333333333334 0.0029322916666667236 0.005796296296296298
0 0.544671875 0.009157407407407408 0.0036718750000000948 0.006046296296296297
0 0.5534531250000001 0.007592592592592592 0.002692708333333371 0.007509259259259259
0 0.5419270833333333 0.001851851851851852 0.0026041666666666665 0.003703703703703704
0 0.5216770833333333 0.002111111111111111 0.003062500000000057 0.004212962962962963
0 0.49252604166666664 0.020722222222222222 0.0034114583333333098 0.006898148148148151
0 0.513625 0.002148148148148148 0.004119791666666709 0.004296296296296296
0 0.5122604166666667 0.010916666666666667 0.002817708333333376 0.008944444444444442
0 0.5166302083333333 0.014888888888888887 0.0046510416666667 0.005842592592592593
0 0.48953125 0.016814814814814814 0.002588541666666681 0.006620370370370369
0 0.48718229166666666 0.011981481481481482 0.0034270833333332955 0.0049351851851851865
0 0.49141145833333333 0.01237962962962963 0.0029010416666666334 0.006342592592592591
0 0.493125 0.010296296296296295 0.003567708333333286 0.005240740740740741