0 0.44606770833333337 0.4716666666666666 0.005171875000000033 0.006861111111111135
0 0.45 0.4678611111111111 0.003208333333333376 0.010342592592592554
0 0.4544479166666667 0.4636111111111111 0.0036041666666667047 0.009990740740740706
0 0.46832291666666664 0.46691666666666665 0.0034583333333333853 0.00846296296296295
0 0.46525 0.44470370370370366 0.003140624999999986 0.009203703703703754
0 0.64178125 0.25808333333333333 0.0022447916666666384 0.004629629629629629
0 0.6326302083333334 0.2765833333333333 0.001848958333333428 0.005351851851851826
0 0.6441510416666667 0.26575925925925925 0.0028229166666667044 0.005166666666666705
0 0.6178958333333333 0.28770370370370374 0.004859374999999962 0.006129629629629634
0 0.640625 0.28541666666666665 0.0037812500000001135 0.005379629629629579
0 0.5957291666666666 0.28997222222222224 0.004197916666666638 0.006768518518518468
0 0.6728541666666668 0.24978703703703703 0.0041510416666665625 0.006287037037037003
0 0.6785416666666666 0.2436666666666667 0.003901041666666553 0.005527777777777803
0 0.6848958333333334 0.2529351851851852 0.004166666666666667 0.005055555555555589
0 0.5116927083333334 0.4350648148148148 0.0037500000000000237 0.009000000000000025
0 0.47402083333333334 0.4367685185185185 0.0043333333333333 0.00749074074074077
0 0.4846614583333333 0.4296666666666667 0.004598958333333295 0.007027777777777807
0 0.4881197916666667 0.4203148148148148 0.005020833333333386 0.004805555555555606
0 0.49541666666666667 0.42410185185185184 0.003234375000000019 0.010175925925925934
0 0.4979427083333333 0.4180277777777778 0.004270833333333357 0.006268518518518501
0 0.4983697916666667 0.4124351851851852 0.0029583333333333666 0.007185185185185176
0 0.523171875 0.39643518518518517 0.0027916666666666146 0.004861111111111111
0 0.5132291666666666 0.38375925925925924 0.0023802083333333 0.007527777777777774
0 0.5253697916666666 0.35805555555555557 0.0022447916666666384 0.006129629629629634
0 0.49134375 0.403037037037037 0.0034739583333333714 0.003425925925925968
0 0.4891666666666667 0.40564814814814815 0.003463541666666714 0.006712962962962963
0 0.6068177083333333 0.3119444444444444 0.003083333333333371 0.0030462962962962627
0 0.6095104166666666 0.3093796296296296 0.0024895833333334377 0.00361111111111109
0 0.6114166666666667 0.28840740740740745 0.002463541666666676 0.004537037037037016
0 0.5717864583333333 0.28435185185185186 0.002395833333333286 0.005546296296296304
0 0.5742552083333333 0.2834537037037037 0.001786458333333248 0.004888888888888864
0 0.5814895833333333 0.2707037037037037 0.0017447916666666194 0.004435185185185151
0 0.5653072916666667 0.24465740740740743 0.0018177083333332197 0.0035648148148148357
0 0.5675156250000001 0.24260185185185185 0.002177083333333248 0.0043796296296296465
0 0.5694322916666666 0.24476851851851855 0.0015312500000000285 0.0026481481481481607
0 0.570546875 0.24269444444444446 0.002057291666666572 0.003435185185185219
0 0.5387187499999999 0.23687962962962963 0.0022291666666667707 0.00471296296296294
0 0.5537447916666667 0.2288425925925926 0.0017500000000000664 0.0034444444444444696
0 0.581234375 0.2419259259259259 0.0018697916666667424 0.0049444444444444735
0 0.5950677083333333 0.23512962962962963 0.001786458333333248 0.004629629629629629
0 0.5892864583333334 0.23409259259259257 0.00344791666666661 0.004898148148148167
0 0.6366458333333332 0.2116111111111111 0.002359375000000104 0.004527777777777765
0 0.5921406250000001 0.27035185185185184 0.0021874999999999052 0.0043425925925926435
0 0.5890625 0.2704537037037037 0.001953125 0.005157407407407453
0 0.5790052083333334 0.2729814814814815 0.0034427083333333996 0.003407407407407361
0 0.5764739583333333 0.27190740740740743 0.0018593750000000854 0.002490740740740791
0 0.5773802083333333 0.2695740740740741 0.0015885416666667615 0.002777777777777778
0 0.5743385416666666 0.2708240740740741 0.002812500000000047 0.006527777777777736
0 0.5859947916666666 0.2717314814814815 0.0020833333333333333 0.00523148148148146
0 0.66184375 0.24630555555555556 0.0029322916666667236 0.0064074074074073695
0 0.6798385416666667 0.25254629629629627 0.0019895833333334187 0.0033981481481481102
0 0.6920052083333333 0.1846574074074074 0.0029791666666665623 0.007601851851851833
0 0.7187552083333333 0.17297222222222222 0.0024895833333334377 0.005916666666666654
0 0.7419010416666667 0.13749074074074075 0.0034843750000000282 0.005564814814814806
0 0.7506458333333333 0.14647222222222223 0.0021614583333333806 0.004314814814814838
0 0.741515625 0.15586111111111112 0.0023645833333333145 0.0038981481481481293
0 0.7392916666666667 0.15946296296296297 0.00383854166666661 0.004277777777777782
0 0.7608333333333334 0.15387962962962962 0.0033750000000000095 0.005499999999999998
0 0.7505833333333333 0.11751851851851851 0.003083333333333371 0.005259259259259253
0 0.777265625 0.12466666666666665 0.002442708333333362 0.004685185185185187
0 0.7767395833333333 0.12852777777777777 0.002442708333333362 0.0043611111111110925
0 0.7321145833333333 0.07587037037037037 0.002723958333333343 0.003722222222222232
0 0.7858020833333333 0.08923148148148148 0.002442708333333362 0.004416666666666676
0 0.80665625 0.1075462962962963 0.0026979166666665816 0.005750000000000008
0 0.7923125 0.09428703703703703 0.002578124999999905 0.0021481481481481417
0 0.7916770833333333 0.09156481481481482 0.0030416666666667424 0.004129629629629637
0 0.7932395833333333 0.1035 0.0016406250000000474 0.004462962962962957
0 0.7894791666666666 0.10460185185185185 0.0021354166666666193 0.004824074074074081
0 0.7868541666666666 0.11125925925925925 0.002723958333333343 0.004685185185185187
0 0.784671875 0.10998148148148149 0.0013229166666666478 0.002898148148148144
0 0.8364895833333333 0.21212037037037038 0.0015781250000001042 0.003268518518518493
0 0.8083020833333333 0.10177777777777777 0.0015677083333334471 0.003500000000000001
0 0.82928125 0.07298148148148148 0.001614583333333286 0.0032685185185185196
0 0.837421875 0.07413888888888888 0.002395833333333286 0.0030000000000000083
0 0.850875 0.06816666666666667 0.002057291666666572 0.0029722222222222294
0 0.8491510416666667 0.09737037037037037 0.0019635416666666573 0.003629629629629618
0 0.8548541666666666 0.10187037037037036 0.0024791666666667805 0.004064814814814802
0 0.8579270833333333 0.09847222222222221 0.0017031249999999905 0.0028518518518518632
0 0.8775833333333334 0.07535185185185185 0.00227604166666661 0.004287037037037033
0 0.87575 0.07269444444444445 0.0014166666666665625 0.0026388888888888838
0 0.8731822916666666 0.07365740740740741 0.0015312500000000285 0.002555555555555547
0 0.86865625 0.06961111111111112 0.0016510416666667045 0.0024629629629629598
0 0.872265625 0.07122222222222223 0.0013749999999999338 0.0023518518518518446
0 0.872 0.06649074074074074 0.0015937499999999715 0.0025370370370370455
0 0.870796875 0.06268518518518519 0.0016249999999999431 0.0022500000000000063
0 0.8744791666666667 0.061907407407407404 0.0013177083333334376 0.0023518518518518446
0 0.8771197916666666 0.06296296296296296 0.0013541666666666192 0.0024814814814814877
0 0.8797447916666666 0.06950925925925926 0.0013645833333332765 0.0022592592592592573
0 0.8744114583333332 0.07027777777777779 0.0013645833333332765 0.00212962962962964
0 0.8798697916666666 0.07408333333333333 0.001901041666666714 0.002703703703703692
0 0.8813697916666666 0.07099074074074074 0.0013802083333333806 0.0022592592592592573
0 0.8810833333333333 0.06272222222222222 0.001843749999999981 0.002925925925925923
0 0.8475208333333334 0.10319444444444445 0.0020156249999999432 0.0035740740740740867
0 0.8441302083333333 0.1008425925925926 0.0019791666666667614 0.004620370370370379
0 0.8419843749999999 0.10144444444444445 0.0020885416666667806 0.004777777777777775
0 0.8462604166666666 0.10931481481481482 0.0021406250000000665 0.004351851851851841
0 0.8318802083333333 0.09266666666666666 0.002406249999999943 0.0038981481481481554
0 0.8318854166666667 0.09821296296296296 0.0027083333333332384 0.0040462962962963004
0 0.8296666666666667 0.09846296296296296 0.0023854166666666286 0.004546296296296293
0 0.8238333333333333 0.08975925925925926 0.0018541666666666383 0.0033055555555555494
0 0.8284687500000001 0.09133333333333334 0.0020364583333332574 0.0033148148148148264
0 0.8278229166666667 0.08776851851851852 0.002505208333333305 0.003481481481481473
0 0.7456979166666666 0.07002777777777777 0.0016874999999998864 0.002944444444444451
0 0.74728125 0.0712962962962963 0.0016354166666666004 0.002611111111111105
0 0.8208802083333333 0.09644444444444444 0.0024322916666667045 0.003777777777777789
0 0.8228333333333333 0.09607407407407408 0.001666666666666572 0.0032499999999999916
0 0.8244427083333333 0.09683333333333333 0.0022656249999999526 0.003629629629629618
0 0.8730208333333334 0.0859537037037037 0.002156249999999934 0.0038888888888888784
0 0.876734375 0.08850925925925926 0.0018541666666666383 0.002777777777777778
0 0.8799010416666667 0.08572222222222223 0.0022656249999999526 0.0034166666666666646
0 0.8805 0.08837037037037036 0.0022031250000000093 0.003333333333333328
0 0.8855677083333333 0.08800925925925926 0.0019791666666667614 0.003055555555555566
0 0.88490625 0.08319444444444445 0.001666666666666572 0.0033055555555555494
0 0.8831770833333333 0.07737037037037037 0.0014947916666666098 0.002444444444444432
0 0.8861770833333333 0.07922222222222222 0.001171875 0.002555555555555547
0 0.890359375 0.0746388888888889 0.001958333333333447 0.0032685185185185196
0 0.8968385416666667 0.07197222222222223 0.0015208333333333712 0.0033425925925926053
0 0.9083333333333333 0.06446296296296297 0.0015156249999999242 0.002694444444444441
0 0.9101510416666667 0.06362962962962963 0.0018645833333332954 0.003722222222222232
0 0.9133385416666666 0.06186111111111111 0.001677083333333229 0.0033148148148148264
0 0.8752239583333333 0.09914814814814815 0.0020156249999999432 0.003333333333333328
0 0.8798697916666666 0.09874074074074074 0.002453125000000019 0.0025092592592592666
0 0.8849114583333333 0.09702777777777778 0.002177083333333248 0.0035833333333333377
0 0.8877968749999999 0.09808333333333334 0.0018854166666666097 0.0030000000000000083
0 0.8923958333333334 0.07851851851851852 0.0017812500000000378 0.003907407407407406
0 0.9004479166666666 0.077 0.002067708333333229 0.003481481481481473
0 0.8977447916666667 0.07951851851851852 0.002057291666666572 0.002944444444444451
0 0.8951354166666667 0.0774074074074074 0.0019947916666666287 0.0031018518518518465
0 0.9027291666666667 0.07062037037037036 0.0025885416666665624 0.0018981481481481588
0 0.9043229166666666 0.07375925925925926 0.001953125 0.0033981481481481367
0 0.910390625 0.07959259259259259 0.0017656249999999337 0.002629629629629633
0 0.9123541666666667 0.08152777777777777 0.002057291666666572 0.003629629629629618
0 0.9792916666666667 0.11301851851851852 0.0024166666666666004 0.003805555555555568
0 0.9799687499999999 0.11806481481481483 0.0023177083333332385 0.003537037037037044
0 0.9778958333333333 0.08696296296296296 0.002156249999999934 0.002898148148148144
0 0.9777864583333333 0.06308333333333332 0.0024687499999998864 0.003064814814814817
0 0.9519895833333333 0.065 0.0018802083333333997 0.0026666666666666622
0 0.9525520833333334 0.06914814814814815 0.001677083333333229 0.0025185185185185176
0 0.9535885416666667 0.07868518518518519 0.0016406250000000474 0.0032592592592592686
0 0.9570624999999999 0.07048148148148149 0.0014479166666667709 0.0023611111111111215
0 0.8667135416666666 0.10263888888888888 0.0013645833333332765 0.002925925925925923
0 0.8685260416666666 0.10285185185185185 0.001734374999999962 0.003777777777777789
0 0.864140625 0.10185185185185185 0.0015416666666666855 0.0034166666666666646
0 0.9196875 0.07960185185185185 0.001958333333333447 0.003509259259259252
0 0.9235104166666667 0.08342592592592592 0.002177083333333248 0.003999999999999994
0 0.9161354166666666 0.0819074074074074 0.001968750000000104 0.002611111111111105
0 0.9420625 0.0661851851851852 0.0018385416666667708 0.003083333333333345
0 0.9467291666666667 0.06162962962962963 0.0012656249999999148 0.00275925925925925
0 0.9477447916666667 0.06886111111111111 0.0017500000000000664 0.002916666666666672
0 0.9643333333333334 0.060564814814814814 0.0018125000000000094 0.003935185185185185
0 0.9712708333333333 0.05862037037037037 0.0014479166666667709 0.003888888888888885
0 0.96521875 0.04934259259259259 0.0019843749999999714 0.003833333333333334
0 0.9661041666666667 0.03712962962962963 0.0021406250000000665 0.003361111111111107
0 0.9435 0.03428703703703704 0.0016354166666666004 0.0043796296296296335
0 0.9815520833333333 0.030222222222222223 0.002104166666666648 0.0033981481481481497
0 0.9869375 0.0295 0.002124999999999962 0.003805555555555555
0 0.990328125 0.04511111111111111 0.002067708333333229 0.0030185185185185232
0 0.9873489583333334 0.05025925925925926 0.0017031249999999905 0.0037407407407407467
0 0.9849114583333333 0.05291666666666667 0.0019947916666666287 0.003537037037037031
0 0.9838125000000001 0.04798148148148148 0.002072916666666676 0.004703703703703702
0 0.982578125 0.043305555555555555 0.0020937499999999906 0.005648148148148143
0 0.990703125 0.05937962962962962 0.0019947916666666287 0.0028425925925925862
0 0.9939791666666667 0.051898148148148145 0.0017083333333334375 0.003342592592592592
0 0.9952083333333334 0.03866666666666666 0.0014791666666667425 0.0022685185185185213
0 0.9967291666666667 0.036953703703703704 0.0014166666666665625 0.0021481481481481417
0 0.9993541666666667 0.03917592592592593 0.0012864583333332292 0.004398148148148148
0 0.97734375 0.030398148148148146 0.001557291666666553 0.0022870370370370358
0 0.9968333333333333 0.031731481481481486 0.0014687500000000852 0.0028333333333333353
0 0.9977708333333334 0.03339814814814815 0.0013072916666667803 0.0022962962962963
0 0.9950208333333334 0.06075925925925926 0.003046874999999953 0.004444444444444449
0 0.9965833333333334 0.04669444444444444 0.0015312500000000285 0.0026851851851851906
0 0.9760416666666667 0.032407407407407406 0.0015468749999998958 0.0024166666666666664
0 0.9722760416666667 0.027407407407407408 0.0017708333333333807 0.003305555555555556
0 0.9567291666666667 0.03727777777777778 0.0016927083333333334 0.0023611111111111085
0 0.9985885416666667 0.04837962962962963 0.0017500000000000664 0.0038981481481481423
0 0.9408229166666667 0.034555555555555555 0.0017083333333334375 0.0023703703703703725
0 0.9293958333333333 0.05405555555555556 0.0017083333333334375 0.002907407407407408
0 0.9304635416666667 0.05784259259259259 0.0015989583333334185 0.002870370370370365
0 0.9330572916666667 0.05431481481481481 0.0014791666666667425 0.00378703703703704
0 0.9293229166666667 0.06197222222222223 0.0015625 0.0031388888888888764
0 0.9248802083333333 0.06409259259259259 0.0012500000000000473 0.0026666666666666622
0 0.92390625 0.06813888888888889 0.0017447916666666194 0.002777777777777778
0 0.9283177083333333 0.07263888888888889 0.0015885416666667615 0.0023518518518518446
0 0.933890625 0.07188888888888889 0.0021302083333334092 0.0037500000000000107
0 0.9357864583333334 0.05875925925925926 0.0014270833333332197 0.0025277777777777816
0 0.93578125 0.05539814814814815 0.001218750000000076 0.0023240740740740787
0 0.9396614583333334 0.05374074074074074 0.0016354166666666004 0.0026481481481481477
0 0.9151041666666667 0.06814814814814814 0.0024166666666666004 0.003935185185185185
0 0.9164895833333334 0.06441666666666666 0.0016354166666666004 0.002777777777777778
0 0.9176562500000001 0.06220370370370371 0.0017083333333334375 0.003500000000000001
0 0.9200937499999999 0.062120370370370374 0.0020781249999998865 0.003333333333333328
0 0.9207552083333332 0.07067592592592592 0.001791666666666695 0.002675925925925913
0 0.936546875 0.06573148148148147 0.001791666666666695 0.003111111111111124
0 0.9377864583333333 0.06361111111111112 0.0016874999999998864 0.0023148148148148147
0 0.9371770833333334 0.07827777777777778 0.0020781249999998865 0.0035648148148148097
0 0.9371354166666667 0.08175 0.003281250000000095 0.004787037037037025
0 0.9418385416666666 0.0749537037037037 0.003343750000000038 0.004370370370370369
0 0.9433333333333334 0.07810185185185185 0.0015000000000000568 0.003777777777777789
0 0.945796875 0.07747222222222222 0.002234374999999981 0.0031018518518518465
0 0.9048906250000001 0.07764814814814815 0.002505208333333305 0.002703703703703692
0 0.9058541666666666 0.07960185185185185 0.003395833333333324 0.003546296296296308
0 0.9321979166666666 0.06234259259259259 0.0019635416666666573 0.003962962962962964
0 0.9291927083333333 0.06788888888888889 0.004765625000000048 0.006916666666666666