0 0.08154166666666667 0.8177129629629629 0.009598958333333336 0.015018518518518544
0 0.21533333333333332 0.880638888888889 0.006692708333333345 0.019527777777777703
0 0.206296875 0.8763055555555556 0.008848958333333339 0.01680555555555564
0 0.197875 0.8567685185185184 0.006338541666666645 0.01990740740740741
0 0.20983854166666666 0.837675925925926 0.006562500000000012 0.012037037037037037
0 0.09173437499999999 0.6736111111111112 0.008187500000000014 0.011620370370370328
0 0.17697395833333335 0.7679537037037036 0.005776041666666684 0.016407407407407433
0 0.137328125 0.6857685185185185 0.005864583333333328 0.011712962962963046
0 0.20202604166666666 0.7361111111111112 0.005708333333333353 0.012083333333333291
0 0.027953125000000002 0.5013055555555556 0.008005208333333336 0.0080740740740741
0 0.04595833333333333 0.4856759259259259 0.008286458333333331 0.0052592592592593185
0 0.161375 0.5889722222222222 0.007151041666666676 0.010388888888888914
0 0.24621354166666667 0.6080740740740741 0.00614583333333331 0.014731481481481557
0 0.25097916666666664 0.6223981481481482 0.005197916666666676 0.012657407407407475
0 0.3337395833333333 0.6367222222222222 0.004791666666666691 0.01261111111111101
0 0.45703125 0.6705740740740741 0.005536458333333391 0.01680555555555564
0 0.422609375 0.5946203703703704 0.007755208333333386 0.013675925925925909
0 0.4392083333333333 0.605037037037037 0.007406250000000014 0.009314814814814764
0 0.2502447916666667 0.556425925925926 0.005406249999999998 0.009648148148148215
0 0.276609375 0.5520833333333334 0.006932291666666638 0.010509259259259175
0 0.37988541666666664 0.5837685185185185 0.008713541666666677 0.010592592592592643
0 0.3239739583333333 0.5664074074074075 0.006562499999999953 0.008787037037037046
0 0.3986822916666667 0.5664074074074075 0.007692708333333324 0.009425925925925985
0 0.4174791666666666 0.5985277777777778 0.007291666666666667 0.012657407407407475
0 0.3395989583333333 0.4891481481481481 0.007932291666666676 0.008824074074074048
0 0.3708489583333333 0.4804722222222222 0.007151041666666676 0.008861111111111052
0 0.3196145833333333 0.47583333333333333 0.008062500000000009 0.008425925925925894
0 0.3395989583333333 0.5100185185185185 0.007119791666666705 0.005472222222222298
0 0.23425520833333333 0.542537037037037 0.007546875000000005 0.010222222222222188
0 0.24902604166666667 0.542537037037037 0.00546875 0.010268518518518443
0 0.2634270833333333 0.515787037037037 0.0046979166666666575 0.007731481481481397
0 0.22766145833333334 0.5473055555555556 0.005218749999999991 0.011361111111111094
0 0.322140625 0.48333333333333334 0.008062500000000009 0.008370370370370337
0 0.45688020833333337 0.5816018518518519 0.008614583333333314 0.009138888888888788
0 0.4997552083333333 0.5694444444444444 0.0067708333333333336 0.008657407407407324
0 0.47400000000000003 0.5100370370370371 0.0048697916666666195 0.00872222222222229
0 0.48730729166666664 0.5763888888888888 0.004593749999999967 0.008555555555555565
0 0.45565625 0.5499166666666666 0.007578124999999976 0.009574074074073999
0 0.478515625 0.556861111111111 0.006124999999999995 0.0075185185185184175
0 0.446046875 0.4891481481481481 0.00653645833333331 0.008453703703703805
0 0.501953125 0.5295648148148148 0.006562499999999953 0.01035185185185191
0 0.51196875 0.5206111111111111 0.007843749999999972 0.007185185185185176
0 0.375 0.4448796296296297 0.00731770833333331 0.008861111111111158
0 0.34754166666666664 0.42537962962962966 0.0058958333333333 0.008574074074074066
0 0.2941875 0.4173148148148148 0.007010416666666686 0.0072870370370370415
0 0.3785572916666667 0.45979629629629626 0.005994791666666662 0.010472222222222171
0 0.3868958333333333 0.45882407407407405 0.006546874999999967 0.008768518518518544
0 0.3199270833333333 0.4123703703703704 0.004473958333333291 0.007333333333333295
0 0.3200572916666667 0.4054351851851852 0.006239583333333343 0.0066018518518518475
0 0.4274895833333333 0.4479166666666667 0.005843750000000014 0.00888888888888891
0 0.408203125 0.4236111111111111 0.006239583333333343 0.008759259259259293
0 0.419375 0.4242870370370371 0.00546875 0.0076944444444443936
0 0.4545885416666666 0.4340277777777778 0.006005208333333319 0.007731481481481502
0 0.45703125 0.3988703703703703 0.0040989583333332765 0.00910185185185189
0 0.4303072916666667 0.425962962962963 0.006197916666666714 0.007361111111111153
0 0.4351979166666667 0.4245185185185185 0.005333333333333338 0.008046296296296346
0 0.45725520833333333 0.4489259259259259 0.004265625000000028 0.0064074074074073695
0 0.45541145833333335 0.44349074074074074 0.005104166666666643 0.006314814814814861
0 0.4735520833333334 0.519175925925926 0.003729166666666709 0.008388888888888838
0 0.5122083333333334 0.38107407407407407 0.005687500000000038 0.00910185185185189
0 0.49465625 0.561861111111111 0.006312499999999943 0.005129629629629596
0 0.4802239583333333 0.360462962962963 0.005687500000000038 0.009314814814814764
0 0.49284374999999997 0.5657314814814814 0.006723958333333376 0.0064074074074074745
0 0.4598802083333334 0.358287037037037 0.005119791666666628 0.0080740740740741
0 0.4377447916666667 0.35264814814814816 0.00536458333333331 0.0069537037037036955
0 0.4335729166666667 0.39187962962962963 0.005624999999999976 0.008018518518518489
0 0.429375 0.37545370370370373 0.0037083333333332766 0.008814814814814798
0 0.366015625 0.3740555555555556 0.0054322916666667 0.008148148148148106
0 0.4122760416666667 0.33485185185185184 0.005302083333333366 0.010111111111111072
0 0.37394791666666666 0.3707037037037037 0.003911458333333328 0.0047499999999999955
0 0.399171875 0.33767592592592593 0.004348958333333286 0.007462962962962913
0 0.40779166666666666 0.366 0.0037083333333332766 0.006592592592592597
0 0.409421875 0.3538148148148148 0.004468749999999962 0.005638888888888918
0 0.43870833333333337 0.385712962962963 0.007125000000000033 0.009259259259259259
0 0.42786979166666667 0.33116666666666666 0.002588541666666681 0.006944444444444444
0 0.41976562500000003 0.33212037037037034 0.004015625000000019 0.006064814814814773
0 0.44381770833333334 0.38303703703703706 0.004286458333333343 0.008925925925925914
0 0.4178645833333333 0.3699722222222222 0.0032500000000000046 0.006277777777777753
0 0.420953125 0.3663518518518519 0.00383854166666661 0.005500000000000051
0 0.4886875 0.4330185185185185 0.0059583333333333615 0.008481481481481453
0 0.4956510416666667 0.4323425925925926 0.005968750000000019 0.005611111111111061
0 0.5405260416666666 0.39410185185185187 0.003989583333333257 0.00906481481481478
0 0.4672864583333334 0.22243518518518518 0.0035781249999999433 0.00595370370370371
0 0.509765625 0.2743055555555556 0.0034687500000000425 0.006166666666666637
0 0.4809583333333334 0.22200925925925927 0.005239583333333305 0.00706481481481481
0 0.4951666666666667 0.3193333333333333 0.004270833333333357 0.006222222222222248
0 0.5249010416666666 0.31665740740740744 0.004557291666666667 0.005111111111111094
0 0.5439479166666668 0.30360185185185184 0.004182291666666771 0.006666666666666709
0 0.5639635416666666 0.30468518518518517 0.004281249999999895 0.008009259259259239
0 0.5766614583333334 0.28732407407407407 0.004468749999999962 0.007814814814814865
0 0.5537135416666668 0.3261759259259259 0.005619791666666648 0.007879629629629622
0 0.5556666666666668 0.3886759259259259 0.00546875 0.00829629629629633
0 0.5588645833333333 0.34617592592592594 0.005885416666666762 0.0075185185185185225
0 0.6000989583333334 0.33354629629629634 0.005119791666666628 0.007916666666666624
0 0.5864270833333334 0.29253703703703704 0.0033645833333333522 0.006981481481481448
0 0.6610520833333333 0.3517777777777778 0.005822916666666581 0.008685185185185181
0 0.6484375 0.3680555555555556 0.006166666666666742 0.009314814814814764
0 0.64453125 0.3431018518518519 0.005197916666666676 0.008222222222222218
0 0.7998072916666668 0.3224814814814815 0.0048697916666666195 0.007037037037037058
0 0.8452135416666666 0.3385462962962963 0.005062499999999896 0.008388888888888838
0 0.8569322916666666 0.30534259259259255 0.004416666666666676 0.006749999999999966
0 0.8090833333333334 0.2851574074074074 0.004791666666666572 0.006361111111111115
0 0.13403125 0.5868055555555556 0.008187500000000014 0.009870370370370446
0 0.34008333333333335 0.5047685185185184 0.008291666666666704 0.005537037037037054
0 0.40543229166666667 0.33284259259259263 0.0036979166666666194 0.006962962962962946
0 0.4858125 0.3588240740740741 0.005307291666666695 0.008370370370370337
0 0.5405260416666666 0.3732685185185185 0.005708333333333353 0.00987037037037034
0 0.5322291666666666 0.3773888888888889 0.00557812499999996 0.009499999999999991
0 0.5159895833333333 0.3371574074074074 0.00458333333333331 0.007092592592592563
0 0.5153385416666667 0.3295740740740741 0.004609374999999953 0.006555555555555593
0 0.5271041666666666 0.34296296296296297 0.0036145833333333616 0.006111111111111132
0 0.5805677083333334 0.3816759259259259 0.004515625000000038 0.008416666666666696
0 0.5774166666666667 0.38004629629629627 0.0033125000000000663 0.006768518518518468
0 0.654421875 0.3741759259259259 0.005302083333333248 0.007453703703703661
0 0.6625989583333334 0.37934259259259256 0.0069583333333334 0.007092592592592563
0 0.6527291666666667 0.35102777777777777 0.004515625000000038 0.006694444444444461
0 0.6592552083333333 0.3388703703703704 0.005203124999999887 0.0062129629629629965
0 0.6530989583333333 0.34025925925925926 0.005072916666666553 0.0051388888888888465
0 0.6537968749999999 0.34330555555555553 0.005031249999999924 0.0069537037037036955
0 0.7514635416666666 0.3211851851851852 0.004083333333333409 0.006749999999999966
0 0.6875 0.24826851851851853 0.004229166666666609 0.005907407407407403
0 0.935546875 0.3222685185185185 0.005385416666666742 0.00609259259259263
0 0.9262291666666667 0.32587037037037037 0.0056406249999999625 0.0059814814814815155
0 0.8901354166666666 0.29297222222222224 0.005343750000000114 0.006981481481481448
0 0.9293437499999999 0.3046018518518519 0.004291666666666553 0.005527777777777803
0 0.9589739583333333 0.31000925925925926 0.0036718750000000948 0.004166666666666667
0 0.8745104166666666 0.2795185185185185 0.0046979166666666575 0.006796296296296325
0 0.8408229166666668 0.24587962962962964 0.004453125000000095 0.005407407407407437
0 0.8767864583333334 0.3145555555555556 0.0035625000000000756 0.007240740740740787
0 0.88078125 0.3151851851851852 0.0029218750000000663 0.005388888888888935
0 0.8993020833333334 0.32871296296296293 0.0034427083333333996 0.00609259259259263
0 0.8994166666666668 0.31510185185185186 0.0048697916666666195 0.00803703703703699
0 0.9145729166666666 0.2978148148148148 0.004442708333333437 0.004629629629629629
0 0.9071510416666667 0.31849074074074074 0.00514583333333339 0.0064074074074073695
0 0.9013645833333332 0.3272037037037037 0.002812500000000047 0.006648148148148102
0 0.912015625 0.31983333333333336 0.0050416666666665815 0.006157407407407387
0 0.9138750000000001 0.3237685185185185 0.0048020833333332295 0.005259259259259213
0 0.9480729166666666 0.30137962962962966 0.00415625000000001 0.005777777777777786
0 0.9435260416666666 0.3008148148148148 0.004692708333333447 0.006499999999999983
0 0.9683229166666667 0.31562962962962965 0.0030208333333334282 0.003972222222222189
0 0.9365052083333333 0.2998518518518518 0.004875000000000066 0.0053333333333333245
0 0.8524999999999999 0.2480462962962963 0.004197916666666638 0.005777777777777786
0 0.9386614583333334 0.3026203703703704 0.00455208333333322 0.005472222222222193
0 0.85890625 0.2815462962962963 0.004515625000000038 0.0047499999999999955
0 0.8643020833333334 0.2820185185185185 0.004578124999999981 0.00565740740740742
0 0.8850520833333333 0.3088148148148148 0.005369791666666638 0.008629629629629676
0 0.8869166666666667 0.31467592592592597 0.003984375000000048 0.004907407407407366
0 0.8852291666666667 0.31672222222222224 0.0043125000000001044 0.0054907407407406945
0 0.7451197916666668 0.26475925925925925 0.003942708333333419 0.00646296296296298
0 0.8051770833333334 0.2441388888888889 0.004468749999999962 0.005796296296296288
0 0.7841822916666668 0.2595462962962963 0.00494270833333322 0.007185185185185176
0 0.7895572916666667 0.25472222222222224 0.004302083333333447 0.005166666666666705
0 0.7937083333333333 0.24575000000000002 0.0037083333333332766 0.0045740740740741245
0 0.7968958333333334 0.24917592592592594 0.0039531250000000755 0.004268518518518531
0 0.7788906250000001 0.22874074074074074 0.003062500000000057 0.005009259259259283
0 0.782546875 0.2283611111111111 0.0026562499999999525 0.0054722222222222455
0 0.7656875 0.26666666666666666 0.003854166666666714 0.0047129629629629926
0 0.7269010416666667 0.2636759259259259 0.0035468749999999715 0.007037037037037058
0 0.7636979166666666 0.26839814814814816 0.004135416666666695 0.003898148148148182
0 0.7318072916666666 0.26368518518518513 0.004197916666666638 0.005212962962962959
0 0.7529895833333333 0.24453703703703705 0.002447916666666572 0.003962962962962938
0 0.744890625 0.23884259259259258 0.0029791666666665623 0.003370370370370358
0 0.745703125 0.2328425925925926 0.004046874999999991 0.005481481481481496
0 0.7619218750000001 0.2265648148148148 0.003786458333333324 0.004851851851851861
0 0.77365625 0.22741666666666668 0.0036614583333334375 0.004953703703703725
0 0.7669635416666666 0.2285648148148148 0.0032499999999998862 0.003870370370370377
0 0.4997552083333333 0.3461388888888889 0.004682291666666671 0.0084537037037037
0 0.7691770833333333 0.22680555555555554 0.0037812500000001135 0.004305555555555535
0 0.7020156249999999 0.6009444444444444 0.006010416666666647 0.010861111111111129
0 0.708625 0.5968796296296296 0.007890625000000047 0.009657407407407467
0 0.47911458333333334 0.27955555555555556 0.004911458333333367 0.00565740740740742
0 0.4811666666666667 0.2833425925925926 0.0032395833333333473 0.005972222222222264
0 0.49690625 0.2802962962962963 0.0021927083333333525 0.005324074074074074
0 0.49203125000000003 0.27732407407407406 0.004692708333333328 0.006879629629629584
0 0.48434895833333336 0.27840740740740744 0.004317708333333314 0.0068981481481481905
0 0.502828125 0.30527777777777776 0.0036302083333333477 0.005833333333333291
0 0.5082083333333334 0.30539814814814814 0.003046874999999953 0.006694444444444461
0 0.5027604166666666 0.3294537037037037 0.004838541666666648 0.006324074074074112
0 0.491265625 0.33313888888888893 0.004682291666666671 0.006361111111111115
0 0.47494270833333335 0.337712962962963 0.004760416666666719 0.006527777777777736
0 0.47302083333333333 0.32449999999999996 0.003359375000000024 0.004990740740740728
0 0.476015625 0.32174074074074077 0.003854166666666714 0.006657407407407458
0 0.48353125 0.3198148148148148 0.0034791666666667 0.007500000000000021
0 0.471015625 0.31328703703703703 0.0036666666666666475 0.006555555555555593
0 0.474390625 0.3121203703703703 0.0038593750000000425 0.0058703703703704
0 0.4814739583333333 0.3165648148148148 0.003359375000000024 0.007138888888888923
0 0.5505937500000001 0.28151851851851856 0.0020312500000000473 0.006185185185185139
0 0.5632916666666666 0.2888055555555556 0.00390625 0.005750000000000034
0 0.5630729166666666 0.2809259259259259 0.0022708333333334 0.005814814814814789
0 0.5684322916666668 0.2830925925925926 0.002677083333333267 0.005787037037037037
0 0.5679531250000001 0.27199999999999996 0.0031927083333333902 0.008694444444444432
0 0.5648020833333334 0.265537037037037 0.0019843749999999714 0.005611111111111061
0 0.587671875 0.25782407407407404 0.0024322916666667045 0.0060555555555555215
0 0.593640625 0.25049074074074074 0.003625000000000019 0.004694444444444491
0 0.581171875 0.25386111111111115 0.0034791666666665814 0.004916666666666616
0 0.562890625 0.25966666666666666 0.0020781249999998865 0.004814814814814857
0 0.563625 0.25577777777777777 0.0019374999999998957 0.004916666666666616
0 0.570234375 0.23647222222222222 0.0028229166666667044 0.005574074074074057
0 0.5983906250000001 0.23126851851851854 0.0037291666666665908 0.004129629629629611
0 0.544828125 0.2393611111111111 0.0021093750000000947 0.004999999999999979
0 0.5528333333333334 0.23705555555555555 0.002359375000000104 0.0047499999999999955
0 0.5579531249999999 0.23181481481481483 0.0019166666666665813 0.0037407407407407597
0 0.5644843749999999 0.22786111111111113 0.002963541666666695 0.004675925925925937
0 0.5725885416666666 0.22914814814814813 0.003010416666666771 0.005583333333333308
0 0.5849114583333334 0.22795370370370371 0.0026666666666666098 0.004148148148148165
0 0.57165625 0.22508333333333333 0.002526041666666619 0.004657407407407382
0 0.5529791666666667 0.23321296296296296 0.002848958333333229 0.004425925925925901
0 0.46121354166666667 0.2210462962962963 0.0019114583333333713 0.0040277777777777985
0 0.5190052083333333 0.23228703703703704 0.0026770833333333854 0.004888888888888864
0 0.52590625 0.23408333333333334 0.0029531250000000378 0.005462962962962942
0 0.5467135416666667 0.22791666666666668 0.0028385416666665718 0.004916666666666669
0 0.53140625 0.2285648148148148 0.0021145833333333047 0.0057037037037037264
0 0.5348802083333334 0.23058333333333333 0.00397395833333339 0.005490740740740747
0 0.524953125 0.2273148148148148 0.002817708333333376 0.004018518518518495
0 0.528875 0.22736111111111112 0.00302083333333331 0.004629629629629629
0 0.48900520833333333 0.21171296296296296 0.0024322916666667045 0.0038888888888888784
0 0.495 0.20912962962962964 0.003062500000000057 0.0031296296296296254
0 0.5003020833333334 0.20569444444444446 0.0024947916666666478 0.003370370370370358
0 0.489109375 0.20564814814814814 0.003234375000000019 0.003805555555555568
0 0.5083802083333333 0.20717592592592593 0.0027812499999999574 0.0052962962962963215
0 0.7367291666666667 0.22683333333333333 0.0037083333333332766 0.004648148148148131
0 0.7311197916666666 0.22654629629629627 0.00415625000000001 0.004509259259259263
0 0.7279895833333333 0.22882407407407407 0.0035625000000000756 0.004842592592592609
0 0.7252552083333333 0.22374074074074074 0.004489583333333277 0.004861111111111111
0 0.7222447916666667 0.22808333333333333 0.0021979166666665625 0.00493518518518517
0 0.724078125 0.2275462962962963 0.002562500000000038 0.003916666666666684
0 0.7172864583333334 0.22249074074074074 0.003411458333333428 0.004953703703703725
0 0.707890625 0.23169444444444443 0.0027135416666666857 0.005009259259259283
0 0.70496875 0.23122222222222222 0.003499999999999896 0.0038796296296296274
0 0.708609375 0.22492592592592592 0.0037187499999999335 0.0056666666666666705
0 0.7054791666666667 0.22148148148148147 0.0031510416666667616 0.0042037037037037225
0 0.6994062499999999 0.22352777777777777 0.0031510416666667616 0.004287037037037033
0 0.687859375 0.23097222222222222 0.0029843750000000096 0.0040277777777777985
0 0.6828906250000001 0.23046296296296298 0.003234375000000019 0.003999999999999994
0 0.67725 0.2300185185185185 0.002760416666666761 0.004546296296296319
0 0.8264479166666666 0.20894444444444443 0.0025989583333332197 0.004500000000000013
0 0.8345625 0.2132777777777778 0.0033593749999999054 0.005009259259259283
0 0.8372864583333333 0.20922222222222223 0.0034739583333333714 0.003648148148148146
0 0.8380781249999999 0.21356481481481482 0.002843750000000019 0.003814814814814819
0 0.5126041666666666 0.20862962962962964 0.002817708333333376 0.004166666666666667
0 0.5183697916666666 0.2140462962962963 0.002317708333333357 0.004287037037037033
0 0.5236197916666667 0.2148888888888889 0.002796874999999943 0.003870370370370377
0 0.5340104166666666 0.22118518518518518 0.0031041666666666856 0.004518518518518515
0 0.5347708333333333 0.21534259259259259 0.003536458333333314 0.005499999999999998
0 0.5256927083333334 0.2115462962962963 0.0030781250000000426 0.0036759259259259514
0 0.5227552083333333 0.21162962962962964 0.0030677083333333854 0.0038796296296296274
0 0.50903125 0.21384259259259258 0.0037239583333333807 0.004101851851851858
0 0.5136666666666667 0.21439814814814817 0.002588541666666681 0.003907407407407432
0 0.5112708333333333 0.21257407407407408 0.0018385416666666524 0.004611111111111128
0 0.51509375 0.20487037037037037 0.002479166666666662 0.0036759259259259514
0 0.5193125000000001 0.20337962962962963 0.002624999999999981 0.0035462962962962813
0 0.5193489583333333 0.2098796296296296 0.0028593750000000047 0.003703703703703704
0 0.5176822916666667 0.207712962962963 0.0037968749999999813 0.003962962962962938
0 0.5221979166666667 0.20769444444444446 0.0025208333333332908 0.003768518518518512
0 0.524828125 0.2089351851851852 0.0021562500000000522 0.0036666666666666475
0 0.527109375 0.20608333333333334 0.003286458333333305 0.004064814814814802
0 0.5313125 0.20825925925925926 0.002624999999999981 0.003805555555555568
0 0.5310833333333334 0.2047314814814815 0.0025833333333333524 0.0028425925925925862
0 0.5379635416666667 0.20566666666666666 0.0034218750000000854 0.003055555555555566
0 0.542890625 0.2050925925925926 0.002239583333333428 0.0037592592592592612
0 0.5448854166666667 0.20373148148148149 0.0021093750000000947 0.00506481481481484
0 0.5403333333333333 0.21030555555555555 0.0019322916666666857 0.005250000000000015
0 0.5402968749999999 0.21491666666666667 0.002994791666666667 0.004527777777777765
0 0.5422552083333334 0.21362037037037038 0.0024739583333333332 0.004370370370370396
0 0.5442447916666667 0.21133333333333335 0.0016093750000000758 0.0047499999999999955
0 0.5484166666666667 0.2050925925925926 0.002640625000000085 0.0035648148148148357
0 0.552890625 0.2060925925925926 0.0021354166666666193 0.004453703703703705
0 0.551453125 0.20926851851851852 0.0020937499999999906 0.0043796296296296465
0 0.5440468749999999 0.2164537037037037 0.0024687499999998864 0.004083333333333356
0 0.5461875 0.21581481481481482 0.002828124999999915 0.004240740740740726
0 0.5479895833333334 0.2148611111111111 0.0027708333333334185 0.0037500000000000107
0 0.550109375 0.21447222222222223 0.0025937500000000097 0.003777777777777763
0 0.5537604166666666 0.2124537037037037 0.0015416666666666855 0.0037500000000000107
0 0.5556249999999999 0.2124537037037037 0.0015677083333334471 0.004490740740740762
0 0.5574947916666667 0.20975925925925926 0.0021979166666665625 0.0032037037037036848
0 0.5530468749999999 0.21908333333333335 0.002239583333333428 0.003268518518518493
0 0.554078125 0.21661111111111112 0.002677083333333267 0.0032037037037036848
0 0.5582604166666666 0.2143425925925926 0.0017291666666667518 0.0053333333333333245
0 0.5611510416666667 0.21749074074074073 0.0028229166666667044 0.0036759259259259514
0 0.565 0.2169537037037037 0.0022968749999999244 0.0040092592592592445
0 0.570296875 0.21700000000000003 0.002572916666666695 0.004101851851851858
0 0.5745364583333333 0.22030555555555556 0.0027187499999998957 0.004370370370370396
0 0.5765729166666667 0.22001851851851853 0.00227604166666661 0.003601851851851839
0 0.5765520833333333 0.2176388888888889 0.0030364583333332956 0.002453703703703683
0 0.56640625 0.21398148148148147 0.0028072916666666003 0.004388888888888897
0 0.5683281250000001 0.21178703703703702 0.0018229166666666667 0.0045555555555555705
0 0.565578125 0.20855555555555558 0.0014739583333332955 0.003768518518518512
0 0.5706666666666667 0.2099074074074074 0.0016458333333332575 0.0032870370370370475
0 0.57234375 0.20689814814814814 0.003130208333333447 0.003657407407407397
0 0.5789166666666666 0.2234814814814815 0.00234375 0.003324074074074051
0 0.5836770833333333 0.22162962962962965 0.0030052083333333237 0.004462962962962957
0 0.5729427083333333 0.2130462962962963 0.0014114583333333522 0.004509259259259263
0 0.575125 0.21305555555555555 0.0014947916666666098 0.004490740740740762
0 0.5762135416666666 0.2104259259259259 0.0018333333333333238 0.004314814814814838
0 0.579328125 0.2075462962962963 0.002104166666666648 0.004083333333333356
0 0.5748489583333334 0.2091574074074074 0.0018125000000000094 0.0040277777777777985
0 0.5804739583333334 0.21385185185185185 0.0019843749999999714 0.004842592592592609
0 0.5825937499999999 0.21171296296296296 0.0019947916666666287 0.007083333333333312
0 0.5846145833333334 0.21675925925925926 0.0020364583333332574 0.0042037037037037225
0 0.5890364583333334 0.21983333333333333 0.0027656249999999717 0.004537037037037016
0 0.5885104166666667 0.2126111111111111 0.002640625000000085 0.0051018518518518435
0 0.591421875 0.21442592592592594 0.0030572916666666097 0.004990740740740728
0 0.5926145833333333 0.21736111111111112 0.002520833333333409 0.0028240740740740847
0 0.5953854166666667 0.22131481481481483 0.0027500000000001044 0.004351851851851841
0 0.5955364583333334 0.21537962962962964 0.002322916666666686 0.0035833333333333377
0 0.5994375000000001 0.2190277777777778 0.002057291666666572 0.0035462962962962813
0 0.596140625 0.21841666666666665 0.004067708333333305 0.004305555555555535
0 0.5975989583333334 0.21144444444444446 0.002171875000000038 0.005351851851851826
0 0.6005833333333332 0.21012962962962964 0.0026874999999999243 0.0051203703703703455
0 0.6005833333333332 0.21432407407407408 0.0014739583333332955 0.00425925925925928
0 0.60265625 0.21591666666666667 0.0025000000000000946 0.006259259259259251
0 0.60546875 0.21707407407407406 0.0019843749999999714 0.005055555555555536
0 0.6079375 0.2076851851851852 0.0032708333333334376 0.004018518518518495
0 0.6235208333333334 0.23550925925925925 0.0024895833333334377 0.003870370370370377
0 0.6444635416666666 0.22769444444444445 0.0033697916666665623 0.004407407407407399
0 0.64225 0.2232685185185185 0.0024843749999999905 0.003694444444444453
0 0.6459895833333333 0.22256481481481483 0.0018125000000000094 0.003351851851851856
0 0.655859375 0.22389814814814815 0.002124999999999962 0.004166666666666667
0 0.6585156249999999 0.22364814814814815 0.002515624999999962 0.004388888888888897
0 0.6608177083333333 0.2300185185185185 0.0015937499999999715 0.004990740740740728
0 0.6633489583333334 0.22950925925925927 0.0019270833333332386 0.0039722222222222416
0 0.66309375 0.22606481481481483 0.002234374999999981 0.003935185185185185
0 0.6654218749999999 0.22671296296296295 0.0022552083333332953 0.003768518518518512
0 0.6930520833333333 0.2260185185185185 0.003677083333333305 0.004981481481481477
0 0.6848802083333333 0.22416666666666665 0.002895833333333305 0.004370370370370396
0 0.6885989583333333 0.22226851851851853 0.003072916666666714 0.0032592592592592426
0 0.6891614583333333 0.22693518518518518 0.002812500000000047 0.0034629629629629715
0 0.68815625 0.22535185185185186 0.002619791666666771 0.0038333333333333205
0 0.6851406250000001 0.21930555555555556 0.003062500000000057 0.004879629629629613
0 0.6817916666666667 0.2202037037037037 0.0028385416666665718 0.0049259259259259195
0 0.6788177083333333 0.22317592592592592 0.0029062499999999622 0.00543518518518519
0 0.6762447916666667 0.22290740740740742 0.002505208333333305 0.00382407407407407
0 0.6735729166666666 0.2238425925925926 0.002526041666666619 0.0037962962962963176
0 0.674796875 0.2165 0.0024166666666666004 0.0030740740740740676
0 0.6729166666666667 0.21725925925925924 0.002901041666666752 0.0045925925925925735
0 0.6746979166666667 0.21903703703703703 0.002729166666666553 0.003768518518518512
0 0.6711666666666667 0.22052777777777777 0.0023333333333333426 0.003481481481481473
0 0.6703177083333334 0.22474074074074074 0.00241145833333339 0.004287037037037033
0 0.667546875 0.22327777777777777 0.002223958333333324 0.0037500000000000107
0 0.6680364583333334 0.22049999999999997 0.002968749999999905 0.004148148148148165
0 0.664484375 0.21799074074074073 0.0031093749999998956 0.004324074074074089
0 0.6672708333333334 0.21594444444444444 0.003098958333333239 0.0043796296296296465
0 0.6598177083333333 0.21939814814814815 0.0029843750000000096 0.005166666666666652
0 0.6198802083333333 0.22641666666666665 0.0028802083333334377 0.004777777777777801
0 0.6213697916666666 0.22483333333333333 0.0029270833333332764 0.004287037037037033
0 0.626140625 0.22407407407407406 0.0033281249999999336 0.004657407407407382
0 0.6269479166666667 0.22802777777777777 0.003338541666666591 0.004620370370370379
0 0.6293645833333333 0.2252962962962963 0.003046874999999953 0.003944444444444436
0 0.6389635416666667 0.22867592592592592 0.003187499999999943 0.004296296296296283
0 0.6342760416666666 0.22839814814814813 0.0030520833333333997 0.004462962962962957
0 0.6381145833333334 0.21803703703703703 0.0022968749999999244 0.004611111111111128
0 0.6400885416666667 0.21453703703703703 0.0028854166666666477 0.004324074074074089
0 0.642828125 0.21736111111111112 0.001947916666666553 0.004972222222222227
0 0.6453020833333334 0.21833333333333335 0.0029374999999999337 0.0038425925925925715
0 0.6462916666666667 0.21617592592592594 0.0029062499999999622 0.0037314814814814563
0 0.6499270833333333 0.21532407407407408 0.0029895833333332196 0.004675925925925937
0 0.6538645833333334 0.21717592592592594 0.0031093749999998956 0.003657407407407397
0 0.655078125 0.21844444444444444 0.0021979166666665625 0.0026481481481481607
0 0.6517083333333333 0.22161111111111112 0.0027708333333334185 0.0045925925925925735
0 0.6489479166666666 0.21796296296296297 0.0023020833333333712 0.003111111111111124
0 0.649234375 0.22037962962962962 0.003411458333333428 0.003907407407407432
0 0.63596875 0.22739814814814815 0.0024791666666667805 0.0035740740740740867
0 0.638796875 0.22521296296296295 0.003739583333333248 0.003916666666666684
0 0.6367864583333334 0.22262037037037039 0.0032656249999999903 0.005111111111111094
0 0.630390625 0.21961111111111112 0.0019322916666666857 0.004666666666666685
0 0.6325104166666667 0.22224074074074074 0.003453125000000057 0.004861111111111111
0 0.634109375 0.22477777777777777 0.0032031250000000475 0.0032499999999999916
0 0.6328125 0.21693518518518518 0.002848958333333229 0.003944444444444436
0 0.63271875 0.21367592592592594 0.001614583333333286 0.0037500000000000107
0 0.6272135416666667 0.21496296296296297 0.0019374999999998957 0.004611111111111128
0 0.6254791666666667 0.2180648148148148 0.001947916666666553 0.0034074074074074137
0 0.6228437499999999 0.21474074074074073 0.0015312500000000285 0.004101851851851858
0 0.6217708333333333 0.21276851851851852 0.0017656249999999337 0.0042037037037037225
0 0.6138645833333333 0.2067962962962963 0.0024895833333334377 0.003861111111111126
0 0.6162395833333334 0.20739814814814816 0.0027031250000000284 0.003805555555555568
0 0.6153333333333334 0.20982407407407408 0.002072916666666676 0.003361111111111107
0 0.6123645833333333 0.20905555555555555 0.0018697916666667424 0.0035740740740740867
0 0.6092864583333333 0.21663888888888888 0.0018645833333332954 0.004537037037037016
0 0.60840625 0.2209537037037037 0.003135416666666657 0.003703703703703704
0 0.60925 0.22386111111111112 0.0030937500000000283 0.004500000000000013
0 0.61128125 0.22474999999999998 0.002572916666666695 0.0038888888888888784
0 0.6156927083333333 0.22673148148148148 0.0029374999999999337 0.004916666666666669
0 0.6138645833333333 0.22223148148148147 0.0024843749999999905 0.005490740740740747
0 0.6167760416666667 0.22112037037037038 0.0027187499999998957 0.0032592592592592426
0 0.6203593749999999 0.218 0.0022500000000000853 0.003351851851851856
0 0.611875 0.215 0.002354166666666657 0.006212962962962944
0 0.61125 0.2193425925925926 0.0019895833333334187 0.00471296296296294
0 0.6157708333333333 0.2159351851851852 0.0028854166666666477 0.006129629629629634
0 0.6184947916666667 0.21335185185185185 0.003062500000000057 0.005166666666666652
0 0.6233072916666667 0.21935185185185185 0.0033177083333332763 0.005074074074074091