0 0.3180364583333333 0.5728981481481482 0.00415625000000001 0.01272222222222223
0 0.27611458333333333 0.6182500000000001 0.004927083333333352 0.012805555555555488
0 0.2661145833333334 0.6144999999999999 0.00521875000000002 0.013222222222222198
0 0.2941614583333333 0.6445648148148148 0.007864583333333286 0.014416666666666607
0 0.33777604166666664 0.6208148148148148 0.009989583333333366 0.012648148148148224
0 0.4317239583333333 0.7837962962962963 0.006375000000000005 0.011351851851851844
0 0.48822916666666666 0.5908333333333333 0.010020833333333338 0.012509259259259251
0 0.45868229166666663 0.6063240740740741 0.007348958333333281 0.012694444444444479
0 0.16595833333333332 0.6560462962962963 0.01026562500000002 0.01186111111111106
0 0.33541666666666664 0.9166666666666666 0.007666666666666681 0.01808333333333331
0 0.353546875 0.950574074074074 0.008614583333333314 0.022620370370370325
0 0.3754895833333334 0.9384259259259259 0.009557291666666618 0.02297222222222217
0 0.3479010416666667 0.9271388888888888 0.006744791666666691 0.023777777777777835
0 0.3364270833333334 0.5807314814814816 0.004927083333333352 0.009685185185185219
0 0.3530416666666667 0.6223240740740741 0.009947916666666619 0.0135833333333334
0 0.5375989583333334 0.5768240740740741 0.008989583333333388 0.007462962962962913
0 0.3393541666666666 0.6645 0.010453124999999968 0.01185185185185181
0 0.3654791666666667 0.7460925925925925 0.010854166666666625 0.01217592592592601
0 0.3142083333333333 0.6710092592592594 0.006932291666666638 0.015490740740740758
0 0.41890104166666664 0.571037037037037 0.00824479166666663 0.013740740740740665
0 0.47256250000000005 0.6254166666666667 0.009609375000000024 0.010907407407407381
0 0.21838541666666667 0.6588518518518518 0.008515625000000011 0.012324074074074024
0 0.6279322916666668 0.6493055555555556 0.009557291666666618 0.008259259259259327
0 0.2775885416666667 0.6510462962962963 0.007692708333333324 0.012657407407407475
0 0.6298854166666668 0.6701388888888888 0.011114583333333409 0.009425925925925985
0 0.6069687500000001 0.6718148148148148 0.0109375 0.009740740740740723
0 0.24328645833333334 0.6536481481481482 0.005708333333333353 0.014277777777777846
0 0.3872083333333334 0.5820277777777778 0.007406250000000014 0.010796296296296371
0 0.589984375 0.620712962962963 0.0093020833333334 0.012314814814814773
0 0.4311510416666666 0.8489629629629629 0.008546875000000042 0.013731481481481414
0 0.26965625 0.6395833333333333 0.008906249999999982 0.013398148148148173
0 0.6801770833333334 0.5959166666666667 0.010093750000000058 0.00872222222222229
0 0.281984375 0.6940092592592593 0.007177083333333319 0.0139999999999999
0 0.301515625 0.6753518518518519 0.00763541666666671 0.012759259259259234
0 0.5476041666666667 0.7888888888888889 0.007583333333333305 0.012620370370370471
0 0.5512708333333334 0.5850740740740741 0.00912499999999999 0.007212962962962929
0 0.5221458333333333 0.5478333333333333 0.008458333333333339 0.011101851851851861
0 0.5730989583333332 0.6573703703703704 0.011031249999999914 0.013666666666666659
0 0.40722916666666664 0.8537314814814815 0.006218750000000028 0.01519444444444452
0 0.6938489583333334 0.6197962962962963 0.010901041666666582 0.009101851851851785
0 0.3706041666666666 0.6475740740740741 0.010244791666666704 0.009953703703703704
0 0.4450677083333333 0.6718796296296297 0.008677083333333375 0.011398148148148098
0 0.4336770833333333 0.6523333333333333 0.012927083333333301 0.01315740740740744
0 0.3989270833333334 0.6730648148148148 0.005489583333333314 0.014574074074074083
0 0.5445416666666667 0.6637500000000001 0.010098958333333267 0.012111111111111043
0 0.389890625 0.5985277777777778 0.006239583333333343 0.01131481481481484
0 0.5732447916666668 0.5985277777777778 0.010651041666666573 0.009101851851851785
0 0.3354479166666666 0.46614814814814814 0.004057291666666647 0.007814814814814865
0 0.49707291666666664 0.792537037037037 0.008614583333333314 0.011990740740740783
0 0.3588854166666666 0.6844629629629629 0.009859375000000033 0.012083333333333291
0 0.397 0.6111666666666666 0.007177083333333319 0.015611111111111018
0 0.07531770833333334 0.7013888888888888 0.011197916666666667 0.008685185185185287
0 0.1877447916666667 0.4587685185185185 0.006666666666666643 0.006666666666666709
0 0.025223958333333334 0.6236944444444444 0.00978125 0.009722222222222222
0 0.3784166666666666 0.7686666666666666 0.009932291666666633 0.01055555555555564
0 0.5035885416666667 0.6368796296296296 0.006838541666666724 0.014833333333333316
0 0.460625 0.5596574074074073 0.005817708333333371 0.009398148148148232
0 0.38403125 0.6783888888888888 0.005343749999999995 0.013842592592592635
0 0.227171875 0.7764722222222222 0.008781250000000008 0.014101851851851869
0 0.5021666666666667 0.6720185185185185 0.009104166666666675 0.010148148148148182
0 0.4455572916666667 0.5855833333333332 0.009015624999999972 0.01077777777777787
0 0.577296875 0.561212962962963 0.009562500000000066 0.01089814814814813
0 0.327390625 0.46962037037037035 0.0040989583333332765 0.008194444444444466
0 0.6362708333333333 0.602962962962963 0.009088541666666571 0.007231481481481431
0 0.223875 0.7144074074074074 0.006692708333333345 0.012814814814814739
0 0.2526875 0.6905833333333333 0.006124999999999995 0.017250000000000102
0 0.5323072916666667 0.6710925925925926 0.009369791666666611 0.01272222222222223
0 0.4692395833333334 0.6576574074074074 0.008447916666666682 0.01227777777777777
0 0.5791354166666667 0.6368981481481482 0.005656250000000067 0.01466666666666659
0 0.5688489583333334 0.6748611111111111 0.008005208333333276 0.014574074074074083
0 0.23193229166666668 0.6701388888888888 0.00607291666666665 0.011490740740740817
0 0.2697760416666667 0.6657962962962962 0.006005208333333319 0.013888888888888888
0 0.296140625 0.7165833333333333 0.007578124999999976 0.013944444444444395
0 0.10880208333333334 0.5889907407407408 0.008291666666666675 0.009944444444444454
0 0.19043229166666667 0.5004351851851853 0.007604166666666678 0.0070092592592592
0 0.2690416666666666 0.4826388888888889 0.0059583333333333615 0.006027777777777769
0 0.4567864583333333 0.6753518518518519 0.006640625 0.010388888888888914
0 0.1740729166666667 0.7039907407407406 0.005687499999999979 0.015314814814814781
0 0.123046875 0.5646666666666667 0.008218749999999986 0.008129629629629605
0 0.417328125 0.524962962962963 0.008067708333333338 0.012305555555555523
0 0.2204583333333333 0.6775555555555556 0.007489583333333331 0.018296296296296286
0 0.358640625 0.7703981481481481 0.008781249999999947 0.0117592592592593
0 0.203859375 0.7434907407407407 0.007151041666666676 0.014611111111111085
0 0.5388333333333333 0.7479351851851852 0.008671875000000048 0.012212962962963014
0 0.13122395833333333 0.45399074074074075 0.006093750000000009 0.005888888888888902
0 0.4416510416666667 0.8224814814814815 0.0112916666666667 0.013212962962962945
0 0.27734375 0.7083333333333334 0.007062499999999972 0.015546296296296263
0 0.5942135416666667 0.8355925925925927 0.006520833333333324 0.01678703703703714
0 0.19152604166666667 0.7265648148148148 0.005385416666666683 0.015425925925926
0 0.4331041666666666 0.8836851851851851 0.013125000000000024 0.015907407407407467
0 0.378171875 0.7912314814814815 0.011421875000000033 0.011268518518518586
0 0.403078125 0.8771666666666667 0.012338541666666696 0.015370370370370286
0 0.392578125 0.8142407407407407 0.011031250000000032 0.011805555555555555
0 0.595546875 0.6883981481481481 0.011692708333333239 0.01304629629629622
0 0.3122552083333333 0.7573796296296297 0.0056666666666667235 0.017592592592592594
0 0.2785625 0.7456574074074074 0.007755208333333386 0.014888888888888821
0 0.5673854166666668 0.8563333333333334 0.010093750000000058 0.014157407407407374
0 0.24133333333333334 0.46744444444444444 0.00734895833333334 0.007212962962962929
0 0.5050885416666666 0.6949629629629629 0.00962500000000001 0.011629629629629578
0 0.7138697916666668 0.7039907407407406 0.00919270833333338 0.010712962962962903
0 0.5385729166666666 0.5477407407407406 0.007604166666666619 0.008222222222222323
0 0.5155937500000001 0.6464907407407408 0.0047499999999999435 0.0161666666666667
0 0.409421875 0.6827222222222222 0.0068229166666666195 0.014101851851851869
0 0.20556770833333332 0.4930555555555556 0.007843749999999972 0.006537037037036986
0 0.5225416666666667 0.8069444444444445 0.010140625000000014 0.014731481481481557
0 0.4650885416666667 0.8741296296296296 0.011734374999999986 0.013731481481481414
0 0.29028125 0.7421851851851852 0.005552083333333376 0.01598148148148147
0 0.2573229166666667 0.7083333333333334 0.00653645833333331 0.01628703703703696
0 0.541015625 0.9244814814814816 0.007177083333333437 0.014101851851851869
0 0.41502083333333334 0.6923518518518519 0.006682291666666629 0.016009259259259227
0 0.2148125 0.6902129629629629 0.005489583333333314 0.015444444444444504
0 0.49609375 0.6545185185185185 0.00518229166666669 0.011092592592592609
0 0.6567395833333334 0.7152777777777778 0.012098958333333344 0.009722222222222222
0 0.5234375 0.7408888888888888 0.009057291666666719 0.010675925925925901
0 0.5209947916666666 0.7552129629629629 0.007604166666666619 0.012814814814814739
0 0.429453125 0.6979166666666666 0.008291666666666704 0.01497222222222229
0 0.66015625 0.525611111111111 0.0068489583333333805 0.00829629629629633
0 0.283390625 0.7804814814814814 0.011447916666666676 0.01864814814814824
0 0.60871875 0.7053333333333334 0.013395833333333228 0.012037037037037037
0 0.654296875 0.7039907407407406 0.009713541666666714 0.00903703703703703
0 0.24169791666666668 0.4822037037037037 0.00763541666666665 0.006749999999999966
0 0.5727708333333333 0.8179074074074074 0.013109375000000038 0.014611111111111085
0 0.5849635416666668 0.9609351851851852 0.013328125000000076 0.01347222222222239
0 0.3244635416666667 0.6905370370370371 0.008093749999999981 0.013731481481481414
0 0.7421875 0.7122407407407407 0.010901041666666582 0.012814814814814739
0 0.4271197916666667 0.6616296296296296 0.009463541666666705 0.009518518518518494
0 0.3666979166666666 0.7044259259259259 0.008124999999999953 0.014500000000000075
0 0.2084375 0.6844259259259259 0.005994791666666662 0.017648148148148097
0 0.20544270833333333 0.8072962962962963 0.006338541666666645 0.01217592592592601
0 0.380125 0.8394074074074074 0.012380208333333325 0.01185185185185181
0 0.5332395833333333 0.8773703703703704 0.01260416666666669 0.013425925925925926
0 0.23681770833333332 0.3993055555555556 0.005729166666666666 0.00829629629629633
0 0.330890625 0.6984074074074074 0.0097291666666667 0.014611111111111085
0 0.05624479166666666 0.34874074074074074 0.005406249999999998 0.0062129629629629965
0 0.11377083333333333 0.5638055555555556 0.006614583333333327 0.008259259259259327
0 0.6196302083333334 0.4392407407407407 0.008093749999999981 0.008388888888888838
0 0.6748072916666668 0.7382777777777778 0.01029166666666678 0.010388888888888914
0 0.3688958333333333 0.6944444444444444 0.007843749999999972 0.016407407407407433
0 0.912109375 0.6119814814814816 0.009635416666666667 0.009685185185185219
0 0.817578125 0.7484444444444445 0.01349479166666659 0.012342592592592525
0 0.8901302083333333 0.7026296296296296 0.013656249999999896 0.01659259259259266
0 0.5922604166666667 0.7106111111111112 0.012421874999999952 0.0150833333333333
0 0.7509791666666668 0.7565092592592593 0.013328125000000076 0.009990740740740706
0 0.6176770833333334 0.7921018518518519 0.013953124999999981 0.010074074074074174
0 0.9555677083333334 0.6376666666666666 0.010947916666666658 0.011277777777777836
0 0.263671875 0.4978333333333333 0.008645833333333316 0.007555555555555631
0 0.5908229166666668 0.40494444444444444 0.006932291666666638 0.009574074074074103
0 0.6123072916666668 0.7703981481481481 0.010489583333333267 0.009648148148148215
0 0.6791979166666666 0.4003888888888889 0.008255208333333286 0.00749074074074077
0 0.5859375 0.9817685185185184 0.01548958333333322 0.013111111111110976
0 0.814453125 0.6783888888888888 0.013067708333333409 0.011398148148148098
0 0.9497083333333334 0.5664074074074075 0.009270833333333428 0.011055555555555607
0 0.9731458333333334 0.6341111111111112 0.009270833333333428 0.007314814814814899
0 0.9277656249999999 0.600925925925926 0.011046875000000018 0.01324999999999995
0 0.9619166666666668 0.7183148148148147 0.010651041666666573 0.011055555555555607
0 0.9721666666666666 0.6493055555555556 0.005489583333333314 0.010759259259259158
0 0.978515625 0.7256944444444444 0.011375000000000076 0.011009259259259352
0 0.9477552083333334 0.6132777777777778 0.008546874999999924 0.009953703703703704
0 0.83984375 0.5243055555555556 0.007843749999999972 0.011666666666666582
0 0.9663072916666666 0.5690092592592593 0.0051614583333332575 0.0076944444444443936
0 0.5654322916666668 0.3576388888888889 0.006932291666666638 0.005574074074074057
0 0.8974635416666668 0.769962962962963 0.012968750000000048 0.013064814814814722
0 0.8488645833333333 0.7701666666666667 0.015432291666666724 0.014694444444444343
0 0.25090104166666666 0.6600277777777778 0.005843750000000014 0.015425925925926
0 0.30559375 0.7360092592592592 0.005312500000000024 0.01703703703703712
0 0.384 0.6388611111111111 0.008781249999999947 0.012953703703703712
0 0.3580729166666667 0.6380277777777779 0.008046875000000024 0.012092592592592542
0 0.4425625 0.6320555555555556 0.009343750000000029 0.011472222222222314
0 0.4773229166666667 0.643 0.010229166666666718 0.0132592592592592
0 0.5125468750000001 0.6154074074074074 0.008473958333333325 0.013833333333333383
0 0.5022083333333334 0.6231759259259259 0.009177083333333277 0.008250000000000075
0 0.4988854166666667 0.5703518518518519 0.008703125000000018 0.009018518518518526
0 0.5131145833333333 0.5901851851851851 0.009135416666666648 0.012361111111111028
0 0.5322083333333334 0.6025648148148148 0.010270833333333347 0.010935185185185135
0 0.5390885416666666 0.6066944444444444 0.008750000000000095 0.012046296296296288
0 0.5184375 0.5663055555555556 0.00838020833333329 0.010212962962962938
0 0.5779531250000001 0.590537037037037 0.008937499999999925 0.010305555555555656
0 0.5958385416666666 0.5776018518518518 0.008671875000000048 0.010055555555555463
0 0.6065729166666666 0.5764907407407408 0.007723958333333295 0.008537037037037062
0 0.6480937499999999 0.6384722222222222 0.00909895833333323 0.008657407407407324
0 0.6651822916666668 0.6623981481481481 0.009635416666666667 0.008842592592592551
0 0.6660416666666666 0.6794537037037036 0.010567708333333314 0.013064814814814722
0 0.6980833333333333 0.6855833333333333 0.007786458333333238 0.0125
0 0.6772552083333333 0.644888888888889 0.009765625 0.007981481481481381
0 0.6771614583333334 0.6219259259259259 0.009583333333333381 0.011490740740740817
0 0.6678958333333332 0.6267962962962963 0.009864583333333362 0.00808333333333335
0 0.6374218749999999 0.5918055555555556 0.010562500000000105 0.012842592592592492
0 0.636828125 0.5546666666666666 0.007781250000000029 0.011148148148148114
0 0.72421875 0.5423888888888888 0.004416666666666676 0.007953703703703628
0 0.7186510416666666 0.6062037037037038 0.007281250000000009 0.01173148148148155
0 0.7402031250000001 0.5932037037037037 0.007557291666666781 0.010657407407407398
0 0.6744947916666667 0.49543518518518526 0.006151041666666638 0.008287037037037079
0 0.608046875 0.44945370370370374 0.005859375 0.010203703703703687
0 0.62425 0.4779074074074074 0.007500000000000047 0.011481481481481513
0 0.6886354166666667 0.5166759259259259 0.009015624999999972 0.011574074074074073
0 0.6829322916666667 0.5326759259259259 0.004515625000000038 0.010814814814814874
0 0.9900520833333334 0.7437407407407407 0.006395833333333437 0.019370370370370437
0 0.7436875000000001 0.6534907407407408 0.010776041666666696 0.00937962962962973
0 0.7553854166666666 0.6729259259259259 0.010848958333333296 0.008435185185185093
0 0.7683177083333333 0.6901666666666667 0.010135416666666685 0.00892592592592602
0 0.7801614583333334 0.6820833333333333 0.009572916666666724 0.011842592592592559
0 0.7715260416666666 0.6613611111111111 0.011885416666666752 0.008537037037037062
0 0.766515625 0.6259166666666667 0.008390625000000066 0.00894444444444452
0 0.7794114583333334 0.6443796296296296 0.009468749999999915 0.010231481481481439
0 0.8028333333333334 0.6484814814814815 0.008744791666666647 0.011796296296296305
0 0.7984479166666667 0.6195648148148148 0.011161458333333247 0.011990740740740783
0 0.7661874999999999 0.6061481481481481 0.009604166666666695 0.009203703703703754
0 0.748125 0.5605277777777777 0.006593749999999924 0.008342592592592584
0 0.75315625 0.5730648148148147 0.010593750000000075 0.011027777777777853
0 0.7940208333333333 0.5762592592592592 0.003703125000000066 0.009962962962962955
0 0.76878125 0.48948148148148146 0.0077916666666666854 0.009694444444444469
0 0.7588333333333334 0.4846666666666667 0.008890625000000086 0.010851851851851876
0 0.7534375 0.5168611111111111 0.009286458333333296 0.009722222222222222
0 0.7751041666666667 0.5373425925925926 0.011515625000000066 0.01273148148148148
0 0.8331822916666667 0.6141574074074073 0.011348958333333315 0.013111111111111186
0 0.815921875 0.5982962962962962 0.00951041666666678 0.01121296296296287
0 0.8246614583333333 0.5886851851851852 0.009328124999999925 0.013981481481481397
0 0.8395052083333333 0.5916203703703704 0.006333333333333258 0.010425925925925918
0 0.8537083333333333 0.6112314814814814 0.010015625000000009 0.011962962962963031
0 0.8592239583333333 0.6259166666666667 0.008682291666666704 0.01465740740740734
0 0.8616770833333334 0.6578425925925926 0.009177083333333277 0.012564814814814756
0 0.8727447916666667 0.6633796296296297 0.011875000000000096 0.01422222222222213
0 0.896234375 0.5996944444444444 0.010286458333333333 0.01087962962962963
0 0.8754114583333333 0.6094351851851852 0.010151041666666553 0.008370370370370337
0 0.8822604166666667 0.5790185185185186 0.007067708333333419 0.013481481481481431
0 0.859453125 0.587037037037037 0.005604166666666781 0.009111111111111035
0 0.15406250000000002 0.33496296296296296 0.006812500000000022 0.008638888888888927
0 0.08481770833333332 0.36480555555555555 0.005578124999999989 0.006222222222222248
0 0.073421875 0.3585277777777778 0.006333333333333346 0.005953703703703657
0 0.042468750000000006 0.370462962962963 0.0037239583333333365 0.005268518518518569
0 0.04327604166666667 0.37366666666666665 0.004406250000000004 0.006361111111111115
0 0.04602604166666667 0.37100925925925926 0.003114583333333328 0.004916666666666616
0 0.04802083333333333 0.3743148148148148 0.0038593749999999982 0.005074074074074091
0 0.07050000000000001 0.36318518518518517 0.004572916666666652 0.005157407407407453
0 0.322796875 0.32478703703703704 0.005187500000000019 0.006814814814814827
0 0.3319010416666667 0.30549074074074073 0.004286458333333343 0.007888888888888872
0 0.3567395833333334 0.29160185185185183 0.005020833333333386 0.00641666666666662
0 0.28517187499999996 0.3066111111111111 0.004562499999999995 0.004722222222222243
0 0.2787239583333333 0.3093518518518519 0.004567708333333324 0.005481481481481444
0 0.23513020833333334 0.3169351851851852 0.005416666666666655 0.007157407407407424
0 0.20905208333333333 0.32637962962962963 0.004109374999999993 0.005814814814814789
0 0.214484375 0.32437962962962963 0.006244791666666671 0.005861111111111149
0 0.21153125 0.30366666666666664 0.005270833333333336 0.0069351851851851935
0 0.20480729166666667 0.30338888888888893 0.005109374999999972 0.00705555555555556
0 0.20533333333333334 0.3229722222222222 0.005390625000000012 0.007092592592592563
0 0.19367187500000002 0.3254074074074074 0.004458333333333305 0.007916666666666624
0 0.17163541666666668 0.3299259259259259 0.006687500000000016 0.006157407407407387
0 0.18325 0.3223611111111111 0.00486458333333335 0.007898148148148123
0 0.18859895833333334 0.32272222222222224 0.004182291666666653 0.00726851851851854
0 0.19570833333333332 0.31389814814814815 0.003984374999999988 0.007842592592592618
0 0.2013802083333333 0.3153148148148148 0.005843750000000014 0.005944444444444407
0 0.05521354166666667 0.3716203703703704 0.005916666666666659 0.007611111111111136
0 0.025604166666666664 0.3799166666666667 0.003911458333333336 0.006555555555555593
0 0.12298437499999999 0.40000925925925923 0.005265625000000007 0.005546296296296304
0 0.12822916666666667 0.40240740740740744 0.007421875 0.007314814814814794
0 0.6969635416666667 0.3980462962962963 0.004744791666666733 0.008287037037037079
0 0.5973958333333333 0.39639814814814817 0.006906250000000114 0.008777777777777794
0 0.5997083333333334 0.30756481481481485 0.004546875000000009 0.00727777777777779
0 0.6187447916666666 0.30399074074074073 0.004729166666666629 0.006694444444444461
0 0.6068385416666667 0.30071296296296296 0.00494270833333322 0.007537037037037024
0 0.6103697916666667 0.30469444444444443 0.004630208333333267 0.007611111111111136
0 0.6058072916666667 0.30860185185185185 0.003348958333333248 0.005240740740740712
0 0.5972916666666667 0.3388055555555556 0.005260416666666619 0.0073240740740740445
0 0.6301145833333333 0.29157407407407404 0.0039270833333333146 0.007314814814814794
0 0.6364739583333333 0.29144444444444445 0.004854166666666752 0.009675925925925968
0 0.992734375 0.6218055555555555 0.006067708333333381 0.014685185185185093