0 0.599359375 0.9278981481481482 0.008786458333333276 0.028861111111111178
0 0.6141822916666667 0.8816574074074075 0.009895833333333333 0.03025925925925932
0 0.8345885416666667 0.8878055555555556 0.015677083333333286 0.024842592592592524
0 0.8414427083333333 0.9273148148148148 0.014536458333333257 0.02660185185185187
0 0.9406041666666667 0.9816203703703704 0.01726562500000005 0.01937962962962948
0 0.769 0.7126666666666667 0.013458333333333409 0.02284259259259266
0 0.6337916666666668 0.6141481481481481 0.010328124999999962 0.017592592592592594
0 0.67578125 0.6401944444444444 0.011421874999999915 0.01185185185185181
0 0.6137708333333334 0.5672777777777778 0.007177083333333437 0.018712962962962997
0 0.677734375 0.6219629629629629 0.012052083333333267 0.011898148148148064
0 0.716796875 0.4991296296296296 0.005578125000000019 0.015314814814814781
0 0.673828125 0.5299444444444444 0.008677083333333257 0.01712962962962963
0 0.5945260416666667 0.4420555555555556 0.007151041666666676 0.010472222222222171
0 0.5576197916666668 0.4635462962962963 0.005598958333333333 0.01189814814814817
0 0.4340833333333334 0.523074074074074 0.005598958333333333 0.011537037037037071
0 0.4494635416666667 0.5364629629629629 0.005510416666666629 0.01185185185185181
0 0.5078125 0.4735277777777778 0.008515624999999952 0.010555555555555535
0 0.47558854166666664 0.4461851851851852 0.009484375000000019 0.010351851851851805
0 0.249265625 0.4440092592592592 0.00997395833333332 0.010925925925925884
0 0.564453125 0.36588888888888893 0.0078125 0.009314814814814764
0 0.5234375 0.42274074074074075 0.008713541666666677 0.0099166666666667
0 0.7006822916666666 0.4016944444444444 0.006364583333333229 0.009842592592592589
0 0.5961927083333334 0.37304629629629626 0.007520833333333362 0.009722222222222222
0 0.21142708333333332 0.45051851851851854 0.008375000000000021 0.009462962962962989
0 0.21996875 0.44922222222222224 0.011161458333333308 0.01050925925925928
0 0.6474635416666668 0.389537037037037 0.008062500000000009 0.011398148148148098
0 0.5288072916666666 0.3882407407407408 0.008515624999999952 0.009796296296296334
0 0.2737239583333333 0.44913888888888887 0.008187500000000014 0.00803703703703699
0 0.2954114583333334 0.4316388888888889 0.004848958333333305 0.007916666666666624
0 0.28003125 0.37304629629629626 0.008848958333333339 0.00964814814814811
0 0.2737239583333333 0.3485277777777778 0.008848958333333339 0.009499999999999991
0 0.26830729166666667 0.36694444444444446 0.0077604166666666845 0.008194444444444466
0 0.198484375 0.34375 0.008005208333333336 0.00942592592592588
0 0.6323229166666666 0.5855 0.009932291666666752 0.014055555555555614
0 0.8525416666666668 0.43728703703703703 0.00912499999999999 0.010185185185185186
0 0.919921875 0.31401851851851853 0.006338541666666705 0.008861111111111158
0 0.501953125 0.37760185185185186 0.007843749999999972 0.0099166666666667
0 0.5166041666666666 0.4127592592592592 0.008812500000000037 0.008824074074074048
0 0.5029322916666666 0.39778703703703705 0.009520833333333319 0.011712962962962942
0 0.6630885416666668 0.389537037037037 0.008093749999999981 0.011222222222222227
0 0.5395520833333334 0.3760833333333333 0.007723958333333295 0.009175925925925896
0 0.7529322916666668 0.4127592592592592 0.005843749999999896 0.009000000000000025
0 0.7450260416666666 0.3756481481481481 0.008677083333333257 0.010759259259259264
0 0.7875989583333334 0.35568518518518516 0.007093749999999943 0.009796296296296334
0 0.8330104166666668 0.36674999999999996 0.0073489583333334 0.010111111111111072
0 0.8383802083333334 0.3593796296296296 0.008093749999999981 0.009138888888888893
0 0.818359375 0.3454907407407407 0.0059583333333333615 0.00906481481481478
0 0.830078125 0.32487037037037036 0.007755208333333267 0.009537037037036995
0 0.845703125 0.33701851851851855 0.005489583333333314 0.008722222222222185
0 0.8525416666666668 0.33659259259259255 0.004791666666666572 0.008555555555555565
0 0.873046875 0.30815740740740744 0.004520833333333248 0.008222222222222218
0 0.8589635416666667 0.30277777777777776 0.005781249999999952 0.0067592592592592175
0 0.8657239583333334 0.2923148148148148 0.006291666666666629 0.00862037037037032
0 0.947265625 0.2806018518518519 0.004999999999999952 0.00743518518518516
0 0.8037447916666667 0.2684351851851852 0.006328125000000047 0.008629629629629676
0 0.8325208333333334 0.284287037037037 0.006093749999999906 0.009277777777777762
0 0.7885729166666666 0.27299999999999996 0.006312499999999943 0.00964814814814811
0 0.8203541666666666 0.27862962962962967 0.006203124999999924 0.007907407407407373
0 0.8031666666666666 0.29689814814814813 0.0040729166666667515 0.010101851851851822
0 0.7724635416666668 0.3513425925925926 0.008062500000000009 0.00987037037037034
0 0.7602552083333334 0.35437962962962966 0.006666666666666762 0.009138888888888893
0 0.7690416666666666 0.3337685185185185 0.007317708333333428 0.01050925925925928
0 0.673828125 0.3882407407407408 0.005062499999999896 0.010185185185185186
0 0.7069375 0.38825 0.004661458333333239 0.009250000000000008
0 0.6169010416666667 0.3803240740740741 0.008687499999999914 0.01190740740740742
0 0.62409375 0.3777685185185185 0.008510416666666742 0.010703703703703653
0 0.60875 0.36291666666666667 0.008744791666666647 0.010222222222222188
0 0.4761927083333333 0.3823888888888889 0.007442708333333314 0.010907407407407381
0 0.47778125 0.4121111111111111 0.0089479166666667 0.009796296296296334
0 0.4308802083333333 0.3935092592592593 0.008234374999999971 0.010490740740740778
0 0.4138177083333333 0.4221944444444445 0.00841666666666671 0.011092592592592609
0 0.3969010416666666 0.3966111111111111 0.00852604166666661 0.00903703703703703
0 0.36828125 0.4075648148148148 0.008937500000000043 0.012351851851851881
0 0.3920885416666666 0.43533333333333335 0.010854166666666625 0.010796296296296267
0 0.38927083333333334 0.42369444444444443 0.009369791666666672 0.011499999999999962
0 0.46172395833333335 0.4287037037037037 0.008052083333333352 0.009564814814814852
0 0.3051770833333334 0.31965740740740745 0.008005208333333276 0.009000000000000025
0 0.28027604166666664 0.3194444444444444 0.00888020833333331 0.008824074074074048
0 0.329484375 0.3270648148148148 0.0074583333333333 0.007712962962963
0 0.338625 0.33832407407407405 0.007906250000000033 0.009611111111111107
0 0.326171875 0.3641481481481481 0.008286458333333377 0.007972222222222235
0 0.34765625 0.33137962962962964 0.007906250000000033 0.008787037037037046
0 0.3471666666666666 0.37587037037037035 0.008812500000000037 0.011138888888888863
0 0.317140625 0.3786851851851852 0.004927083333333352 0.007759259259259255
0 0.37365104166666663 0.41484259259259254 0.006916666666666653 0.010824074074074125
0 0.3588854166666666 0.3684907407407408 0.007520833333333362 0.00964814814814811
0 0.380125 0.35048148148148145 0.00763541666666671 0.010351851851851805
0 0.392578125 0.34375 0.007348958333333281 0.012037037037037037
0 0.465578125 0.3268240740740741 0.007260416666666695 0.009537037037036995
0 0.485109375 0.3572037037037037 0.008156250000000042 0.00987037037037034
0 0.4558125 0.3246574074074074 0.007604166666666619 0.00906481481481478
0 0.41680208333333335 0.3713611111111111 0.005322916666666681 0.00933333333333337
0 0.47334375 0.3406851851851852 0.006807291666666633 0.007888888888888872
0 0.5068385416666666 0.3088148148148148 0.007062499999999972 0.01007407407407407
0 0.4946302083333334 0.30534259259259255 0.00653645833333331 0.009388888888888875
0 0.4743645833333333 0.3066388888888889 0.0068229166666666195 0.009138888888888893
0 0.533203125 0.3441851851851852 0.008255208333333286 0.009953703703703704
0 0.5330677083333334 0.32899074074074075 0.007463541666666629 0.01071296296296301
0 0.5112291666666666 0.34809259259259256 0.008286458333333377 0.010962962962962992
0 0.5546875 0.3229166666666667 0.004385416666666705 0.009842592592592589
0 0.5418541666666666 0.31033333333333335 0.007208333333333409 0.010425925925925918
0 0.5580312500000001 0.3059907407407408 0.004281249999999895 0.00910185185185189
0 0.5595729166666668 0.27994444444444444 0.005578125000000019 0.010759259259259264
0 0.6035052083333333 0.24846296296296294 0.005291666666666591 0.008546296296296314
0 0.670296875 0.27049074074074075 0.004328124999999972 0.010999999999999996
0 0.742171875 0.2813148148148148 0.00397395833333339 0.007888888888888872
0 0.7475572916666666 0.2717037037037037 0.006640625 0.010833333333333375
0 0.7270520833333334 0.28450925925925924 0.004666666666666685 0.009953703703703704
0 0.7182604166666666 0.28732407407407407 0.006692708333333286 0.008685185185185181
0 0.70703125 0.2907962962962963 0.007234374999999934 0.009990740740740706
0 0.6875 0.2975277777777778 0.007036458333333447 0.010388888888888914
0 0.6808177083333333 0.2735462962962963 0.006234374999999895 0.009212962962963004
0 0.6880677083333333 0.27948148148148144 0.005260416666666619 0.010277777777777799
0 0.2556145833333333 0.32401851851851854 0.007406250000000014 0.005527777777777803
0 0.2518958333333333 0.31919444444444445 0.009713541666666655 0.005759259259259284
0 0.3112291666666666 0.32605555555555554 0.006067708333333381 0.008092592592592601
0 0.235640625 0.330712962962963 0.005989583333333334 0.006592592592592597
0 0.226953125 0.3229444444444444 0.0068489583333333215 0.005731481481481532
0 0.31713541666666667 0.3292592592592593 0.006859375000000038 0.0084537037037037
0 0.31709375 0.3170648148148148 0.006973958333333386 0.006925925925925943
0 0.3273854166666667 0.31754629629629627 0.006359375000000019 0.008583333333333316
0 0.3298333333333333 0.3020833333333333 0.007578124999999976 0.010268518518518548
0 0.3460885416666667 0.28324074074074074 0.006864583333333367 0.0060555555555555215
0 0.3276354166666666 0.2771296296296296 0.009088541666666691 0.007972222222222235
0 0.35200000000000004 0.28874074074074074 0.00603645833333329 0.005768518518518536
0 0.34925520833333334 0.30875925925925923 0.007807291666666672 0.008481481481481453
0 0.3903802083333333 0.3172777777777778 0.00834895833333332 0.00903703703703703
0 0.38379166666666664 0.30642592592592593 0.008473958333333325 0.0080740740740741
0 0.3706041666666666 0.2662777777777778 0.00763541666666671 0.008685185185185181
0 0.4064947916666667 0.2621574074074074 0.007010416666666686 0.007666666666666641
0 0.38109375 0.27925 0.006859375000000038 0.006916666666666692
0 0.3837083333333334 0.2747777777777778 0.005619791666666648 0.006138888888888885
0 0.37346874999999996 0.2733518518518519 0.0056927083333333664 0.007925925925925876
0 0.4206197916666667 0.3809537037037037 0.007625000000000052 0.00889814814814816
0 0.43597395833333336 0.3806111111111111 0.0068750000000000235 0.01007407407407407
0 0.44655729166666663 0.3702314814814815 0.006645833333333328 0.008166666666666713
0 0.4389010416666667 0.35078703703703706 0.0070208333333333425 0.008212962962962967
0 0.4398385416666667 0.3552592592592593 0.006598958333333372 0.007740740740740754
0 0.45426041666666667 0.3916944444444444 0.007375000000000043 0.009342592592592623
0 0.457953125 0.3754351851851852 0.006916666666666653 0.009259259259259259
0 0.461609375 0.39099074074074075 0.007411458333333343 0.008499999999999954
0 0.4784947916666667 0.3708703703703704 0.007390625000000028 0.008268518518518472
0 0.47894270833333336 0.3378240740740741 0.007078124999999958 0.007037037037037058
0 0.49700520833333334 0.3657314814814815 0.007255208333333366 0.008435185185185198
0 0.49582291666666667 0.3512222222222222 0.004500000000000052 0.00964814814814811
0 0.5097395833333334 0.33285185185185184 0.006619791666666685 0.010962962962962992
0 0.5153541666666667 0.3299166666666667 0.007463541666666629 0.009592592592592606
0 0.542828125 0.3266203703703704 0.007072916666666628 0.008851851851851802
0 0.5479114583333333 0.3569537037037037 0.0047604166666666 0.008194444444444466
0 0.6225729166666666 0.3321944444444444 0.007015624999999896 0.009018518518518526
0 0.5803541666666666 0.3147222222222222 0.004911458333333248 0.007824074074074117
0 0.5792760416666667 0.3624907407407407 0.007135416666666572 0.007444444444444411
0 0.6099114583333333 0.2832777777777778 0.004182291666666771 0.009212962962963004
0 0.5818645833333334 0.3196203703703704 0.004526041666666695 0.006175925925925888
0 0.58140625 0.3571666666666667 0.006786458333333438 0.007740740740740754
0 0.6066666666666667 0.3438703703703704 0.007135416666666572 0.008583333333333316
0 0.5812135416666667 0.3393148148148148 0.005625000000000094 0.006314814814814861
0 0.6015416666666666 0.3369814814814815 0.0059583333333333615 0.009194444444444397
0 0.5880885416666667 0.3300092592592593 0.007911458333333362 0.008148148148148106
0 0.596890625 0.32490740740740737 0.006812499999999962 0.008175925925925963
0 0.72334375 0.3708796296296296 0.00756249999999999 0.009611111111111107
0 0.7157187500000001 0.36262962962962964 0.008046874999999905 0.009611111111111107
0 0.6513645833333332 0.3713148148148148 0.007119791666666705 0.008574074074074066
0 0.6516822916666667 0.36503703703703705 0.005593749999999886 0.008277777777777828
0 0.6397812500000001 0.35214814814814815 0.0042239583333334 0.0084537037037037
0 0.6507291666666667 0.3448240740740741 0.0055416666666666 0.009537037037036995
0 0.666625 0.35862037037037037 0.004255208333333371 0.00866666666666668
0 0.6956979166666667 0.5398240740740741 0.007536458333333229 0.014064814814814865
0 0.6999947916666667 0.5337222222222222 0.006744791666666572 0.011537037037037071
0 0.8092135416666667 0.3429351851851852 0.0069427083333332956 0.008777777777777794
0 0.8451770833333333 0.31024074074074076 0.004765625000000048 0.0076759259259258925
0 0.8438541666666667 0.2994351851851852 0.004546875000000009 0.007194444444444428
0 0.8527708333333333 0.3073240740740741 0.005338541666666667 0.007175925925925926
0 0.821984375 0.3211759259259259 0.006984374999999924 0.007888888888888872
0 0.8128697916666667 0.32328703703703704 0.0035625000000000756 0.008805555555555547
0 0.795609375 0.3356388888888889 0.006015625000000095 0.007546296296296275
0 0.7583541666666667 0.3104722222222222 0.003572916666666733 0.01148148148148146
0 0.7783593750000001 0.3306944444444444 0.006307291666666733 0.008555555555555565
0 0.7628697916666667 0.31299074074074074 0.0041510416666665625 0.009138888888888893
0 0.7649270833333334 0.2931944444444444 0.0035260416666666574 0.006916666666666692
0 0.7690520833333333 0.28444444444444444 0.005489583333333314 0.007416666666666658
0 0.8205625 0.2909351851851852 0.006479166666666695 0.00890740740740741
0 0.8200677083333333 0.30260185185185184 0.005557291666666704 0.007731481481481502
0 0.8098385416666667 0.3167037037037037 0.0067708333333333336 0.008046296296296346
0 0.8153541666666667 0.3083796296296296 0.006072916666666591 0.008222222222222218
0 0.8015000000000001 0.3164537037037037 0.007901041666666704 0.009185185185185147
0 0.7916093750000001 0.3247685185185185 0.006531249999999981 0.00964814814814811
0 0.78446875 0.3142962962962963 0.005140624999999943 0.008425925925925948
0 0.7936197916666666 0.30283333333333334 0.006432291666666619 0.00727777777777779
0 0.7869270833333334 0.2953796296296296 0.004057291666666647 0.008259259259259221
0 0.7803489583333333 0.3081203703703704 0.00514583333333339 0.00684259259259258
0 0.7632395833333334 0.2861388888888889 0.005135416666666733 0.00646296296296298
0 0.7513906250000001 0.28594444444444445 0.0035989583333332575 0.0074814814814815195
0 0.40136458333333336 0.34435185185185185 0.00834895833333332 0.011712962962962942
0 0.4679010416666667 0.42195370370370366 0.009364583333333343 0.009444444444444486
0 0.3983802083333333 0.4793888888888889 0.010385416666666696 0.009101851851851785
0 0.39429166666666665 0.48557407407407405 0.009734375000000028 0.010111111111111178
0 0.5906822916666666 0.27750925925925923 0.006182291666666609 0.010055555555555568
0 0.5939739583333333 0.28947222222222224 0.006656250000000104 0.008694444444444432
0 0.5928958333333333 0.2947777777777778 0.004385416666666705 0.007888888888888872
0 0.6426979166666666 0.3050555555555555 0.007750000000000057 0.008925925925925914
0 0.6295572916666666 0.3233240740740741 0.005895833333333419 0.007851851851851869
0 0.61465625 0.3166296296296296 0.007901041666666704 0.0072870370370370415
0 0.6253958333333334 0.3114259259259259 0.007026041666666553 0.010148148148148182
0 0.6106927083333333 0.3012037037037037 0.0037239583333333807 0.00964814814814811
0 0.6108541666666666 0.2504074074074074 0.005552083333333258 0.008583333333333316
0 0.6205260416666667 0.2937037037037037 0.00383854166666661 0.009527777777777744
0 0.612625 0.260712962962963 0.003072916666666714 0.007962962962962984
0 0.6180729166666666 0.2741296296296296 0.005619791666666648 0.009925925925925951
0 0.6215729166666667 0.2690925925925926 0.0032604166666667803 0.008953703703703665
0 0.6447135416666666 0.2481851851851852 0.004932291666666562 0.007824074074074117
0 0.6464114583333332 0.2693888888888889 0.004140624999999906 0.00987037037037034
0 0.6490052083333333 0.24512962962962964 0.004901041666666591 0.007787037037037007
0 0.6584375 0.24344444444444446 0.006083333333333248 0.007666666666666641
0 0.66209375 0.24708333333333335 0.006338541666666705 0.006138888888888885
0 0.6669583333333333 0.27690740740740744 0.003406249999999981 0.009185185185185147
0 0.680265625 0.28791666666666665 0.0036614583333334375 0.009453703703703737
0 0.6562239583333334 0.28883333333333333 0.005338541666666667 0.007999999999999988
0 0.6744270833333333 0.3169722222222222 0.003406249999999981 0.008731481481481436
0 0.647859375 0.2957314814814815 0.0063437499999999146 0.009305555555555513
0 0.6569270833333333 0.3018611111111111 0.006468750000000038 0.009138888888888893
0 0.6514114583333334 0.30976851851851855 0.006671874999999971 0.008425925925925948
0 0.6459427083333333 0.33596296296296296 0.005968750000000019 0.008527777777777811
0 0.6478072916666666 0.3291481481481482 0.0058124999999999245 0.007805555555555509
0 0.6583854166666666 0.32575925925925925 0.005151041666666601 0.010435185185185169
0 0.6633958333333333 0.32496296296296295 0.004588541666666638 0.008259259259259221
0 0.6808333333333334 0.32460185185185186 0.004578124999999981 0.008222222222222218
0 0.6662916666666666 0.3369259259259259 0.0037499999999999053 0.008870370370370409
0 0.6711979166666667 0.3394351851851852 0.0061302083333333235 0.009527777777777744
0 0.68471875 0.3329537037037037 0.006927083333333428 0.008694444444444432
0 0.6760729166666667 0.3482222222222222 0.007104166666666601 0.008592592592592567
0 0.6812343750000001 0.35876851851851854 0.006442708333333277 0.00862037037037032
0 0.6835625000000001 0.3618796296296296 0.006463541666666591 0.00990740740740745
0 0.6902864583333332 0.3550185185185185 0.004411458333333229 0.010027777777777816
0 0.6923854166666668 0.35037037037037033 0.004276041666666686 0.006444444444444478
0 0.6838697916666666 0.3709537037037037 0.005072916666666553 0.008944444444444415
0 0.6840937500000001 0.37648148148148153 0.006718750000000048 0.006833333333333329
0 0.7073958333333333 0.36780555555555555 0.007479166666666733 0.009879629629629592
0 0.7128958333333333 0.3797962962962963 0.0037291666666665908 0.008796296296296297
0 0.7057447916666667 0.35467592592592595 0.006145833333333428 0.008212962962962967
0 0.7031197916666667 0.3444351851851852 0.004505208333333381 0.007925925925925876
0 0.7043177083333333 0.3353703703703704 0.004171875000000114 0.007453703703703661
0 0.6959427083333334 0.3082592592592593 0.005057291666666686 0.007972222222222235
0 0.7055 0.308962962962963 0.007255208333333248 0.009796296296296334
0 0.7139583333333334 0.31499074074074074 0.007463541666666629 0.008842592592592551
0 0.7190677083333333 0.31401851851851853 0.0036614583333334375 0.010787037037037015
0 0.7241302083333333 0.30383333333333334 0.0048177083333333336 0.0075185185185185225
0 0.7275364583333332 0.32182407407407404 0.00461979166666661 0.010194444444444437
0 0.73075 0.32608333333333334 0.00767708333333322 0.00705555555555556
0 0.7340572916666667 0.3165833333333334 0.004489583333333277 0.009944444444444454
0 0.738296875 0.3066388888888889 0.0036614583333334375 0.00727777777777779
0 0.7464947916666667 0.30366666666666664 0.005687500000000038 0.007500000000000021
0 0.7504635416666667 0.30108333333333337 0.0067135416666666 0.008009259259259239
0 0.7434375000000001 0.2929907407407408 0.006619791666666685 0.008101851851851851
0 0.936234375 0.14054629629629628 0.0037291666666665908 0.007324074074074097
0 0.932671875 0.15072222222222223 0.002520833333333409 0.006175925925925941
0 0.9407552083333334 0.15153703703703703 0.0022291666666667707 0.005916666666666654
0 0.9430156249999999 0.15416666666666667 0.0023697916666667613 0.0066018518518518475
0 0.9534635416666667 0.15848148148148147 0.002947916666666591 0.006657407407407405
0 0.95990625 0.16025 0.0037499999999999053 0.006787037037037022