0 0.5599062499999999 0.0027870370370370367 0.007343749999999953 0.005564814814814815
0 0.6589218750000001 0.13270370370370368 0.005312499999999905 0.00955555555555555
0 0.66559375 0.1915 0.0076197916666667235 0.011092592592592609
0 0.6619062499999999 0.1999351851851852 0.004973958333333428 0.010916666666666686
0 0.6684218749999999 0.20610185185185184 0.005718750000000009 0.009703703703703721
0 0.6697760416666667 0.19694444444444442 0.005520833333333286 0.007601851851851833
0 0.7249479166666667 0.23960185185185184 0.007890625000000047 0.010611111111111118
0 0.7120260416666666 0.2584074074074074 0.008682291666666704 0.011972222222222176
0 0.6964322916666668 0.24784259259259261 0.006687500000000076 0.013055555555555577
0 0.6865416666666667 0.24971296296296297 0.008302083333333361 0.012657407407407369
0 0.6923125 0.2611759259259259 0.00678124999999999 0.01087962962962963
0 0.6708177083333333 0.26596296296296296 0.008442708333333352 0.012453703703703746
0 0.684375 0.2778703703703704 0.00763020833333338 0.013120370370370333
0 0.6809427083333334 0.2930185185185185 0.006348958333333362 0.016231481481481458
0 0.6926302083333333 0.31295370370370373 0.00677604166666678 0.014203703703703734
0 0.7102291666666667 0.3289814814814815 0.007265624999999905 0.015546296296296263
0 0.7019427083333334 0.31097222222222226 0.005687500000000038 0.01594444444444447
0 0.697640625 0.296462962962963 0.008656249999999944 0.010259259259259298
0 0.6922447916666666 0.2860277777777778 0.008171875000000028 0.0143240740740741