0 0.6833489583333333 0.04268518518518519 0.006614583333333239 0.010703703703703707
0 0.6413802083333333 0.06698148148148149 0.004562500000000113 0.011046296296296302
0 0.6674687499999999 0.10543518518518519 0.004197916666666638 0.013370370370370368
0 0.6567760416666667 0.09768518518518518 0.0035260416666666574 0.013157407407407415
0 0.6611822916666666 0.09369444444444444 0.004296875 0.010898148148148157
0 0.6461197916666667 0.08252777777777777 0.004057291666666647 0.012842592592592596
0 0.6716718749999999 0.05817592592592592 0.005713541666666562 0.0102962962962963
0 0.6528333333333334 0.08030555555555556 0.00365104166666678 0.012657407407407395
0 0.6558437500000001 0.056435185185185185 0.003505208333333343 0.010212962962962964
0 0.6380677083333333 0.013768518518518518 0.0031458333333333143 0.007092592592592593
0 0.65096875 0.07391666666666666 0.0037239583333333807 0.01165740740740741
0 0.661109375 0.08317592592592593 0.0048437500000000945 0.011842592592592585
0 0.6621822916666668 0.058750000000000004 0.004567708333333324 0.010731481481481484
0 0.6606979166666667 0.052675925925925925 0.003083333333333371 0.00890740740740741
0 0.6366041666666666 0.021064814814814814 0.0030364583333332956 0.007000000000000002
0 0.6325677083333333 0.016064814814814816 0.0036666666666666475 0.007407407407407408
0 0.632484375 0.006287037037037037 0.0032760416666666476 0.008092592592592592