0 0.6005 0.4587685185185185 0.004489583333333277 0.007444444444444411
0 0.5831302083333333 0.4334351851851852 0.002901041666666752 0.0056666666666666705
0 0.58525 0.45310185185185187 0.003505208333333343 0.0068981481481481905
0 0.5794791666666667 0.4659444444444445 0.004093750000000066 0.006703703703703712
0 0.49941145833333334 0.4301388888888889 0.004890625000000052 0.006268518518518501
0 0.49721354166666665 0.4422314814814815 0.005755208333333309 0.006000000000000017
0 0.50275 0.4447314814814815 0.005817708333333371 0.005527777777777803
0 0.5018177083333334 0.4383611111111111 0.0036458333333333334 0.005453703703703691
0 0.5339791666666667 0.4333148148148148 0.0036718750000000354 0.004703703703703742
0 0.5365625 0.4389351851851852 0.00572395833333322 0.005611111111111061
0 0.568640625 0.3606851851851852 0.004239583333333267 0.00684259259259258
0 0.5608385416666667 0.3664814814814815 0.0032656249999999903 0.005305555555555572
0 0.5815416666666666 0.37727777777777777 0.0031041666666666856 0.005287037037037071
0 0.575796875 0.35328703703703707 0.004484375000000066 0.00726851851851854
0 0.6189947916666667 0.3740833333333333 0.005833333333333238 0.007361111111111153
0 0.6526041666666667 0.37486111111111114 0.004526041666666695 0.008694444444444432
0 0.6488802083333333 0.3652592592592593 0.0029895833333332196 0.005898148148148152
0 0.6728177083333333 0.3789444444444444 0.0031458333333333143 0.005953703703703657
0 0.6792604166666667 0.38251851851851854 0.004598958333333295 0.010620370370370396
0 0.6863229166666667 0.401037037037037 0.004614583333333399 0.008092592592592601
0 0.688171875 0.3952222222222222 0.004557291666666667 0.006777777777777824
0 0.6893229166666667 0.3902685185185185 0.005901041666666629 0.007351851851851903
0 0.5575260416666666 0.31610185185185186 0.004229166666666609 0.009018518518518526
0 0.5323385416666667 0.3053703703703704 0.005265624999999948 0.006768518518518468
0 0.5273854166666667 0.30012962962962964 0.004234375000000057 0.00646296296296298
0 0.5078072916666667 0.2921018518518519 0.0037916666666666524 0.005990740740740766
0 0.47072916666666664 0.27420370370370367 0.004348958333333286 0.007990740740740736
0 0.4356875 0.2674259259259259 0.004479166666666619 0.007175925925925926
0 0.43918229166666667 0.26643518518518516 0.002963541666666695 0.007203703703703678
0 0.4366875 0.2619074074074074 0.002796874999999943 0.0035185185185184764
0 0.37858854166666667 0.33752777777777776 0.005088541666666657 0.009444444444444486
0 0.37137499999999996 0.33644444444444443 0.005343749999999995 0.008194444444444466
0 0.3469375 0.2898703703703704 0.004958333333333324 0.007805555555555509
0 0.34302604166666667 0.2841851851851852 0.003911458333333328 0.006537037037036986
0 0.32135416666666666 0.3015555555555556 0.004932291666666681 0.006861111111111082
0 0.3174635416666666 0.2825092592592593 0.006937499999999967 0.007805555555555509
0 0.30860937499999996 0.28626851851851853 0.005942708333333376 0.009074074074074031
0 0.30271875000000004 0.2899907407407407 0.003416666666666638 0.008259259259259221
0 0.29519791666666667 0.29310185185185184 0.005687500000000038 0.005972222222222264
0 0.6286510416666666 0.09099074074074073 0.002682291666666714 0.004407407407407399
0 0.6145833333333334 0.0941388888888889 0.0022031250000000093 0.0031759259259259323
0 0.5616979166666667 0.08594444444444443 0.002505208333333305 0.0052962962962962955
0 0.556484375 0.08767592592592592 0.0021666666666665907 0.004703703703703715
0 0.560828125 0.07837037037037037 0.0017395833333334091 0.004620370370370379
0 0.7016197916666667 0.10385185185185185 0.003182291666666733 0.004666666666666659
0 0.66934375 0.09803703703703703 0.0017500000000000664 0.0034444444444444436
0 0.612359375 0.08722222222222223 0.0019895833333334187 0.0032222222222222127
0 0.6094583333333333 0.08677777777777777 0.0017135416666666477 0.0034907407407407504
0 0.6071354166666667 0.08671296296296296 0.001947916666666553 0.0027870370370370284
0 0.622390625 0.12675925925925927 0.0018749999999999527 0.003064814814814817
0 0.6165052083333333 0.1256574074074074 0.002791666666666733 0.0037407407407407597
0 0.6143229166666667 0.12710185185185185 0.0033072916666666194 0.00433333333333334
0 0.6098020833333333 0.1271851851851852 0.002729166666666553 0.0033333333333333544
0 0.6052656249999999 0.1260185185185185 0.0027708333333334185 0.0033055555555555494
0 0.5780416666666667 0.12564814814814815 0.0023333333333333426 0.0037222222222222053
0 0.5806927083333334 0.1273425925925926 0.002104166666666648 0.004212962962962974
0 0.5829791666666666 0.12594444444444444 0.002447916666666572 0.0037314814814814563
0 0.5864375000000001 0.12576851851851853 0.0018802083333333997 0.0033981481481481627
0 0.5996406249999999 0.12495370370370369 0.002630208333333428 0.004518518518518515
0 0.5978697916666668 0.12555555555555556 0.0016822916666666761 0.002453703703703683
0 0.5948802083333333 0.12493518518518519 0.0019739583333333146 0.003361111111111107
0 0.5926510416666667 0.12694444444444444 0.002562500000000038 0.0043796296296296465
0 0.5899166666666668 0.12340740740740741 0.002395833333333286 0.002861111111111088
0 0.5903020833333333 0.12591666666666668 0.0021354166666666193 0.0028055555555555303
0 0.8475989583333334 0.0898888888888889 0.0023802083333334186 0.0023240740740740656
0 0.845375 0.08956481481481482 0.0015989583333334185 0.002703703703703692
0 0.8275 0.09067592592592594 0.0025312500000000664 0.002870370370370365
0 0.8240729166666667 0.09034259259259259 0.002239583333333428 0.00323148148148149
0 0.8179479166666667 0.09047222222222222 0.0029270833333332764 0.0031481481481481534