0 0.5654322916666668 0.7753240740740741 0.005817708333333371 0.009814814814814731
0 0.542015625 0.778425925925926 0.00670833333333339 0.010657407407407398
0 0.593734375 0.8237962962962964 0.005192708333333229 0.012851851851851953
0 0.575796875 0.8704814814814815 0.0036145833333333616 0.014777777777777812
0 0.5405364583333333 0.8415648148148148 0.008619791666666762 0.010907407407407381
0 0.5430572916666667 0.8666111111111111 0.007177083333333437 0.012398148148148241
0 0.51996875 0.8704444444444445 0.008958333333333356 0.011814814814814806
0 0.5345104166666667 0.8749537037037037 0.0076875000000000545 0.01261111111111101
0 0.5949895833333334 0.956925925925926 0.006187500000000057 0.01597222222222222
0 0.5053958333333334 0.9738425925925925 0.004854166666666633 0.017296296296296143
0 0.603796875 0.9030277777777778 0.00940104166666676 0.010472222222222171
0 0.660046875 0.8392592592592593 0.006520833333333324 0.013509259259259183
0 0.5600677083333333 0.9910370370370369 0.006088541666666695 0.017925925925926043
0 0.531234375 0.978138888888889 0.007906249999999974 0.010379629629629664
0 0.421140625 0.7773425925925925 0.0059583333333333615 0.01227777777777777
0 0.5194427083333334 0.9482592592592591 0.00944270833333339 0.009694444444444365
0 0.614765625 0.9315092592592592 0.010046874999999981 0.012490740740740748
0 0.5473281249999999 0.941 0.00905208333333339 0.00840740740740734
0 0.40703645833333335 0.736712962962963 0.00557291666666669 0.014814814814814815
0 0.46796875 0.6929629629629629 0.0050156250000000565 0.011120370370370362
0 0.4498020833333333 0.6688518518518519 0.004546875000000009 0.010851851851851876
0 0.44160937499999997 0.6607407407407407 0.005703125000000023 0.009749999999999974
0 0.414796875 0.6059074074074075 0.005843750000000014 0.00819444444444436
0 0.45821354166666667 0.6817037037037037 0.00415625000000001 0.011842592592592559
0 0.4194322916666666 0.5911481481481482 0.00546875 0.011185185185185118
0 0.3942864583333333 0.6163240740740741 0.004348958333333286 0.007212962962962929
0 0.4265208333333333 0.58 0.003046874999999953 0.008388888888888838
0 0.403796875 0.601287037037037 0.007510416666666704 0.005361111111111078
0 0.3262291666666667 0.6126481481481482 0.006895833333333338 0.009148148148148249
0 0.45825 0.6183796296296297 0.004510416666666709 0.008564814814814815
0 0.5464687500000001 0.9969537037037037 0.006270833333333314 0.006092592592592525
0 0.7297291666666667 0.28785185185185186 0.008973958333333342 0.007305555555555543
0 0.6128333333333333 0.19999074074074075 0.005781249999999952 0.007148148148148173
0 0.6215208333333333 0.13844444444444445 0.004499999999999934 0.006064814814814825
0 0.6374739583333333 0.13473148148148148 0.0038958333333333427 0.007212962962962982
0 0.6308229166666667 0.14041666666666666 0.007828125000000104 0.007601851851851833