0 0.5574375 0.9907685185185185 0.005536458333333391 0.018453703703703552
0 0.623828125 0.9189537037037038 0.005255208333333409 0.018703703703703747
0 0.580859375 0.9151481481481482 0.005718750000000009 0.020166666666666642
0 0.5807135416666667 0.8837314814814814 0.005057291666666686 0.019537037037036954
0 0.5524114583333334 0.8836851851851851 0.004958333333333324 0.014916666666666575
0 0.5539791666666667 0.8035462962962964 0.009187499999999934 0.009527777777777744
0 0.5418177083333333 0.8147407407407407 0.004546875000000009 0.013129629629629689
0 0.6721927083333333 0.8053333333333333 0.009385416666666656 0.008564814814814815
0 0.680046875 0.8093055555555555 0.008442708333333352 0.007453703703703661
0 0.7747552083333333 0.8970462962962963 0.005619791666666648 0.016361111111111177
0 0.7601197916666667 0.8815185185185185 0.006973958333333267 0.015759259259259244
0 0.7758125 0.9610185185185186 0.005182291666666572 0.021175925925925824
0 0.7829427083333333 0.9729629629629629 0.007531250000000019 0.018462962962963014
0 0.73640625 0.7922962962962963 0.008760416666666751 0.014907407407407322
0 0.7564427083333333 0.7634166666666666 0.005083333333333447 0.015472222222222255
0 0.7344895833333334 0.7617407407407407 0.004567708333333324 0.011481481481481566
0 0.7150468750000001 0.7667685185185186 0.005046875000000029 0.014398148148148106
0 0.7277760416666667 0.6860555555555556 0.003536458333333314 0.01369444444444441
0 0.7107864583333333 0.6718055555555555 0.004187499999999981 0.015009259259259293
0 0.666640625 0.7474166666666667 0.008130208333333399 0.008101851851851851
0 0.6589375000000001 0.7079351851851853 0.0047499999999999435 0.016629629629629664
0 0.646765625 0.7035185185185184 0.00482812499999999 0.015583333333333267
0 0.6711145833333333 0.6899537037037037 0.006494791666666563 0.016305555555555462
0 0.5872291666666667 0.7264074074074074 0.004968749999999981 0.017277777777777854
0 0.571078125 0.7058148148148148 0.004744791666666733 0.01626851851851846
0 0.6865260416666668 0.6746203703703704 0.007427083333333447 0.012861111111111203
0 0.7104374999999999 0.6528888888888889 0.008223958333333314 0.01217592592592601
0 0.6786718749999999 0.6673425925925927 0.007395833333333239 0.010611111111111144
0 0.6616458333333333 0.632287037037037 0.0046979166666666575 0.014398148148148106
0 0.727140625 0.617574074074074 0.005177083333333362 0.012842592592592492
0 0.6957604166666667 0.5822685185185186 0.008036458333333248 0.008981481481481524
0 0.6565 0.5767962962962964 0.008989583333333447 0.00904629629629628
0 0.6626458333333333 0.5492870370370371 0.005963541666666572 0.013018518518518468
0 0.67109375 0.5310185185185186 0.0050052083333334 0.011472222222222314
0 0.62746875 0.5273333333333333 0.005979166666666676 0.008638888888888821
0 0.5952500000000001 0.5040555555555556 0.006791666666666648 0.008101851851851851
0 0.7133697916666667 0.47737962962962965 0.004609374999999953 0.007888888888888872
0 0.5745729166666667 0.4678703703703704 0.0037135416666667235 0.012203703703703658
0 0.58190625 0.4676018518518518 0.004588541666666638 0.011009259259259246
0 0.5719166666666666 0.4207962962962963 0.003505208333333343 0.012027777777777787
0 0.5878854166666667 0.42062037037037037 0.005916666666666733 0.008435185185185198
0 0.584984375 0.4125833333333333 0.003395833333333324 0.007259259259259289
0 0.63740625 0.3913611111111111 0.00397395833333339 0.011490740740740711
0 0.5308958333333335 0.3844537037037037 0.0067708333333333925 0.009342592592592623
0 0.5422864583333333 0.3421666666666667 0.002895833333333305 0.007185185185185176
0 0.5400885416666666 0.3443703703703704 0.005098958333333315 0.010546296296296285
0 0.5696302083333333 0.3896018518518518 0.0054947916666667615 0.0060185185185185185
0 0.5718593750000001 0.37687037037037036 0.007041666666666657 0.005833333333333291
0 0.5813802083333334 0.3811851851851852 0.005302083333333248 0.006685185185185211
0 0.5865677083333334 0.3887777777777778 0.007656249999999905 0.006324074074074112
0 0.5857916666666667 0.3745648148148148 0.0035468749999999715 0.009657407407407361
0 0.6896666666666668 0.45081481481481483 0.004234375000000057 0.007259259259259289
0 0.6737552083333332 0.445037037037037 0.004489583333333277 0.01189814814814817
0 0.740375 0.4292592592592593 0.00831250000000002 0.008861111111111158
0 0.7536979166666666 0.4170462962962963 0.0036041666666667047 0.008407407407407445
0 0.7608333333333334 0.42462962962962963 0.004020833333333229 0.008018518518518489
0 0.7734583333333334 0.44512962962962965 0.003395833333333324 0.010787037037037015
0 0.6601614583333333 0.23005555555555557 0.013135416666666563 0.009509259259259242
0 0.6144166666666667 0.11137962962962963 0.010890624999999925 0.009083333333333336
0 0.5911041666666667 0.2376111111111111 0.0025364583333332765 0.007833333333333341
0 0.5680885416666667 0.29870370370370375 0.003182291666666733 0.008212962962962967
0 0.5679010416666667 0.30337037037037035 0.005755208333333428 0.007574074074074027
0 0.5605104166666667 0.3049444444444444 0.005125000000000076 0.007462962962962913
0 0.5573697916666667 0.3009074074074074 0.004437499999999991 0.008046296296296346
0 0.5603958333333333 0.26711111111111113 0.003635416666666676 0.010490740740740778
0 0.5564322916666666 0.2866388888888889 0.003416666666666638 0.006916666666666692
0 0.5643333333333334 0.2408611111111111 0.0033750000000000095 0.008231481481481468
0 0.5545364583333333 0.2579814814814815 0.00390625 0.008990740740740775
0 0.539 0.25528703703703703 0.003234375000000019 0.008157407407407356
0 0.5316197916666667 0.2573148148148148 0.004322916666666702 0.008407407407407445
0 0.5215677083333333 0.273037037037037 0.005624999999999976 0.004842592592592609
0 0.52971875 0.28828703703703706 0.004375000000000047 0.009462962962962989
0 0.5208385416666667 0.29078703703703707 0.005453125000000014 0.005314814814814823
0 0.524671875 0.31103703703703706 0.006265624999999986 0.006240740740740749
0 0.5100625 0.29666666666666663 0.004874999999999948 0.010231481481481439
0 0.5129114583333333 0.28237962962962965 0.004578124999999981 0.0060185185185185185
0 0.513546875 0.25575 0.002427083333333376 0.008324074074074083
0 0.520296875 0.2386759259259259 0.005223958333333319 0.009203703703703728
0 0.5293177083333334 0.21963888888888888 0.003994791666666705 0.008425925925925948
0 0.537171875 0.21798148148148147 0.0042708333333332385 0.007074074074074062
0 0.5004739583333333 0.25033333333333335 0.005395833333333281 0.008916666666666663
0 0.5070208333333334 0.27389814814814817 0.005645833333333291 0.005796296296296288
0 0.49933333333333335 0.28349074074074077 0.003968749999999943 0.009000000000000025
0 0.49630729166666665 0.30338888888888893 0.004645833333333372 0.0060185185185185185
0 0.4941197916666667 0.30774074074074076 0.004307291666666657 0.008731481481481436
0 0.4917552083333333 0.31223148148148144 0.0043333333333333 0.00964814814814811
0 0.487546875 0.3078425925925926 0.006947916666666624 0.006694444444444461
0 0.494375 0.3187685185185185 0.005515624999999957 0.009499999999999991
0 0.46563541666666663 0.22658333333333333 0.004666666666666685 0.009379629629629625
0 0.4535208333333333 0.2228888888888889 0.004838541666666648 0.009592592592592606
0 0.4820989583333333 0.19048148148148147 0.004187499999999981 0.00795370370370368
0 0.47295312500000003 0.18483333333333335 0.0034583333333333853 0.007324074074074097
0 0.47408333333333336 0.1797314814814815 0.0040052083333333615 0.007768518518518506
0 0.46779166666666666 0.17701851851851852 0.0029843750000000096 0.007685185185185196
0 0.4683802083333333 0.15187962962962964 0.0050156250000000565 0.007629629629629638
0 0.43822395833333333 0.14619444444444443 0.004645833333333372 0.004638888888888881
0 0.441453125 0.13844444444444445 0.004255208333333371 0.008925925925925914