0 0.6871197916666667 0.005 0.005135416666666733 0.01
0 0.6765260416666667 0.017611111111111112 0.005427083333333371 0.01050925925925926
0 0.667171875 0.014324074074074074 0.003635416666666676 0.009231481481481483
0 0.6679375000000001 0.02140740740740741 0.004114583333333381 0.010777777777777778
0 0.6626145833333333 0.018583333333333334 0.004708333333333314 0.011416666666666665
0 0.6483645833333332 0.028351851851851857 0.004671874999999896 0.011185185185185187
0 0.6530260416666667 0.04137037037037037 0.0053958333333334 0.012287037037037034
0 0.6615520833333334 0.0555 0.004020833333333229 0.011898148148148142
0 0.6718437500000001 0.06216666666666667 0.004343750000000076 0.011416666666666672
0 0.6680520833333333 0.043583333333333335 0.005088541666666657 0.01143518518518518
0 0.6673645833333333 0.05075 0.004859374999999962 0.012101851851851846
0 0.660109375 0.04393518518518519 0.004499999999999934 0.00858333333333333
0 0.6589583333333333 0.03506481481481481 0.004458333333333305 0.011527777777777781