0 0.25903125 0.5308148148148147 0.005536458333333331 0.006092592592592525
0 0.2709947916666666 0.5234074074074074 0.005536458333333391 0.006879629629629689
0 0.249640625 0.4956203703703704 0.00582291666666664 0.006722222222222214
0 0.31150520833333334 0.5395277777777778 0.005578125000000019 0.0075185185185184175
0 0.30588541666666663 0.5300277777777778 0.006958333333333281 0.007351851851851903
0 0.335359375 0.5587777777777778 0.005645833333333291 0.007537037037037129
0 0.2788125 0.5142592592592592 0.004807291666666676 0.005796296296296288
0 0.35476041666666663 0.46272222222222226 0.005031250000000043 0.004999999999999979
0 0.2847135416666667 0.5034722222222222 0.004338541666666629 0.009212962962963004
0 0.3601875 0.4481203703703704 0.004015625000000019 0.006722222222222214
0 0.28791666666666665 0.5142037037037037 0.00540104166666661 0.005814814814814789
0 0.3344270833333333 0.5503796296296296 0.0037447916666666953 0.0061759259259259935
0 0.34931770833333337 0.4576851851851852 0.005499999999999972 0.005750000000000034
0 0.464890625 0.4895092592592592 0.005244791666666634 0.008120370370370354
0 0.46544270833333334 0.4993333333333333 0.005656249999999948 0.008379629629629588
0 0.45116666666666666 0.48353703703703704 0.0051145833333333 0.009851851851851945
0 0.44266666666666665 0.4804722222222222 0.007390625000000028 0.009666666666666717
0 0.15067708333333335 0.6283333333333333 0.0025156250000000213 0.005564814814814806
0 0.13684895833333333 0.6309259259259259 0.0018854166666666691 0.004453703703703653
0 0.14248958333333334 0.6281296296296296 0.0022187499999999955 0.0058425925925925425
0 0.13822916666666665 0.6240648148148148 0.0019687499999999857 0.0031666666666667342