0 0.6445104166666666 0.061092592592592594 0.004999999999999952 0.008074074074074074
0 0.6513854166666667 0.11581481481481481 0.005182291666666572 0.008583333333333342
0 0.7070104166666666 0.15783333333333335 0.008156249999999924 0.009842592592592589
0 0.6541093750000001 0.13021296296296295 0.004078124999999962 0.008092592592592601
0 0.655875 0.12302777777777778 0.003619791666666572 0.008268518518518524
0 0.6490052083333333 0.1258425925925926 0.004421874999999886 0.008601851851851871
0 0.692328125 0.2361111111111111 0.006682291666666629 0.013888888888888888
0 0.6655104166666667 0.20649074074074072 0.005489583333333314 0.01433333333333335
0 0.66015625 0.18442592592592594 0.005916666666666733 0.01330555555555556
0 0.6945781249999999 0.17442592592592593 0.006473958333333248 0.01220370370370371
0 0.6747864583333333 0.1988148148148148 0.005364583333333428 0.016666666666666666
0 0.668234375 0.19091666666666665 0.0060520833333332765 0.012990740740740716
0 0.6734791666666666 0.1696574074074074 0.006005208333333438 0.012175925925925904
0 0.6762291666666667 0.22130555555555556 0.0062656250000001044 0.01330555555555556
0 0.6806770833333334 0.1739814814814815 0.007072916666666628 0.009592592592592606
0 0.6803489583333333 0.16612037037037036 0.0040052083333333615 0.012527777777777752
0 0.68375 0.21969444444444444 0.004531249999999905 0.0154351851851852
0 0.6818020833333333 0.20507407407407408 0.005526041666666733 0.014388888888888908