0 0.5035885416666667 0.6173611111111111 0.0069427083333332956 0.007388888888888906
0 0.5063229166666666 0.6330648148148148 0.004494791666666723 0.008046296296296346
0 0.5002291666666667 0.6391481481481481 0.008437500000000023 0.006157407407407492
0 0.5075520833333333 0.6442222222222223 0.006953124999999952 0.007962962962962878
0 0.5498645833333333 0.6254444444444445 0.004812499999999886 0.007416666666666658
0 0.5531041666666667 0.6335925925925926 0.00689583333333322 0.007027777777777702
0 0.615609375 0.62625 0.004093750000000066 0.008490740740740807
0 0.60478125 0.4881111111111111 0.0041250000000000375 0.006870370370370438
0 0.5957083333333333 0.4996203703703704 0.004744791666666733 0.007472222222222163
0 0.585953125 0.5111574074074073 0.0036979166666666194 0.007101851851851919
0 0.6125833333333334 0.5290092592592593 0.0038958333333333427 0.007879629629629622
0 0.6610677083333333 0.5250462962962963 0.006760416666666676 0.007249999999999933
0 0.699734375 0.5136666666666666 0.0034843750000000282 0.007425925925925909
0 0.7045156250000001 0.5262222222222223 0.005135416666666733 0.010638888888888897
0 0.7320989583333334 0.5350648148148148 0.004302083333333447 0.006435185185185227
0 0.7408489583333334 0.5443148148148148 0.004796875000000019 0.008796296296296297
0 0.754140625 0.5544537037037036 0.007635416666666591 0.007175925925925926
0 0.7536510416666666 0.5630555555555555 0.005197916666666676 0.008222222222222323
0 0.752171875 0.5732407407407407 0.005755208333333428 0.01087962962962963
0 0.6191979166666666 0.6629444444444444 0.005203124999999887 0.009222222222222257
0 0.6108385416666666 0.6861944444444444 0.006093749999999906 0.008787037037037046
0 0.6401354166666666 0.6731759259259259 0.005598958333333333 0.008657407407407324
0 0.5815572916666666 0.4299074074074074 0.004182291666666771 0.009796296296296334
0 0.5502760416666667 0.41059259259259256 0.005260416666666619 0.007796296296296259
0 0.5200052083333333 0.39019444444444445 0.004182291666666653 0.005888888888888902
0 0.5441354166666666 0.4035740740740741 0.0034739583333333714 0.005907407407407403
0 0.4716927083333333 0.36024074074074075 0.004848958333333305 0.008824074074074048
0 0.4343958333333333 0.35225925925925927 0.004057291666666647 0.00625
0 0.4375677083333333 0.35003703703703704 0.0028333333333333617 0.009240740740740758
0 0.43581770833333333 0.3429074074074074 0.0023645833333333145 0.005750000000000034
0 0.35220833333333335 0.4601018518518519 0.003729166666666709 0.005574074074074057
0 0.34612499999999996 0.4556944444444444 0.003807291666666638 0.008629629629629676
0 0.31715625000000003 0.3857407407407408 0.005218749999999991 0.00850925925925931
0 0.32059374999999996 0.3764074074074074 0.0039270833333333146 0.0069907407407406984
0 0.2886770833333333 0.39914814814814814 0.004390625000000033 0.005833333333333291
0 0.28035937499999997 0.37092592592592594 0.007583333333333305 0.00403703703703705
0 0.277671875 0.3812962962962963 0.0033177083333332763 0.005768518518518536
0 0.2692239583333333 0.38024074074074077 0.004020833333333348 0.007611111111111136
0 0.25914583333333335 0.38622222222222224 0.005031249999999984 0.004916666666666616
0 0.5852031249999999 0.10352777777777777 0.0024270833333332577 0.004287037037037033
0 0.5725989583333334 0.11075925925925927 0.003515625 0.003472222222222222
0 0.5802812500000001 0.115 0.002786458333333286 0.003842592592592598
0 0.5860364583333334 0.11280555555555555 0.0027500000000001044 0.006138888888888885
0 0.6426822916666667 0.11557407407407407 0.0030520833333333997 0.0035555555555555588
0 0.63775 0.11411111111111111 0.0033854166666666668 0.00540740740740741
0 0.6452864583333333 0.12374074074074073 0.002901041666666752 0.004157407407407416
0 0.657953125 0.1204537037037037 0.0032656249999999903 0.0047314814814814945
0 0.7064166666666666 0.1290740740740741 0.00358333333333339 0.003851851851851875
0 0.6551302083333332 0.16506481481481483 0.002453125000000019 0.003777777777777763
0 0.6485833333333333 0.16380555555555557 0.002515624999999962 0.003648148148148146
0 0.6457656249999999 0.1651388888888889 0.00358333333333339 0.004407407407407399
0 0.635296875 0.16402777777777777 0.0030520833333333997 0.00361111111111109
0 0.6406979166666668 0.1641574074074074 0.002572916666666695 0.0029166666666666455
0 0.6379479166666666 0.1668148148148148 0.002390625000000076 0.003222222222222239
0 0.6049739583333333 0.16319444444444445 0.002515624999999962 0.003851851851851875
0 0.6080729166666666 0.16453703703703704 0.002000000000000076 0.003685185185185202
0 0.6101822916666666 0.16360185185185186 0.001723958333333305 0.0032592592592592426
0 0.6117291666666667 0.16287962962962962 0.0019062499999999243 0.0030925925925925695
0 0.6140572916666667 0.163 0.0024218750000000473 0.003768518518518512
0 0.6235625 0.16116666666666668 0.0015781250000001042 0.0056851851851851725
0 0.6178541666666667 0.16039814814814815 0.002223958333333324 0.0036296296296296445
0 0.6184427083333334 0.16310185185185186 0.0018125000000000094 0.0029537037037037014
0 0.6205052083333332 0.16428703703703704 0.0018125000000000094 0.003370370370370358
0 0.6216041666666666 0.16302777777777777 0.002000000000000076 0.003361111111111107
0 0.7431458333333333 0.13824074074074075 0.002458333333333229 0.0024722222222222368
0 0.6271302083333333 0.16324074074074074 0.001968750000000104 0.0029537037037037014
0 0.6292135416666667 0.16298148148148148 0.0022447916666666384 0.0032592592592592426
0 0.6301406249999999 0.1612962962962963 0.002572916666666695 0.003925925925925934
0 0.90325 0.12303703703703703 0.002916666666666619 0.0034537037037037205
0 0.906125 0.12309259259259259 0.0025468749999999337 0.0030740740740740676
0 0.88296875 0.12312037037037037 0.003244791666666676 0.0036203703703703936
0 0.8794791666666666 0.12327777777777776 0.002338541666666553 0.003101851851851873
0 0.8721875 0.12275 0.003416666666666638 0.0037222222222222053