0 0.39478125000000003 0.937324074074074 0.005854166666666672 0.008416666666666591
0 0.38410937500000003 0.9317777777777778 0.006984375000000043 0.010157407407407433
0 0.17781249999999998 0.33128703703703705 0.004010416666666691 0.006240740740740749
0 0.17988020833333335 0.3420740740740741 0.005635416666666693 0.005129629629629596
0 0.19078125 0.32430555555555557 0.0025416666666666643 0.0075185185185185225
0 0.20397916666666666 0.31071296296296297 0.003625000000000019 0.004500000000000013
0 0.20083854166666668 0.3139722222222222 0.004036458333333334 0.004694444444444491
0 0.20218229166666665 0.31825 0.0037239583333333213 0.0042222222222221715
0 0.20049479166666667 0.3255 0.00255729166666665 0.0047129629629629926
0 0.20964583333333334 0.3254907407407407 0.002624999999999981 0.004694444444444491
0 0.226765625 0.28320370370370374 0.003182291666666674 0.0037777777777778156
0 0.25063541666666667 0.309287037037037 0.004489583333333336 0.004629629629629629
0 0.2687291666666667 0.2707777777777778 0.0040729166666666336 0.004212962962962921
0 0.26106250000000003 0.26946296296296296 0.0023333333333333426 0.0034444444444444696
0 0.2517083333333333 0.2699814814814815 0.002453125000000019 0.0029907407407407578
0 0.28880208333333335 0.296212962962963 0.003677083333333305 0.005527777777777803
0 0.297390625 0.2941111111111111 0.003453125000000057 0.005268518518518569
0 0.2843072916666667 0.2967685185185185 0.0028020833333333903 0.004509259259259263
0 0.2810625 0.2971759259259259 0.0028020833333333903 0.0038425925925925715
0 0.27217708333333335 0.28464814814814815 0.00302083333333331 0.004444444444444402
0 0.2972708333333333 0.2660092592592593 0.0023749999999999718 0.003981481481481439
0 0.3193854166666667 0.27824074074074073 0.002682291666666714 0.00500925925925923
0 0.32924479166666665 0.26893518518518517 0.003567708333333286 0.004999999999999979
0 0.33875520833333334 0.2649444444444444 0.003343750000000038 0.004074074074074053
0 0.3606875 0.26261111111111113 0.0022447916666666384 0.0035092592592592254
0 0.35682291666666666 0.2783148148148148 0.002046875000000033 0.0036666666666667004
0 0.35922916666666665 0.2793888888888889 0.0023489583333333288 0.0038518518518518225
0 0.3612239583333333 0.2843148148148148 0.0022708333333332814 0.0030370370370370117
0 0.41057812499999996 0.30041666666666667 0.0024583333333333475 0.003620370370370341
0 0.43035416666666665 0.2937685185185185 0.0020572916666666903 0.0037129629629629544
0 0.472203125 0.35974999999999996 0.002296875000000043 0.004777777777777748
0 0.46918750000000004 0.3521574074074074 0.0025416666666667237 0.0037314814814814563
0 0.43911458333333336 0.29538888888888887 0.002427083333333376 0.0032407407407407406
0 0.443328125 0.2947037037037037 0.003114583333333343 0.004101851851851805
0 0.438078125 0.2990462962962963 0.003489583333333357 0.003499999999999975
0 0.44111458333333337 0.30377777777777776 0.002453125000000019 0.004018518518518548
0 0.4451041666666667 0.30275 0.0029062499999999622 0.00382407407407407
0 0.45932291666666664 0.3062962962962963 0.0024739583333333332 0.004592592592592626
0 0.46509375000000003 0.31060185185185185 0.0025104166666666335 0.004277777777777782
0 0.46704687500000003 0.3040462962962963 0.002234374999999981 0.004555555555555518
0 0.4611145833333333 0.29362962962962963 0.0020833333333333333 0.0034444444444444696
0 0.4649739583333333 0.29398148148148145 0.002692708333333371 0.0037592592592592088
0 0.4653177083333333 0.2857222222222222 0.0025416666666667237 0.00361111111111109
0 0.468046875 0.29031481481481486 0.002864583333333333 0.0037685185185185647
0 0.4715 0.289462962962963 0.002776041666666629 0.0036574074074074495
0 0.47255729166666666 0.28093518518518523 0.002171875000000038 0.004074074074074053
0 0.479984375 0.29127777777777775 0.0023854166666666286 0.0035740740740740867
0 0.47151041666666665 0.2941944444444445 0.002171875000000038 0.0030740740740741205
0 0.47298958333333335 0.2995092592592593 0.00241145833333339 0.003305555555555602
0 0.47433854166666667 0.305 0.0021770833333333663 0.004601851851851877
0 0.47895312500000004 0.309462962962963 0.0022031250000000093 0.0038796296296296803
0 0.48232291666666666 0.3033148148148148 0.002453125000000019 0.004583333333333376
0 0.490046875 0.3054074074074074 0.0020104166666666144 0.004685185185185134
0 0.4521822916666667 0.2675092592592593 0.0024218750000000473 0.003268518518518493
0 0.45243229166666665 0.27672222222222226 0.002708333333333357 0.003472222222222222
0 0.4470989583333333 0.26893518518518517 0.002291666666666714 0.0035092592592592254
0 0.44104687499999995 0.2687777777777777 0.0027291666666666714 0.006157407407407387
0 0.438046875 0.2653240740740741 0.0019583333333333284 0.0037129629629629544
0 0.4348072916666667 0.26910185185185187 0.0023906249999999575 0.0038425925925925715
0 0.42847916666666663 0.2714259259259259 0.00227604166666661 0.0029074074074073946
0 0.42619270833333334 0.2703611111111111 0.0021458333333332765 0.002972222222222256
0 0.4241770833333333 0.26929629629629626 0.002406249999999943 0.00523148148148146
0 0.42277604166666666 0.26314814814814813 0.0018125000000000094 0.003111111111111124
0 0.4185885416666667 0.2653333333333333 0.002026041666666719 0.003083333333333371
0 0.418046875 0.25850925925925927 0.0024947916666666478 0.0035462962962963343
0 0.42217708333333337 0.2505277777777778 0.002171875000000038 0.0026018518518518014
0 0.428234375 0.2666296296296296 0.002718750000000014 0.002898148148148144
0 0.4283489583333333 0.2629814814814815 0.0017760416666667094 0.0025462962962962965
0 0.40853125 0.25313888888888886 0.0035104166666666712 0.0041851851851851685
0 0.43350520833333334 0.2574722222222222 0.0029531250000000378 0.006009259259259268
0 0.42557812500000003 0.25003703703703706 0.0019322916666666857 0.0017962962962963468
0 0.42815624999999996 0.25057407407407406 0.0022864583333333855 0.0028611111111111406
0 0.27069791666666665 0.2146759259259259 0.001927083333333357 0.002944444444444451
0 0.26967708333333335 0.2466574074074074 0.0017187499999999764 0.002694444444444415
0 0.28635416666666663 0.213 0.0016197916666666145 0.002555555555555547
0 0.2883229166666667 0.21287037037037038 0.0019322916666666857 0.0030370370370370117
0 0.29256770833333334 0.2400925925925926 0.0018906250000000568 0.002879629629629642
0 0.3151145833333333 0.21196296296296296 0.0025416666666667237 0.0034259259259259156
0 0.31995833333333334 0.21109259259259258 0.0019114583333333713 0.002296296296296313
0 0.31947916666666665 0.22375 0.0017864583333333664 0.0027500000000000254
0 0.323875 0.22787962962962965 0.0024218750000000473 0.002712962962962969
0 0.32378124999999996 0.24758333333333332 0.002072916666666676 0.0030555555555555136
0 0.31398437500000004 0.2480925925925926 0.0017864583333333664 0.002305555555555564
0 0.32280729166666666 0.2643240740740741 0.0019479166666666714 0.0028148148148147813
0 0.34100520833333337 0.2237037037037037 0.0015625 0.002064814814814832
0 0.33861458333333333 0.2456759259259259 0.0023385416666666715 0.0033888888888888593
0 0.3482083333333333 0.2412037037037037 0.0016249999999999431 0.0026018518518518014
0 0.3545416666666667 0.2342037037037037 0.002098958333333319 0.002296296296296313
0 0.3588802083333333 0.22537962962962962 0.0015572916666666714 0.0023240740740740656
0 0.364640625 0.23147222222222222 0.001723958333333305 0.0021111111111110858
0 0.36594791666666665 0.2295462962962963 0.002072916666666676 0.0028703703703703916
0 0.36936458333333333 0.23247222222222222 0.0022552083333332953 0.0032499999999999916
0 0.37394791666666666 0.25572222222222224 0.00202083333333339 0.0021944444444444485
0 0.37075 0.2267962962962963 0.0016302083333333901 0.002564814814814798
0 0.3741770833333333 0.22426851851851853 0.0011874999999999859 0.0024074074074074284
0 0.37630729166666665 0.2268425925925926 0.0018854166666666097 0.0026574074074074117
0 0.37879166666666664 0.2345462962962963 0.0018229166666666667 0.0030740740740740676
0 0.37879166666666664 0.2303888888888889 0.0016666666666666904 0.0028425925925925862
0 0.38146354166666663 0.23245370370370372 0.002124999999999962 0.004074074074074053
0 0.38497916666666665 0.23320370370370372 0.002197916666666681 0.004435185185185204
0 0.386203125 0.22819444444444442 0.0018958333333333854 0.003351851851851856
0 0.38743229166666665 0.23112962962962963 0.0020833333333333333 0.0031574074074074304
0 0.392625 0.23065740740740742 0.0019322916666666857 0.0024999999999999896
0 0.39153645833333334 0.23114814814814813 0.001614583333333286 0.0025277777777777946
0 0.393109375 0.23608333333333337 0.0014739583333332955 0.002453703703703709
0 0.397453125 0.23429629629629628 0.001697916666666662 0.002444444444444432
0 0.38715625000000004 0.26987962962962964 0.0017447916666666194 0.003268518518518493
0 0.3808958333333334 0.25846296296296295 0.001791666666666695 0.0024814814814814352
0 0.3828489583333334 0.25866666666666666 0.0019062500000000427 0.002296296296296313