0 0.5613958333333334 0.5253981481481481 0.0060781250000000375 0.005111111111111094
0 0.5784010416666666 0.5289722222222222 0.007250000000000038 0.005777777777777786
0 0.5865625 0.5362314814814815 0.00689062500000001 0.005000000000000084
0 0.6764010416666667 0.5026666666666667 0.003098958333333239 0.005509259259259301
0 0.7483541666666667 0.48884259259259266 0.002624999999999981 0.007509259259259167
0 0.7547708333333334 0.493925925925926 0.005557291666666704 0.003796296296296212
0 0.8233489583333333 0.4900925925925925 0.003994791666666705 0.006731481481481465
0 0.8445 0.4977962962962963 0.004244791666666714 0.0061759259259259935
0 0.3675572916666667 0.5547407407407408 0.0038020833333333097 0.006101851851851776
0 0.34246875 0.4606111111111111 0.002708333333333357 0.005259259259259213
0 0.34150520833333337 0.47175 0.004708333333333314 0.007046296296296256
0 0.0010625 0.40882407407407406 0.002119791666666667 0.009083333333333284
0 0.05302604166666667 0.40614814814814815 0.004885416666666665 0.0047129629629629926
0 0.027817708333333333 0.3645833333333333 0.004072916666666663 0.005111111111111094
0 0.08902083333333333 0.36537962962962967 0.003125 0.006138888888888885
0 0.10432291666666667 0.3832685185185185 0.005005208333333341 0.006518518518518485
0 0.10892708333333333 0.3822962962962963 0.004380208333333346 0.005287037037037071
0 0.11720833333333333 0.3786851851851852 0.005119791666666659 0.006129629629629634
0 0.12959375 0.3755 0.005156249999999988 0.006703703703703712
0 0.268296875 0.38077777777777777 0.0046510416666666705 0.0038518518518518225
0 0.294609375 0.3702222222222222 0.003432291666666624 0.004212962962962921
0 0.3051302083333333 0.3713611111111111 0.0032552083333333335 0.0047499999999999955
0 0.31050520833333334 0.371787037037037 0.003562499999999957 0.00501851851851848
0 0.3122135416666667 0.3824444444444445 0.003390624999999995 0.004296296296296283
0 0.30375520833333336 0.37802777777777774 0.0047499999999999435 0.005324074074074074
0 0.3074427083333333 0.38519444444444445 0.0033177083333332763 0.003990740740740691
0 0.34682291666666665 0.3487314814814815 0.0027812499999999574 0.004740740740740745
0 0.3555729166666667 0.3635277777777778 0.002651041666666624 0.004175925925925917
0 0.367703125 0.3834537037037037 0.0021093749999999763 0.003981481481481439
0 0.35414062500000004 0.3901296296296296 0.002395833333333286 0.005148148148148098
0 0.34579166666666666 0.36110185185185184 0.00397395833333339 0.004537037037037016
0 0.33732291666666664 0.36818518518518517 0.004010416666666691 0.005370370370370328
0 0.3296822916666667 0.38760185185185186 0.0037447916666666953 0.005314814814814823
0 0.33975520833333334 0.38335185185185183 0.003328125000000052 0.0037870370370370666
0 0.33701041666666665 0.3925925925925926 0.0030520833333332813 0.003694444444444453
0 0.34812499999999996 0.38412962962962965 0.002442708333333362 0.0047685185185184975
0 0.347328125 0.3762592592592593 0.003135416666666657 0.0035185185185184764
0 0.3453958333333333 0.3675833333333333 0.0028541666666666763 0.0035740740740740867
0 0.34151562500000004 0.363462962962963 0.003260416666666662 0.005194444444444457
0 0.33781770833333336 0.3566574074074074 0.003041666666666624 0.0031851851851852357
0 0.33270833333333333 0.3666111111111111 0.0022864583333333855 0.003361111111111107
0 0.35840625 0.381462962962963 0.002442708333333362 0.008129629629629605
0 0.3220989583333333 0.3436574074074074 0.003911458333333328 0.004453703703703653
0 0.3224322916666667 0.33037037037037037 0.0032760416666666476 0.004000000000000046
0 0.3155572916666667 0.33261111111111114 0.0035572916666666288 0.004990740740740728
0 0.3099947916666667 0.3345648148148148 0.0035208333333333285 0.005425925925925938
0 0.29061458333333334 0.33491666666666664 0.002291666666666714 0.003212962962962988
0 0.28834375 0.33475 0.0036302083333333477 0.005203703703703708
0 0.29277604166666665 0.33674074074074073 0.003505208333333343 0.0035740740740740867
0 0.29318229166666665 0.3302685185185185 0.004166666666666667 0.004361111111111145
0 0.29383333333333334 0.30749074074074073 0.003187499999999943 0.00523148148148146
0 0.269640625 0.3100462962962963 0.0030937500000000283 0.0027870370370370284
0 0.2699270833333333 0.31280555555555556 0.00383854166666661 0.0021296296296295877
0 0.2864947916666667 0.30744444444444446 0.003187499999999943 0.004555555555555518
0 0.290625 0.30689814814814814 0.002317708333333357 0.0034537037037037205
0 0.28098958333333335 0.3189166666666667 0.00458333333333331 0.0031296296296296254
0 0.28160937500000005 0.32869444444444446 0.0028854166666666477 0.0035462962962963343
0 0.286140625 0.3257685185185185 0.002479166666666662 0.003481481481481473
0 0.29281770833333337 0.3254259259259259 0.0027812499999999574 0.0033981481481481102
0 0.299546875 0.32458333333333333 0.002864583333333333 0.003435185185185219
0 0.3009895833333333 0.3339537037037037 0.002812500000000047 0.005351851851851826
0 0.3047552083333333 0.32816666666666666 0.003109375000000014 0.004833333333333359
0 0.29885416666666664 0.32833333333333337 0.00302083333333331 0.0035185185185184764
0 0.20261458333333332 0.35071296296296295 0.0036145833333333616 0.004518518518518515
0 0.20556770833333332 0.35264814814814816 0.0038333333333333405 0.004509259259259263
0 0.20740625000000001 0.35960185185185184 0.0033645833333333522 0.004814814814814857
0 0.18018229166666666 0.33199074074074075 0.004208333333333355 0.004999999999999979
0 0.16620833333333335 0.3398148148148148 0.003677083333333305 0.0035648148148148357
0 0.15434895833333334 0.35430555555555554 0.0026874999999999833 0.005046296296296339
0 0.12388541666666668 0.29814814814814816 0.00291145833333332 0.0031203703703703745
0 0.18616145833333334 0.3010185185185185 0.0021093749999999763 0.005527777777777803
0 0.19589583333333332 0.29644444444444445 0.004234374999999998 0.004703703703703742
0 0.15072395833333332 0.3080462962962963 0.0026979166666666406 0.0025185185185185436
0 0.11881770833333333 0.2593333333333333 0.003322916666666664 0.002555555555555547
0 0.1215625 0.2597592592592593 0.0028958333333333345 0.004083333333333304
0 0.1603645833333333 0.2735648148148148 0.003234375000000019 0.0035277777777777274
0 0.15365625 0.25912962962962965 0.00294791666666665 0.002981481481481507
0 0.16216666666666668 0.2561111111111111 0.0030885416666666405 0.00361111111111109
0 0.166078125 0.28008333333333335 0.0034114583333333098 0.0036574074074074495
0 0.18823958333333335 0.2727962962962963 0.0025156250000000213 0.004907407407407366
0 0.2033697916666667 0.2876944444444444 0.0018541666666666383 0.0034537037037037205
0 0.08730729166666666 0.3444722222222222 0.004499999999999993 0.005370370370370328
0 0.06417708333333333 0.34664814814814815 0.002765625000000001 0.004314814814814785
0 0.07736458333333333 0.3430648148148148 0.002656250000000012 0.004240740740740778
0 0.09932291666666666 0.2631018518518518 0.002994791666666667 0.003416666666666717
0 0.0930625 0.30889814814814814 0.002656250000000012 0.0037962962962963176
0 0.16324479166666667 0.3073425925925926 0.0029062500000000212 0.0031851851851852357
0 0.16055208333333332 0.33212037037037034 0.0026718749999999976 0.00317592592592588
0 0.12569791666666666 0.3370092592592593 0.0023177083333333274 0.0029537037037037544
0 0.20869791666666665 0.32837037037037037 0.002895833333333305 0.004000000000000046
0 0.22636979166666665 0.3170555555555556 0.003328124999999993 0.005527777777777803
0 0.23448958333333333 0.32000925925925927 0.0034010416666666525 0.0022685185185185607
0 0.23659375 0.3211481481481481 0.0034010416666666525 0.0037777777777778156
0 0.234484375 0.32402777777777775 0.0022291666666666523 0.0025925925925925505
0 0.24151041666666667 0.33628703703703705 0.002208333333333338 0.003592592592592588
0 0.21952604166666667 0.27958333333333335 0.004499999999999993 0.004435185185185151
0 0.216625 0.2836851851851852 0.003046875000000012 0.00501851851851848
0 0.22274479166666666 0.28397222222222224 0.004041666666666662 0.0047685185185184975
0 0.22923958333333333 0.2733703703703704 0.0022708333333333404 0.0031388888888888764
0 0.231390625 0.27629629629629626 0.0032656249999999903 0.003925925925925934
0 0.24486458333333333 0.28147222222222223 0.0038593749999999835 0.004898148148148114
0 0.25130729166666665 0.28111111111111114 0.0050937499999999854 0.005472222222222193
0 0.25734375000000004 0.28637037037037033 0.002276041666666669 0.00479629629629625
0 0.2415520833333333 0.28457407407407403 0.002749999999999986 0.00527777777777782
0 0.23760416666666667 0.2836851851851852 0.0028749999999999904 0.004518518518518515
0 0.24382812499999998 0.2769907407407407 0.002531250000000007 0.0029074074074073946
0 0.22614583333333332 0.27824074074074073 0.002265625000000012 0.0027500000000000254
0 0.23327083333333334 0.2819351851851852 0.0031041666666666856 0.003407407407407361
0 0.23357812500000003 0.28564814814814815 0.0031562499999999716 0.003212962962962988
0 0.25152604166666664 0.28803703703703704 0.002666666666666669 0.0033333333333333544