0 0.6102552083333334 0.3444537037037037 0.004145833333333352 0.005861111111111149
0 0.6001666666666666 0.3421666666666667 0.005885416666666762 0.006240740740740749
0 0.5347031250000001 0.346212962962963 0.0028541666666666763 0.0049444444444444735
0 0.5868125000000001 0.35203703703703704 0.0034322916666667423 0.004657407407407382
0 0.5891041666666667 0.3443333333333333 0.00365104166666678 0.004490740740740762
0 0.596609375 0.3459814814814815 0.005281249999999934 0.0063703703703703665
0 0.580625 0.34394444444444444 0.005088541666666657 0.0047129629629629926
0 0.5403958333333333 0.35135185185185186 0.0033906250000001136 0.005166666666666705
0 0.5532239583333334 0.3378888888888889 0.005020833333333267 0.006694444444444461
0 0.5687656249999999 0.3454814814814815 0.0030520833333333997 0.006175925925925888
0 0.5746875 0.33975 0.002963541666666695 0.005592592592592559
0 0.5727291666666667 0.3448703703703703 0.004770833333333257 0.006203703703703746
0 0.5625520833333333 0.34281481481481485 0.002843750000000019 0.005314814814814823
0 0.5554218750000001 0.3455740740740741 0.002463541666666676 0.0049444444444444735
0 0.5593958333333333 0.34825925925925927 0.0033750000000000095 0.0051388888888888465
0 0.5486458333333334 0.34547222222222224 0.003453125000000057 0.005249999999999962
0 0.5595520833333333 0.34467592592592594 0.003072916666666714 0.004000000000000046
0 0.54325 0.3471574074074074 0.0028854166666666477 0.004666666666666633
0 0.5454635416666667 0.3464351851851852 0.0027552083333333144 0.004657407407407382
0 0.7094739583333334 0.2701851851851852 0.004484375000000066 0.00501851851851848
0 0.6576822916666667 0.2546851851851852 0.0022812500000000567 0.00403703703703705
0 0.6213854166666667 0.2499537037037037 0.0024739583333333332 0.0031296296296296254
0 0.5693385416666668 0.25 0.0035937500000000474 0.0054907407407406945
0 0.5810572916666668 0.2408888888888889 0.0037499999999999053 0.005953703703703657
0 0.5555729166666666 0.22807407407407407 0.003348958333333248 0.004777777777777801
0 0.5585677083333334 0.22942592592592592 0.003239583333333229 0.004509259259259263
0 0.5641510416666667 0.22921296296296298 0.0018749999999999527 0.006416666666666673
0 0.480578125 0.2115925925925926 0.002640624999999967 0.006074074074074076
0 0.48402083333333334 0.22787037037037036 0.002468750000000005 0.004953703703703725
0 0.476671875 0.23275925925925925 0.0019635416666666573 0.004462962962962957
0 0.485546875 0.23114814814814813 0.002317708333333357 0.00522222222222221
0 0.46937500000000004 0.22852777777777777 0.0016770833333333475 0.003361111111111107
0 0.8623802083333333 0.22962962962962963 0.004906250000000038 0.004018518518518495
0 0.8852447916666667 0.22789814814814816 0.005083333333333447 0.0049444444444444215
0 0.8571875 0.22896296296296295 0.002864583333333333 0.0038981481481481293
0 0.8485052083333334 0.22832407407407407 0.004119791666666591 0.0040092592592592445