0 0.4802239583333333 0.4735277777777779 0.005239583333333305 0.008351851851851888
0 0.4726197916666666 0.47172222222222226 0.006640625 0.009759259259259278
0 0.7124010416666666 0.9332222222222222 0.005510416666666629 0.0169259259259259
0 0.7377552083333333 0.9507037037037037 0.006718750000000048 0.01902777777777784
0 0.751953125 0.943574074074074 0.0060520833333332765 0.015018518518518438
0 0.7626979166666668 0.9227407407407406 0.006588541666666714 0.012324074074074024
0 0.7573229166666666 0.869361111111111 0.005729166666666666 0.011185185185185118
0 0.8012343749999999 0.9462407407407408 0.008447916666666562 0.011268518518518586
0 0.8935572916666668 0.9279537037037038 0.015364583333333333 0.014611111111111085
0 0.8349635416666668 0.894962962962963 0.008645833333333287 0.01455555555555558
0 0.845703125 0.8568333333333333 0.005979166666666676 0.011490740740740817
0 0.8520156249999999 0.9045185185185185 0.005598958333333333 0.015370370370370286
0 0.3372760416666667 0.0718425925925926 0.0025208333333332908 0.003814814814814819
0 0.35576562500000003 0.06135185185185186 0.002130208333333291 0.00433333333333334
0 0.36639583333333337 0.062092592592592595 0.002072916666666676 0.0032870370370370475
0 0.37309895833333334 0.06332407407407407 0.003234375000000019 0.004296296296296283
0 0.37714583333333335 0.07467592592592594 0.002260416666666624 0.004462962962962957
0 0.3793802083333333 0.08378703703703703 0.0030520833333332813 0.0047499999999999955
0 0.3834427083333333 0.08376851851851852 0.001869791666666624 0.003472222222222222
0 0.38755208333333335 0.08336111111111111 0.003234375000000019 0.0047314814814814945
0 0.3936145833333333 0.0824074074074074 0.00383854166666661 0.004472222222222234
0 0.36165625 0.09322222222222223 0.002994791666666667 0.0032962962962962985
0 0.31546875 0.09284259259259259 0.0028541666666666763 0.004055555555555551
0 0.30911979166666664 0.1049537037037037 0.0024947916666666478 0.006398148148148145
0 0.315734375 0.09591666666666666 0.0029010416666666334 0.0031481481481481534
0 0.31828645833333336 0.09924074074074074 0.0018020833333333524 0.002592592592592603
0 0.317625 0.10450925925925926 0.0026302083333333095 0.003805555555555568
0 0.32546354166666663 0.10435185185185185 0.0025104166666666335 0.004129629629629637
0 0.30254166666666665 0.11612962962962962 0.003536458333333314 0.004629629629629629
0 0.2983541666666667 0.10887037037037037 0.0017864583333333664 0.004296296296296283
0 0.30005208333333333 0.10945370370370369 0.0017708333333333807 0.0031203703703703745
0 0.3725729166666667 0.0435 0.0019479166666666714 0.002944444444444451
0 0.392609375 0.03851851851851852 0.0019687499999999857 0.0029814814814814804
0 0.386453125 0.015925925925925927 0.002234374999999981 0.003962962962962964
0 0.389609375 0.015824074074074074 0.002588541666666681 0.0029907407407407396
0 0.4130572916666667 0.01500925925925926 0.002322916666666686 0.004314814814814813
0 0.41596875 0.014157407407407407 0.0021197916666666336 0.003962962962962964
0 0.43554166666666666 0.025231481481481483 0.0019427083333333427 0.002694444444444441
0 0.41860416666666667 0.028685185185185185 0.0023072916666666997 0.0028611111111111077
0 0.416015625 0.025212962962962965 0.0026041666666666665 0.003037037037037038
0 0.3974739583333333 0.05997222222222222 0.0019322916666666857 0.002351851851851851
0 0.4160364583333333 0.07108333333333333 0.002817708333333376 0.003953703703703714
0 0.4267864583333333 0.06258333333333334 0.0023125000000000285 0.0033240740740740774
0 0.4336510416666667 0.05889814814814815 0.002463541666666676 0.003916666666666664
0 0.42208854166666665 0.058472222222222224 0.002505208333333305 0.002703703703703705
0 0.42016145833333335 0.044564814814814814 0.0019635416666666573 0.002574074074074075
0 0.4321041666666667 0.0445462962962963 0.0015260416666666998 0.0031944444444444472
0 0.4117604166666667 0.04568518518518519 0.0012187499999999573 0.0033240740740740774
0 0.472125 0.054435185185185184 0.0040052083333333615 0.005009259259259256
0 0.4652395833333333 0.052083333333333336 0.002562500000000038 0.003629629629629631
0 0.45321354166666666 0.05775925925925926 0.0024479166666666902 0.0032500000000000046
0 0.449859375 0.07001851851851852 0.0016406250000000474 0.003722222222222232
0 0.45140104166666667 0.07069444444444443 0.002124999999999962 0.004490740740740735
0 0.45395833333333335 0.07537037037037038 0.0023333333333333426 0.003685185185185176
0 0.47708333333333336 0.06347222222222222 0.0015833333333333144 0.003703703703703704
0 0.4984635416666666 0.08773148148148148 0.0030312499999999667 0.003953703703703714
0 0.49669791666666663 0.05036111111111111 0.002749999999999986 0.004324074074074076
0 0.5049375 0.05469444444444444 0.002260416666666624 0.0029814814814814804
0 0.5052604166666667 0.060175925925925924 0.001708333333333319 0.003287037037037041
0 0.4418958333333334 0.03963888888888889 0.0018281249999999953 0.002916666666666672
0 0.4473958333333333 0.03437037037037037 0.0019114583333333713 0.0030925925925925956
0 0.45615104166666665 0.03202777777777778 0.0018854166666666097 0.002907407407407408
0 0.45731249999999996 0.03091666666666667 0.0019635416666666573 0.0030925925925925956
0 0.4607708333333333 0.03250925925925926 0.0017864583333333664 0.0032962962962962985
0 0.46202604166666666 0.027620370370370368 0.0021510416666667234 0.0034907407407407435
0 0.4652395833333333 0.026222222222222223 0.0023906249999999575 0.00225
0 0.4672916666666667 0.027925925925925927 0.0020572916666666903 0.0025648148148148175
0 0.46908333333333335 0.03133333333333334 0.001869791666666624 0.002768518518518514
0 0.4698541666666667 0.03446296296296296 0.0015260416666666998 0.002611111111111105
0 0.471921875 0.03300925925925926 0.0020572916666666903 0.003685185185185189
0 0.4750625 0.03461111111111111 0.002453125000000019 0.0032222222222222257
0 0.47734375 0.03166666666666667 0.002182291666666695 0.002712962962962969
0 0.476453125 0.03014814814814815 0.0018593749999999667 0.0033888888888888857
0 0.48210416666666667 0.0355462962962963 0.002197916666666681 0.00378703703703704
0 0.48197395833333334 0.031203703703703706 0.002531249999999948 0.004018518518518522
0 0.48635416666666664 0.03422222222222222 0.0021562500000000522 0.004601851851851851
0 0.5408645833333333 0.09348148148148147 0.002291666666666714 0.004018518518518522
0 0.5459479166666666 0.0974351851851852 0.001666666666666572 0.0028148148148148073
0 0.547828125 0.0919537037037037 0.001953125 0.005564814814814806
0 0.5543489583333333 0.09191666666666666 0.0022812500000000567 0.002888888888888893
0 0.5534010416666667 0.08814814814814816 0.0021666666666665907 0.0031203703703703745
0 0.5249270833333334 0.09193518518518519 0.001979166666666643 0.003453703703703694
0 0.5280208333333333 0.09042592592592592 0.002651041666666624 0.004648148148148157
0 0.5150416666666666 0.0838425925925926 0.001734374999999962 0.003203703703703711
0 0.5220885416666666 0.08762962962962963 0.002968750000000024 0.0038518518518518485
0 0.5270208333333334 0.08453703703703704 0.002598958333333338 0.003638888888888895
0 0.5226979166666667 0.0845 0.004041666666666662 0.003703703703703704
0 0.5354322916666666 0.06966666666666667 0.002911458333333409 0.0032129629629629617
0 0.5357500000000001 0.06205555555555555 0.0019322916666666857 0.002879629629629642
0 0.543078125 0.08311111111111112 0.0019166666666665813 0.0037407407407407333
0 0.5464218750000001 0.0838425925925926 0.0024322916666667045 0.003796296296296291
0 0.5523333333333333 0.08411111111111111 0.0019166666666665813 0.0026574074074074117
0 0.5598385416666667 0.08194444444444444 0.0029531250000000378 0.003638888888888895
0 0.568265625 0.0916574074074074 0.0023854166666666286 0.0037129629629629544
0 0.5582447916666666 0.09609259259259259 0.0018645833333332954 0.003990740740740743
0 0.552296875 0.08032407407407408 0.002442708333333362 0.0038333333333333205
0 0.5493958333333333 0.08052777777777778 0.0023854166666666286 0.003722222222222232
0 0.553640625 0.07409259259259258 0.0024947916666666478 0.002888888888888893
0 0.5469947916666666 0.07780555555555556 0.0022135416666666666 0.0033796296296296348
0 0.5302708333333334 0.06305555555555555 0.002776041666666629 0.003629629629629618
0 0.525484375 0.06408333333333333 0.0020677083333333476 0.0027870370370370284
0 0.519578125 0.0631111111111111 0.002749999999999986 0.0038888888888888784
0 0.522640625 0.06033333333333333 0.0021666666666667095 0.002601851851851854
0 0.5121249999999999 0.06387037037037037 0.002249999999999967 0.003083333333333345
0 0.5142447916666667 0.0648611111111111 0.0020833333333333333 0.002712962962962969
0 0.510515625 0.06448148148148149 0.0018749999999999527 0.00412037037037036
0 0.51390625 0.06133333333333333 0.0027552083333333144 0.0023148148148148147
0 0.5177083333333333 0.06069444444444444 0.0017552083333332764 0.002629629629629633
0 0.5141302083333333 0.05859259259259259 0.0018906250000000568 0.0029537037037037014
0 0.518328125 0.057629629629629635 0.0018958333333333854 0.0024814814814814877
0 0.5120833333333333 0.047324074074074074 0.001645833333333376 0.0051203703703703715
0 0.5143802083333333 0.047842592592592596 0.0025416666666667237 0.004740740740740745