0 0.50190625 0.39204629629629634 0.002124999999999962 0.005500000000000051
0 0.5048802083333334 0.3932777777777778 0.002354166666666657 0.0042222222222221715
0 0.5354270833333333 0.3853796296296296 0.0024374999999999146 0.004277777777777782
0 0.539171875 0.38757407407407407 0.004109374999999933 0.005944444444444407
0 0.5690104166666666 0.3655555555555556 0.00220833333333322 0.00543518518518519
0 0.571234375 0.3643425925925926 0.002760416666666761 0.004500000000000013
0 0.5629062499999999 0.3656388888888889 0.002890625000000095 0.0038425925925925715
0 0.5661354166666667 0.3648796296296296 0.002505208333333305 0.003953703703703687
0 0.5458125 0.3808796296296296 0.002812500000000047 0.004777777777777748
0 0.5465208333333333 0.37515740740740744 0.0036041666666667047 0.005472222222222193
0 0.5518541666666666 0.3718888888888889 0.004812499999999886 0.005731481481481532
0 0.5592864583333333 0.3680648148148148 0.002963541666666695 0.004953703703703725
0 0.544453125 0.37680555555555556 0.0028333333333333617 0.005564814814814806
0 0.5397864583333334 0.38185185185185183 0.002776041666666629 0.0033981481481481102
0 0.5395572916666667 0.3787222222222222 0.0024947916666666478 0.003083333333333371
0 0.6520416666666667 0.34296296296296297 0.003520833333333447 0.004787037037036999
0 0.655390625 0.34519444444444447 0.0031979166666666003 0.0044166666666666495
0 0.6468541666666667 0.3405462962962963 0.0018020833333333524 0.003685185185185202
0 0.6466666666666666 0.3436574074074074 0.0024739583333333332 0.003351851851851856
0 0.56415625 0.687712962962963 0.003015624999999981 0.004694444444444386
0 0.568109375 0.6845648148148149 0.003505208333333343 0.0040277777777776936
0 0.5816822916666666 0.6648333333333333 0.003130208333333447 0.0031481481481482323
0 0.4345833333333333 0.3041203703703704 0.0029114583333332907 0.0038333333333333205
0 0.434609375 0.30075 0.003421874999999967 0.004388888888888897
0 0.429578125 0.3024444444444444 0.001927083333333357 0.002166666666666696
0 0.429828125 0.2990925925925926 0.0022291666666666523 0.0029259259259258965
0 0.4184114583333333 0.2978796296296296 0.0017447916666666194 0.004555555555555518
0 0.405515625 0.31499074074074074 0.00234375 0.005379629629629579
0 0.42671354166666664 0.2995092592592593 0.0018958333333333854 0.0035092592592592254
0 0.4052239583333333 0.3015833333333333 0.0027708333333333 0.0031851851851852357
0 0.40534895833333334 0.29839814814814813 0.002916666666666619 0.003592592592592588
0 0.4120625 0.31439814814814815 0.002369791666666643 0.00425000000000003
0 0.401375 0.31087037037037035 0.0021510416666667234 0.0036759259259259514
0 0.3834947916666666 0.31204629629629627 0.0020364583333333758 0.003212962962962988
0 0.38549479166666667 0.3130555555555556 0.0020885416666666617 0.0037685185185185647
0 0.3819427083333334 0.29783333333333334 0.0024739583333333332 0.0026018518518518014
0 0.38399479166666667 0.29641666666666666 0.002322916666666686 0.0030277777777777608
0 0.35097395833333334 0.286 0.0019375000000000143 0.0035648148148148357
0 0.3397239583333333 0.28450925925925924 0.0023489583333333288 0.004759259259259247
0 0.33268749999999997 0.2868796296296296 0.002098958333333319 0.0042222222222221715
0 0.35430729166666663 0.2874537037037037 0.0022656249999999526 0.0040277777777777985
0 0.36891145833333333 0.28835185185185186 0.0023020833333333712 0.0038796296296296803
0 0.371484375 0.31480555555555556 0.002026041666666719 0.0031944444444444867
0 0.3743385416666667 0.31461111111111106 0.00234375 0.0035277777777777274
0 0.3700260416666667 0.31225 0.0021927083333333525 0.0031296296296296254
0 0.3721197916666667 0.3137962962962963 0.0018020833333333524 0.002888888888888893
0 0.24049479166666668 0.2881666666666667 0.00411979166666665 0.004546296296296267
0 0.23858854166666665 0.28977777777777775 0.0031041666666666856 0.00447222222222226
0 0.25016666666666665 0.2885740740740741 0.002411458333333331 0.0035648148148148357
0 0.25328645833333335 0.2917314814814815 0.0021458333333333355 0.003101851851851873
0 0.26348958333333333 0.2880740740740741 0.0021145833333333047 0.003981481481481439
0 0.2640416666666667 0.28511111111111115 0.003421875000000026 0.004175925925925917
0 0.29108854166666664 0.2981759259259259 0.002708333333333357 0.005731481481481532
0 0.2948385416666667 0.29853703703703705 0.0029270833333332764 0.003555555555555585
0 0.2997916666666667 0.28078703703703706 0.0020416666666667046 0.004777777777777748
0 0.29465625 0.2801574074074074 0.002937500000000052 0.003592592592592588
0 0.29065624999999995 0.21899074074074074 0.0013333333333333049 0.002925925925925949
0 0.29356770833333334 0.2180648148148148 0.002968750000000024 0.003685185185185202
0 0.32844270833333333 0.2200648148148148 0.0021354166666666193 0.004194444444444419
0 0.35079166666666667 0.22182407407407406 0.0020833333333333333 0.00272222222222222
0 0.35272916666666665 0.2185740740740741 0.001723958333333305 0.0034166666666666646
0 0.3236875 0.21787962962962965 0.003932291666666643 0.003518518518518529
0 0.28380208333333334 0.21778703703703706 0.0023333333333333426 0.003694444444444453
0 0.29078125 0.21484259259259259 0.0014635416666666382 0.0028425925925925862