0 0.46316145833333333 0.4628425925925926 0.005874999999999986 0.007796296296296259
0 0.47077604166666664 0.4676851851851852 0.0055625000000000336 0.008148148148148106
0 0.48479687499999996 0.4761944444444444 0.004822916666666662 0.009861111111111143
0 0.48481250000000004 0.4864722222222222 0.006953124999999952 0.009499999999999991
0 0.4625052083333333 0.5021574074074074 0.005338541666666667 0.008314814814814832
0 0.34821875 0.5393981481481481 0.0038020833333333097 0.007990740740740842
0 0.348765625 0.5491018518518518 0.007182291666666648 0.01046296296296292
0 0.32529687500000004 0.5234074074074074 0.007463541666666629 0.01034259259259266
0 0.31872395833333333 0.5160648148148148 0.006328125000000047 0.005527777777777803
0 0.2968854166666667 0.48629629629629634 0.004494791666666723 0.006000000000000017
0 0.3002916666666666 0.4982314814814815 0.004677083333333343 0.005203703703703603
0 0.29102083333333334 0.4977222222222222 0.004567708333333324 0.0060185185185185185
0 0.28283854166666667 0.5078425925925926 0.004984374999999967 0.005268518518518569
0 0.2710208333333333 0.5139074074074074 0.006828124999999948 0.006722222222222214
0 0.26177083333333334 0.476712962962963 0.00614583333333331 0.005240740740740817
0 0.3758020833333333 0.42838888888888893 0.0041250000000000375 0.007296296296296292
0 0.36490104166666665 0.4382314814814815 0.005744791666666652 0.005416666666666688
0 0.37044791666666665 0.44326851851851856 0.005744791666666652 0.005638888888888918