0 0.4233385416666666 0.9531296296296298 0.007432291666666657 0.011944444444444528
0 0.446265625 0.8728333333333333 0.0056406249999999625 0.010111111111111178
0 0.4060052083333333 0.9383703703703704 0.006124999999999995 0.016861111111111146
0 0.4040520833333333 0.8116296296296296 0.004432291666666662 0.007666666666666641
0 0.4334270833333333 0.972212962962963 0.006635416666666671 0.013555555555555437
0 0.3881822916666666 0.8289907407407406 0.007291666666666667 0.010148148148148182
0 0.38844791666666667 0.8506944444444444 0.007843749999999972 0.009796296296296228
0 0.37378125 0.8424444444444444 0.007520833333333362 0.007759259259259361
0 0.36035416666666664 0.8706574074074074 0.005796875000000057 0.010305555555555656
0 0.271484375 0.8645833333333334 0.007692708333333324 0.008324074074074083
0 0.16101041666666666 0.8863240740740741 0.004348958333333345 0.0070925925925926685
0 0.44790104166666667 0.9963148148148148 0.00415625000000001 0.007370370370370404