0 0.9321406250000001 0.5746388888888889 0.008437499999999905 0.009768518518518477
0 0.8977708333333333 0.5563611111111111 0.005875000000000104 0.008740740740740792
0 0.7900989583333333 0.5581851851851852 0.004197916666666638 0.006879629629629689
0 0.7865520833333334 0.5503888888888888 0.0037604166666665626 0.007861111111111119
0 0.680265625 0.5712592592592592 0.003958333333333286 0.008527777777777811
0 0.5417864583333334 0.6279814814814815 0.009062500000000048 0.007472222222222163
0 0.5318020833333333 0.6142777777777777 0.007750000000000057 0.0077129629629628955
0 0.49757812500000004 0.6156296296296296 0.004598958333333295 0.008037037037037096
0 0.48568229166666665 0.6538981481481482 0.005687500000000038 0.011129629629629613
0 0.22238020833333336 0.6582129629629629 0.005010416666666669 0.013453703703703678
0 0.21667708333333333 0.5090555555555555 0.005598958333333333 0.006527777777777736
0 0.22287500000000002 0.48861111111111116 0.004666666666666685 0.008287037037037079
0 0.006526041666666667 0.30825 0.004614583333333334 0.00764814814814814
0 0.03341145833333334 0.2840092592592593 0.004192708333333336 0.006555555555555593
0 0.003802083333333333 0.25678703703703704 0.0027187500000000002 0.00501851851851848
0 0.019921875 0.19737962962962963 0.0038593749999999982 0.003870370370370377
0 0.04770833333333333 0.21333333333333335 0.00390625 0.004981481481481477
0 0.06280729166666667 0.21280555555555555 0.0034583333333333263 0.0055092592592592485
0 0.048802083333333336 0.2498055555555556 0.0038854166666666707 0.006064814814814773
0 0.04915625 0.26207407407407407 0.005916666666666673 0.005324074074074074
0 0.07371875 0.25092592592592594 0.004406249999999989 0.005935185185185155
0 0.09225520833333332 0.28037962962962965 0.005500000000000001 0.005611111111111061
0 0.09548437500000001 0.2834351851851852 0.005364583333333339 0.004861111111111111
0 0.09444791666666667 0.2942592592592593 0.005890625000000001 0.005740740740740783
0 0.10919791666666666 0.24535185185185188 0.003406250000000011 0.004268518518518531
0 0.14645833333333333 0.25969444444444445 0.0028593750000000047 0.004518518518518515
0 0.1598125 0.3319166666666667 0.003807291666666638 0.004444444444444402
0 0.10680729166666666 0.19653703703703704 0.004395833333333332 0.006129629629629634
0 0.10018229166666666 0.19725 0.0040312500000000044 0.0067592592592592695
0 0.07831770833333333 0.17180555555555557 0.005166666666666675 0.005620370370370364
0 0.06591145833333333 0.14435185185185187 0.005223958333333334 0.005212962962962959
0 0.06908854166666667 0.16512962962962963 0.0040312500000000044 0.004907407407407418
0 0.08315625 0.1379074074074074 0.0032916666666666632 0.004166666666666667
0 0.03498958333333334 0.14212037037037037 0.0037968749999999995 0.004694444444444438
0 0.025359375 0.143 0.004526041666666665 0.004879629629629613
0 0.006828125 0.1451388888888889 0.004328125000000001 0.0044166666666666495
0 0.13552604166666665 0.22966666666666666 0.004093750000000007 0.003685185185185202
0 0.14463541666666666 0.23465740740740743 0.0038593749999999835 0.0038425925925925715
0 0.14660416666666667 0.23584259259259258 0.004536458333333352 0.004509259259259237
0 0.142671875 0.24007407407407405 0.0023958333333333453 0.004435185185185151
0 0.19121875 0.2212222222222222 0.0032656249999999903 0.0032962962962962985
0 0.19096875000000002 0.22362962962962965 0.00436979166666666 0.004083333333333356
0 0.20216145833333332 0.23457407407407407 0.004041666666666662 0.004157407407407416
0 0.20544270833333333 0.2465462962962963 0.002921875000000007 0.0042222222222221715
0 0.214 0.2517314814814815 0.0033125000000000073 0.0043425925925926435
0 0.21447916666666667 0.24465740740740743 0.002901041666666693 0.0043425925925926435
0 0.21165104166666668 0.25405555555555553 0.002723958333333343 0.00560185185185181
0 0.2076875 0.2577685185185185 0.003572916666666674 0.006685185185185211
0 0.20478125 0.25928703703703704 0.004890624999999993 0.006796296296296325
0 0.19879166666666667 0.2497037037037037 0.002786458333333345 0.00420370370370367
0 0.20919791666666668 0.2659074074074074 0.002723958333333343 0.004333333333333287
0 0.21336979166666667 0.21687037037037038 0.004526041666666695 0.005305555555555572
0 0.21840625 0.21713888888888888 0.003083333333333312 0.004388888888888897
0 0.22199479166666666 0.2448888888888889 0.003677083333333305 0.00382407407407407
0 0.21975520833333334 0.2502407407407407 0.0030364583333333545 0.005268518518518569
0 0.220546875 0.2576851851851852 0.004703124999999986 0.009574074074074103
0 0.227515625 0.25128703703703703 0.003473958333333312 0.004935185185185223
0 0.22137500000000002 0.2182962962962963 0.004145833333333352 0.006944444444444444
0 0.23523958333333334 0.25875925925925924 0.0043906249999999735 0.006231481481481498
0 0.23897916666666666 0.25728703703703704 0.0034843750000000282 0.005500000000000051
0 0.24852604166666667 0.25435185185185183 0.0038229166666666832 0.004240740740740778
0 0.243140625 0.2749814814814815 0.004291666666666671 0.005537037037037054
0 0.20008854166666667 0.3157962962962963 0.004276041666666686 0.004787037037036999
0 0.2123489583333333 0.31784259259259257 0.0049479166666666664 0.004981481481481477
0 0.20691145833333333 0.3281851851851852 0.006140624999999981 0.0056851851851851725
0 0.21016666666666667 0.33975 0.0046979166666666575 0.004916666666666616
0 0.21748958333333332 0.33552777777777776 0.004807291666666676 0.004287037037037033
0 0.21840625 0.3183888888888889 0.0047239583333333595 0.004601851851851877
0 0.23701041666666667 0.34553703703703703 0.0038229166666666832 0.00625
0 0.24421874999999998 0.3543888888888889 0.0034322916666666833 0.005453703703703691
0 0.266375 0.35221296296296295 0.0033333333333333214 0.005972222222222264
0 0.26140104166666667 0.3419074074074074 0.0035260416666666574 0.006314814814814861
0 0.2510833333333333 0.3395740740740741 0.0034531249999999974 0.005546296296296304
0 0.27578125 0.339212962962963 0.0032291666666666905 0.005305555555555572
0 0.2864270833333334 0.3411203703703704 0.005052083333333357 0.0062129629629629965
0 0.26378124999999997 0.3280092592592593 0.0039010416666666716 0.004351851851851894
0 0.2790885416666667 0.3069814814814815 0.004906250000000038 0.005185185185185206
0 0.2731927083333333 0.2841574074074074 0.0038020833333333097 0.004870370370370362
0 0.26769270833333336 0.30307407407407405 0.004593749999999996 0.004675925925925884
0 0.26103645833333333 0.3065185185185185 0.004994791666666683 0.0047499999999999955
0 0.24895833333333334 0.31307407407407406 0.0030416666666666834 0.004703703703703742
0 0.2533489583333333 0.3161481481481481 0.005244791666666693 0.004509259259259263
0 0.26471875 0.31444444444444447 0.0033072916666666784 0.004999999999999979
0 0.25923958333333336 0.2963425925925926 0.0033177083333333357 0.004870370370370362
0 0.184921875 0.1839259259259259 0.0026614583333333403 0.003962962962962938
0 0.17785937500000001 0.18560185185185185 0.0031718750000000167 0.006796296296296273
0 0.1806458333333333 0.17552777777777778 0.004161458333333338 0.003694444444444453
0 0.17771354166666667 0.17831481481481481 0.002812499999999988 0.0043611111111110925
0 0.15608854166666666 0.16447222222222221 0.003260416666666662 0.0038981481481481293
0 0.15061458333333333 0.17549074074074075 0.0036145833333333616 0.004953703703703725
0 0.14452604166666666 0.17319444444444446 0.005005208333333341 0.0052777777777777675
0 0.13766666666666666 0.17828703703703705 0.003838541666666669 0.003851851851851875
0 0.12008854166666666 0.1842777777777778 0.0023385416666666715 0.003768518518518512
0 0.13318229166666667 0.16558333333333333 0.0034114583333333393 0.0030000000000000083
0 0.14466145833333333 0.1797314814814815 0.003760416666666681 0.004500000000000013
0 0.15686458333333334 0.18287037037037038 0.0028072916666666598 0.004981481481481477
0 0.15741666666666668 0.1694351851851852 0.003911458333333328 0.004898148148148167
0 0.15838541666666667 0.17640740740740743 0.0025781250000000235 0.005009259259259283
0 0.16298958333333333 0.18000925925925926 0.0037500000000000237 0.004157407407407416
0 0.16698958333333333 0.18217592592592594 0.004067708333333305 0.005796296296296288
0 0.17197395833333334 0.17821296296296296 0.004171874999999995 0.00471296296296294
0 0.17069791666666667 0.17389814814814816 0.0019114583333333121 0.0032962962962962985
0 0.17179687500000002 0.1714537037037037 0.003098958333333357 0.004064814814814802
0 0.10729166666666666 0.16100925925925924 0.0029427083333333215 0.0037500000000000107