0 0.77690625 0.99425 0.00940104166666676 0.011500000000000067
0 0.7140000000000001 0.9641203703703703 0.0048020833333332295 0.01906481481481495
0 0.7545104166666667 0.8795555555555555 0.0121822916666666 0.011046296296296356
0 0.7996041666666667 0.935324074074074 0.006838541666666724 0.0158425925925925
0 0.7028072916666667 0.8715555555555555 0.009223958333333353 0.00980555555555548
0 0.7081406250000001 0.826324074074074 0.007046875000000104 0.016018518518518477
0 0.7169739583333333 0.7974629629629629 0.007729166666666743 0.014685185185185093
0 0.6636979166666667 0.7880648148148148 0.008786458333333276 0.009972222222222205
0 0.76703125 0.7132685185185186 0.005510416666666629 0.010083333333333427
0 0.8382552083333333 0.6646018518518518 0.005223958333333437 0.01412962962962962
0 0.79553125 0.6416666666666667 0.007760416666666714 0.007851851851851869
0 0.7351927083333333 0.6735092592592592 0.0056406249999999625 0.007759259259259361
0 0.7150052083333333 0.6641111111111111 0.006432291666666619 0.015833333333333248
0 0.819828125 0.6333888888888889 0.004640624999999924 0.008740740740740792
0 0.8113906249999999 0.6221388888888889 0.007463541666666629 0.0074814814814814145
0 0.6197135416666666 0.7548240740740741 0.008057291666666562 0.009629629629629714
0 0.6031666666666666 0.6962037037037037 0.006635416666666553 0.013712962962962913
0 0.5930677083333333 0.6888055555555556 0.0048697916666666195 0.015314814814814781
0 0.6084635416666667 0.6295092592592593 0.007156249999999887 0.007814814814814865
0 0.5878489583333334 0.6095092592592593 0.0036458333333333334 0.014898148148148072
0 0.6051562500000001 0.6160555555555556 0.004562500000000113 0.010083333333333427
0 0.6660729166666666 0.5839537037037037 0.0060260416666667515 0.013962962962962896
0 0.5394687499999999 0.5759537037037037 0.008255208333333286 0.009231481481481507
0 0.5894270833333334 0.5828055555555555 0.0067968750000000945 0.0060370370370370205
0 0.6068385416666667 0.5816574074074075 0.007937499999999886 0.005787037037037037
0 0.5884166666666667 0.5650740740740741 0.005359374999999981 0.007953703703703628
0 0.60021875 0.5704259259259259 0.007078125000000076 0.006888888888888939
0 0.605 0.5616851851851852 0.0033906250000001136 0.011407407407407349
0 0.5518906250000001 0.5151851851851852 0.0031458333333333143 0.0074814814814814145
0 0.5499010416666666 0.518324074074074 0.004640624999999924 0.01120370370370362
0 0.4964791666666667 0.48328703703703707 0.005208333333333333 0.009740740740740723
0 0.5312916666666667 0.47199074074074077 0.007166666666666662 0.0066018518518519
0 0.49796875 0.4628333333333333 0.004338541666666629 0.007370370370370404
0 0.49496875 0.46751851851851856 0.0037968749999999813 0.0099166666666667
0 0.4883645833333333 0.46817592592592594 0.00657291666666661 0.007629629629629638
0 0.4924427083333333 0.4738888888888889 0.0032812499999999765 0.010796296296296267
0 0.5130104166666667 0.45232407407407405 0.005484374999999986 0.011175925925925973
0 0.5013645833333333 0.4358518518518519 0.0030312499999999667 0.008805555555555547
0 0.5168229166666667 0.43412962962962964 0.005427083333333371 0.005351851851851826
0 0.5098645833333334 0.42291666666666666 0.0060781250000000375 0.00523148148148146
0 0.5272135416666667 0.42050925925925925 0.006177083333333281 0.005092592592592593
0 0.5366354166666666 0.4421481481481481 0.0033697916666665623 0.010972222222222243
0 0.526578125 0.444212962962963 0.005916666666666614 0.006814814814814827
0 0.5618541666666667 0.4557407407407407 0.00404166666666678 0.009731481481481473
0 0.5704895833333333 0.4641574074074074 0.005317708333333352 0.008231481481481468
0 0.5763385416666666 0.4597407407407407 0.005687500000000038 0.010537037037037032
0 0.5789322916666666 0.4535092592592593 0.0050052083333334 0.0102962962962963
0 0.5665781249999999 0.4357685185185185 0.0037656250000000094 0.01007407407407407
0 0.57196875 0.4136759259259259 0.005447916666666686 0.009407407407407378
0 0.5648854166666666 0.40121296296296294 0.006656250000000104 0.009657407407407361
0 0.5479479166666666 0.3940277777777778 0.003130208333333447 0.009685185185185219
0 0.571984375 0.3755277777777778 0.004875000000000066 0.009722222222222222
0 0.53334375 0.39625 0.0032604166666667213 0.008740740740740792
0 0.5168020833333333 0.3980740740740741 0.002546875000000052 0.009148148148148143
0 0.5251666666666667 0.37701851851851853 0.005526041666666615 0.00625
0 0.503296875 0.392 0.005239583333333305 0.008157407407407356
0 0.6061510416666667 0.3745648148148148 0.0029531250000000378 0.00949074074074074
0 0.5314791666666667 0.3485462962962963 0.004526041666666695 0.009361111111111124
0 0.5438020833333332 0.3473425925925926 0.004286458333333343 0.008833333333333299
0 0.45430729166666667 0.3583240740740741 0.005083333333333329 0.007796296296296259
0 0.4797083333333333 0.3108796296296296 0.00408854166666662 0.008796296296296297
0 0.4418489583333333 0.3444722222222222 0.00458333333333331 0.009194444444444397
0 0.46830208333333334 0.29686111111111113 0.004411458333333348 0.008203703703703717
0 0.46935416666666663 0.30283333333333334 0.004359374999999943 0.008990740740740775
0 0.4624010416666666 0.2934074074074074 0.004166666666666667 0.009314814814814764
0 0.4664895833333333 0.2647129629629629 0.004296875 0.0068981481481481905
0 0.4398489583333333 0.2455648148148148 0.0021458333333332765 0.00500925925925923
0 0.4329322916666667 0.25757407407407407 0.0049218750000000235 0.006101851851851882
0 0.43652604166666664 0.24914814814814815 0.004078124999999962 0.00889814814814816
0 0.4182135416666667 0.264537037037037 0.0037083333333332766 0.0060740740740740234
0 0.6783958333333333 0.19864814814814813 0.007203124999999962 0.006712962962962963
0 0.5979375 0.10621296296296295 0.007604166666666619 0.008657407407407402
0 0.4252864583333333 0.255712962962963 0.004244791666666714 0.003990740740740691
0 0.36816666666666664 0.26237962962962963 0.004578124999999981 0.004907407407407366