0 0.15776041666666665 0.5572592592592593 0.003911458333333328 0.007796296296296364
0 0.168546875 0.570962962962963 0.003703125000000007 0.008842592592592551
0 0.18689583333333332 0.5499444444444445 0.005656250000000007 0.005527777777777803
0 0.187890625 0.5587407407407408 0.0048697916666666785 0.011166666666666616
0 0.18775520833333334 0.4936481481481481 0.003192708333333331 0.00743518518518516
0 0.34560416666666666 0.5018518518518519 0.00603645833333329 0.004666666666666633
0 0.353484375 0.49891666666666673 0.004807291666666676 0.006861111111111187
0 0.35853125 0.5029629629629631 0.00610937500000001 0.006888888888888939
0 0.380890625 0.543712962962963 0.005796875000000057 0.007814814814814865
0 0.363875 0.5844259259259259 0.00614583333333331 0.008166666666666609
0 0.46158333333333335 0.5470925925925926 0.005739583333333324 0.00904629629629628
0 0.5342864583333333 0.5502962962962964 0.006046875000000007 0.005074074074074091
0 0.6346197916666667 0.5828981481481481 0.003703125000000066 0.006101851851851776
0 0.789546875 0.3958240740740741 0.004864583333333409 0.004592592592592626
0 0.8004583333333334 0.39534259259259263 0.0037447916666666953 0.004129629629629664
0 0.8070833333333333 0.3960740740740741 0.004666666666666685 0.004611111111111128
0 0.8309479166666667 0.3857777777777778 0.002968749999999905 0.004453703703703653
0 0.83425 0.3839444444444445 0.002359375000000104 0.004583333333333376
0 0.8338229166666667 0.3879444444444445 0.004109374999999933 0.0040462962962963004