0 0.00996875 0.8819074074074075 0.005302083333333333 0.010435185185185169
0 0.042937499999999997 0.8026481481481481 0.007213541666666664 0.005833333333333291
0 0.05061458333333334 0.8543888888888889 0.007020833333333328 0.00905555555555553
0 0.0664375 0.8586481481481482 0.00909895833333334 0.007268518518518435
0 0.06615104166666667 0.8768240740740741 0.010046874999999995 0.00947222222222224
0 0.09046354166666666 0.7950555555555555 0.007760416666666655 0.012870370370370454
0 0.08671354166666667 0.8093148148148147 0.005130208333333345 0.012666666666666725
0 0.096078125 0.8092222222222223 0.004963541666666653 0.013027777777777718
0 0.09692708333333333 0.8486203703703704 0.005442708333333327 0.007814814814814865
0 0.09397916666666667 0.8728148148148148 0.00564583333333332 0.013388888888888922
0 0.10698958333333333 0.8568240740740741 0.006963541666666669 0.007972222222222129
0 0.12034895833333333 0.8646481481481482 0.005942708333333347 0.011685185185185085
0 0.12646354166666668 0.8245 0.005369791666666668 0.007259259259259183
0 0.12464583333333333 0.8376203703703704 0.004171874999999995 0.007499999999999916
0 0.12741666666666665 0.8504444444444444 0.008187500000000014 0.0071296296296296715
0 0.145671875 0.8354259259259259 0.008723958333333334 0.00743518518518516
0 0.14001041666666666 0.8516018518518519 0.004713541666666643 0.006731481481481465
0 0.15665104166666666 0.8756574074074075 0.006296875000000017 0.0076944444444443936
0 0.14141145833333332 0.8849814814814815 0.005078125 0.010083333333333427
0 0.7283333333333334 0.3480740740740741 0.0024270833333332577 0.003435185185185219
0 0.6624895833333333 0.3438425925925926 0.0027135416666666857 0.0031203703703703745
0 0.6655260416666666 0.3449259259259259 0.0020416666666667046 0.0032962962962962456
0 0.6673177083333334 0.3438425925925926 0.0018593750000000854 0.0022129629629629504
0 0.6720260416666667 0.34574074074074074 0.0023072916666665813 0.003592592592592588
0 0.6765104166666667 0.3456388888888889 0.0019114583333333713 0.0027129629629629166
0 0.6772708333333333 0.3473425925925926 0.0021874999999999052 0.0031851851851852357
0 0.6785104166666667 0.3463425925925926 0.0015729166666666571 0.0018796296296296044
0 0.6810520833333332 0.3484074074074074 0.0024895833333334377 0.0037407407407407073