0 0.8927083333333333 0.9949074074074075 0.008333333333333333 0.010185185185185186
0 0.9212395833333333 0.9807222222222223 0.0067708333333333336 0.015388888888888787
0 0.9088854166666667 0.9646759259259259 0.011161458333333247 0.013972222222222356
0 0.6415989583333332 0.974888888888889 0.01373958333333339 0.011361111111111094
0 0.7128125 0.8984351851851852 0.008317708333333229 0.01660185185185191
0 0.6371249999999999 0.8914907407407406 0.010734375000000067 0.009212962962963004
0 0.6069322916666666 0.9116018518518518 0.009270833333333428 0.017194444444444384
0 0.6195937499999999 0.8914907407407406 0.008713541666666677 0.010185185185185186
0 0.6381666666666667 0.9492777777777778 0.004932291666666562 0.0158055555555556
0 0.6279635416666667 0.8732685185185185 0.009598958333333248 0.013416666666666676
0 0.6127916666666666 0.8658888888888888 0.008947916666666582 0.014388888888888856
0 0.6337864583333332 0.8605092592592593 0.005421874999999924 0.01606481481481473
0 0.5502916666666666 0.8828148148148148 0.010817708333333323 0.013675925925925909
0 0.5641093749999999 0.7928148148148149 0.00696354166666661 0.013222222222222198
0 0.565421875 0.7849259259259259 0.004520833333333248 0.011287037037037087
0 0.5400729166666667 0.7196851851851852 0.009557291666666618 0.008583333333333316
0 0.496546875 0.7391481481481481 0.007348958333333281 0.011712962962963046
0 0.590703125 0.6981203703703704 0.005630208333333305 0.010277777777777693
0 0.587890625 0.7092037037037038 0.007546874999999886 0.010509259259259175
0 0.5916145833333334 0.688787037037037 0.0057864583333333995 0.013351851851851919
0 0.5727916666666667 0.6943333333333334 0.005156250000000047 0.011925925925926027
0 0.49878125 0.7096388888888888 0.006906249999999995 0.010222222222222188
0 0.4873385416666667 0.7165833333333333 0.009057291666666719 0.013787037037037129
0 0.4945833333333333 0.7133148148148148 0.005619791666666648 0.013351851851851919
0 0.4931145833333333 0.7233055555555555 0.004901041666666709 0.011685185185185085
0 0.5166041666666666 0.6927129629629629 0.007692708333333324 0.011898148148148064
0 0.50190625 0.6655833333333334 0.004906250000000038 0.01055555555555564
0 0.5341822916666668 0.6801203703703703 0.007874999999999943 0.008888888888888804
0 0.5216979166666667 0.6649907407407408 0.007208333333333291 0.009462962962962989
0 0.5439479166666668 0.676212962962963 0.006072916666666591 0.014277777777777846
0 0.5346666666666666 0.6436666666666666 0.00905729166666666 0.008481481481481557
0 0.5131822916666666 0.6475740740740741 0.008156250000000042 0.007972222222222129
0 0.5053697916666666 0.6032962962962962 0.007151041666666676 0.010388888888888914
0 0.5194947916666667 0.60975 0.007151041666666676 0.010962962962962888
0 0.5571302083333334 0.6015648148148148 0.0056406249999999625 0.012555555555555506
0 0.5361302083333332 0.6003240740740741 0.006489583333333352 0.010592592592592643
0 0.5297864583333334 0.5798611111111112 0.007291666666666667 0.011620370370370328
0 0.5791041666666668 0.5733518518518519 0.006692708333333286 0.012037037037037037
0 0.5791041666666668 0.619361111111111 0.008031250000000038 0.009240740740740758
0 0.587890625 0.6363518518518518 0.008093749999999981 0.011185185185185118
0 0.5767343749999999 0.6605925925925926 0.006182291666666609 0.01185185185185181
0 0.6259791666666668 0.5798055555555556 0.006239583333333343 0.011055555555555607
0 0.53275 0.5404259259259259 0.006666666666666643 0.010509259259259175
0 0.5516770833333333 0.5386851851851852 0.0033697916666665623 0.009768518518518477
0 0.4260260416666667 0.5260462962962963 0.004942708333333338 0.010388888888888914
0 0.43872395833333333 0.5478055555555555 0.0042604166666667 0.009101851851851785
0 0.47432812500000004 0.4878425925925926 0.005098958333333315 0.011092592592592609
0 0.5865052083333333 0.1423611111111111 0.007062499999999972 0.006148148148148135
0 0.4603177083333333 0.469 0.004765625000000048 0.009629629629629608
0 0.4555677083333334 0.46614814814814814 0.005708333333333353 0.010675925925925901
0 0.35030208333333335 0.4257037037037037 0.006666666666666643 0.007851851851851869
0 0.42556770833333335 0.420787037037037 0.005322916666666681 0.007944444444444483
0 0.42990104166666665 0.41059259259259256 0.006124999999999995 0.011490740740740711
0 0.41699479166666664 0.41862037037037036 0.006072916666666709 0.008194444444444466
0 0.408203125 0.42838888888888893 0.004041666666666662 0.0058425925925925425
0 0.5854479166666666 0.062333333333333324 0.005749999999999981 0.007120370370370368
0 0.6186510416666666 0.6927129629629629 0.004557291666666667 0.007555555555555631
0 0.57421875 0.05112962962962963 0.006093749999999906 0.007435185185185186
0 0.4438489583333334 0.5828981481481481 0.005578125000000019 0.009842592592592694
0 0.39184375 0.8159722222222222 0.004942708333333338 0.010111111111111178
0 0.5961927083333334 0.6037314814814815 0.0039270833333333146 0.006240740740740749
0 0.587875 0.050055555555555555 0.006031249999999962 0.006712962962962963
0 0.5810885416666667 0.05137962962962963 0.005765625000000085 0.006879629629629623
0 0.43365625 0.403787037037037 0.005088541666666657 0.006907407407407441