0 0.0914375 0.6329907407407407 0.007072916666666659 0.013611111111111154
0 0.082171875 0.6905370370370371 0.006244791666666671 0.012888888888888957
0 0.08716666666666667 0.7012685185185186 0.0077864583333333275 0.01173148148148155
0 0.5343125000000001 0.5116851851851852 0.007624999999999993 0.00851851851851856
0 0.5355260416666667 0.589212962962963 0.007973958333333305 0.007777777777777862
0 0.5521927083333333 0.583574074074074 0.007359375000000057 0.00819444444444436
0 0.5656666666666667 0.5700277777777778 0.005557291666666704 0.011287037037037087
0 0.5762395833333334 0.553537037037037 0.005916666666666733 0.011546296296296322
0 0.5774322916666667 0.578925925925926 0.0076197916666667235 0.006907407407407441
0 0.5963697916666667 0.6283425925925926 0.007734374999999952 0.009666666666666717
0 0.6014270833333334 0.6502222222222223 0.006411458333333305 0.01217592592592601
0 0.6298020833333333 0.6979722222222222 0.0067031249999999435 0.009759259259259226
0 0.628609375 0.7174907407407407 0.00916666666666662 0.008768518518518544
0 0.6772760416666667 0.5096574074074074 0.007776041666666581 0.007537037037037129
0 0.6836875 0.5252592592592592 0.007786458333333238 0.009185185185185253
0 0.6953437499999999 0.49800000000000005 0.005817708333333371 0.008861111111111052
0 0.8191041666666667 0.6402037037037037 0.00916666666666662 0.01216666666666676
0 0.8301875 0.6576388888888889 0.011072916666666781 0.012194444444444511
0 0.8523333333333334 0.6857685185185185 0.009208333333333247 0.012361111111111028
0 0.8510260416666667 0.7068888888888889 0.0125729166666666 0.010324074074074159
0 0.8057447916666667 0.7228611111111112 0.016656250000000008 0.009203703703703754