0 8
2 4
4 1
4 5
8 1
18 6
21 7
22 2
24 3
32 1
38 8
45 4
51 5
59 3
69 1
74 4
79 6
82 6
91 2
94 3
95 3
95 4
102 1
112 1
117 7
119 8
123 10
133 7
135 10
142 2
144 5
154 9
158 4
159 1
162 4
162 8
168 10
172 8
182 10
189 7
197 10
197 1
202 7
210 7
214 9
222 9
223 6
223 6
229 4
232 5
236 8
245 6
246 7
254 3
259 2
260 3
269 5
270 6
277 6
287 10
297 3
301 9
311 8
313 9
314 2
323 2
328 9
329 2
336 2
340 2
350 2
351 6
354 10
354 10
362 4
372 9
372 10
377 5
380 4
381 2
390 10
399 8
405 1
412 4
417 2
427 5
432 10
433 3
442 4
448 6
453 1
453 6
458 4
460 1
470 9
473 4
475 6
484 7
491 9
497 8
502 4
507 4
508 5
512 3
515 8
517 10
521 5
521 1
526 8
531 9
533 4
543 5
548 4
556 7
556 2
560 3
564 7
573 1
575 6
578 4
588 5
597 6
603 9
611 1
618 1
619 4
628 2
638 7
642 1
648 8
655 8
660 1
664 2
668 10
671 6
678 1
678 5
679 4
680 5
684 10
685 7
688 3
692 3
694 7
699 3
699 8
702 10
711 7
717 9
726 7
734 8
743 10
751 6
752 8
760 1
762 7
772 2
778 8
781 7
791 10
792 2
797 2
799 7
806 1
811 5
815 4
823 7
830 7
831 6
841 3
851 10
855 4
858 9
858 8
863 7
864 7
868 8
874 10
883 5
884 2
889 10
892 2
899 10
902 9
906 3
907 5
907 2
909 7
912 2
920 7
926 5
926 10
929 3
935 9
942 1
944 8
944 9
953 8
954 1
955 5
955 1
964 8
970 10
973 7
980 2
980 2
986 10
986 2
989 4
998 2
998 4
1005 7
1009 10
1017 10
1022 4
1031 6
1041 5
1044 10
1047 8
1057 8
1060 1
1060 8
1069 4
1074 4
1079 3
1086 2
1090 4
1096 10
1103 4
1104 7
1111 7
1113 3
1118 6
1126 9
1134 10
1140 5
1146 7
1153 3
1160 4
1162 9
1165 1
1170 5
1170 1
1170 1
1178 5
1183 5
1192 1
1202 3
1211 2
1219 1
1221 7
1223 4
1231 8
1231 7
1240 5
1242 10
1251 8
1255 1
1256 7
1261 5
1265 1
1266 1
1271 9
1273 3
1279 6
1287 5
1288 2
1292 9
1299 7
1300 2
1304 2
1304 7
1308 6
1316 10
1323 1
1325 5
1325 9
1326 8
1326 3
1331 2
1333 5
1336 2
1346 6
1347 6
1356 8
1362 6
1364 2
1374 10
1383 3
1393 4
1401 8
1406 9
1408 7
1417 5
1424 10
1430 9
1433 6
1443 1
1445 3
1447 7
1447 7
1457 1
1459 8
1466 2
1472 4
1475 6
1478 4
1487 10
1487 5
1491 1
1498 4
1498 7
1505 2
1513 2
1521 7
1530 8
1536 5
1543 7
1546 10
1550 5
1555 2
1565 5
1566 9
1567 10
1567 1
1569 7
1573 3
1578 5
1578 4
1585 2
1586 9
1589 8
1596 8
1597 9
1598 2
1604 2
1604 8
1606 3
1615 3
1624 1
1630 5
1635 8
1638 3
1643 5
1652 3
1661 1
1663 8
1666 6
1675 3
1682 4
1689 1
1691 1
1697 4
1703 4
1706 10
1706 2
1709 2
1711 3
1711 5
1717 4
1724 4
1731 10
1734 2
1739 10
1740 2
1750 2
1752 2
1755 2
1758 1
1759 4
1769 2
1771 4
1775 8
1782 10
1782 5
1783 10
1786 1
1786 3
1790 9
1796 10
1801 9
1803 6
1810 6
1813 9
1813 5
1817 8
1820 9
1820 2
1828 1
1836 9
1842 8
1851 8
1854 1
1856 4
1858 4
1861 1
1863 7
1863 3
1869 5
1874 2
1878 5
1883 7
1885 5
1885 10
1894 2
1897 3
1901 9
1910 1
1919 1
1922 10
1927 10
1931 9
1938 10
1942 9
1946 6
1953 4
1961 4
1961 6
1964 10
1969 4
1975 6
1978 6
1986 7
1990 7
1998 3
2005 3
2005 10
2015 7
2016 4
2023 3
2023 9
2023 3
2024 2
2028 2
2036 5
2041 6
2046 2
2046 9
2051 10
2059 7
2059 3
2063 3
2065 1
2070 2
2073 9
2080 8
2081 4
2090 3
2094 10
2101 8
2111 1
2115 9
2121 7
2125 2
2131 3
2140 1
2142 10
2144 8
2145 5
2149 8
2155 6
2160 2
2163 7
2172 6
2174 9
2180 2
2185 9
2186 3
2187 8
2194 6
2197 5
2206 7
2211 10
2217 5
2222 6
2229 10
2235 7
2239 1
2240 8
2240 1
2248 2
2251 7
2254 4
2264 10
2270 4
2277 1
2286 10
2286 3
2289 6
2297 6
2298 10
2303 3
2306 10
2307 3
2308 3
2315 4
2321 8
2328 8
2328 1
2338 2
2338 2
2341 6
2351 3
2351 6
2358 9
2365 10
2373 10
2373 8
2373 7
2377 9
2377 6
2383 4
2391 5
2392 6
2399 10
2402 3
2406 2
2411 5
2417 9
2419 6
2429 5
2436 9
2445 9
2451 7
2454 9
2460 5
2468 10
2474 1
2476 3
2485 1
2489 4
2493 4
2496 4
2506 3
2508 2
2516 4
2525 6
2531 6
2538 2
2540 3
2550 9
2551 10
2555 9
2563 4
2563 9
2566 5
2571 1
2573 10
2579 9
2584 1
2584 5
2589 10
2593 9
2596 7
2598 10
2607 4
2617 10
2623 8
2628 4
2636 3
2645 9
2655 7
2663 8
2672 6
2681 2
2686 9
2689 3
2695 9
2705 6
2709 3
2711 8
2711 5
2711 10
2712 9
2717 7
2717 8
2725 10
2727 8
2734 9
2736 4
2736 2
2738 10
2744 4
2751 5
2756 6
2762 7
2762 4
2766 4
2774 7
2781 7
2784 4
2785 1
2786 9
2788 2
2789 5
2790 1
2791 2
2794 10
2803 9
2805 8
2813 2
2821 10
2829 9
2838 1
2844 6
2849 1
2856 2
2863 7
2870 5
2873 1
2874 9
2884 6
2887 3
2894 9
2904 3
2907 8
2910 4
2911 3
2912 4
2914 2
2915 2
2918 3
2928 6
2931 7
2936 10
2941 2
2948 9
2952 10
2955 5
2965 4
2973 10
2979 3
2979 1
2988 8
2992 9
2998 5
3002 2
3011 5
3013 7
3013 1
3017 7
3026 7
3033 2
3039 8
3040 10
3049 5
3054 3
3060 3
3060 3
3064 8
3065 2
3071 1
3073 1
3082 3
3084 7
3092 6
3102 9
3104 10
3109 9
3111 9
3112 10
3112 8
3116 2
3125 6
3132 3
3135 7
3143 8
3144 8
3153 4
3155 7
3158 10
3160 7
3161 5
3168 10
3168 7
3176 5
3186 1
3190 10
3193 2
3197 7
3200 10
3204 10
3207 3
3214 9
3223 4
3223 10
3227 3
3231 10
3236 6
3244 4
3252 9
3255 8
3256 1
3266 4
3273 3
3273 10
3280 6
3287 3
3292 1
3302 7
3310 2
3313 6
3323 5
3327 2
3328 8
3334 4
3341 4
3346 9
3351 1
3360 9
3363 3
3371 9
3371 10
3379 7
3382 6
3386 3
3387 1
3388 2
3396 4
3399 9
3406 1
3415 10
3420 6
3425 9
3428 2
3435 10
3436 7
3438 3
3442 2
3442 5
3442 4
3449 8
3457 4
3457 3
3458 6
3463 3
3471 4
3476 1
3478 3
3484 6
3487 8
3492 10
3497 7
3497 10
3497 5
3501 9
3504 3
3505 6
3512 8
3517 7
3520 10
3523 1
3532 4
3542 5
3548 2
3558 1
3564 8
3573 7
3581 6
3588 6
3598 3
3607 2
3608 3
3609 3
3619 8
3623 6
3624 2
3633 3
3634 9
3640 1
3650 10
3653 5
3661 5
3663 6
3663 8
3663 2
3671 9
3680 7
3685 2
3690 1
3692 2
3694 8
3699 6
3700 9
3705 1
3706 8
3706 2
3712 4
3716 5
3725 10
3730 3
3739 5
3745 8
3754 2
3757 4
3760 1
3761 2
3765 1
3770 4
3778 2
3778 10
3778 9
3779 4
3783 1
3793 2
3799 2
3799 3
3801 7
3811 1
3817 1
3820 3
3821 4
3823 5
3829 2
3836 4
3839 4
3848 5
3851 7
3856 5
3856 7
3863 9
3868 2
3876 6
3885 4
3891 7
3897 5
3906 9
3915 7
3924 3
3928 1
3932 3
3932 10
3938 8
3946 6
3953 4
3954 10
3954 1
3962 6
3962 10
3965 8
3973 6
3974 10
3975 2
3978 9
3978 4
3982 2
3984 4
3986 5
3990 10
3995 3
4001 4
4004 9
4012 4
4016 4
4018 4
4021 4
4022 2
4023 6
4023 9
4032 1
4032 2
4033 1
4036 7
4043 8
4044 7
4050 3
4052 3
4053 8
4058 8
4065 2
4073 3
4077 3
4078 8
4087 1
4096 2
4097 1
4105 4
4112 2
4112 10
4118 8
4118 3
4123 9
4132 5
4134 5
4141 8
4141 4
4147 3
4147 10
4153 6
4161 1
4166 2
4166 5
4171 6
4181 9
4189 10
4195 2
4199 9
4209 1
4214 8
4220 7
4227 4
4231 9
4235 10
4244 10
4245 9
4247 5
4256 3
4261 10
4268 8
4275 2
4284 7
4294 10
4304 4
4307 3
4314 8
4315 10
4315 1
4320 10
4326 9
4328 5
4333 3
4334 10
4338 1
4340 4
4348 9
4348 6
4356 1
4362 2
4368 7
4377 9
4382 3
4387 10
4390 9
4396 3
4396 2
4400 5
4409 1
4413 2
4420 4
4429 10
4430 3
4436 7
4440 1
4446 1
4453 2
4454 5
4457 10
4460 10
4463 8
4464 6
4468 6
4472 7
4478 5
4481 8
4491 5
4491 2
4498 3
4498 2
4503 7
4513 2
4522 4
4523 5
4527 7
4531 4
4531 9
4539 4
4547 2
4552 1
4559 10
4569 7
4576 8
4583 4
4586 7
4586 6
4596 10
4602 3
4610 10
4616 1
4623 4
4629 9
4629 6
4638 9
4638 6
4643 8
4643 10
4644 2
4645 4
4653 10
4663 2
4673 6
4679 6
4683 10
4691 7
4692 10
4697 6
4697 3
4704 4
4713 2
4723 3
4723 7
4730 3
4734 2
4740 6
4750 1
4756 8
4757 2
4757 5
4759 10
4760 2
4760 3
4769 9
4779 10
4786 10
4796 4
4797 9
4800 6
4810 9
4812 2
4816 10
4824 5
4831 1
4831 2
4832 10
4832 10
4837 1
4844 10
4852 4
4858 4
4859 9
4865 7
4867 6
4874 2
4877 10
4881 4
4889 10
4895 8
4901 5
4908 9
4916 3
4924 6
4929 6
4931 6
4937 5
4942 2
4951 6
4959 4
4967 2
4969 1
4969 2
4974 2
4978 3
4986 3
4990 1
4996 2
5005 4
5013 9
5017 4
5023 8
5027 5
5032 5
5041 1
5045 6
5048 4
5051 5
5060 1
5067 6
5071 8
5072 1
5078 2
5083 4
5089 1
5096 6
5097 8
5105 5
5114 8
5120 7
5121 8
5130 2
5134 10
5137 8
5143 7
5146 5
5147 2
5151 3
5160 9
5169 2
5178 1
5180 8
5182 4
5182 5
5182 5
5185 1
5189 3
5189 5
5189 3
5198 5
5207 7
5209 4
5211 6
5213 7
5215 5
5218 6
5220 9
5226 7
5227 6
5230 7
5230 2
5240 6
5246 3
5246 9
5256 6
5256 6
5261 4
5265 5
5270 7
5275 4
5280 1
5283 1
5292 3
5292 4
5293 8
5303 4
5311 10
5315 9
5319 3
5327 9
5337 3
5345 2
5351 6
5360 7
5365 1
5369 5
5376 1
5382 3
5382 4
5386 7
5392 8
5402 4
5410 9
5415 9
5419 2
5420 1
5424 5
5430 1
5436 4
5443 2
5448 9
5457 6
5462 5
5466 7
5474 7
5477 10
5485 4
5490 1
5493 10
5498 7
5506 2
5516 6
5517 4
5526 6
5532 7
5539 2
5544 8
5552 9
5558 8
5558 9
5564 8
5569 1
5572 6
5578 9
5583 6
5585 7
5589 5
5590 2
5590 3
5590 7
5591 7
5594 7
5594 9
5595 8
5595 2
5603 4
5606 9
5613 6
5621 9
5631 2
5631 10
5633 2
5642 3
5651 5
5660 2
5663 8
5667 1
5671 6
5677 3
5684 8
5690 2
5692 8
5694 7
5695 5
5705 8
5706 2
5714 5
5715 2
5719 10
5720 5
5726 9
5726 2
5733 10
5735 1
5744 3
5753 9
5762 2
5762 5
5769 1
5777 7
5786 6
5788 5
5796 5
5805 10
5805 4
5806 8
5808 2
5813 3
5818 8
5828 6
5829 4
5834 5
5840 1
5846 4
5847 9
5850 1
5858 2
5863 5
5871 4
5875 3
5876 2
5879 4
5885 10
5893 5
5903 3
5913 1
5915 5
5922 2
5925 6
5932 10
5934 9
5937 10
5940 10
5943 1
5952 10
5956 4
5956 6
5965 7
5966 5
5966 7
5967 4
5974 7
5984 4
5994 7
5994 7
5998 6
6002 9
6012 1
6014 1
6018 2
6024 6
6031 7
6034 4
6043 9
6051 8
6051 9
6056 3
6059 1
6064 4
6067 10
6074 4
6079 10
6080 3
6083 3
6084 3
6084 8
6087 2
6087 2
6095 9
6101 5
6105 8
6108 10
6117 9
6126 10
6132 9
6138 8
6145 7
6145 8
6155 1
6163 7
6172 6
6177 3
6186 1
6191 4
6200 9
6200 10
6202 4
6209 6
6216 8
6216 9
6221 8
6222 10
6225 5
6232 7
6233 8
6233 10
6240 8
6250 4
6257 10
6267 2
6268 8
6273 6
6273 9
6274 8
6278 9
6282 4
6288 5
6296 2
6298 3
6306 6
6310 3
6310 7
6320 10
6324 2
6324 9
6324 9
6325 3
6327 3
6331 6
6336 1
6340 9
6346 2
6347 2
6353 7
6356 2
6361 5
6369 10
6373 6
6374 2
6377 8
6386 2
6396 10
6403 3
6413 9
6415 5
6421 4
6430 6
6431 9
6433 1
6433 2
6439 9
6447 6
6454 9
6464 9
6469 9
6477 4
6481 6
6484 6
6489 5
6496 8
6500 6
6508 5
6511 9
6521 9
6524 10
6528 1
6528 7
6529 9
6539 10
6540 9
6540 6
6548 10
6549 5
6551 1
6552 2
6562 2
6571 3
6575 1
6577 1
6577 2
6586 2
6588 1
6593 3
6596 7
6597 8
6604 4
6613 7
6616 6
6619 1
6621 6
6622 6
6627 2
6632 4
6639 2
6648 4
6658 7
6658 1
6663 4
6664 8
6670 7
6679 6
6680 10
6684 4
6688 7
6695 10
6704 9
6708 2
6713 6
6723 7
6726 3
6732 5
6737 4
6737 8
6746 8
6749 7
6750 3
6754 5
6759 8
6765 8
6769 5
6772 9
6780 5
6783 6
6786 8
6796 2
6796 3
6800 1
6809 1
6809 4
6814 8
6822 5
6822 6
6830 4
6838 8
6838 2
6839 10
6849 6
6855 3
6860 7
6865 6
6867 2
6872 4
6879 3
6889 3
6895 5
6901 10
6911 2
6914 7
6921 4
6927 9
6936 7
6943 7
6944 6
6944 6
6952 2
6960 2
6966 8
6970 5
6973 2
6979 9
6984 1
6984 6
6989 8
6998 10
7008 9
7012 8
7021 8
7025 10
7035 6
7040 8
7047 7
7051 9
7053 10
7056 7
7064 6
7066 1
7074 8
7081 7
7082 2
7083 9
7091 5
7100 9
7102 3
7106 6
7110 5
7116 8
7124 5
7133 7
7139 3
7140 7
7150 10
7155 5
7156 4
7163 5
7166 8
7167 9
7176 2
7180 6
7188 6
7196 5
7199 7
7209 3
7210 1
7216 9
7224 3
7231 2
7238 5
7248 3
7249 8
7256 7
7264 1
7267 1
7272 3
7275 7
7276 1
7277 10
7277 4
7287 2
7293 4
7300 9
7302 7
7307 3
7310 10
7312 4
7317 2
7325 6
7331 7
7337 5
7341 3
7341 9
7347 3
7351 4
7361 4
7367 4
7376 9
7380 6
7384 7
7389 9
7397 2
7406 7
7412 3
7416 7
7419 1
7428 10
7434 4
7443 10
7450 10
7457 8
7463 1
7469 3
7472 6
7472 7
7477 7
7487 2
7497 10
7500 3
7501 3
7502 5
7506 5
7506 10
7510 5
7510 6
7520 5
7523 10
7530 8
7535 6
7542 1
7546 10
7554 10
7555 6
7564 3
7571 5
7572 2
7573 10
7578 6
7582 5
7590 1
7596 8
7605 8
7615 3
7622 2
7627 10
7634 2
7636 2
7643 4
7649 4
7658 10
7659 2
7667 8
7668 8
7669 3
7678 7
7685 4
7689 1
7689 7
7698 8
7704 6
7713 4
7719 10
7722 2
7725 4
7731 10
7731 5
7738 5
7746 6
7754 9
7755 8
7761 7
7768 3
7769 6
7769 4
7772 6
7781 3
7786 8
7786 6
7793 8
7798 6
7800 6
7806 2
7816 5
7822 8
7830 10
7830 10
7831 7
7831 5
7833 10
7842 8
7846 9
7851 8
7851 8
7857 6
7864 7
7870 6
7872 4
7876 4
7885 7
7893 2
7896 7
7902 4
7902 4
7907 9
7911 8
7917 2
7925 2
7931 3
7933 7
7933 5
7941 1
7944 7
7945 1
7954 5
7959 4
7963 7
7973 1
7975 4
7981 10
7981 9
7988 4
7994 4
7997 4
8005 4
8012 6
8013 5
8013 2
8014 4
8016 4
8026 10
8029 6
8034 8
8037 9
8045 3
8055 7
8059 7
8062 7
8067 4
8073 10
8074 4
8082 7
8088 2
8093 2
8099 1
8103 5
8105 3
8112 1
8119 8
8129 2
8131 8
8131 7
8141 1
8144 8
8150 6
8156 4
8166 1
8173 10
8180 4
8190 9
8195 7
8202 8
8210 4
8220 2
8228 8
8233 5
8237 7
8239 3
8244 5
8250 4
8252 8
8257 1
8259 2
8262 6
8272 3
8272 1
8276 8
8286 2
8290 10
8292 6
8298 1
8308 6
8316 5
8317 6
8322 2
8322 4
8329 9
8333 3
8336 4
8340 7
8348 1
8351 8
8358 9
8365 3
8365 6
8365 8
8366 4
8370 5
8380 6
8388 10
8398 9
8407 10
8417 8
8420 9
8428 10
8429 10
8439 6
8439 2
8444 9
8449 7
8453 8
8463 10
8464 2
8466 9
8472 6
8474 7
8481 4
8491 4
8501 9
8506 5
8513 2
8519 2
8527 4
8527 7
8529 3
8533 8
8540 9
8550 1
8552 3
8559 8
8567 3
8577 3
8583 1
8588 9
8597 3
8603 2
8608 10
8616 4
8621 1
8622 7
8631 3
8641 5
8648 5
8650 1
8657 9
8660 7
8664 4
8667 9
8676 2
8677 8
8682 2
8691 9
8698 5
8706 8
8707 2
8715 1
8718 1
8721 6
8725 3
8732 5
8732 8
8741 4
8741 6
8743 9
8748 1
8752 10
8760 7
8767 6
8773 2
8777 7
8779 10
8784 8
8791 6
8793 10
8794 3
8801 4
8809 8
8812 4
8815 1
8820 10
8826 10
8832 6
8840 1
8845 9
8848 8
8857 6
8866 8
8874 1
8884 10
8885 6
8891 5
8899 5
8900 9
8909 8
8913 4
8921 3
8922 10
8922 2
8924 3
8926 4
8931 9
8940 10
8940 4
8945 1
8945 4
8949 8
8951 8
8958 3
8958 4
8961 9
8971 10
8973 1
8975 3
8984 4
8992 4
8999 6
9008 10
9008 9
9014 10
9017 10
9026 9
9028 5
9035 3
9036 7
9038 10
9038 2
9041 10
9051 3
9054 8
9061 9
9067 6
9077 4
9082 2
9089 3
9091 5
9097 7
9102 1
9103 4
9106 10
9114 9
9119 6
9124 3
9131 8
9133 8
9142 4
9150 7
9160 2
9164 6
9166 6
9168 7
9177 2
9182 5
9184 7
9188 7
9192 9
9201 9
9207 2
9213 10
9214 7
9224 6
9226 6
9226 1
9235 6
9237 4
9239 8
9244 2
9245 6
9247 4
9257 6
9264 1
9266 10
9266 1
9270 4
9278 3
9287 2
9290 4
9300 6
9309 6
9314 4
9323 1
9327 2
9330 1
9337 2
9343 4
9351 8
9358 4
9363 7
9368 3
9378 7
9380 3
9387 7
9393 6
9398 2
9398 4
9400 5
9402 7
9410 10
9417 6
9426 4
9432 10
9435 4
9438 2
9444 10
9449 3
9455 2
9464 5
9470 4
9475 4
9480 6
9487 1
9488 3
9497 7
9502 7
9511 2
9517 2
9525 6
9527 6
9531 7
9536 3
9545 3
9555 5
9556 6
9566 4
9571 5
9580 5
9588 10
9597 4
9601 10
9609 9
9614 3
9614 7
9622 6
9631 6
9640 9
9645 3
9645 6
9647 5
9655 8
9658 3
9659 8
9659 9
9664 8
9674 6
9676 7
9681 3
9687 7
9692 8
9699 10
9699 6
9702 5
9709 4
9717 10
9717 3
9723 7
9727 10
9727 7
9727 4
9729 5
9739 3
9743 6
9750 1
9759 3
9768 5
9771 2
9778 5
9778 1
9785 7
9795 9
9795 8
9803 8
9809 4
9817 9
9826 10
9831 9
9831 5
9832 9
9836 7
9843 2
9843 7
9853 3
9856 10
9862 2
9867 6
9869 10
9875 10
9883 2
9886 3
9892 3
9902 5
9907 6
9915 6
9921 4
9922 6
9924 5
9933 10
9940 5
9949 2
9957 10
9963 10
9968 2
9974 7
9974 4
9977 6
9984 5
9991 9
9992 1
9998 5
10001 10
10006 4
10013 4
10018 3
10021 6
10026 7
10029 4
10035 5
10044 5
10052 1
10061 5
10064 5
10074 8
10078 2
10078 1
10083 5
10090 10
10095 8
10098 4
10103 1
10110 7
10114 6
10121 5
10126 7
10136 6
10136 9
10146 6
10155 1
10164 10
10172 3
10174 2
10183 2
10185 7
10194 4
10201 1
10211 3
10221 5
10222 10
10222 2
10227 7
10232 7
10236 9
10238 2
10239 7
10244 6
10253 1
10253 7
10255 8
10260 3
10267 7
10267 8
10272 5
10280 9
10290 2
10291 3
10295 10
10301 8
10310 5
10320 4
10327 10
10333 1
10333 7
10342 5
10347 5
10348 8
10350 5
10356 2
10365 1
10367 6
10375 5
10383 3
10390 1
10399 6
10409 8
10409 10
10409 9
10419 10
10426 4
10427 3
10434 6
10435 2
10436 2
10440 2
10446 6
10449 4
10456 6
10460 6
10462 7
10465 6
10474 4
10479 3
10483 1
10491 1
10499 1
10499 5
10499 8
10500 9
10506 1
10513 2
10523 8
10526 8
10534 3
10540 1
10546 8
10555 6
10565 7
10574 6
10578 4
10582 3
10584 4
10586 3
10589 3
10599 1
10606 2
10610 4
10611 9
10612 2
10612 8
10619 3
10622 4
10628 9
10634 9
10639 6
10648 2
10656 2
10665 7
10675 7
10676 5
10680 6
10681 3
10684 7
10687 2
10697 6
10706 4
10713 5
10713 1
10714 6
10717 10
10720 6
10721 3
10729 6
10739 3
10747 1
10751 3
10760 8
10768 5
10775 10
10779 6
10781 6
10782 7
10792 7
10802 6
10805 8
10810 8
10811 7
10816 4
10819 10
10825 8
10828 7
10828 9
10830 9
10832 10
10841 1
10843 5
10846 5
10855 10
10855 1
10858 6
10867 2
10872 5
10882 5
10889 6
10891 6
10901 6
10908 7
10912 10
10920 1
10925 5
10933 5
10936 10
10940 3
10943 1
10951 6
10954 4
10954 10
10955 9
10961 8
10971 10
10977 8
10987 8
10994 3
11004 4
11011 7
11017 7
11024 1
11028 1
11037 5
11039 8
11039 10
11047 10
11048 1
11055 5
11059 3
11060 4
11061 3
11071 9
11074 10
11084 1
11094 1
11097 9
11097 4
11100 6
11100 4
11101 1
11110 6
11120 8
11125 10
11128 5
11137 10
11139 7
11142 10
11147 10
11156 8
11159 7
11162 10
11163 1
11173 5
11174 3
11182 10
11182 7
11190 6
11190 2
11191 10
11196 9
11202 7
11205 5
11214 1
11217 7
11225 8
11235 10
11244 9
11247 3
11250 7
11255 7
11257 2
11258 3
11258 1
11267 4
11272 4
11278 1
11278 1
11286 8
11291 4
11291 5
11295 1
11295 2
11304 7
11312 7
11317 5
11327 2
11331 8
11336 5
11337 2
11338 9
11346 5
11351 6
11355 9
11358 10
11358 2
11365 6
11365 1
11370 3
11380 5
11390 3
11393 4
11402 7
11409 2
11418 4
11424 10
11425 9
11429 5
11434 1
11438 1
11440 8
11447 7
11456 4
11461 3
11465 5
11468 9
11472 8
11480 2
11482 8
11484 6
11492 7
11498 4
11503 10
11504 3
11508 3
11514 3
11522 7
11524 6
11531 7
11538 9
11545 8
11545 9
11549 2
11559 2
11569 5
11571 9
11577 3
11581 2
11587 3
11596 8
11602 9
11606 9
11608 3
11617 8
11618 5
11625 4
11628 7
11635 1
11640 5
11650 7
11655 9
11665 6
11673 9
11681 8
11687 3
11687 8
11694 7
11699 9
11706 2
11711 1
11714 4
11715 10
11725 8
11726 9
11736 5
11743 7
11753 2
11754 6
11762 1
11770 5
11771 10
11775 6
11784 9
11787 9
11794 2
11803 10
11811 5
11815 6
11817 3
11823 10
11824 1
11827 2
11834 9
11840 8
11848 4
11853 5
11853 5
11855 2
11856 6
11856 7
11866 1
11873 6
11876 10
11876 1
11876 8
11882 1
11888 7
11897 6
11904 1
11908 8
11913 4
11913 8
11916 6
11926 4
11932 1
11932 2
11939 9
11939 8
11943 1
11946 5
11948 1
11951 9
11952 1
11959 6
11964 10
11964 8
11969 9
11971 4
11975 7
11977 6
11978 9
11983 1
11991 7
11996 2
11997 10
12000 6
12003 2
12012 1
12018 2
12019 6
12023 10
12033 6
12033 1
12040 3
12041 8
12043 7
12051 10
12057 8
12065 6
12067 2
12072 6
12082 7
12091 4
12101 3
12104 4
12107 8
12115 5
12118 5
12118 5
12118 4
12123 1
12133 1
12138 6
12143 7
12147 10
12156 8
12166 8
12167 7
12171 2
12180 8
12187 3
12187 2
12188 1
12189 3
12199 6
12209 10
12211 6
12213 8
12217 1
12223 5
12224 4
12224 10
12233 10
12235 3
12235 9
12242 10
12243 7
12243 9
12248 10
12258 4
12258 7
12264 5
12272 4
12278 6
12280 9
12285 9
12286 3
12294 3
12299 8
12309 7
12319 7
12320 10
12320 10
12329 3
12329 10
12337 7
12342 3
12352 1
12362 8
12372 4
12374 7
12384 7
12389 6
12392 5
12397 6
12403 2
12410 8
12419 10
12425 2
12434 9
12435 3
12439 10
12446 10
12450 3
12454 7
12456 4
12459 3
12469 3
12475 2
12483 3
12483 9
12493 3
12499 9
12501 6
12504 8
12509 3
12513 3
12519 5
12519 3
12522 3
12531 7
12531 1
12535 8
12543 1
12551 2
12557 8
12562 10
12566 10
12567 5
12567 10
12570 3
12575 2
12579 6
12585 1
12594 7
12600 7
12602 10
12609 6
12611 4
12616 8
12624 10
12630 10
12633 8
12633 1
12637 8
12645 5
12651 5
12652 7
12653 6
12662 2
12667 3
12671 8
12680 8
12681 4
12684 2
12692 1
12694 10
12694 4
12697 2
12706 1
12716 7
12726 4
12732 5
12732 7
12739 9
12743 7
12744 7
12748 7
12754 1
12764 1
12772 5
12779 7
12789 4
12793 2
12797 7
12801 9
12807 1
12813 9
12815 3
12820 8
12821 4
12827 6
12829 2
12831 8
12835 4
12840 7
12846 1
12856 3
12861 8
12864 3
12865 8
12875 10
12884 4
12889 7
12895 5
12903 1
12910 2
12918 2
12921 2
12926 8
12935 9
12940 4
12947 1
12952 6
12958 1
12965 4
12966 1
12968 1
12976 6
12984 5
12988 5
12994 2
13003 5
13009 1
13011 4
13016 2
13021 5
13021 4
13022 2
13023 7
13030 10
13030 6
13040 8
13043 6
13050 7
13056 8
13062 7
13070 9
13074 3
13074 8
13084 10
13088 2
13090 5
13096 4
13099 6
13106 3
13106 3
13110 7
13117 6
13120 8
13126 4
13136 7
13144 6
13146 4
13154 6
13159 8
13164 1
13164 4
13173 5
13180 6
13188 10
13195 7
13201 6
13205 7
13211 7
13212 7
13215 10
13216 3
13220 10
13221 5
13223 8
13228 6
13230 10
13230 8
13238 8
13246 9
13250 10
13250 2
13255 2
13265 9
13265 3
13275 1
13283 10
13286 8
13287 10
13287 9
13295 4
13302 8
13311 5
13317 3
13326 7
13335 3
13342 8
13344 3
13346 2
13354 10
13354 10
13359 8
13366 4
13373 1
13381 9
13388 1
13398 5
13407 10
13417 4
13417 2
13422 3
13431 9
13437 10
13447 2
13448 6
13456 8
13458 2
13464 7
13470 2
13472 9
13478 10
13482 3
13485 10
13486 4
13490 5
13496 6
13504 3
13513 1
13517 8
13527 6
13527 7
13531 10
13539 10
13547 7
13556 5
13561 1
13571 8
13579 9
13580 8
13589 4
13597 10
13599 4
13606 5
13611 7
13615 10
13620 7
13620 7
13624 7
13629 3
13639 9
13649 2
13655 2
13659 5
13664 7
13674 5
13681 9
13689 1
13697 8
13703 8
13706 9
13712 8
13713 6
13716 2
13717 4
13719 9
13727 3
13733 3
13738 10
13742 8
13751 2
13754 8
13760 8
13763 4
13764 4
13769 4
13774 1
13784 8
13786 9
13791 1
13799 7
13801 5
13807 2
13814 6
13817 6
13824 9
13833 7
13839 9
13846 7
13852 3
13855 4
13856 4
13861 1
13861 3
13861 2
13870 4
13871 6
13871 8
13878 9
13879 10
13883 10
13893 4
13900 7
13904 3
13914 8
13924 5
13929 3
13937 9
13945 8
13950 5
13951 8
13956 10
13958 8
13961 5
13961 6
13965 2
13966 4
13968 4
13973 1
13982 5
13985 3
13989 2
13996 6
14002 2
14009 5
14011 8
14013 6
14018 9
14027 8
14027 3
14037 9
14045 9
14050 3
14054 3
14059 9
14059 4
14068 5
14073 3
14076 7
14081 7
14081 4
14088 6
14097 2
14104 6
14112 9
14116 5
14124 6
14129 10
14129 8
14138 2
14148 1
14150 4
14151 1
14160 7
14164 3
14166 1
14173 10
14180 10
14189 3
14199 4
14203 5
14213 2
14215 5
14215 9
14216 5
14221 3
14223 6
14229 5
14237 3
14240 7
14241 8
14245 5
14247 7
14256 10
14264 9
14265 4
14274 6
14276 6
14278 7
14287 6
14293 5
14294 1
14298 5
14307 9
14314 9
14315 6
14320 8
14324 5
14326 4
14328 5
14338 1
14338 8
14339 6
14343 10
14343 8
14348 7
14349 7
14350 5
14351 3
14357 2
14363 2
14370 9
14380 8
14384 4
14385 1
14393 6
14401 9
14405 1
14413 9
14414 8
14422 8
14422 1
14422 3
14425 9
14431 10
14431 10
14432 8
14432 1
14435 7
14443 8
14452 6
14462 2
14463 10
14465 10
14475 5
14479 8
14486 2
14492 10
14494 5
14504 3
14509 9
14517 8
14519 4
14523 2
14523 5
14527 9
14530 6
14540 8
14548 5
14550 4
14552 7
14554 7
14562 3
14565 6
14569 7
14578 2
14586 3
14586 2
14586 8
14595 1
14596 6
14599 4
14604 3
14612 9
14614 1
14619 2
14624 7
14624 8
14628 5
14628 7
14629 2
14629 9
14630 8
14632 3
14632 6
14642 10
14643 3
14645 7
14648 7
14652 6
14661 9
14670 5
14675 6
14675 5
14683 7
14685 4
14691 2
14694 5
14694 5
14700 7
14705 3
14713 5
14716 3
14725 6
14735 6
14735 8
14735 9
14741 2
14742 8
14743 7
14750 2
14755 7
14758 5
14765 5
14765 1
14775 10
14776 10
14784 1
14791 9
14800 3
14806 8
14807 1
14808 5
14817 3
14818 1
14827 9
14827 4
14833 6
14840 7
14842 10
14842 2
14842 1
14850 7
14853 5
14855 1
14863 10
14870 8
14871 8
14872 5
14881 6
14888 3
14894 10
14901 8
14905 6
14915 6
14924 4
14929 8
14938 2
14943 9
14945 1
14945 4
14948 8
14952 6
14953 4
14953 5
14959 1
14963 5
14963 4
14973 7
14975 10
14984 8
14991 5
15001 9
15003 3
15004 3
15012 7
15013 8
15018 10
15018 1
15027 7
15031 7
15037 5
15047 10
15054 7
15060 1
15066 2
15074 4
15080 7
15083 4
15091 1
15100 4
15104 8
15107 5
15108 8
15111 7
15113 4
15123 5
15128 5
15138 1
15144 4
15150 2
15158 3
15168 3
15178 8
15184 9
15189 9
15189 1
15199 7
15203 5
15208 4
15216 2
15220 5
15230 8
15232 2
15236 5
15237 2
15244 1
15247 4
15256 4
15262 6
15268 5
15272 7
15277 9
15282 3
15284 9
15288 6
15290 8
15293 9
15293 4
15302 6
15302 8
15305 9
15312 3
15321 6
15326 8
15333 10
15343 6
15345 10
15346 9
15347 1
15351 3
15361 10
15361 1
15368 6
15373 10
15375 5
15380 9
15388 7
15396 8
15400 9
15408 6
15409 1
15416 6
15426 7
15434 4
15442 4
15445 7
15452 7
15459 2
15460 4
15467 8
15469 10
15474 4
15484 1
15487 2
15490 10
15492 1
15497 10
15502 9
15506 3
15509 4
15510 2
15515 10
15523 9
15530 6
15538 4
15547 4
15549 4
15559 10
15562 2
15567 7
15577 10
15585 2
15586 4
15591 6
15591 7
15593 3
15594 3
15599 2
15602 4
15606 8
15607 3
15617 9
15618 10
15621 1
15629 3
15634 4
15635 5
15641 2
15641 10
15646 5
15654 2
15664 7
15664 10
15668 7
15670 6
15673 10
15679 7
15684 7
15692 1
15697 9
15700 8
15707 7
15707 2
15712 4
15714 9
15724 8
15728 9
15732 5
15742 4
15748 1
15749 7
15752 10
15760 3
15770 1
15773 7
15780 7
15783 5
15792 1
15795 3
15797 8
15797 4
15797 2
15805 1
15809 1
15818 9
15825 7
15830 8
15835 8
15840 6
15844 6
15850 1
15851 1
15851 7
15859 3
15859 5
15864 1
15864 7
15864 3
15869 9
15871 4
15871 10
15881 3
15885 8
15890 8
15896 2
15898 8
15907 5
15913 8
15915 8
15924 1
15927 10
15936 3
15942 4
15949 6
15958 2
15959 9
15965 1
15966 10
15968 5
15973 2
15977 10
15982 1
15992 6
15999 8
16002 10
16010 7
16018 10
16024 8
16024 8
16025 8
16025 3
16031 1
16041 1
16043 2
16044 9
16049 4
16052 1
16055 5
16063 4
16071 1
16073 3
16077 3
16086 7
16095 8
16095 4
16100 4
16106 3
16107 3
16109 6
16110 2
16119 9
16124 3
16128 1
16136 9
16140 2
16141 8
16151 9
16152 9
16154 1
16156 3
16159 5
16167 6
16169 4
16170 4
16170 3
16176 7
16183 1
16188 4
16194 10
16195 7
16201 6
16201 9
16206 8
16216 10
16224 5
16230 6
16237 2
16244 8
16246 10
16249 6
16255 8
16265 7
16272 4
16274 1
16278 7
16286 8
16287 4
16290 5
16298 4
16298 1
16299 10
16300 1
16309 8
16315 7
16316 10
16317 2
16319 9
16327 7
16327 1
16335 8
16335 9
16337 8
16347 4
16352 7
16357 2
16366 8
16375 6
16377 5
16380 7
16385 3
16386 9
16387 8
16389 4
16399 2
16406 5
16409 5
16418 9
16425 9
16435 8
16438 2
16441 4
16449 3
16457 9
16463 4
16467 2
16472 5
16475 3
16481 7
16481 8
16485 6
16486 1
16486 10
16487 5
16493 2
16497 4
16497 3
16503 2
16508 8
16515 4
16517 6
16526 2
16528 6
16537 4
16542 3
16552 4
16554 6
16558 1
16567 3
16572 6
16576 8
16585 7
16585 9
16586 7
16592 1
16595 2
16599 8
16601 8
16610 8
16619 7
16622 6
16632 2
16639 3
16642 1
16651 8
16656 1
16659 6
16663 7
16668 8
16675 4
16675 6
16683 5
16690 9
16695 8
16701 8
16709 8
16718 3
16720 8
16730 3
16738 2
16748 3
16754 7
16757 2
16761 8
16765 10
16772 8
16779 8
16781 2
16781 10
16790 2
16796 4
16800 4
16800 1
16810 3
16818 9
16821 5
16829 9
16835 5
16843 4
16849 10
16856 4
16866 3
16869 4
16875 7
16878 5
16887 4
16894 10
16897 6
16901 10
16905 5
16912 3
16918 4
16921 1
16922 2
16932 1
16940 2
16944 3
16951 7
16955 1
16964 1
16967 4
16971 5
16978 5
16982 9
16988 7
16998 3
17000 5
17005 3
17011 6
17014 1
17022 10
17031 5
17034 9
17040 9
17046 8
17046 6
17056 8
17061 10
17070 9
17074 6
17078 2
17083 9
17091 8
17098 2
17098 10
17105 4
17111 8
17118 2
17127 2
17129 8
17134 2
17143 4
17147 5
17157 2
17166 10
17171 2
17175 1
17180 8
17186 5
17188 5
17198 3
17208 5
17208 9
17208 9
17215 8
17222 3
17222 2
17226 1
17231 2
17236 1
17238 5
17243 5
17249 5
17256 5
17266 3
17268 7
17272 1
17273 7
17281 8
17288 3
17297 4
17299 8
17306 7
17307 1
17313 5
17316 1
17317 6
17319 8
17327 9
17333 3
17337 2
17339 10
17347 1
17356 5
17357 3
17363 8
17370 6
17376 5
17376 5
17377 3
17377 10
17378 2
17380 2
17388 8
17388 2
17390 5
17397 9
17406 9
17410 10
17419 1
17420 9
17420 3
17429 3
17437 9
17438 5
17440 10
17442 5
17444 1
17447 3
17457 9
17466 8
17469 8
17474 7
17482 8
17490 10
17490 3
17499 8
17501 7
17508 4
17511 1
17517 9
17526 4
17530 4
17539 1
17545 2
17551 1
17560 4
17565 10
17573 8
17581 1
17588 9
17598 9
17607 9
17617 8
17625 5
17635 2
17638 9
17646 6
17650 9
17650 9
17655 9
17665 2
17667 9
17669 5
17675 9
17675 6
17681 9
17687 6
17694 5
17701 1
17705 3
17709 2
17709 7
17711 5
17719 7
17728 6
17736 4
17737 8
17738 9
17743 1
17753 8
17760 9
17760 4
17767 4
17773 8
17781 10
17787 7
17791 3
17791 10
17799 10
17807 3
17814 2
17816 6
17816 1
17824 2
17832 5
17838 1
17848 8
17853 8
17862 6
17870 5
17876 9
17881 8
17889 8
17894 3
17896 6
17904 5
17909 5
17912 9
17915 8
17921 10
17925 2
17926 7
17931 10
17937 9
17938 3
17946 4
17951 10
17955 8
17961 9
17963 7
17970 10
17973 2
17982 5
17984 1
17989 1
17998 6
18007 4
18017 2
18019 9
18023 10
18028 7
18038 9
18038 5
18046 5
18054 10
18054 8
18061 7
18062 5
18069 10
18072 5
18081 7
18087 3
18095 5
18101 5
18107 5
18117 6
18123 10
18129 2
18137 4
18145 8
18155 9
18158 2
18165 5
18165 8
18168 2
18168 5
18169 7
18173 1
18180 4
18182 5
18186 3
18187 4
18194 6
18197 8
18204 2
18210 4
18215 4
18216 7
18217 4
18227 6
18227 1
18231 5
18232 3
18238 7
18242 4
18251 6
18260 4
18265 9
18267 5
18275 2
18280 7
18286 1
18296 3
18303 1
18307 5
18310 10
18312 2
18314 2
18316 1
18326 1
18328 3
18328 1
18331 9
18335 9
18336 1
18337 4
18338 8
18341 8
18351 2
18361 5
18363 10
18368 3
18374 2
18379 6
18382 5
18382 10
18391 5
18395 7
18398 6
18401 10
18406 6
18414 5
18421 10
18424 4
18431 6
18438 9
18439 6
18447 6
18456 8
18459 1
18464 10
18469 4
18470 5
18470 8
18474 7
18481 7
18487 4
18497 9
18500 7
18507 7
18510 4
18512 9
18518 10
18526 7
18526 8
18528 3
18529 2
18535 2
18538 10
18540 9
18549 10
18550 3
18551 8
18554 1
18556 7
18566 9
18570 3
18576 10
18586 4
18594 3
18595 7
18598 1
18604 5
18613 7
18617 4
18618 5
18626 10
18628 1
18630 10
18630 6
18634 9
18639 9
18648 3
18651 5
18661 5
18670 2
18679 3
18688 3
18697 5
18707 6
18713 4
18713 6
18714 7
18724 5
18731 8
18734 5
18741 6
18747 8
18752 2
18762 8
18767 2
18768 1
18774 3
18780 5
18783 5
18786 9
18789 2
18790 3
18794 1
18800 9
18808 9
18817 7
18821 7
18827 3
18836 8
18846 6
18856 1
18861 8
18869 3
18876 1
18877 6
18887 5
18888 5
18896 9
18904 7
18906 9
18915 2
18921 10
18922 2
18930 8
18932 4
18933 2
18937 3
18943 8
18946 5
18955 4
18955 2
18965 9
18967 8
18972 5
18978 9
18979 1
18984 1
18987 2
18991 4
18995 4
18999 6
19005 3
19015 8
19019 7
19019 3
19025 4
19033 9
19033 1
19041 3
19049 1
19057 3
19061 5
19064 3
19071 10
19077 9
19086 5
19090 2
19094 8
19098 10
19100 3
19108 7
19109 7
19109 10
19111 4
19114 8
19124 7
19128 9
19128 6
19137 10
19147 9
19153 2
19155 9
19157 2
19164 4
19165 4
19172 6
19177 2
19178 1
19186 3
19196 5
19206 2
19215 2
19215 3
19224 5
19227 6
19228 6
19235 8
19239 1
19245 4
19246 4
19255 3
19257 10
19260 1
19265 7
19269 8
19278 4
19288 3
19293 3
19294 6
19301 10
19301 4
19311 1
19321 3
19322 4
19322 7
19323 2
19329 5
19338 3
19343 5
19352 1
19356 1
19356 3
19366 3
19367 9
19374 8
19376 2
19380 7
19381 6
19384 3
19389 5
19390 7
19390 10
19398 4
19403 2
19411 4
19419 2
19425 1
19427 6
19427 2
19430 5
19440 7
19444 3
19449 8
19451 5
19458 9
19465 2
19466 1
19469 2
19479 6
19487 4
19496 8
19502 2
19502 2
19509 6
19518 6
19524 6
19525 8
19532 8
19534 8
19542 8
19545 6
19549 6
19557 4
19567 2
19570 3
19572 10
19580 3
19586 1
19589 2
19595 1
19604 8
19610 1
19619 6
19620 1
19629 1
19636 4
19637 2
19638 5
19644 8
19645 6
19648 7
19658 1
19668 9
19674 7
19678 1
19679 9
19688 6
19697 4
19705 9
19710 7
19715 5
19720 9
19730 1
19739 3
19740 3
19741 10
19743 6
19746 9
19749 7
19749 6
19755 5
19762 8
19769 4
19778 3
19788 8
19797 5
19801 3
19808 9
19814 10
19819 3
19823 10
19823 2
19827 7
19830 1
19837 9
19840 5
19841 1
19845 5
19854 4
19854 2
19859 9
19869 4
19879 2
19888 6
19898 5
19908 6
19916 5
19923 1
19930 1
19937 8
19937 10
19941 3
19944 6
19952 8
19959 7
19968 4
19972 6
19979 7
19980 1
19983 2
19988 3
19992 2
20000 6
20010 2
20020 9
20027 8
20029 4
20038 10
20043 1
20051 2
20061 7
20061 3
20071 1
20074 2
20083 5
20084 9
20089 2
20090 8
20093 7
20100 8
20103 1
20113 3
20113 8
20114 5
20114 10
20117 5
20126 2
20136 1
20143 1
20151 8
20155 7
20161 4
20171 9
20172 8
20175 2
20177 2
20185 1
20187 9
20192 7
20199 8
20205 1
20206 5
20216 4
20217 8
20217 8
20217 8
20219 2
20222 5
20222 5
20223 9
20231 10
20240 10
20249 5
20256 2
20266 5
20271 10
20273 3
20282 10
20286 10
20294 1
20296 4
20303 5
20303 2
20307 9
20317 7
20319 5
20324 2
20331 10
20340 6
20344 10
20351 9
20351 8
20354 4
20363 1
20367 7
20377 4
20387 4
20395 7
20398 10
20407 4
20410 8
20417 6
20425 6
20434 7
20439 5
20439 3
20448 7
20455 10
20461 10
20468 5
20475 6
20477 7
20487 7
20491 7
20501 3
20503 6
20512 9
20519 1
20528 7
20535 8
20542 8
20542 8
20545 10
20548 6
20558 9
20563 6
20564 10
20573 4
20578 8
20587 7
20587 1
20591 1
20595 5
20605 8
20609 3
20610 6
20610 4
20613 5
20620 1
20627 6
20629 3
20638 5
20644 6
20644 10
20649 10
20649 2
20655 10
20656 4
20658 7
20666 8
20670 7
20675 10
20683 7
20687 7
20687 7
20694 7
20704 6
20707 4
20715 1
20715 3
20724 1
20731 3
20732 7
20742 7
20747 8
20757 4
20758 7
20768 5
20768 10
20778 1
20788 6
20788 8
20795 1
20805 1
20808 8
20814 4
20823 8
20824 2
20828 3
20831 1
20832 3
20834 5
20838 10
20847 6
20847 2
20847 8
20857 6
20863 7
20865 9
20873 10
20878 3
20880 9
20890 10
20890 10
20900 8
20909 3
20912 6
20912 5
20922 9
20930 7
20933 8
20942 7
20949 10
20956 3
20964 6
20974 9
20978 6
20979 2
20979 6
20982 8
20985 3
20991 7
21000 10
21001 7
21002 3
21008 1
21012 1
21016 6
21021 6
21027 2
21028 4
21030 2
21033 6
21035 6
21038 6
21048 9
21054 7
21064 9
21072 10
21081 9
21088 2
21090 3
21098 9
21107 3
21110 10
21113 8
21121 6
21126 5
21133 3
21143 7
21143 5
21146 9
21146 3
21153 10
21154 4
21158 3
21166 8
21172 8
21180 9
21186 2
21193 9
21195 3
21196 9
21196 9
21196 9
21201 3
21206 3
21209 6
21209 1
21218 9
21220 6
21226 3
21232 10
21235 3
21239 6
21241 8
21244 5
21254 2
21262 1
21262 8
21269 9
21276 3
21277 6
21280 8
21287 5
21288 3
21290 2
21299 7
21305 9
21306 1
21313 5
21319 2
21326 1
21327 5
21328 6
21328 1
21333 7
21339 1
21343 4
21349 1
21357 6
21366 2
21376 10
21384 10
21388 9
21388 5
21397 3
21404 7
21411 10
21417 8
21425 8
21429 5
21429 5
21434 9
21440 5
21442 10
21444 5
21445 9
21449 3
21453 3
21457 3
21462 8
21468 5
21470 9
21480 10
21480 2
21481 8
21486 6
21488 3
21489 2
21499 6
21499 8
21500 5
21501 6
21510 9
21520 1
21525 9
21534 5
21540 6
21541 10
21547 1
21555 5
21559 10
21563 2
21565 7
21566 8
21574 9
21577 4
21577 5
21578 2
21584 8
21589 4
21594 6
21604 2
21606 6
21607 10
21617 3
21618 8
21627 8
21634 6
21634 3
21636 8
21643 10
21647 5
21653 9
21653 10
21656 4
21666 6
21671 3
21675 2
21684 9
21686 8
21696 6
21705 7
21712 3
21720 9
21720 8
21722 9
21723 8
21731 4
21740 3
21744 5
21754 7
21762 7
21762 9
21772 9
21773 10
21774 4
21775 2
21782 2
21784 3
21787 2
21789 9
21794 10
21803 7
21807 5
21816 9
21825 9
21832 2
21832 6
21833 7
21833 1
21839 4
21840 6
21841 6
21843 1
21852 1
21856 3
21865 6
21875 9
21885 8
21889 7
21896 4
21898 2
21900 4
21907 9
21916 4
21920 1
21926 7
21926 6
21934 4
21943 5
21949 3
21951 9
21958 2
21967 4
21967 3
21968 6
21978 8
21984 5
21990 4
21993 4
22000 8
22008 8
22017 1
22025 10
22031 1
22039 4
22041 4
22042 5
22051 2
22055 5
22063 1
22064 4
22072 7
22081 1
22091 3
22094 1
22101 1
22107 6
22111 2
22119 9
22125 1
22134 9
22137 5
22142 1
22149 4
22156 3
22159 7
22160 4
22166 7
22166 4
22173 10
22179 3
22181 5
22187 3
22190 4
22193 3
22198 2
22202 2
22211 8
22220 7
22226 10
22231 7
22232 7
22241 10
22242 5
22251 6
22251 1
22251 6
22257 7
22263 6
22268 8
22273 8
22281 2
22286 10
22290 4
22297 4
22303 6
22313 3
22319 1
22321 9
22323 1
22328 1
22331 3
22333 9
22340 3
22343 1
22349 3
22358 10
22360 8
22365 5
22369 6
22376 7
22378 9
22383 7
22391 7
22394 7
22398 1
22407 10
22417 4
22427 4
22433 5
22437 7
22443 3
22443 3
22446 8
22447 2
22451 8
22456 8
22464 3
22464 8
22467 1
22467 8
22475 5
22475 7
22481 7
22488 6
22497 6
22505 10
22506 2
22516 10
22517 2
22527 6
22533 3
22533 6
22533 8
22539 4
22539 10
22548 10
22551 10
22551 4
22557 9
22565 10
22571 2
22578 4
22579 4
22579 8
22585 5
22590 5
22590 7
22590 3
22593 6
22594 4
22594 1
22603 3
22609 2
22618 7
22622 6
22625 6
22633 9
22638 4
22644 5
22652 7
22653 7
22663 9
22668 5
22676 1
22680 10
22688 9
22695 9
22701 1
22702 9
22703 2
22710 7
22713 4
22716 10
22716 6
22726 2
22735 6
22744 7
22752 5
22759 6
22759 4
22760 8
22765 9
22767 6
22774 8
22774 8
22779 10
22789 8
22796 8
22798 4
22807 2
22811 9
22819 6
22823 2
22829 9
22837 6
22846 5
22848 6
22853 1
22863 4
22865 9
22872 9
22875 4
22878 3
22884 5
22890 7
22892 4
22902 6
22912 5
22914 3
22924 7
22932 9
22939 3
22940 8
22949 9
22959 5
22967 1
22975 4
22985 1
22985 8
22985 3
22993 5
22996 5
22998 9
23005 1
23012 4
23014 10
23018 10
23018 8
23025 10
23028 10
23035 2
23035 9
23044 10
23044 3
23045 7
23048 6
23049 7
23052 5
23060 1
23065 7
23069 1
23071 6
23075 2
23085 2
23092 10
23096 5
23096 5
23103 10
23103 5
23110 6
23115 10
23125 4
23129 2
23138 2
23147 2
23157 7
23165 8
23173 8
23173 9
23183 2
23191 4
23201 3
23205 2
23213 6
23222 5
23227 6
23228 3
23236 4
23239 10
23240 9
23245 7
23255 7
23256 2
23258 8
23258 5
23265 2
23267 6
23272 7
23282 9
23291 2
23293 5
23303 10
23309 2
23314 4
23324 2
23328 4
23334 10
23339 7
23345 8
23349 5
23355 5
23360 1
23365 3
23375 9
23383 3
23392 5
23402 3
23402 7
23403 1
23413 6
23413 5
23415 3
23419 5
23428 8
23429 6
23435 5
23445 9
23454 2
23460 5
23466 3
23470 3
23470 9
23479 3
23485 2
23492 8
23498 8
23504 9
23513 1
23514 2
23521 8
23528 2
23533 9
23541 10
23549 3
23557 1
23562 6
23565 4
23567 10
23572 2
23579 10
23579 9
23583 4
23592 8
23595 4
23602 3
23611 7
23620 5
23626 6
23629 6
23638 3
23640 6
23650 3
23655 5
23658 6
23665 5
23672 8
23681 1
23681 6
23681 8
23684 10
23693 5
23702 6
23704 5
23704 7
23710 4
23713 10
23721 10
23722 10
23723 6
23732 3
23742 2
23746 6
23750 2
23753 4
23758 3
23768 1
23773 1
23781 9
23783 10
23785 8
23787 8
23790 3
23796 1
23803 3
23809 1
23814 9
23822 7
23822 5
23823 9
23825 9
23830 1
23836 1
23846 6
23853 8
23860 7
23865 9
23873 6
23876 3
23877 7
23886 5
23887 5
23897 10
23905 2
23914 1
23924 2
23925 3
23925 10
23927 5
23934 7
23942 2
23943 1
23950 10
23951 6
23953 3
23960 2
23967 3
23977 3
23982 6
23985 8
23987 4
23989 8
23994 5
24002 4
24002 4
24003 5
24007 6
24008 10
24008 10
24016 9
24018 10
24027 2
24036 5
24040 8
24043 9
24050 1
24056 6
24062 3
24072 6
24077 3
24081 9
24089 7
24095 1
24099 10
24108 2
24115 5
24116 10
24125 7
24135 1
24137 1
24143 2
24146 6
24152 2
24160 2
24170 7
24172 10
24178 1
24187 4
24194 5
24199 5
24200 3
24206 3
24207 7
24217 1
24220 6
24229 8
24237 5
24243 6
24251 2
24255 6
24258 1
24267 8
24274 7
24280 5
24286 6
24293 3
24302 10
24308 4
24312 5
24318 4
24324 8
24326 9
24329 4
24332 1
24342 1
24348 7
24350 6
24360 5
24367 5
24375 7
24377 8
24385 10
24391 4
24398 4
24405 1
24407 2
24412 8
24414 4
24414 4
24423 1
24424 2
24425 8
24431 3
24441 3
24443 10
24446 1
24456 2
24459 7
24459 7
24459 8
24460 7
24467 8
24472 1
24476 9
24479 7
24483 9
24486 8
24491 9
24493 9
24493 9
24502 5
24511 9
24511 3
24512 4
24522 5
24527 7
24530 3
24535 8
24542 7
24545 6
24553 7
24554 5
24563 3
24572 6
24580 9
24581 5
24589 7
24592 1
24600 9
24604 8
24606 8
24612 7
24621 3
24622 3
24629 3
24632 6
24639 8
24643 5
24652 8
24655 5
24662 7
24671 10
24673 3
24680 3
24680 8
24684 8
24694 10
24700 8
24706 3
24715 7
24724 2
24728 7
24732 5
24732 2
24740 2
24742 9
24748 9
24750 4
24759 2
24764 4
24774 9
24784 7
24789 10
24791 4
24792 7
24793 8
24793 3
24797 10
24797 7
24797 2
24801 2
24809 10
24819 10
24824 1
24833 2
24838 2
24845 9
24847 3
24856 3
24866 1
24867 10
24874 10
24876 4
24886 5
24886 5
24893 1
24901 8
24903 6
24904 7
24910 1
24915 3
24919 3
24922 2
24922 1
24929 6
24937 6
24944 1
24947 1
24957 7
24966 7
24976 10
24978 8
24984 4
24986 7
24995 10
25000 10
25005 2
25007 4
25007 10
25012 9
25012 9
25021 2
25024 2
25026 7
25027 8
25027 2
25031 5
25035 8
25037 2
25042 9
25044 2
25044 4
25048 4
25050 7
25053 6
25063 3
25069 1
25073 4
25081 8
25088 4
25093 7
25101 4
25106 5
25111 10
25116 8
25120 9
25125 1
25126 5
25128 4
25130 1
25137 8
25141 4
25147 1
25156 5
25159 10
25160 6
25160 5
25161 9
25167 3
25176 9
25179 9
25185 2
25187 3
25191 6
25200 6
25206 7
25210 3
25215 6
25221 10
25223 4
25230 9
25235 8
25242 1
25250 6
25260 6
25261 6
25265 5
25271 4
25276 2
25283 4
25286 8
25291 4
25301 10
25307 7
25308 10
25310 1
25316 3
25316 8
25316 3
25318 9
25320 1
25326 4
25336 2
25343 1
25352 1
25355 4
25356 6
25363 1
25369 10
25373 9
25378 1
25378 3
25379 8
25388 8
25394 5
25400 10
25401 4
25410 9
25411 5
25413 4
25419 6
25419 4
25422 7
25427 9
25433 5
25436 9
25440 7
25448 1
25458 3
25461 5
25465 8
25473 1
25481 2
25484 9
25493 1
25500 4
25510 10
25517 9
25526 4
25533 6
25542 7
25543 8
25552 7
25556 8
25558 8
25568 5
25570 1
25579 7
25588 7
25595 1
25601 9
25610 4
25617 4
25621 9
25625 3
25632 9
25639 8
25640 2
25646 4
25656 2
25656 6
25657 8
25658 4
25667 9
25667 4
25673 8
25679 4
25686 4
25691 5
25696 5
25704 8
25712 7
25721 1
25728 2
25728 1
25738 9
25740 2
25750 3
25758 5
25758 4
25758 1
25759 3
25763 3
25768 4
25773 2
25777 7
25778 3
25782 7
25787 4
25797 1
25800 2
25804 4
25809 5
25814 7
25821 7
25829 8
25837 4
25847 5
25848 1
25857 6
25858 9
25862 5
25870 8
25879 8
25883 9
25892 7
25895 6
25904 5
25908 9
25917 5
25925 5
25931 6
25932 7
25937 8
25942 1
25948 2
25949 8
25956 3
25961 7
25971 8
25973 9
25975 8
25982 8
25983 1
25986 7
25993 3
25998 9
26000 2
26001 10
26008 5
26012 6
26014 2
26014 2
26014 2
26016 6
26016 6
26018 7
26026 3
26027 9
26032 2
26039 1
26039 9
26039 5
26045 6
26049 6
26057 8
26059 9
26060 6
26066 4
26070 2
26077 8
26077 7
26080 4
26085 10
26090 5
26096 1
26106 8
26116 7
26120 4
26127 10
26132 6
26138 1
26148 7
26154 6
26160 8
26160 2
26161 5
26162 3
26167 9
26175 3
26179 8
26186 3
26193 6
26200 10
26209 4
26216 9
26220 7
26225 5
26232 2
26237 6
26245 8
26249 7
26251 7
26252 3
26260 4
26262 3
26270 1
26270 7
26271 7
26272 7
26282 6
26290 3
26298 9
26303 10
26303 9
26307 10
26310 3
26312 3
26320 7
26330 9
26337 3
26341 3
26347 1
26352 1
26361 7
26364 8
26365 7
26373 9
26373 10
26382 8
26390 4
26394 8
26401 4
26404 10
26408 8
26413 4
26414 2
26418 7
26418 8
26420 10
26425 8
26427 10
26430 9
26431 2
26439 6
26440 8
26440 7
26446 8
26454 9
26461 2
26471 6
26471 8
26479 4
26486 2
26489 4
26491 8
26493 7
26503 9
26503 5
26512 5
26521 1
26524 2
26525 9
26526 10
26531 7
26537 4
26544 10
26545 2
26554 8
26562 6
26567 5
26572 9
26573 2
26583 10
26588 9
26598 8
26600 8
26610 9
26616 1
26624 4
26630 2
26633 2
26641 10
26645 10
26645 1
26649 5
26658 2
26666 8
26670 9
26680 10
26681 5
26690 1
26698 2
26702 2
26709 10
26711 3
26713 5
26714 8
26719 3
26722 5
26725 3
26733 8
26737 1
26747 8
26747 8
26750 1
26754 1
26756 6
26761 3
26762 6
26769 5
26769 6
26773 5
26778 4
26780 1
26782 2
26783 9
26788 1
26791 8
26792 5
26793 10
26793 9
26796 9
26799 3
26805 3
26811 6
26814 7
26821 5
26826 6
26832 1
26836 9
26836 3
26841 6
26841 2
26850 4
26855 10
26858 6
26860 4
26865 3
26866 6
26872 6
26881 2
26890 4
26896 6
26900 7
26909 8
26914 3
26917 7
26920 6
26922 2
26924 8
26930 5
26930 10
26937 9
26947 7
26949 10
26950 9
26953 6
26957 9
26958 4
26962 4
26968 3
26972 4
26979 5
26987 2
26991 9
26994 3
27003 4
27007 4
27010 8
27010 3
27018 2
27021 10
27022 5
27026 3
27029 7
27037 3
27044 3
27047 10
27053 6
27061 8
27065 2
27071 10
27080 4
27087 3
27090 3
27092 10
27099 6
27106 5
27107 10
27113 3
27120 4
27130 9
27132 3
27135 6
27145 1
27149 6
27156 5
27158 2
27166 10
27169 1
27173 1
27182 2
27191 2
27196 9
27197 5
27197 1
27197 9
27197 6
27205 8
27212 1
27212 6
27219 3
27226 6
27233 10
27236 1
27237 1
27239 1
27246 9
27246 9
27251 5
27260 2
27260 1
27260 3
27269 1
27279 8
27282 2
27284 9
27287 6
27289 10
27298 3
27305 7
27306 5
27314 6
27319 1
27324 3
27333 9
27334 1
27335 6
27340 8
27348 6
27350 1
27352 2
27357 1
27357 7
27360 6
27363 6
27371 3
27377 10
27387 6
27388 5
27394 6
27402 6
27406 5
27415 10
27421 9
27424 9
27427 2
27429 2
27438 1
27444 8
27444 6
27453 9
27455 4
27455 9
27455 2
27458 8
27464 8
27467 5
27473 7
27480 6
27483 3
27492 8
27495 5
27500 10
27510 8
27520 2
27527 1
27530 2
27538 4
27544 2
27544 4
27546 5
27552 7
27556 5
27558 7
27558 9
27567 5
27577 5
27582 8
27590 6
27590 3
27599 7
27600 1
27601 9
27603 1
27608 2
27610 4
27618 7
27628 7
27634 4
27635 2
27637 3
27637 2
27645 7
27649 6
27656 4
27666 10
27676 5
27681 2
27689 9
27693 8
27700 8
27707 8
27707 4
27712 7
27713 10
27722 2
27725 6
27730 3
27732 4
27735 5
27735 10
27735 10
27745 10
27754 1
27763 7
27770 8
27777 4
27785 2
27788 10
27789 7
27793 1
27801 3
27807 3
27809 2
27815 5
27816 6
27821 4
27825 1
27828 10
27829 4
27832 3
27836 6
27844 10
27849 7
27858 9
27861 10
27862 4
27869 9
27876 10
27878 6
27880 9
27887 1
27890 10
27900 10
27901 7
27906 1
27910 9
27910 7
27917 5
27926 1
27934 9
27941 4
27949 5
27954 9
27964 5
27969 2
27977 9
27982 1
27982 7
27986 3
27988 6
27990 2
27994 9
27998 4
28004 3
28006 8
28007 5
28008 4
28014 6
28015 7
28024 10
28028 6
28032 1
28037 10
28040 8
28044 2
28046 7
28054 2
28061 5
28061 10
28063 3
28065 2
28073 9
28082 8
28087 9
28095 5
28097 3
28105 10
28113 1
28122 2
28127 3
28129 5
28132 10
28141 6
28151 5
28160 5
28160 6
28162 5
28162 10
28170 10
28179 7
28186 9
28188 9
28190 6
28192 9
28199 8
28208 2
28210 3
28213 2
28223 7
28233 8
28235 4
28241 6
28245 9
28248 2
28256 8
28261 5
28269 1
28273 5
28278 1
28285 5
28285 7
28290 4
28295 1
28296 10
28305 3
28315 2
28322 1
28325 7
28333 7
28334 10
28337 10
28344 1
28345 8
28351 8
28353 10
28355 1
28359 2
28360 5
28363 4
28363 3
28363 4
28363 6
28366 4
28373 8
28378 2
28381 5
28381 4
28385 3
28391 1
28393 2
28402 6
28408 8
28418 8
28426 5
28435 10
28437 9
28445 3
28449 1
28459 10
28468 9
28474 8
28482 3
28489 9
28491 3
28499 10
28505 9
28511 6
28516 8
28525 2
28530 6
28531 10
28534 5
28540 1
28546 2
28552 5
28558 2
28560 3
28562 3
28565 6
28575 1
28581 9
28585 3
28590 9
28593 1
28593 1
28601 2
28604 3
28610 5
28613 3
28623 7
28627 6
28634 10
28641 6
28643 4
28652 9
28658 7
28663 8
28665 5
28670 1
28680 9
28681 4
28685 4
28688 10
28697 1
28698 5
28702 1
28712 6
28721 5
28727 4
28728 4
28728 3
28733 3
28735 2
28738 10
28746 6
28748 3
28756 10
28765 5
28772 7
28777 2
28778 3
28788 6
28796 4
28798 2
28805 7
28808 3
28816 7
28825 2
28825 6
28832 10
28834 1
28841 3
28845 2
28853 10
28862 8
28864 1
28872 5
28878 10
28886 5
28890 7
28899 10
28907 3
28908 6
28912 4
28918 7
28918 6
28924 6
28929 10
28936 1
28942 7
28944 2
28947 9
28955 3
28958 8
28963 5
28969 2
28969 5
28979 2
28985 2
28987 5
28989 9
28997 9
29000 2
29004 5
29006 9
29012 3
29016 9
29026 10
29032 5
29037 10
29043 3
29046 5
29046 6
29050 9
29054 2
29060 8
29062 7
29072 10
29077 6
29081 5
29091 6
29098 6
29102 1
29107 7
29112 4
29120 7
29127 10
29127 5
29127 1
29137 6
29142 10
29148 6
29155 1
29156 7
29161 10
29165 2
29165 9
29171 10
29174 4
29183 9
29188 5
29190 5
29194 9
29201 3
29204 6
29211 5
29221 3
29225 3
29228 6
29234 2
29240 4
29249 3
29258 3
29264 6
29273 2
29278 7
29285 2
29291 4
29298 1
29304 3
29309 5
29316 4
29326 10
29334 5
29337 9
29344 3
29345 2
29347 7
29350 6
29359 3
29368 9
29373 7
29381 1
29388 3
29396 7
29398 2
29407 5
29409 2
29418 2
29425 10
29435 4
29445 5
29449 8
29457 2
29463 6
29470 4
29475 5
29485 9
29485 1
29489 1
29493 10
29499 10
29502 6
29512 10
29515 2
29525 9
29531 5
29531 4
29538 5
29543 7
29551 4
29556 9
29556 2
29556 7
29565 10
29569 1
29577 10
29578 4
29581 6
29590 6
29593 6
29600 5
29604 9
29610 3
29611 7
29621 9
29631 4
29639 2
29647 4
29654 9
29655 7
29658 1
29667 3
29674 3
29677 9
29684 8
29693 5
29695 7
29704 1
29713 2
29720 10
29726 1
29736 6
29740 2
29741 4
29751 1
29751 1
29760 9
29765 9
29772 6
29780 2
29790 2
29795 6
29799 3
29806 8
29807 7
29816 3
29822 4
29831 3
29834 9
29843 7
29843 1
29844 4
29846 6
29848 4
29858 10
29858 5
29859 8
29865 2
29871 8
29877 6
29879 1
29879 3
29889 10
29895 3
29902 5
29902 2
29912 1
29915 9
29919 9
29927 9
29928 3
29937 3
29946 5
29952 2
29955 7
29962 8
29965 8
29966 7
29970 9
29972 10
29980 1
29985 3
29995 9
30001 9
30002 6
30003 9
30011 3
30015 2
30025 8
30032 3
30042 3
30047 7
30054 1
30055 2
30065 3
30074 5
30075 7
30076 6
30085 1
30094 4
30102 5
30103 8
30110 6
30118 8
30120 4
30128 1
30134 9
30136 1
30140 2
30140 10
30143 6
30151 7
30159 4
30160 8
30165 10
30169 4
30179 6
30183 3
30191 4
30194 8
30198 1
30206 8
30215 7
30223 1
30224 1
30228 5
30230 8
30234 9
30234 7
30235 7
30241 9
30245 1
30252 5
30262 7
30270 4
30271 7
30278 5
30287 6
30294 1
30300 2
30301 1
30307 8
30316 10
30325 3
30330 4
30330 3
30330 1
30330 9
30339 10
30347 5
30356 10
30362 1
30366 7
30373 8
30380 7
30382 10
30392 8
30400 8
30405 7
30410 7
30411 2
30418 5
30423 6
30429 9
30432 10
30439 1
30446 5
30448 7
30451 9
30456 10
30465 8
30472 5
30472 1
30478 6
30485 5
30489 8
30490 2
30499 9
30503 7
30507 3
30512 3
30518 8
30528 3
30537 10
30542 2
30551 10
30558 1
30559 6
30565 9
30567 10
30570 2
30579 10
30584 1
30588 1
30596 9
30599 6
30606 7
30606 10
30610 10
30615 4
30623 10
30625 2
30632 8
30642 6
30648 10
30650 10
30656 6
30665 7
30671 10
30676 7
30685 3
30689 1
30693 8
30703 1
30710 9
30717 9
30723 8
30730 5
30740 10
30742 4
30745 6
30746 2
30751 7
30754 10
30764 8
30765 6
30768 2
30770 4
30775 7
30778 7
30782 9
30786 10
30792 10
30800 6
30802 3
30808 9
30809 5
30809 3
30813 10
30817 8
30827 2
30835 3
30842 2
30848 4
30849 1
30859 8
30865 9
30865 10
30875 10
30877 10
30882 5
30885 5
30887 1
30896 3
30900 1
30905 1
30909 5
30911 7
30911 10
30921 8
30925 1
30927 2
30929 3
30938 9
30944 7
30954 9
30958 9
30961 5
30964 1
30972 10
30973 8
30980 5
30981 4
30984 2
30988 10
30989 6
30989 6
30996 1
30996 9
30996 4
31006 2
31011 9
31012 7
31019 10
31026 1
31033 10
31035 9
31035 2
31045 4
31049 8
31054 3
31054 4
31059 1
31063 10
31069 8
31069 7
31070 8
31076 10
31086 1
31086 3
31088 9
31088 1
31097 7
31104 5
31105 6
31115 4
31118 7
31126 10
31127 4
31129 10
31130 5
31130 1
31133 5
31142 8
31149 2
31156 8
31161 4
31171 1
31175 9
31183 2
31187 10
31195 8
31195 5
31197 7
31199 9
31206 10
31210 7
31220 8
31220 3
31228 8
31234 10
31238 5
31245 5
31254 5
31260 3
31262 1
31271 4
31276 1
31276 8
31285 7
31294 8
31304 2
31314 9
31322 8
31328 7
31333 6
31338 5
31344 10
31352 9
31361 4
31371 5
31374 6
31380 4
31385 7
31395 8
31399 9
31403 10
31410 2
31420 2
31420 2
31427 8
31429 7
31430 8
31430 1
31432 6
31432 9
31437 2
31441 9
31447 3
31449 1
31457 9
31459 8
31464 1
31468 9
31468 9
31475 5
31483 6
31487 10
31492 3
31498 4
31508 8
31510 8
31518 10
31521 8
31523 3
31529 5
31537 7
31537 1
31542 2
31549 5
31554 1
31563 1
31563 4
31572 3
31576 6
31584 3
31592 2
31598 5
31602 10
31607 5
31608 10
31614 2
31621 3
31631 7
31636 5
31640 8
31647 3
31657 2
31658 4
31667 1
31677 2
31684 3
31686 7
31694 4
31704 1
31705 7
31708 10
31716 10
31726 6
31734 10
31744 10
31746 4
31748 9
31749 10
31756 2
31763 2
31764 6
31773 8
31778 4
31787 10
31794 2
31795 9
31797 10
31802 5
31804 6
31807 7
31809 2
31815 9
31816 8
31822 3
31822 1
31832 5
31833 3
31834 1
31836 4
31843 5
31848 10
31852 8
31855 10
31861 4
31871 7
31876 4
31886 3
31890 2
31891 4
31896 2
31904 2
31904 3
31904 10
31905 2
31913 5
31920 8
31922 10
31931 3
31939 8
31948 8
31957 8
31964 3
31974 7
31979 3
31986 10
31996 6
31999 4
32009 6
32018 1
32020 5
32027 5
32034 1
32042 10
32044 6
32049 1
32055 2
32057 6
32065 2
32067 10
32067 3
32067 2
32077 3
32084 6
32089 9
32097 10
32097 5
32098 9
32108 2
32117 8
32127 7
32127 4
32130 10
32135 2
32138 4
32148 8
32149 4
32150 4
32160 7
32169 7
32169 8
32176 2
32185 1
32190 8
32195 9
32202 1
32205 7
32211 3
32220 4
32225 10
32230 9
32232 5
32234 10
32240 9
32250 8
32253 7
32261 10
32269 1
32276 7
32277 4
32280 7
32282 2
32286 10
32287 10
32294 9
32295 2
32304 9
32308 2
32313 5
32314 10
32324 6
32325 1
32335 3
32336 8
32345 1
32349 7
32355 8
32359 1
32369 1
32379 2
32389 2
32391 1
32392 1
32400 2
32402 3
32412 1
32421 6
32428 6
32435 6
32445 10
32451 4
32455 6
32462 4
32471 10
32472 9
32481 7
32487 6
32495 3
32500 10
32501 6
32509 6
32515 3
32524 3
32534 2
32540 1
32550 7
32550 9
32550 7
32550 1
32550 9
32554 8
32554 2
32562 4
32566 6
32574 2
32579 9
32583 2
32593 2
32603 9
32611 3
32619 6
32623 5
32631 4
32635 7
32635 10
32640 6
32640 2
32641 6
32649 7
32655 3
32665 5
32675 6
32683 2
32687 10
32695 2
32695 1
32701 7
32711 2
32718 9
32725 6
32730 4
32740 1
32743 2
32751 5
32755 1
32760 7
32760 7
32763 1
32764 3
32767 1
32774 9
32784 4
32787 10
32790 7
32790 6
32795 2
32805 8
32811 9
32813 1
32813 9
32818 1
32822 8
32829 1
32839 9
32841 4
32845 1
32846 6
32856 7
32857 5
32857 6
32866 7
32869 6
32874 10
32880 7
32880 10
32880 5
32889 1
32894 10
32904 4
32905 9
32910 3
32918 9
32923 9
32933 2
32937 1
32943 8
32946 6
32954 7
32958 8
32959 10
32966 7
32971 10
32975 10
32985 5
32990 1
32992 1
32994 5
32996 1
32997 9
32998 1
33006 4
33011 1
33012 2
33016 8
33019 2
33026 1
33033 5
33035 9
33035 10
33045 8
33054 7
33054 4
33062 9
33069 7
33071 8
33074 8
33076 6
33084 2
33092 9
33097 1
33103 8
33109 1
33109 2
33119 7
33124 2
33134 1
33141 3
33144 2
33144 10
33144 2
33148 8
33157 2
33164 3
33169 5
33174 3
33183 4
33191 7
33191 5
33201 5
33205 10
33210 8
33216 9
33217 6
33220 5
33223 1
33232 6
33234 1
33234 6
33243 3
33252 7
33254 6
33255 9
33264 7
33270 3
33278 6
33286 10
33296 4
33297 5
33306 1
33313 8
33318 9
33323 4
33332 3
33333 5
33343 8
33351 2
33355 4
33355 10
33364 6
33370 4
33372 5
33378 6
33381 2
33390 10
33399 3
33406 6
33413 4
33421 4
33428 9
33430 3
33436 3
33441 2
33448 7
33456 9
33465 4
33472 5
33472 6
33482 10
33487 1
33496 2
33504 10
33508 9
33516 9
33525 8
33531 2
33538 4
33543 7
33548 3
33552 9
33556 9
33557 4
33557 3
33566 4
33567 9
33568 3
33570 1
33575 10
33575 4
33578 5
33583 8
33589 5
33593 4
33594 9
33604 8
33613 8
33619 10
33627 10
33634 1
33644 4
33649 1
33655 2
33663 10
33663 4
33664 2
33670 1
33678 5
33683 3
33692 10
33700 6
33710 9
33718 5
33719 6
33727 4
33737 9
33739 9
33745 7
33755 4
33764 5
33764 4
33767 8
33768 7
33771 10
33771 2
33780 4
33786 9
33788 3
33797 4
33801 9
33809 8
33819 8
33825 10
33833 3
33840 2
33842 5
33852 5
33861 10
33865 4
33868 5
33878 3
33888 4
33891 4
33897 7
33898 6
33902 8
33903 7
33912 5
33916 1
33924 5
33933 4
33937 9
33940 1
33947 1
33950 3
33957 2
33964 5
33970 9
33974 3
33982 7
33992 1
33996 5
33996 1
34002 6
34007 8
34010 5
34012 9
34021 10
34030 6
34037 8
34038 7
34048 5
34054 8
34058 3
34063 9
34066 4
34066 5
34069 1
34073 9
34075 8
34085 6
34094 8
34095 8
34095 8
34104 1
34109 4
34118 9
34121 2
34129 5
34131 1
34135 5
34137 7
34144 4
34144 8
34154 3
34162 1
34169 1
34175 7
34176 8
34179 6
34180 2
34187 8
34195 10
34198 8
34203 5
34206 1
34214 4
34224 1
34230 4
34233 2
34233 6
34234 7
34238 1
34238 8
34247 8
34251 8
34258 5
34265 1
34272 6
34280 3
34282 8
34288 10
34289 10
34297 1
34300 10
34310 3
34319 5
34328 5
34331 6
34339 6
34339 7
34347 6
34356 10
34357 9
34357 4
34359 6
34366 4
34372 5
34373 9
34377 10
34381 8
34389 5
34390 6
34394 2
34396 2
34406 6
34416 2
34424 3
34432 9
34442 8
34448 2
34455 8
34455 2
34463 9
34469 8
34475 10
34475 3
34485 2
34490 6
34491 10
34493 2
34499 9
34505 3
34514 8
34524 1
34534 7
34544 3
34546 8
34554 8
34562 6
34570 9
34579 4
34581 4
34589 10
34598 10
34606 9
34615 8
34615 7
34619 9
34625 3
34630 2
34634 3
34634 8
34643 9
34645 1
34651 4
34658 2
34665 1
34675 3
34676 5
34686 2
34691 6
34700 10
34709 3
34709 9
34709 2
34714 9
34719 5
34726 8
34735 3
34742 1
34751 8
34758 6
34766 1
34774 9
34774 4
34778 8
34779 2
34788 2
34788 10
34798 3
34799 3
34802 6
34809 7
34815 3
34822 3
34830 9
34832 9
34839 8
34849 3
34854 5
34861 9
34862 7
34871 6
34876 9
34882 1
34890 7
34898 4
34905 3
34914 9
34920 3
34921 2
34928 4
34934 6
34943 2
34948 1
34949 7
34959 3
34969 4
34977 5
34980 4
34985 5
34991 2
34999 5
35002 10
35003 2
35011 7
35021 3
35031 7
35038 4
35045 7
35055 8
35056 9
35062 1
35065 7
35065 7
35069 2
35071 1
35075 9
35084 10
35089 1
35092 1
35098 7
35103 2
35111 3
35111 3
35112 3
35112 7
35117 2
35126 4
35134 1
35144 10
35146 2
35154 2
35164 7
35164 1
35174 3
35177 9
35182 7
35188 4
35193 7
35197 10
35199 9
35203 10
35210 2
35212 10
35222 6
35225 1
35226 10
35229 1
35232 4
35235 7
35239 5
35243 6
35253 7
35259 9
35261 8
35270 2
35272 6
35282 8
35285 10
35295 4
35296 5
35306 6
35307 7
35308 3
35309 10
35311 7
35317 6
35325 4
35327 5
35334 5
35337 2
35344 10
35350 3
35350 7
35355 6
35362 8
35362 5
35367 7
35371 10
35372 2
35378 9
35384 4
35390 1
35394 7
35399 2
35409 9
35415 1
35425 3
35426 9
35430 4
35436 10
35446 7
35448 6
35451 6
35457 3
35466 7
35469 6
35471 7
35476 10
35480 3
35485 6
35492 7
35501 4
35507 10
35509 1
35512 9
35520 7
35530 7
35533 7
35536 9
35538 10
35547 1
35548 9
35550 4
35553 2
35557 10
35563 10
35569 6
35572 6
35575 8
35584 9
35593 9
35598 10
35603 10
35611 8
35615 8
35622 7
35624 5
35625 9
35626 4
35633 6
35634 9
35634 10
35639 2
35643 1
35647 4
35649 6
35657 9
35663 8
35665 4
35671 9
35671 5
35680 5
35688 3
35691 10
35692 5
35701 10
35710 6
35713 2
35722 7
35731 8
35738 7
35748 5
35751 2
35753 6
35760 10
35770 2
35776 4
35783 6
35786 8
35794 3
35800 6
35802 10
35804 4
35809 9
35819 6
35829 3
35829 1
35835 1
35838 10
35845 10
35846 5
35851 4
35861 8
35869 5
35877 7
35879 2
35887 2
35892 4
35897 5
35906 4
35906 10
35912 6
35915 4
35917 5
35924 7
35928 3
35930 9
35932 2
35939 6
35940 4
35942 6
35947 8
35950 1
35958 3
35963 5
35973 8
35973 5
35977 8
35983 6
35993 2
35995 1
36001 4
36009 1
36012 5
36015 6
36021 1
36026 8
36029 1
36035 3
36038 4
36043 10
36047 5
36054 1
36063 3
36073 7
36082 9
36089 1
36090 5
36098 10
36105 8
36111 3
36114 7
36122 10
36126 10
36132 1
36134 2
36141 1
36145 5
36153 1
36154 8
36160 4
36164 7
36174 1
36176 6
36185 4
36188 6
36196 4
36205 1
36205 2
36211 8
36216 7
36223 1
36233 8
36233 1
36233 3
36234 10
36241 7
36245 1
36253 8
36253 8
36256 10
36262 2
36269 10
36274 10
36276 5
36279 2
36286 8
36292 2
36298 10
36308 8
36313 6
36321 1
36323 4
36328 3
36334 10
36338 7
36344 7
36351 6
36353 1
36362 9
36370 3
36378 8
36384 8
36389 9
36395 6
36399 3
36399 7
36399 7
36409 8
36411 4
36420 2
36430 8
36433 9
36436 6
36437 9
36443 5
36451 9
36461 6
36463 6
36465 7
36471 6
36478 5
36482 7
36491 3
36501 1
36507 5
36511 7
36518 3
36525 9
36525 5
36533 7
36537 3
36544 5
36550 6
36555 5
36560 6
36560 6
36565 3
36571 4
36576 9
36586 2
36594 9
36595 10
36605 4
36606 3
36611 5
36612 8
36622 9
36622 6
36625 8
36635 7
36637 5
36644 4
36645 5
36651 5
36652 4
36656 10
36662 7
36664 4
36664 7
36665 9
36665 9
36675 2
36684 2
36687 2
36690 3
36697 3
36705 3
36715 5
36725 6
36725 3
36733 6
36741 4
36746 3
36752 1
36753 7
36761 6
36769 7
36778 5
36783 9
36788 1
36788 7
36797 8
36797 4
36802 9
36811 1
36819 1
36825 7
36834 10
36839 3
36845 2
36855 1
36859 8
36866 7
36868 9
36868 1
36874 9
36880 8
36884 9
36893 10
36896 2
36898 10
36901 1
36905 8
36911 7
36916 2
36917 2
36918 9
36928 3
36932 3
36940 3
36945 4
36945 2
36950 8
36953 3
36954 9
36954 4
36957 8
36964 8
36966 7
36970 6
36972 6
36979 5
36988 6
36988 2
36992 2
36994 4
37003 4
37008 9
37012 7
37018 2
37018 7
37022 7
37029 2
37038 8
37039 2
37040 1
37048 1
37054 3
37056 3
37060 9
37060 7
37062 10
37068 10
37069 5
37074 9
37077 6
37077 5
37083 10
37089 8
37092 8
37098 3
37106 7
37107 4
37113 3
37119 5
37126 2
37130 6
37133 5
37137 3
37145 4
37153 9
37163 9
37170 2
37174 4
37180 6
37186 1
37195 3
37198 5
37203 1
37213 7
37221 10
37225 8
37226 3
37236 10
37246 5
37247 8
37253 3
37258 1
37260 6
37261 5
37263 10
37273 3
37281 5
37290 10
37290 4
37292 1
37293 6
37299 9
37300 5
37308 7
37318 3
37322 8
37328 5
37332 2
37335 4
37338 3
37346 3
37350 7
37350 4
37356 5
37365 4
37370 3
37371 8
37371 2
37372 2
37382 4
37384 5
37388 3
37398 1
37399 10
37407 10
37411 1
37414 4
37422 3
37430 4
37430 8
37438 6
37440 9
37441 5
37449 6
37457 9
37460 6
37468 2
37472 5
37482 2
37485 2
37494 10
37504 6
37506 10
37509 2
37513 9
37514 4
37521 2
37528 9
37532 2
37541 8
37550 5
37558 6
37561 3
37570 2
37576 8
37582 6
37591 6
37594 2
37602 3
37608 4
37617 5
37617 6
37625 8
37626 8
37636 10
37646 3
37654 10
37658 4
37663 10
37673 7
37675 2
37677 6
37677 7
37686 6
37695 3
37701 3
37701 5
37711 4
37712 6
37718 6
37726 9
37734 10
37742 8
37742 2
37742 3
37743 8
37747 2
37748 3
37752 3
37761 10
37764 9
37773 3
37780 3
37788 10
37793 2
37799 4
37805 4
37807 1
37808 1
37814 3
37815 2
37816 8
37822 7
37828 4
37830 1
37831 6
37835 6
37840 4
37843 8
37849 8
37852 1
37859 10
37862 8
37864 10
37871 4
37874 2
37875 5
37876 1
37883 2
37887 2
37894 8
37895 10
37895 6
37905 3
37910 2
37919 4
37924 2
37929 9
37929 6
37939 9
37939 3
37942 6
37948 4
37953 10
37960 2
37969 8
37969 9
37970 2
37980 4
37983 9
37985 5
37994 10
37996 8
37996 7
38002 9
38008 5
38018 10
38022 9
38031 8
38037 1
38042 10
38046 7
38056 4
38060 4
38062 5
38063 7
38067 10
38072 7
38072 7
38077 3
38079 10
38088 9
38095 9
38101 7
38109 7
38115 6
38117 4
38121 6
38124 4
38132 1
38135 6
38140 9
38145 4
38155 4
38157 10
38165 8
38166 4
38171 4
38175 4
38185 10
38192 7
38192 8
38195 1
38203 1
38203 5
38212 7
38213 7
38219 5
38219 2
38229 3
38236 7
38240 1
38249 7
38251 5
38257 6
38259 4
38267 3
38277 5
38282 7
38287 1
38288 6
38292 3
38297 4
38302 8
38304 7
38308 7
38315 4
38319 6
38326 5
38334 5
38341 8
38343 5
38343 1
38343 7
38352 4
38361 10
38368 6
38376 8
38377 2
38379 7
38384 9
38394 5
38396 5
38403 5
38411 3
38418 10
38428 6
38434 2
38443 3
38445 7
38455 6
38457 1
38467 1
38470 3
38471 5
38472 2
38480 7
38488 5
38488 9
38492 10
38496 9
38496 2
38504 7
38514 4
38523 10
38533 1
38533 9
38533 10
38533 9
38540 3
38546 5
38552 7
38559 2
38560 3
38563 4
38565 2
38569 7
38576 1
38579 6
38584 6
38592 10
38600 3
38604 7
38607 9
38607 8
38610 1
38616 4
38623 6
38623 2
38628 7
38629 3
38636 2
38642 2
38646 7
38655 1
38665 4
38675 10
38683 8
38685 2
38690 6
38697 8
38703 3
38707 6
38707 10
38714 7
38718 7
38718 7
38718 3
38719 5
38723 6
38732 2
38732 5
38739 1
38739 10
38744 1
38751 3
38751 2
38751 2
38752 5
38757 7
38761 2
38764 4
38769 4
38777 7
38780 6
38781 4
38782 5
38790 10
38796 3
38797 7
38797 6
38806 6
38813 6
38814 7
38823 3
38826 2
38828 9
38831 3
38838 3
38847 3
38854 10
38863 10
38873 8
38874 2
38876 2
38879 9
38886 9
38896 9
38906 3
38915 7
38919 1
38923 2
38928 7
38937 6
38941 2
38948 2
38953 7
38957 10
38967 1
38972 8
38976 10
38977 2
38983 1
38986 5
38996 8
39005 2
39005 3
39011 10
39019 9
39019 10
39029 6
39037 6
39047 1
39051 2
39056 9
39064 4
39066 8
39073 8
39082 8
39083 3
39090 9
39100 4
39101 2
39109 1
39116 9
39123 4
39125 1
39133 1
39137 7
39144 7
39150 2
39153 5
39153 8
39158 9
39165 9
39170 9
39172 1
39178 9
39183 6
39192 6
39201 10
39207 3
39214 2
39220 5
39223 9
39228 7
39231 4
39237 3
39244 6
39245 7
39247 5
39249 3
39256 10
39262 1
39271 2
39272 4
39279 9
39282 5
39283 3
39283 1
39292 4
39302 2
39305 1
39310 10
39313 6
39323 4
39323 3
39332 10
39340 10
39346 1
39351 10
39361 4
39366 2
39367 9
39376 9
39380 6
39386 10
39394 2
39401 3
39406 2
39413 9
39415 10
39418 4
39419 6
39419 3
39424 6
39429 4
39432 1
39438 9
39448 2
39452 1
39452 4
39459 5
39464 4
39471 6
39471 7
39473 1
39480 6
39480 9
39486 10
39490 1
39494 6
39497 9
39501 10
39501 6
39501 8
39505 9
39505 10
39510 6
39511 2
39516 9
39517 7
39518 8
39518 4
39525 6
39535 10
39537 2
39542 2
39552 2
39552 9
39560 6
39561 6
39571 8
39571 1
39576 7
39580 7
39589 4
39589 5
39592 7
39601 8
39603 7
39607 2
39617 3
39624 8
39627 7
39633 4
39639 3
39641 8
39647 6
39655 5
39655 6
39659 1
39664 8
39671 2
39674 7
39676 10
39677 10
39684 3
39687 7
39694 10
39700 9
39707 7
39714 5
39720 4
39725 5
39735 6
39736 3
39738 2
39744 6
39754 6
39755 6
39758 7
39762 1
39762 2
39771 2
39773 1
39780 6
39782 4
39783 2
39786 4
39794 7
39804 7
39806 9
39806 1
39816 4
39821 8
39829 4
39831 7
39834 8
39842 2
39849 10
39851 10
39854 9
39858 9
39858 3
39867 9
39871 5
39873 1
39883 6
39884 9
39894 9
39901 8
39910 3
39916 8
39925 5
39926 10
39936 3
39940 4
39946 7
39950 4
39950 6
39960 10
39970 8
39978 4
39979 5
39983 3
39983 1
39989 8
39998 10
40007 4
40008 6
40014 1
40024 5
40033 1
40038 5
40045 10
40048 7
40056 3
40061 3
40071 2
40074 2
40079 1
40083 9
40084 7
40092 7
40096 2
40105 7
40110 1
40118 7
40119 4
40123 9
40129 7
40131 8
40137 5
40145 10
40153 8
40159 5
40160 7
40169 7
40178 2
40187 8
40188 6
40198 9
40199 7
40207 4
40215 1
40221 9
40225 3
40228 10
40238 5
40242 8
40249 4
40256 1
40262 4
40269 5
40278 4
40280 2
40287 8
40291 2
40298 8
40304 8
40304 10
40308 8
40314 2
40318 2
40324 8
40325 2
40329 2
40338 1
40347 6
40349 3
40353 7
40356 2
40361 5
40365 9
40371 1
40371 3
40379 5
40389 3
40398 9
40404 8
40412 6
40417 7
40417 6
40427 5
40431 4
40432 3
40437 1
40444 7
40453 1
40458 10
40465 5
40475 2
40482 2
40487 9
40487 1
40495 8
40498 7
40504 6
40514 5
40522 6
40527 6
40535 3
40536 5
40541 5
40541 8
40545 6
40548 6
40548 3
40548 4
40552 1
40555 10
40560 3
40560 4
40565 2
40569 7
40579 10
40589 6
40596 3
40603 3
40613 6
40621 1
40623 4
40628 10
40638 7
40642 10
40646 9
40646 7
40656 7
40662 1
40669 2
40674 8
40681 6
40681 6
40683 6
40683 6
40684 10
40687 4
40695 7
40699 10
40699 1
40705 2
40707 7
40707 6
40710 1
40712 4
40716 8
40719 6
40726 5
40727 2
40731 2
40739 4
40747 5
40754 5
40758 5
40766 6
40770 4
40776 9
40784 6
40786 8
40794 5
40802 10
40811 5
40821 8
40829 9
40830 2
40839 9
40843 5
40847 4
40857 6
40862 7
40871 8
40871 9
40881 5
40887 5
40891 2
40896 6
40899 2
40907 8
40913 2
40921 1
40925 10
40926 9
40928 6
40933 6
40934 4
40942 6
40949 4
40951 10
40952 2
40957 1
40967 4
40971 8
40971 9
40971 9
40975 4
40975 6
40979 1
40985 10
40990 9
40995 10
41003 8
41006 7
41011 3
41019 3
41020 3
41030 3
41040 3
41050 4
41051 6
41052 5
41058 2
41061 7
41071 7
41072 1
41079 2
41087 10
41089 8
41094 4
41098 4
41099 9
41100 2
41101 2
41109 3
41116 9
41123 1
41127 1
41133 4
41141 7
41144 4
41149 6
41149 8
41159 8
41168 1
41178 7
41183 9
41184 3
41189 8
41191 8
41191 3
41192 1
41197 1
41205 8
41215 2
41216 5
41218 2
41224 4
41228 7
41233 5
41241 4
41242 5
41252 8
41254 6
41257 5
41263 10
41266 10
41275 2
41284 6
41288 6
41295 4
41302 6
41307 4
41308 7
41314 2
41322 3
41329 5
41329 1
41336 8
41346 3
41354 10
41364 10
41374 4
41379 3
41389 2
41393 10
41402 5
41405 4
41405 6
41405 2
41410 4
41415 6
41417 4
41421 3
41427 1
41432 4
41438 7
41438 5
41447 9
41457 1
41465 9
41466 9
41467 8
41475 3
41480 7
41485 5
41486 9
41493 9
41495 6
41501 7
41503 8
41513 10
41517 9
41517 7
41517 4
41526 9
41529 10
41531 7
41533 3
41535 3
41538 4
41540 2
41542 6
41543 10
41551 5
41552 1
41561 9
41568 9
41575 7
41577 6
41583 6
41584 4
41591 5
41599 4
41600 1
41601 10
41604 6
41609 2
41609 5
41615 6
41619 8
41625 2
41629 7
41629 6
41636 6
41639 7
41649 7
41657 8
41664 4
41667 1
41668 1
41668 3
41672 5
41679 9
41681 5
41690 9
41698 2
41702 10
41707 9
41715 5
41717 8
41719 7
41721 3
41730 8
41731 8
41735 2
41737 2
41741 8
41750 10
41759 8
41761 4
41763 9
41764 7
41772 6
41778 5
41783 2
41783 3
41793 9
41797 3
41797 2
41803 8
41809 2
41815 1
41817 8
41826 7
41826 9
41834 4
41841 5
41845 8
41847 8
41850 4
41855 8
41858 7
41862 4
41871 6
41881 3
41887 4
41896 3
41897 3
41900 10
41901 10
41908 1
41909 8
41913 4
41914 9
41914 10
41916 9
41922 3
41930 7
41938 10
41941 6
41948 6
41957 8
41965 8
41969 1
41974 1
41984 5
41993 4
41993 10
42003 10
42011 9
42015 5
42017 10
42017 8
42025 4
42028 1
42028 10
42033 10
42034 5
42038 10
42045 6
42051 8
42060 3
42062 6
42068 1
42068 3
42077 8
42077 10
42077 5
42083 7
42087 5
42092 10
42098 7
42099 3
42106 10
42114 2
42118 4
42124 7
42129 2
42129 1
42135 8
42138 3
42139 1
42149 7
42159 2
42166 6
42169 4
42174 2
42182 8
42184 6
42194 6
42199 4
42199 8
42201 8
42206 5
42211 4
42212 2
42212 2
42219 10
42222 8
42227 2
42232 9
42242 9
42244 10
42246 5
42255 6
42257 5
42257 2
42266 3
42271 4
42274 8
42284 1
42289 4
42295 2
42303 1
42304 8
42311 5
42317 2
42317 9
42326 2
42336 1
42346 9
42352 7
42352 9
42352 3
42357 8
42362 2
42368 1
42370 2
42376 4
42383 5
42392 6
42393 8
42398 6
42408 1
42409 3
42415 5
42425 6
42434 2
42438 4
42443 2
42450 6
42460 3
42467 2
42468 9
42478 7
42486 8
42494 6
42494 1
42501 5
42503 10
42510 2
42515 9
42523 1
42525 7
42534 6
42540 9
42543 4
42547 10
42552 4
42561 3
42562 5
42572 5
42573 7
42578 3
42584 10
42589 10
42590 9
42595 4
42605 1
42612 6
42613 9
42622 3
42628 5
42628 2
42636 2
42638 10
42641 7
42642 10
42648 3
42648 7
42649 7
42659 5
42660 8
42670 5
42679 10
42685 8
42690 3
42691 5
42698 3
42707 7
42714 3
42724 7
42734 4
42735 4
42741 2
42745 7
42748 2
42756 5
42760 2
42760 9
42769 10
42779 3
42788 7
42789 3
42795 6
42801 7
42811 7
42821 9
42824 1
42824 5
42832 6
42835 3
42842 8
42843 7
42848 8
42858 4
42864 2
42869 4
42874 5
42879 1
42885 7
42886 10
42889 2
42899 4
42906 3
42908 7
42912 4
42914 6
42916 8
42924 2
42927 7
42934 7
42936 1
42945 8
42952 9
42958 8
42962 7
42966 1
42969 6
42969 3
42972 5
42973 8
42975 9
42977 2
42982 10
42989 4
42991 10
42993 8
42997 3
43007 8
43008 7
43008 6
43017 4
43017 4
43021 2
43030 1
43038 6
43047 8
43048 6
43049 5
43057 6
43065 2
43067 1
43071 8
43077 7
43081 3
43087 1
43087 8
43090 8
43092 9
43101 9
43101 8
43110 1
43114 2
43121 8
43122 2
43123 5
43123 9
43127 7
43132 9
43137 2
43144 7
43152 1
43162 2
43168 9
43172 8
43182 1
43189 2
43199 3
43203 9
43213 1
43218 5
43220 7
43220 4
43227 3
43231 7
43240 4
43247 10
43252 3
43255 4
43259 5
43260 7
43268 10
43278 8
43280 4
43289 6
43293 1
43296 1
43301 6
43310 4
43315 7
43323 4
43323 8
43331 7
43337 8
43341 3
43347 7
43348 9
43358 9
43363 10
43364 7
43368 8
43371 6
43379 7
43385 2
43392 9
43398 2
43401 1
43407 8
43417 3
43427 1
43427 2
43434 7
43438 5
43438 10
43445 1
43454 8
43457 5
43460 8
43467 5
43472 3
43480 1
43484 8
43487 9
43497 2
43506 5
43512 9
43513 1
43521 7
43526 4
43526 10
43534 2
43542 4
43551 3
43559 9
43567 2
43571 4
43571 8
43575 4
43579 1
43585 10
43586 10
43595 2
43603 7
43606 9
43610 4
43610 6
43611 7
43620 4
43629 10
43639 10
43644 6
43654 4
43664 7
43671 3
43675 7
43681 5
43691 2
43694 9
43694 5
43700 10
43706 5
43708 6
43711 6
43714 1
43717 5
43723 10
43727 6
43728 8
43732 7
43738 4
43744 2
43753 10
43757 5
43765 3
43768 5
43773 9
43782 1
43786 3
43790 9
43790 5
43798 7
43801 6
43806 2
43810 7
43818 4
43822 2
43832 9
43836 1
43846 10
43851 2
43852 9
43852 6
43858 9
43867 6
43875 5
43878 3
43879 7
43883 7
43887 2
43892 7
43893 5
43893 2
43901 10
43902 6
43905 1
43914 5
43917 2
43919 1
43928 2
43932 7
43941 8
43950 10
43957 8
43963 5
43967 9
43977 8
43984 2
43988 7
43989 7
43999 2
44006 2
44014 9
44016 1
44022 5
44031 6
44036 9
44037 4
44042 1
44044 6
44053 4
44063 10
44072 10
44078 3
44087 6
44091 2
44101 9
44105 6
44113 10
44116 7
44121 10
44131 9
44136 2
44138 1
44144 4
44154 9
44159 2
44168 1
44171 2
44175 1
44182 6
44190 6
44197 10
44205 5
44210 1
44216 7
44225 10
44225 3
44226 8
44226 2
44226 10
44234 2
44239 3
44248 6
44254 9
44262 2
44269 2
44272 3
44276 4
44283 4
44291 2
44299 6
44302 8
44307 1
44313 10
44323 7
44324 7
44334 4
44334 2
44336 4
44343 9
44345 8
44348 8
44354 5
44355 9
44360 6
44370 1
44371 3
44377 1
44382 4
44392 1
44397 4
44406 2
44410 7
44411 10
44420 6
44427 1
44437 9
44438 5
44443 2
44447 6
44456 7
44466 2
44471 5
44475 5
44479 9
44481 4
44491 4
44491 2
44495 3
44505 4
44510 10
44520 5
44522 5
44530 7
44532 6
44535 5
44538 10
44547 4
44553 2
44559 6
44560 6
44563 5
44567 7
44571 3
44573 9
44582 9
44586 4
44596 1
44605 6
44605 4
44612 1
44622 7
44624 8
44632 7
44641 3
44644 3
44653 5
44662 10
44670 7
44679 2
44681 3
44685 8
44687 6
44697 4
44697 6
44707 7
44717 1
44721 9
44724 5
44729 3
44729 8
44729 6
44729 5
44737 3
44745 10
44750 7
44759 7
44762 9
44772 3
44780 7
44786 4
44788 8
44789 6
44791 6
44797 2
44802 9
44803 4
44804 1
44814 9
44822 9
44822 10
44826 1
44835 2
44841 2
44844 6
44848 8
44856 3
44865 6
44866 5
44867 1
44871 10
44881 5
44888 3
44895 5
44903 10
44913 3
44918 2
44923 9
44930 6
44940 1
44941 2
44947 3
44947 6
44955 5
44958 3
44962 8
44963 4
44963 9
44966 9
44968 2
44978 8
44983 2
44987 1
44992 5
45001 4
45010 3
45017 8
45024 10
45031 5
45035 5
45045 8
45048 2
45058 6
45066 2
45073 5
45083 4
45092 9
45098 6
45100 5
45109 1
45113 1
45121 4
45129 9
45132 1
45137 6
45137 1
45139 1
45143 10
45146 3
45155 10
45161 8
45165 4
45174 8
45176 9
45186 1
45194 3
45201 5
45211 10
45217 10
45222 7
45227 10
45231 3
45237 10
45242 6
45247 7
45257 1
45265 9
45268 2
45269 5
45274 1
45277 3
45287 9
45293 10
45303 1
45310 10
45320 5
45329 5
45336 1
45343 1
45345 7
45346 2
45346 1
45346 5
45349 8
45353 6
45362 7
45371 3
45375 8
45378 4
45381 1
45387 10
45388 4
45389 4
45394 1
45400 1
45407 3
45409 10
45413 6
45419 9
45420 6
45423 2
45429 4
45433 8
45436 8
45445 4
45451 4
45455 4
45460 8
45461 3
45463 4
45466 7
45476 9
45479 1
45485 3
45493 8
45501 2
45502 1
45502 5
45511 2
45520 10
45526 1
45534 8
45542 5
45545 4
45555 7
45558 4
45560 4
45568 2
45570 8
45571 2
45576 1
45585 9
45595 5
45604 10
45612 9
45613 1
45614 5
45615 5
45624 8
45629 9
45636 8
45636 9
45643 7
45643 7
45648 6
45655 3
45664 6
45669 9
45679 6
45681 5
45682 9
45691 4
45699 8
45707 5
45708 2
45710 2
45717 10
45718 3
45722 4
45730 3
45730 7
45737 6
45742 8
45745 3
45748 4
45758 10
45761 7
45762 9
45767 6
45772 4
45779 10
45787 8
45792 1
45796 8
45804 1
45812 4
45814 8
45814 3
45817 7
45818 2
45822 4
45829 5
45835 8
45841 7
45845 10
45849 4
45855 7
45857 2
45867 5
45877 2
45882 1
45891 3
45900 7
45904 7
45913 2
45918 6
45920 2
45930 9
45938 5
45947 8
45951 7
45951 7
45952 6
45953 3
45959 8
45962 4
45966 2
45973 8
45979 3
45979 5
45982 5
45989 10
45994 2
45997 10
46005 5
46015 4
46016 10
46026 5
46036 1
46045 4
46053 4
46058 9
46067 4
46077 4
46086 2
46093 9
46094 2
46099 4
46105 10
46109 1
46115 10
46118 6
46120 8
46125 3
46126 10
46130 7
46132 4
46138 7
46146 4
46149 5
46150 4
46154 3
46164 5
46169 8
46172 1
46179 10
46180 6
46182 10
46184 9
46184 4
46184 1
46192 3
46192 8
46202 2
46208 4
46208 8
46218 3
46225 4
46226 7
46229 5
46236 2
46239 8
46247 4
46254 3
46264 2
46271 2
46280 9
46289 7
46296 8
46301 8
46309 8
46315 9
46325 6
46327 9
46327 4
46330 9
46331 1
46334 5
46341 5
46343 6
46346 6
46348 10
46350 3
46359 1
46363 9
46370 2
46376 5
46381 8
46382 6
46385 2
46392 2
46399 7
46399 9
46401 6
46408 1
46409 1
46409 2
46417 1
46419 7
46426 8
46431 2
46437 2
46439 5
46441 8
46443 8
46444 4
46454 3
46458 6
46465 4
46467 6
46475 6
46485 3
46491 6
46499 6
46499 7
46499 10
46504 6
46508 6
46511 4
46519 4
46529 3
46532 7
46539 10
46543 8
46543 6
46544 10
46552 1
46555 1
46561 6
46567 4
46569 3
46577 2
46577 8
46578 2
46584 1
46591 9
46596 6
46606 2
46609 8
46619 10
46624 6
46632 6
46642 3
46642 6
46652 6
46652 4
46654 3
46662 10
46670 5
46674 8
46677 10
46681 1
46689 2
46695 9
46695 6
46697 5
46700 7
46704 1
46712 10
46719 8
46728 8
46733 5
46735 9
46745 4
46752 7
46761 9
46761 8
46769 2
46770 6
46777 9
46781 10
46786 5
46791 5
46801 8
46809 2
46817 1
46817 10
46820 1
46823 3
46830 1
46830 7
46840 7
46846 1
46853 5
46859 1
46864 8
46872 8
46878 8
46883 9
46888 10
46896 2
46903 3
46908 1
46914 10
46923 10
46928 6
46934 1
46940 4
46949 5
46955 8
46956 2
46957 6
46966 9
46976 8
46984 10
46985 10
46988 3
46998 6
47003 8
47004 7
47010 9
47019 7
47019 7
47029 2
47033 9
47043 7
47047 6
47057 6
47062 7
47063 4
47063 1
47066 10
47075 9
47083 7
47089 2
47090 7
47095 8
47096 1
47097 9
47107 8
47111 2
47115 2
47121 7
47127 2
47136 9
47145 2
47152 2
47161 6
47166 7
47171 7
47173 7
47173 2
47176 3
47184 3
47192 7
47195 10
47200 7
47205 9
47214 7
47224 10
47229 7
47233 8
47242 3
47246 9
47252 6
47253 2
47256 4
47257 2
47266 6
47271 9
47274 8
47278 4
47281 1
47287 2
47293 3
47299 6
47309 4
47310 10
47320 9
47320 10
47321 7
47331 2
47341 6
47348 8
47354 10
47355 7
47362 5
47365 5
47365 3
47374 4
47376 1
47382 6
47386 7
47396 4
47404 5
47409 2
47417 6
47418 1
47428 9
47430 7
47435 5
47436 8
47442 7
47443 6
47444 10
47445 6
47447 1
47450 6
47458 9
47465 5
47473 3
47474 8
47476 3
47477 4
47483 9
47487 2
47491 6
47491 3
47499 4
47501 5
47508 8
47508 7
47514 5
47518 8
47521 4
47527 2
47537 2
47540 8
47546 8
47546 7
47549 4
47558 8
47566 9
47570 7
47576 8
47576 9
47584 5
47584 5
47586 10
47589 8
47591 6
47594 2
47597 7
47607 10
47615 4
47622 9
47624 6
47629 3
47629 9
47629 8
47632 2
47638 3
47638 4
47648 10
47654 2
47658 7
47666 5
47671 5
47673 1
47679 6
47681 4
47689 6
47695 3
47705 7
47713 8
47714 9
47721 3
47727 8
47727 1
47735 10
47739 4
47749 3
47756 5
47765 3
47770 4
47775 2
47781 4
47786 10
47787 6
47794 8
47804 3
47809 6
47811 1
47812 2
47818 2
47822 7
47831 8
47839 10
47842 7
47852 9
47860 10
47869 10
47874 10
47875 2
47880 6
47880 2
47881 8
47891 4
47897 3
47898 1
47908 7
47914 4
47918 8
47927 8
47934 4
47935 7
47935 10
47941 1
47942 7
47949 8
47959 4
47967 2
47977 9
47977 1
47984 2
47986 7
47991 1
48001 4
48002 4
48004 6
48006 9
48006 5
48006 1
48011 6
48018 8
48022 3
48024 5
48029 3
48037 4
48040 6
48044 9
48051 7
48052 4
48056 10
48056 1
48062 6
48068 9
48072 8
48078 6
48084 10
48088 10
48095 7
48105 10
48111 1
48117 8
48125 2
48125 8
48130 6
48138 8
48148 9
48151 3
48160 1
48166 8
48169 4
48177 6
48179 10
48187 9
48193 3
48202 8
48202 5
48210 9
48211 1
48211 3
48218 10
48221 6
48225 5
48231 7
48231 4
48233 7
48233 9
48234 6
48242 9
48251 7
48253 5
48255 6
48263 10
48272 6
48276 4
48279 2
48284 5
48285 6
48293 10
48302 7
48308 7
48316 5
48321 9
48326 6
48330 5
48333 10
48342 7
48347 2
48356 1
48361 10
48370 10
48380 10
48390 3
48396 4
48401 8
48410 8
48410 7
48414 3
48417 4
48422 4
48422 3
48432 1
48439 10
48442 9
48444 2
48450 6
48460 3
48470 6
48473 3
48474 10
48481 2
48487 8
48493 3
48493 6
48499 4
48500 5
48508 4
48509 9
48511 10
48520 4
48526 8
48529 5
48537 10
48538 1
48544 2
48549 4
48559 1
48567 3
48576 7
48586 10
48595 9
48602 9
48602 10
48611 6
48619 7
48621 3
48631 4
48639 1
48643 8
48646 8
48655 3
48665 5
48672 6
48673 10
48673 9
48679 5
48689 4
48691 10
48699 4
48707 7
48713 10
48719 8
48720 7
48728 6
48736 1
48738 6
48745 6
48746 2
48750 1
48755 8
48756 1
48765 10
48765 8
48774 2
48784 8
48793 7
48797 6
48806 2
48809 6
48816 9
48820 4
48824 2
48830 7
48830 3
48836 7
48846 3
48849 5
48852 4
48858 5
48865 9
48871 4
48879 1
48886 10
48887 6
48896 3
48904 2
48910 1
48911 6
48913 1
48922 10
48928 1
48928 7
48931 6
48939 2
48942 8
48942 6
48949 6
48956 5
48956 2
48965 2
48971 3
48981 1
48986 1
48986 3
48996 5
48997 9
49001 4
49011 3
49014 8
49018 3
49027 6
49032 9
49041 8
49045 9
49053 2
49056 5
49062 5
49063 8
49072 3
49077 7
49086 4
49095 6
49101 1
49109 10
49109 5
49112 4
49122 2
49132 5
49136 6
49138 10
49141 5
49142 2
49146 4
49153 6
49163 3
49170 5
49174 9
49181 5
49191 1
49196 9
49206 6
49211 8
49213 6
49216 10
49220 9
49226 10
49233 9
49237 4
49242 4
49251 10
49261 2
49270 3
49279 6
49289 1
49294 2
49299 4
49309 2
49319 10
49319 8
49326 10
49331 1
49340 1
49346 1
49354 3
49364 6
49365 1
49365 8
49374 9
49375 1
49379 1
49389 7
49394 2
49398 9
49405 9
49409 1
49415 6
49419 8
49427 1
49427 3
49433 4
49442 7
49447 6
49453 9
49455 8
49464 4
49472 4
49474 6
49479 2
49484 10
49492 4
49495 9
49502 6
49505 6
49507 7
49512 2
49513 7
49518 8
49524 3
49532 2
49534 9
49536 2
49538 9
49538 3
49546 5
49551 3
49556 9
49562 8
49562 2
49563 1
49573 2
49583 2
49586 2
49590 5
49600 8
49603 8
49609 3
49610 4
49617 10
49618 4
49623 2
49628 3
49638 2
49643 3
49648 4
49658 2
49666 9
49667 6
49667 3
49675 5
49682 8
49683 10
49685 4
49692 10
49700 9
49709 1
49709 4
49718 2
49728 5
49736 7
49744 3
49751 9
49754 3
49758 10
49759 6
49759 8
49768 10
49774 5
49782 10
49788 10
49798 1
49805 1
49811 4
49819 1
49824 2
49832 2
49842 8
49847 4
49853 5
49856 7
49861 10
49861 6
49862 3
49863 6
49871 6
49873 5
49883 8
49885 5
49894 1
49900 3
49902 4
49906 7
49907 3
49908 5
49914 6
49916 10
49921 9
49922 8
49930 8
49933 8
49939 4
49947 6
49947 8
49951 5
49959 6
49969 3
49979 5
49988 6
49988 2
49992 6
49995 5
49997 6
50005 5
50007 7
50007 10
50015 2
50022 5
50029 7
50031 8
50032 4
50040 1
50048 8
50048 9
50052 4
50058 5
50061 9
50063 10
50067 5
50070 8
50074 10
50082 6
50089 3
50091 9
50096 6
50106 3
50109 3
50113 10
50113 2
50118 5
50122 10
50122 9
50127 2
50136 3
50138 6
50140 9
50143 9
50147 8
50155 8
50163 3
50170 6
50176 5
50179 2
50186 1
50189 4
50195 3
50204 9
50214 4
50220 1
50221 8
50228 8
50228 2
50238 5
50242 1
50248 9
50256 7
50264 10
50264 5
50266 9
50269 7
50276 4
50286 9
50288 1
50295 4
50298 2
50302 8
50308 3
50312 9
50316 2
50326 9
50334 1
50335 7
50335 9
50338 2
50345 10
50350 4
50351 10
50357 5
50367 8
50367 3
50374 4
50381 2
50386 4
50392 3
