7 8
11 8
15 8
24 2
29 6
34 10
37 4
39 8
42 6
50 4
52 2
56 5
63 5
68 10
78 7
79 10
87 10
96 6
105 2
111 1
113 3
121 4
126 4
133 7
133 8
133 4
137 5
141 7
142 8
147 1
157 5
160 2
170 9
175 7
182 6
190 1
190 1
192 9
193 1
202 4
212 7
212 10
212 7
213 3
223 6
233 2
234 5
236 9
237 2
242 6
249 5
254 10
255 4
263 1
267 2
269 4
272 3
274 2
277 3
279 6
288 9
297 1
298 4
304 7
311 8
319 5
328 2
336 1
345 3
346 2
353 6
353 4
355 2
356 8
360 1
365 5
367 5
368 1
370 8
373 6
377 2
385 9
386 5
396 1
402 9
411 5
412 2
413 4
422 6
426 1
428 7
433 4
442 2
447 1
447 6
453 5
460 10
463 4
470 1
474 5
474 1
479 7
488 8
489 10
496 3
504 9
506 7
507 4
513 2
523 8
523 5
529 7
537 7
537 10
547 6
554 8
558 5
558 3
564 5
570 6
575 2
584 8
588 2
596 7
596 9
606 5
616 10
619 9
620 2
630 2
634 4
643 7
647 6
656 3
663 4
671 9
676 7
681 5
683 9
686 6
692 9
701 2
708 2
709 3
718 9
724 4
725 9
734 3
744 4
744 6
751 6
755 3
756 2
761 2
771 2
772 1
782 8
792 1
797 5
807 6
814 10
818 7
826 3
826 4
831 9
841 6
847 5
857 8
866 7
871 2
871 10
881 1
883 7
886 8
891 5
901 6
907 5
915 6
919 7
926 9
931 10
938 9
942 5
947 6
953 8
960 3
964 1
968 6
971 8
971 4
979 9
987 10
987 5
990 6
990 6
1000 7
1000 1
1002 3
1010 4
1015 7
1022 7
1030 10
1034 6
1037 1
1045 1
1045 6
1054 5
1059 6
1059 3
1069 1
1070 7
1071 7
1073 4
1078 3
1078 10
1079 10
1087 2
1089 6
1098 8
1102 1
1107 1
1115 9
1115 4
1115 5
1121 9
1128 5
1137 4
1144 4
1144 3
1149 5
1159 9
1161 1
1162 10
1166 7
1171 5
1175 5
1176 6
1177 2
1187 1
1196 4
1197 3
1207 6
1207 3
1213 2
1219 8
1226 1
1231 6
1237 9
1246 10
1249 2
1254 4
1255 3
1259 5
1264 9
1264 9
1270 8
1277 4
1285 8
1294 5
1297 4
1297 9
1303 3
1308 9
1315 1
1325 7
1331 6
1332 3
1341 3
1347 1
1352 5
1357 5
1362 4
1364 7
1369 7
1369 4
1372 9
1378 9
1379 10
1387 3
1390 9
1392 5
1402 4
1403 2
1409 4
1419 9
1419 6
1427 4
1428 3
1431 4
1438 4
1438 2
1440 1
1442 5
1445 8
1453 9
1458 1
1460 3
1460 2
1470 1
1477 10
1478 7
1478 5
1488 8
1492 3
1496 8
1501 8
1507 10
1514 2
1519 10
1525 6
1529 10
1537 5
1537 1
1543 7
1553 3
1558 4
1567 3
1574 2
1577 9
1587 3
1595 1
1603 9
1609 2
1619 9
1623 3
1623 2
1624 1
1634 5
1635 4
1643 3
1650 10
1658 8
1663 6
1663 4
1664 4
1666 2
1676 7
1677 8
1681 3
1684 10
1688 3
1691 3
1698 10
1703 3
1709 1
1714 2
1716 4
1721 5
1725 1
1726 5
1728 3
1731 2
1734 9
1739 10
1739 1
1739 2
1747 3
1753 6
1756 4
1756 1
1765 7
1775 7
1780 3
1785 1
1795 9
1798 9
1806 2
1808 4
1812 4
1815 4
1816 5
1821 9
1823 2
1823 3
1832 5
1835 2
1839 6
1844 5
1849 10
1855 3
1857 3
1860 3
1869 6
1876 7
1884 3
1889 5
1899 10
1904 6
1912 8
1920 7
1923 2
1923 7
1930 7
1934 7
1943 10
1946 8
1951 5
1961 10
1968 9
1974 10
1978 1
1988 8
1996 8
2002 2
2009 2
2018 1
2026 9
2031 3
2039 2
2043 4
2048 3
2055 8
2064 4
2066 8
2066 3
2072 5
2076 3
2080 4
2086 8
2090 7
2099 8
2108 5
2113 6
2122 4
2131 10
2138 10
2144 2
2146 9
2152 4
2160 10
2160 6
2166 3
2170 8
2174 8
2182 5
2191 6
2198 3
2205 2
2214 9
2216 7
2220 6
2227 3
2227 5
2230 3
2232 9
2242 9
2252 7
2255 4
2256 1
2266 3
2270 9
2272 10
2275 9
2275 3
2277 10
2282 10
2283 7
2286 2
2296 6
2301 4
2304 9
2314 10
2320 5
2322 1
2331 6
2335 3
2345 2
2345 7
2348 9
2350 2
2352 10
2359 4
2364 6
2367 10
2370 3
2373 5
2382 7
2387 7
2391 9
2400 7
2407 2
2409 2
2416 6
2423 5
2433 9
2442 3
2442 10
2443 8
2447 4
2455 8
2461 2
2462 9
2463 10
2471 10
2472 6
2475 6
2483 10
2483 1
2487 7
2496 1
2498 7
2508 7
2508 2
2514 3
2514 4
2522 4
2523 4
2532 7
2533 1
2537 3
2546 4
2553 4
2553 7
2560 10
2560 4
2562 10
2570 8
2571 8
2581 2
2590 9
2598 2
2601 4
2611 8
2620 2
2624 7
2632 4
2638 4
2645 5
2655 4
2662 5
2666 10
2675 8
2683 10
2689 9
2694 8
2696 8
2700 1
2709 8
2712 2
2715 6
2720 4
2730 10
2733 9
2739 2
2744 3
2752 8
2760 10
2766 9
2771 2
2771 3
2772 6
2781 2
2785 2
2795 4
2805 9
2807 3
2816 2
2820 5
2823 9
2831 1
2839 4
2843 3
2843 7
2852 7
2862 3
2862 1
2867 9
2874 6
2876 2
2881 5
2883 1
2886 5
2891 2
2891 4
2893 7
2899 2
2900 6
2901 8
2909 2
2911 4
2915 5
2922 5
2922 7
2928 6
2933 2
2935 9
2939 10
2944 9
2952 4
2958 10
2959 8
2967 6
2975 10
2975 7
2979 9
2988 6
2989 5
2991 7
2995 2
2995 10
3000 4
3003 7
3005 3
3010 6
3011 1
3019 2
3028 9
3029 3
3030 3
3036 10
3046 3
3055 6
3061 4
3068 10
3075 8
3080 10
3084 7
3091 9
3095 5
3100 1
3101 1
3105 4
3110 9
3112 10
3116 10
3123 4
3131 3
3141 1
3147 4
3157 3
3158 10
3158 5
3168 10
3168 1
3176 8
3182 10
3188 2
3194 1
3197 1
3200 5
3201 9
3208 4
3211 8
3220 2
3220 6
3227 7
3237 8
3239 5
3242 7
3252 2
3255 5
3262 4
3264 7
3270 10
3275 7
3275 1
3279 4
3280 10
3290 10
3293 7
3297 7
3304 10
3308 7
3318 2
3325 10
3328 8
3329 9
3334 5
3342 10
3349 4
3354 1
3361 2
3369 10
3373 9
3377 6
3381 4
3384 1
3384 7
3391 10
3399 3
3405 6
3406 8
3412 8
3418 1
3420 8
3424 4
3427 10
3430 6
3433 10
3441 10
3441 3
3444 9
3453 9
3458 6
3460 7
3467 10
3468 2
3468 8
3476 9
3483 7
3490 4
3494 8
3500 7
3510 6
3510 8
3514 3
3519 2
3519 5
3519 9
3527 10
3532 9
3539 1
3546 8
3556 3
3557 6
3559 4
3562 3
3567 6
3575 3
3581 9
3588 10
3593 2
3600 2
3604 2
3612 7
3617 9
3618 4
3625 9
3630 9
3630 9
3639 7
3639 7
3643 4
3652 10
3657 7
3666 10
3670 8
3674 7
3681 8
3686 3
3693 5
3698 4
3706 4
3710 1
3712 8
3717 10
3719 3
3719 4
3726 2
3732 6
3733 2
3734 6
3738 7
3742 5
3751 6
3751 3
3755 2
3765 9
3769 9
3769 10
3772 1
3777 3
3785 10
3792 1
3793 1
3795 3
3798 3
3805 5
3810 3
3813 7
3819 8
3824 1
3832 6
3842 7
3847 3
3852 3
3854 9
3854 9
3858 2
3858 1
3864 8
3871 4
3872 4
3874 1
3875 9
3879 8
3889 9
3894 8
3896 1
3902 1
3903 1
3905 1
3914 9
3924 9
3929 9
3935 4
3943 5
3950 7
3953 8
3954 8
3958 9
3960 3
3961 6
3967 2
3975 5
3981 3
3990 6
3990 9
3996 3
4003 7
4010 2
4016 10
4017 10
4017 8
4018 9
4028 3
4030 1
4037 7
4041 7
4047 4
4047 1
4056 9
4063 4
4068 5
4074 7
4082 10
4082 5
4084 6
4090 8
4097 2
4097 7
4107 7
4110 3
4116 4
4121 3
4128 1
4138 8
4139 5
4140 7
4143 8
4148 5
4153 3
4154 9
4160 7
4165 10
4175 6
4181 6
4189 6
4192 8
4195 9
4195 10
4195 7
4197 1
4199 9
4202 3
4208 2
4211 6
4213 9
4216 3
4224 2
4232 7
4235 1
4241 1
4251 2
4259 6
4262 10
4262 1
4268 6
4269 9
4273 2
4273 4
4274 1
4281 8
4285 5
4290 9
4298 3
4306 5
4309 9
4315 10
4325 7
4325 1
4325 4
4325 5
4326 6
4326 8
4329 6
4331 1
4331 4
4332 8
4339 1
4344 6
4350 2
4351 7
4353 1
4360 1
4370 4
4379 6
4385 6
4386 1
4393 3
4403 9
4403 2
4413 7
4422 10
4424 8
4428 1
4435 6
4440 9
4446 2
4448 1
4453 7
4461 7
4468 6
4470 1
4480 7
4490 7
4495 4
4501 8
4507 7
4510 5
4517 3
4517 3
4522 8
4531 4
4531 9
4541 5
4551 3
4558 6
4566 5
4567 7
4571 1
4572 9
4578 2
4578 7
4588 7
4593 8
4600 7
4606 10
4613 10
4621 5
4623 1
4632 6
4633 10
4636 6
4636 1
4646 7
4649 6
4649 9
4655 5
4664 2
4666 8
4671 4
4676 1
4684 8
4687 10
4692 4
4692 3
4695 9
4702 2
4707 10
4708 10
4709 4
4714 3
4715 6
4716 9
4726 1
4728 10
4730 1
4736 1
4741 3
4744 5
4744 4
4746 5
4746 3
4755 9
4760 1
4770 9
4780 5
4784 10
4794 1
4804 1
4811 7
4813 8
4817 3
4823 7
4825 10
4833 1
4841 10
4846 8
4852 6
4854 5
4863 6
4863 1
4866 8
4875 3
4883 9
4893 3
4898 4
4898 4
4905 2
4911 3
4911 5
4920 7
4920 3
4925 7
4927 1
4927 3
4932 7
4938 7
4941 7
4948 6
4957 2
4962 4
4968 2
4971 5
4980 8
4988 5
4988 3
4994 7
4999 6
4999 4
5002 7
5005 4
5015 3
5017 1
5019 9
5020 5
5023 8
5027 10
5036 6
5043 1
5045 5
5048 9
5055 9
5065 4
5070 2
5075 1
5082 5
5084 6
5092 4
5098 7
5101 6
5107 4
5109 3
5111 3
5114 1
5117 5
5119 1
5123 3
5123 1
5130 4
5139 5
5148 2
5157 10
5157 7
5163 7
5164 6
5166 5
5167 6
5170 6
5170 7
5170 4
5180 4
5187 6
5195 6
5197 4
5207 8
5209 4
5213 6
5220 8
5224 9
5232 6
5240 9
5249 6
5259 1
5269 3
5275 1
5282 2
5282 3
5287 10
5293 3
5302 8
5309 3
5309 2
5310 8
5313 2
5319 6
5324 2
5332 2
5342 9
5346 10
5346 3
5354 10
5356 5
5364 2
5368 1
5370 2
5374 7
5374 9
5380 6
5389 1
5392 3
5400 7
5406 4
5415 3
5422 1
5422 9
5431 5
5433 8
5437 2
5443 10
5453 5
5459 10
5460 8
5466 4
5472 7
5477 3
5484 4
5486 8
5490 10
5493 4
5493 6
5496 7
5504 2
5514 3
5515 5
5522 8
5532 6
5542 3
5549 9
5556 7
5564 1
5573 10
5582 9
5584 6
5593 9
5602 1
5606 10
5614 7
5619 3
5622 7
5631 3
5631 6
5640 4
5646 4
5649 5
5654 1
5654 10
5655 4
5665 1
5674 9
5680 9
5684 4
5688 8
5697 3
5705 1
5705 6
5713 6
5715 6
5724 3
5731 3
5740 10
5740 9
5749 7
5754 2
5758 2
5759 7
5763 2
5768 1
5773 3
5778 10
5781 4
5788 3
5790 3
5792 1
5796 8
5806 6
5810 8
5817 1
5817 7
5823 4
5832 3
5842 1
5852 3
5861 7
5866 9
5871 2
5873 7
5877 3
5883 3
5885 6
5885 8
5894 10
5903 7
5905 2
5908 1
5908 5
5910 6
5910 3
5920 10
5925 4
5933 8
5942 4
5950 1
5952 5
5957 3
5967 3
5970 3
5976 6
5985 4
5993 5
5999 3
6009 1
6012 6
6018 9
6025 3
6027 9
6034 9
6037 7
6047 9
6050 3
6056 3
6063 2
6069 1
6077 7
6086 7
6089 3
6089 2
6097 10
6107 8
6108 5
6108 2
6117 2
6117 6
6124 3
6127 1
6137 9
6145 4
6151 3
6158 3
6161 2
6168 3
6175 2
6180 9
6187 2
6192 3
6201 7
6211 3
6218 8
6221 10
6229 7
6237 9
6239 6
6241 1
6245 9
6253 10
6253 5
6263 8
6270 8
6276 1
6283 5
6293 2
6295 9
6303 2
6310 6
6320 10
6322 3
6331 1
6331 1
6340 10
6345 8
6355 3
6361 5
6368 10
6369 10
6371 8
6372 5
6381 6
6390 4
6400 3
6403 1
6409 3
6413 9
6421 5
6423 8
6429 10
6429 6
6436 9
6438 6
6444 9
6450 9
6457 10
6463 4
6471 9
6480 5
6485 6
6488 3
6493 10
6496 5
6505 4
6512 9
6520 1
6527 8
6527 10
6535 8
6543 1
6551 5
6557 1
6564 8
6569 7
6577 2
6580 8
6590 4
6594 8
6603 4
6607 6
6611 5
6620 10
6624 6
6628 8
6637 1
6637 3
6639 1
6649 3
6656 4
6657 3
6667 4
6669 2
6669 1
6676 10
6683 10
6684 8
6684 3
6691 10
6696 9
6699 3
6699 8
6699 4
6706 9
6706 9
6715 8
6722 10
6725 3
6727 2
6731 2
6741 10
6750 8
6758 8
6766 7
6767 9
6770 8
6776 6
6782 7
6784 7
6784 8
6790 1
6791 8
6796 2
6806 5
6812 6
6816 8
6816 10
6819 4
6829 8
6838 9
6840 8
6844 9
6844 3
6853 4
6855 4
6858 7
6864 2
6870 9
6876 6
6881 7
6886 3
6889 8
6890 10
6898 1
6902 4
6902 5
6907 7
6908 5
6910 1
6914 10
6921 3
6929 3
6929 2
6931 8
6937 5
6938 9
6942 10
6942 1
6951 2
6955 10
6956 4
6964 9
6970 2
6977 10
6981 3
6990 10
6997 7
6999 2
7005 4
7012 6
7020 6
7027 9
7027 7
7032 8
7034 4
7034 4
7034 6
7039 8
7039 6
7040 2
7040 8
7045 8
7045 5
7053 4
7061 1
7065 9
7067 10
7073 3
7076 10
7086 5
7093 2
7097 3
7098 3
7100 9
7108 8
7112 2
7120 4
7121 4
7122 10
7123 8
7124 2
7125 10
7126 5
7130 8
7135 6
7140 8
7148 1
7156 10
7161 1
7168 5
7175 9
7183 7
7188 6
7198 3
7204 1
7205 1
7209 8
7216 5
7222 4
7228 7
7228 6
7238 1
7244 5
7246 3
7246 8
7248 7
7255 6
7265 3
7271 7
7275 10
7284 8
7290 2
7293 1
7297 9
7298 10
7304 6
7312 1
7317 2
7326 5
7328 2
7332 4
7337 2
7340 4
7349 2
7350 2
7360 2
7363 4
7372 7
7377 1
7378 10
7387 10
7392 4
7402 10
7410 6
7415 3
7420 1
7422 8
7429 7
7431 2
7433 5
7436 4
7437 5
7439 2
7439 5
7447 6
7450 4
7457 1
7466 8
7470 6
7472 8
7476 4
7481 9
7488 6
7497 5
7500 7
7510 2
7519 9
7521 1
7527 9
7534 4
7536 2
7543 3
7547 5
7548 4
7558 8
7563 3
7573 3
7580 4
7580 9
7580 6
7584 1
7592 9
7599 5
7601 3
7610 7
7613 9
7617 4
7623 2
7623 4
7628 2
7636 9
7636 3
7646 8
7656 10
7656 8
7666 7
7674 4
7677 1
7680 7
7686 3
7687 10
7696 7
7700 4
7702 2
7709 4
7711 1
7717 1
7727 5
7735 4
7745 1
7751 3
7759 5
7761 4
7768 6
7772 9
7775 9
7780 1
7788 2
7790 4
7790 5
7794 10
7795 10
7798 10
7808 5
7815 2
7819 10
7825 3
7828 2
7837 10
7847 2
7853 7
7856 9
7856 8
7865 3
7871 6
7880 9
7888 3
7891 2
7898 6
7905 9
7905 2
7907 2
7913 5
7915 4
7915 3
7919 3
7927 8
7933 10
7938 2
7946 7
7956 10
7962 7
7963 4
7966 8
7976 3
7986 9
7992 8
7998 1
8001 6
8005 6
8008 2
8016 10
8018 3
8025 5
8029 2
8032 4
8036 7
8042 7
8048 7
8058 3
8064 2
8069 8
8076 4
8076 4
8078 6
8087 10
8087 1
8090 10
8098 10
8104 10
8104 9
8104 6
8112 4
8121 9
8121 5
8128 2
8133 5
8138 8
8146 8
8153 8
8159 1
8161 2
8162 9
8168 7
8171 8
8177 3
8186 10
8193 3
8199 1
8205 6
8205 4
8215 5
8225 9
8227 7
8230 2
8232 3
8236 6
8238 6
8246 6
8254 6
8259 1
8259 1
8264 9
8271 6
8281 5
8285 8
8286 1
8287 8
8288 6
8292 8
8292 2
8293 3
8300 3
8303 4
8310 3
8310 5
8311 9
8313 4
8321 9
8323 10
8330 1
8334 1
8337 2
8342 3
8349 7
8358 8
8358 10
8366 7
8367 2
8374 6
8375 9
8381 9
8388 6
8391 7
8393 5
8401 7
8407 4
8412 10
8419 9
8422 6
8428 4
8437 5
8447 5
8457 10
8463 1
8467 3
8469 7
8473 9
8477 7
8477 6
8487 1
8493 9
8501 2
8505 3
8514 2
8518 7
8523 3
8530 10
8535 2
8535 6
8536 6
8542 4
8543 3
8553 5
8558 8
8568 1
8574 3
8584 8
8586 9
8590 5
8595 10
8595 7
8602 4
8604 1
8606 7
8606 10
8608 9
8612 5
8613 8
8619 2
8619 1
8628 7
8635 3
8644 7
8650 5
8657 5
8664 6
8673 7
8676 9
8678 9
8678 9
8682 10
8686 4
8689 10
8698 6
8707 9
8707 2
8710 9
8711 2
8715 10
8715 2
8720 3
8727 9
8733 9
8736 1
8736 7
8743 6
8746 6
8756 1
8758 3
8760 7
8764 4
8772 2
8781 7
8786 10
8787 1
8797 3
8803 9
8811 5
8812 3
8820 5
8830 7
8833 4
8833 10
8839 1
8847 4
8850 9
8858 7
8864 10
8869 4
8871 2
8871 2
8880 1
8886 9
8894 9
8899 3
8904 2
8909 3
8914 4
8923 3
8929 10
8932 1
8937 6
8945 9
8945 2
8952 8
8957 8
8962 9
8965 10
8973 6
8977 1
8987 1
8991 10
8997 9
9002 10
9006 7
9013 3
9022 8
9026 5
9034 5
9039 8
9046 1
9056 2
9059 5
9068 10
9077 1
9077 1
9085 4
9095 9
9103 5
9107 9
9111 9
9116 9
9123 10
9129 4
9129 3
9136 8
9137 10
9142 3
9149 4
9150 10
9150 4
9151 9
9151 2
9161 5
9163 8
9167 8
9175 6
9181 6
9186 2
9193 3
9193 4
9194 8
9202 4
9202 3
9208 7
9215 4
9222 3
9223 3
9226 3
9228 3
9238 1
9245 10
9248 7
9258 7
9258 6
9259 4
9267 2
9274 8
9279 6
9283 5
9287 3
9289 5
9294 5
9300 5
9300 5
9310 9
9312 9
9315 6
9320 5
9329 6
9336 3
9337 3
9346 4
9352 1
9354 2
9362 4
9371 8
9376 6
9386 5
9393 10
9400 9
9405 7
9414 8
9422 3
9430 5
9434 5
9438 10
9443 3
9453 8
9453 4
9461 4
9465 9
9469 6
9474 3
9481 6
9483 3
9487 4
9493 1
9495 4
9498 6
9506 4
9507 9
9516 7
9516 9
9520 8
9525 9
9531 1
9535 1
9540 3
9543 10
9551 7
9552 3
9561 5
9561 4
9561 10
9569 10
9578 9
9584 1
9587 1
9589 3
9592 4
9598 10
9602 9
9609 4
9616 6
9625 10
9634 9
9636 6
9644 10
9648 2
9651 8
9653 6
9663 2
9667 6
9677 10
9685 10
9695 2
9705 2
9706 1
9707 3
9717 10
9724 2
9733 9
9735 2
9742 7
9752 8
9758 8
9764 5
9769 5
9773 1
9775 10
9781 10
9782 2
9786 4
9792 7
9798 2
9799 2
9800 7
9807 3
9810 9
9818 7
9828 9
9828 2
9831 5
9833 6
9840 2
9844 8
9847 8
9852 3
9855 3
9862 1
9866 9
9874 1
9882 4
9889 5
9893 9
9894 8
9897 7
9903 2
9907 7
9907 9
9916 6
9916 1
9924 6
9929 10
9931 6
9938 7
9948 3
9957 2
9962 4
9967 8
9974 9
9976 1
9979 8
9981 9
9984 3
9987 5
9993 4
9996 6
10000 2
10009 1
10017 6
10025 1
10033 8
10034 6
10044 10
10054 7
10062 10
10065 6
10072 2
10075 2
10079 2
10088 5
10095 3
10105 5
10112 9
10115 2
10116 4
10126 7
10133 8
10140 6
10143 7
10153 8
10156 10
10163 4
10166 10
10173 7
10178 4
10183 7
10188 7
10197 5
10206 7
10210 6
10220 1
10224 5
10234 5
10244 9
10245 3
10255 10
10260 1
10261 4
10267 1
10270 3
10271 7
10280 6
10287 2
10291 4
10297 9
10297 2
10304 2
10313 10
10323 5
10330 1
10332 6
10337 2
10347 5
10349 9
10351 9
10353 6
10353 2
10356 3
10360 5
10369 3
10378 5
10380 5
10390 9
10400 7
10406 6
10413 3
10422 9
10426 8
10432 10
10433 5
10443 9
10448 8
10448 4
10451 5
10452 7
10453 5
10461 2
10464 3
10465 8
10468 4
10472 8
10476 6
10486 1
10495 5
10496 3
10505 10
10513 10
10522 3
10532 9
10541 6
10541 5
10551 10
10551 1
10552 7
10554 3
10558 5
10561 7
10569 9
10570 8
10574 9
10576 4
10578 4
10582 8
10587 9
10596 9
10597 1
10598 5
10601 1
10602 4
10610 9
10618 1
10624 7
10632 6
10639 8
10647 2
10647 6
10657 7
10662 9
10662 10
10666 10
10676 4
10682 3
10685 6
10693 9
10694 3
10696 6
10703 4
10706 2
10716 1
10718 5
10727 8
10729 9
10733 4
10742 9
10744 7
10745 1
10748 3
10758 2
10759 9
10766 9
10767 1
10773 4
10780 10
10781 8
10789 7
10798 5
10801 5
10801 9
10806 2
10813 2
10819 9
10826 2
10826 6
10831 1
10831 7
10832 7
10841 6
10850 3
10854 10
10861 8
10870 3
10872 3
10875 8
10881 8
10888 1
10889 1
10898 3
10899 2
10899 7
10904 6
10908 4
10910 2
10920 5
10922 6
10928 8
10929 3
10929 8
10932 1
10935 9
10945 9
10955 9
10955 1
10960 4
10960 2
10961 8
10966 5
10976 1
10981 2
10985 5
10994 1
10996 3
10996 4
10996 10
11001 8
11010 5
11019 9
11020 7
11030 7
11034 5
11043 4
11047 4
11057 6
11064 7
11073 1
11080 5
11088 5
11092 5
11092 8
11102 7
11103 2
11106 4
11110 8
11115 1
11121 4
11123 1
11125 10
11131 6
11136 2
11139 4
11142 7
11150 4
11158 8
11165 4
11175 4
11182 3
11184 4
11193 9
11195 9
11204 5
11210 7
11210 1
11214 4
11222 4
11230 2
11230 9
11240 9
11248 4
11254 6
11263 5
11272 10
11274 8
11278 8
11281 6
11291 6
11291 9
11299 2
11300 9
11304 9
11311 1
11320 2
11327 3
11327 5
11327 8
11332 4
11340 1
11341 2
11341 9
11349 6
11357 6
11360 9
11368 3
11372 9
11381 6
11388 6
11393 10
11403 7
11412 8
11417 9
11419 4
11422 10
11423 8
11428 7
11435 3
11437 2
11442 5
11450 5
11454 1
11462 5
11467 1
11472 4
11477 8
11486 3
11496 6
11504 2
11513 4
11520 9
11524 3
11533 9
11534 1
11535 4
11537 2
11540 6
11545 5
11551 10
11552 1
11559 7
11559 6
11565 5
11569 10
11577 3
11581 9
11581 6
11583 8
11588 10
11594 4
11598 5
11600 5
11602 10
11608 4
11613 7
11616 5
11625 6
11629 2
11629 4
11635 7
11635 9
11642 10
11645 2
11650 8
11660 7
11663 7
11669 1
11676 6
11686 3
11688 3
11693 7
11697 3
11703 1
11709 3
11713 10
11723 2
11732 8
11741 3
11743 10
11749 1
11750 6
11750 10
11760 10
11760 8
11767 6
11767 4
11772 8
11775 5
11784 5
11788 4
11796 7
11797 5
11803 10
11806 4
11808 1
11813 8
11817 3
11825 4
11825 5
11835 8
11844 2
11851 5
11859 1
11862 9
11868 7
11874 2
11881 10
11886 9
11893 5
11900 1
11904 8
11914 10
11917 6
11927 4
11930 5
11938 4
11942 3
11947 7
11947 9
11954 10
11964 2
11970 3
11977 9
11981 2
11986 5
11995 7
12002 2
12009 4
12010 1
12011 1
12012 9
12016 3
12026 7
12029 7
12031 9
12041 4
12049 1
12052 3
12054 9
12057 2
12061 7
12067 7
12073 7
12082 9
12086 1
12096 4
12101 7
12106 3
12116 9
12124 10
12130 8
12140 9
12140 9
12144 10
12153 6
12160 1
12167 1
12177 4
12177 4
12185 6
12188 5
12194 3
12194 9
12202 4
12209 7
12209 7
12209 7
12210 7
12219 6
12228 3
12230 8
12236 7
12240 7
12250 7
12259 4
12264 3
12266 3
12274 1
12282 6
12283 10
12290 8
12292 3
12299 1
12302 3
12310 6
12310 10
12312 4
12317 3
12324 9
12331 9
12338 1
12343 4
12352 3
12354 6
12355 9
12362 4
12364 3
12366 5
12367 6
12369 2
12371 4
12375 6
12382 9
12389 9
12398 9
12403 3
12404 4
12409 6
12417 1
12421 6
12427 10
12432 10
12432 7
12434 8
12443 1
12449 7
12455 3
12457 4
12464 1
12466 2
12475 1
12484 1
12487 1
12494 2
12500 1
12509 3
12509 1
12516 5
12523 6
12531 3
12533 2
12538 3
12540 2
12546 7
12556 10
12558 3
12562 6
12567 7
12569 5
12575 3
12585 10
12593 8
12597 9
12605 1
12615 3
12619 5
12625 3
12630 1
12631 7
12634 8
12644 10
12651 9
12654 9
12660 5
12660 7
12661 9
12663 5
12670 10
12677 9
12680 1
12687 5
12691 8
12693 6
12699 3
12699 9
12701 9
12704 4
12713 5
12721 3
12731 6
12735 10
12738 1
12743 3
12752 1
12753 2
12758 7
12763 9
12769 6
12777 5
12783 5
12783 10
12788 1
12792 1
12800 6
12804 10
12809 8
12813 8
12822 5
12825 2
12833 4
12838 7
12848 1
12857 7
12859 1
12863 4
12865 4
12870 2
12876 7
12883 3
12889 9
12896 4
12899 5
12901 8
12908 4
12915 5
12922 2
12924 10
12934 9
12941 10
12946 6
12953 8
12958 9
12961 6
12967 2
12968 8
12973 6
12979 1
12985 5
12994 8
12996 7
12998 6
13004 6
13004 3
13006 2
13009 7
13016 6
13021 8
13030 4
13038 10
13039 7
13040 9
13044 9
13047 1
13049 7
13059 2
13065 5
13065 4
13068 5
13072 7
13077 10
13077 5
13080 8
13090 3
13099 9
13101 8
13104 1
13108 8
13115 7
13119 6
13127 1
13128 1
13128 10
13130 4
13139 1
13143 4
13151 5
13155 9
13161 3
13162 5
13171 4
13174 9
13175 1
13181 7
13183 7
13189 5
13189 4
13198 1
13203 10
13204 9
13207 8
13213 4
13222 3
13232 7
13232 4
13241 10
13250 6
13259 5
13264 8
13270 9
13274 8
13277 3
13282 8
13285 4
13285 1
13286 10
13295 9
13305 1
13309 7
13309 10
13313 10
13313 3
13318 10
13327 7
13330 4
13333 3
13335 9
13342 3
13347 1
13351 5
13351 4
13355 10
13364 1
13367 5
13375 9
13379 10
13387 4
13387 6
13387 4
13387 4
13396 10
13404 10
13411 4
13416 5
13426 2
13431 5
13432 7
13439 8
13448 6
13457 7
13457 9
13463 5
13465 3
13473 9
13475 4
13480 6
13487 9
13497 2
13499 1
13500 5
13501 10
13511 10
13513 5
13513 7
13518 3
13523 5
13531 3
13540 7
13544 10
13546 6
13555 8
13558 10
13561 1
13564 1
13568 2
13571 7
13579 8
13585 10
13592 9
13601 3
13602 3
13604 7
13606 7
13614 4
13617 10
13626 4
13629 4
13631 5
13634 8
13644 7
13653 2
13654 1
13657 4
13661 5
13671 2
13681 8
13685 8
13692 3
13692 8
13702 7
13702 8
13702 4
13712 6
13721 5
13729 6
13737 4
13744 9
13753 3
13753 9
13760 9
13762 6
13768 6
13774 1
13784 2
13786 5
13793 5
13799 9
13804 5
13811 1
13815 9
13820 6
13827 9
13834 1
13841 9
13846 8
13848 10
13856 4
13866 10
13874 6
13883 3
13888 10
13897 4
13905 8
13907 6
13909 1
13916 8
13920 2
13927 1
13933 9
13938 2
13944 9
13950 10
13952 10
13959 9
13961 2
13966 7
13971 2
13973 5
13978 2
13983 1
13990 8
13991 8
13992 7
14001 3
14009 2
14013 10
14019 9
14024 5
14027 3
14030 8
14030 8
14036 1
14045 8
14049 9
14059 7
14066 2
14073 10
14078 5
14080 1
14082 1
14087 2
14088 4
14092 6
14099 3
14102 5
14110 3
14116 7
14123 10
14124 1
14130 4
14135 9
14140 3
14147 9
14154 7
14154 5
14160 3
14160 1
14164 10
14173 9
14182 3
14192 5
14195 7
14205 3
14213 7
14219 6
14227 1
14227 10
14236 7
14246 9
14247 10
14257 9
14260 3
14260 3
14264 7
14271 6
14280 5
14289 9
14297 3
14304 9
14309 7
14314 4
14323 2
14325 10
14333 4
14333 10
14342 5
14346 9
14346 2
14352 8
14354 1
14359 9
14366 7
14376 8
14384 3
14390 10
14394 2
14394 6
14396 7
14405 1
14415 8
14422 5
14429 2
14435 10
14439 6
14449 3
14449 4
14452 3
14456 2
14464 9
14471 8
14471 5
14471 3
14471 4
14472 8
14473 1
14478 9
14482 9
14489 1
14494 5
14502 7
14505 4
14510 10
14513 2
14521 10
14530 6
14532 2
14533 10
14542 3
14545 4
14553 10
14558 9
14558 2
14559 1
14566 6
14569 10
14576 4
14585 5
14586 3
14592 7
14592 8
14601 5
14601 6
14604 2
14605 9
14609 2
14618 3
14627 1
14635 8
14645 8
14646 7
14649 5
14654 4
14661 4
14662 7
14664 2
14668 4
14670 2
14680 2
14680 8
14688 1
14694 5
14697 10
14697 9
14698 7
14708 10
14718 7
14727 7
14729 7
14738 10
14743 4
14746 6
14755 1
14757 9
14762 1
14768 6
14772 9
14778 6
14782 6
14787 7
14788 3
14795 1
14800 3
14802 6
14809 10
14815 3
14823 10
14831 3
14832 6
14833 7
14843 3
14848 1
14854 6
14864 2
14867 3
14870 7
14878 7
14879 8
14882 5
14887 2
14889 10
14899 3
14908 6
14910 4
14915 10
14916 3
14923 4
14927 6
14932 2
14934 3
14941 7
14949 1
14952 8
14953 7
14962 3
14965 2
14971 6
14978 4
14986 2
14987 7
14997 8
14999 7
15006 6
15015 3
15025 1
15030 3
15034 5
15040 5
15046 4
15046 8
15047 2
15048 1
15050 5
15059 3
15063 2
15073 1
15082 1
15082 3
15090 10
15092 5
15098 1
15098 10
15105 3
15107 9
15107 6
15113 6
15114 8
15121 6
15124 2
15126 4
15129 8
15138 8
15139 2
15141 6
15143 8
15147 4
15147 8
15150 5
15156 8
15163 8
15168 4
15173 9
15178 10
15186 7
15189 4
15190 10
15200 6
15204 6
15209 9
15216 3
15216 3
15218 6
15228 2
15233 2
15241 4
15250 3
15260 3
15266 1
15266 9
15266 7
15267 2
15276 10
15285 4
15292 8
15299 7
15307 10
15307 1
15312 3
15312 4
15316 4
15325 6
15335 7
15338 9
15348 1
15355 8
15360 3
15360 4
15366 8
15370 6
15370 1
15374 1
15378 3
15382 6
15382 7
15388 10
15388 9
15390 6
15398 4
15402 6
15407 6
15412 5
15419 4
15420 2
15423 10
15424 1
15425 4
15433 2
15438 4
15438 3
15441 8
15445 9
15450 9
15451 5
15459 3
15468 10
15470 6
15472 9
15479 5
15484 5
15490 1
15500 5
15509 8
15516 2
15519 5
15523 4
15523 9
15529 1
15531 10
15537 3
15546 10
15548 5
15552 8
15555 10
15560 6
15567 7
15569 10
15571 2
15580 1
15580 2
15584 10
15590 2
15592 9
15600 7
15607 1
15609 7
15611 3
15612 10
15619 7
15621 4
15631 5
15638 10
15640 5
15640 5
15646 8
15647 6
15650 4
15650 8
15657 2
15664 5
15671 7
15675 6
15677 3
15677 10
15682 8
15689 2
15690 7
15692 10
15692 9
15693 2
15702 3
15704 7
15711 5
15717 10
15725 2
15727 9
15736 6
15746 10
15751 3
15758 10
15758 6
15758 4
15764 7
15766 8
15766 8
15775 2
15778 7
15778 9
15778 4
15788 10
15791 4
15799 6
15801 4
15802 1
15805 8
15810 6
15810 4
15811 8
15812 3
15820 6
15824 4
15832 5
15836 9
15839 6
15848 4
15856 1
15866 5
15867 10
15876 3
15883 4
15892 3
15895 4
15895 2
15895 9
15901 8
15901 10
15901 4
15904 7
15908 8
15913 7
15919 9
15920 9
15925 7
15928 10
15931 1
15934 3
15939 9
15946 2
15952 9
15958 8
15968 5
15976 1
15977 6
15980 2
15982 10
15987 7
15994 1
16003 10
16010 5
16013 10
16020 7
16028 1
16038 1
16042 6
16047 1
16052 9
16055 7
16060 7
16069 5
16077 6
16080 10
16086 4
16092 8
16102 8
16104 4
16104 9
16110 2
16117 8
16125 3
16134 2
16143 1
16148 2
16158 10
16162 10
16167 8
16173 2
16176 10
16181 2
16182 9
16191 1
16196 8
16203 6
16205 1
16207 2
16217 9
16226 8
16234 7
16240 9
16241 9
16243 4
16253 6
16255 8
16262 1
16269 3
16277 10
16285 4
16285 7
16294 8
16297 4
16304 3
16311 8
16320 2
16327 4
16336 3
16337 1
16338 2
16344 3
16354 4
16361 10
16368 4
16377 2
16379 9
16383 10
16391 6
16399 9
16408 7
16414 10
16419 2
16428 2
16436 9
16438 2
16448 2
16449 2
16458 10
16461 3
16461 3
16464 4
16473 3
16483 9
16484 8
16491 10
16500 5
16503 5
16504 6
16511 2
16511 2
16518 7
16524 10
16532 9
16533 3
16539 6
16539 9
16541 6
16545 6
16548 3
16555 3
16565 10
16572 5
16581 5
16584 2
16590 7
16590 10
16590 7
16596 2
16601 9
16606 1
16613 1
16618 10
16622 2
16630 2
16630 2
16631 8
16639 5
16639 7
16643 5
16651 6
16655 3
16663 7
16672 5
16672 9
16681 6
16682 4
16691 7
16701 6
16704 9
16710 5
16718 5
16727 1
16730 8
16740 10
16740 7
16745 9
16755 4
16760 5
16764 9
16773 8
16782 3
16783 2
16786 5
16792 9
16795 6
16798 5
16803 9
16808 3
16818 5
16819 3
16825 2
16825 5
16831 10
16840 9
16847 3
16855 2
16859 10
16859 5
16866 6
16874 1
16878 10
16888 5
16890 3
16895 7
16899 1
16907 10
16917 2
16919 3
16929 6
16930 9
16935 9
16945 6
16949 9
16949 4
16951 8
16959 7
16967 10
16972 7
16979 10
16987 8
16989 4
16998 8
17008 7
17012 6
17020 2
17025 6
17025 6
17033 8
17035 4
17037 10
17040 6
17049 1
17053 9
17060 8
17070 2
17079 2
17085 6
17085 10
17087 10
17089 9
17094 1
17104 1
17114 7
17123 4
17123 4
17125 4
17133 9
17135 5
17137 3
17145 7
17153 8
17163 1
17171 8
17178 10
17188 9
17197 8
17201 3
17210 9
17211 1
17214 1
17215 5
17218 4
17222 1
17228 4
17238 3
17240 1
17245 10
17246 5
17254 4
17255 8
17258 3
17266 6
17270 6
17280 7
17289 8
17291 3
17298 5
17304 8
17312 9
17315 2
17315 4
17320 3
17324 2
17328 4
17338 5
17345 1
17346 8
17355 4
17364 2
17368 5
17376 1
17379 2
17380 9
17380 2
17387 10
17394 10
17400 6
17409 10
17414 1
17424 5
17431 8
17436 3
17443 3
17453 5
17461 10
17469 4
17477 10
17482 7
17486 4
17491 8
17498 2
17501 10
17501 1
17504 5
17507 5
17510 9
17515 8
17518 10
17526 9
17530 6
17532 4
17539 10
17546 4
17551 6
17558 5
17567 4
17576 3
17581 6
17582 3
17590 7
17596 3
17606 9
17613 8
17623 10
17624 3
17632 6
17633 7
17643 4
17646 3
17652 9
17656 5
17656 5
17659 4
17667 4
17667 4
17674 2
17680 9
17685 6
17695 2
17700 5
17706 4
17706 7
17708 10
17708 10
17711 2
17715 1
17723 1
17729 6
17736 10
17741 1
17749 1
17758 9
17767 6
17772 6
17778 2
17782 6
17782 2
17788 5
17791 3
17797 5
17807 5
17817 3
17827 2
17834 10
17840 7
17849 6
17853 4
17861 7
17870 9
17876 10
17886 1
17889 9
17891 10
17900 7
17900 1
17906 9
17908 8
17914 2
17923 1
17927 4
17930 1
17939 5
17947 4
17952 7
17956 4
17965 7
17971 5
17981 10
17988 1
17998 10
18008 1
18013 10
18022 3
18032 1
18032 5
18032 1
18033 6
18037 3
18046 9
18050 6
18055 10
18056 7
18056 7
18063 2
18069 9
18072 2
18081 2
18086 9
18093 4
18096 6
18099 8
18107 5
18113 4
18115 5
18121 1
18125 3
18129 1
18139 6
18143 10
18143 8
18151 1
18154 8
18154 4
18155 6
18164 10
18166 7
18169 1
18172 1
18180 3
18180 6
18187 6
18189 2
18197 1
18200 8
18205 7
18214 1
18218 8
18227 1
18236 8
18236 7
18236 2
18241 6
18250 7
18259 8
18259 5
18268 3
18269 2
18273 1
18275 5
18285 6
18294 6
18302 4
18310 7
18315 3
18325 3
18326 3
18330 8
18340 6
18342 9
18349 5
18353 7
18357 7
18359 6
18362 5
18364 6
18371 7
18378 6
18388 6
18394 6
18403 10
18409 2
18412 3
18413 4
18423 5
18431 5
18433 9
18439 1
18446 3
18447 4
18457 9
18464 9
18464 4
18471 6
18475 10
18476 10
18485 1
18493 4
18495 9
18497 7
18497 1
18500 5
18510 5
18512 6
18517 2
18520 8
18524 3
18531 7
18541 2
18542 6
18547 5
18548 3
18554 7
18554 2
18559 3
18566 2
18566 10
18567 6
18573 4
18577 7
18583 5
18584 7
18587 2
18587 4
18597 7
18600 5
18601 7
18606 7
18608 5
18609 1
18615 7
18624 4
18627 10
18629 6
18632 4
18638 8
18648 6
18653 8
18656 9
18660 2
18666 3
18669 7
18678 7
18686 3
18696 3
18699 10
18702 5
18710 9
18720 4
18724 10
18728 5
18737 10
18742 5
18745 2
18753 1
18759 1
18769 1
18775 3
18778 1
18782 10
18782 9
18788 8
18793 2
18800 2
18801 1
18807 8
18815 1
18819 1
18823 7
18829 1
18830 7
18830 9
18837 1
18843 8
18849 7
18851 8
18854 8
18860 1
18870 4
18880 8
18880 6
18882 3
18887 4
18894 3
18895 9
18904 9
18905 10
18906 5
18907 10
18913 3
18918 2
18919 3
18920 9
18921 10
18931 8
18938 8
18941 3
18947 1
18950 7
18954 10
18958 1
18964 1
18972 8
18981 10
18985 9
18991 5
18997 4
18998 3
19000 4
19005 7
19008 2
19017 6
19025 8
19026 4
19032 10
19034 10
19037 4
19037 2
19039 6
19039 2
19049 4
19051 10
19061 4
19070 4
19074 5
19074 10
19074 7
19074 2
19075 2
19079 1
19083 1
19089 4
19090 3
19096 8
19099 7
19107 7
19116 6
19119 4
19129 10
19136 10
19137 10
19146 2
19149 7
19156 2
19164 9
19165 4
19169 4
19176 6
19186 6
19192 6
19199 6
19208 7
19218 2
19227 2
19227 8
19227 4
19235 4
19236 4
19242 9
19243 4
19247 1
19248 9
19253 7
19253 1
19259 1
19262 6
19269 2
19270 8
19271 3
19274 5
19274 5
19284 8
19294 7
19299 4
19304 10
19309 4
19314 7
19319 7
19329 2
19331 6
19339 8
19343 1
19347 5
19347 6
19350 2
19353 1
19357 2
19367 7
19377 6
19380 4
19388 2
19388 9
19398 5
19398 2
19405 4
19415 10
19420 10
19429 4
19434 1
19435 6
19443 2
19452 9
19455 10
19455 2
19463 9
19467 2
19474 5
19479 7
19485 4
19487 8
19495 7
19501 2
19502 9
19512 2
19521 7
19522 10
19523 9
19528 2
19530 5
19534 5
19539 1
19543 3
19553 7
19559 8
19560 9
19567 9
19574 4
19582 2
19583 7
19585 3
19589 6
19593 2
19601 4
19608 6
19609 9
19609 2
19615 7
19621 7
19630 7
19630 4
19637 1
19642 3
19646 5
19655 10
19660 1
19666 4
19666 7
19667 4
19672 3
19678 9
19682 2
19691 3
19697 6
19700 2
19702 8
19702 8
19708 10
19709 6
19712 6
19716 4
19725 8
19730 6
19735 8
19740 6
19740 2
19742 5
19747 4
19747 3
19748 1
19749 3
19753 2
19753 7
19755 4
19761 6
19771 8
19771 9
19776 10
19779 1
19787 9
19794 10
19799 9
19805 8
19813 5
19819 6
19826 6
19836 6
19838 2
19843 9
19853 6
19860 6
19867 5
19868 10
19875 4
19885 5
19894 5
19902 4
19905 2
19905 10
19913 3
19920 5
19928 8
19929 9
19931 4
19935 9
19940 3
19944 7
19947 2
19949 4
19958 8
19960 6
19964 4
19973 9
19983 4
19988 3
19989 8
19998 6
20002 8
20012 7
20016 2
20021 5
20030 2
20038 6
20040 8
20048 9
20054 10
20060 1
20065 8
20070 2
20079 3
20086 9
20094 4
20102 7
20102 9
20105 4
20109 1
20116 8
20119 2
20121 7
20130 4
20132 8
20139 2
20141 2
20149 1
20150 1
20156 10
20158 4
20167 2
20177 7
20181 7
20189 2
20196 2
20206 2
20213 5
20215 7
20223 3
20230 7
20240 4
20242 4
20247 4
20257 10
20266 3
20276 9
20277 5
20279 6
20289 8
20299 3
20300 1
20303 6
20310 5
20319 8
20327 6
20331 3
20334 4
20334 6
20340 3
20346 10
20355 9
20363 1
20363 5
20373 9
20380 9
20383 5
20387 10
20391 7
20398 4
20398 3
20405 9
20413 1
20420 4
20423 9
20426 2
20432 2
20442 9
20448 7
20449 3
20456 9
20466 1
20470 4
20471 5
20479 4
20489 7
20489 8
20498 3
20508 7
20518 7
20524 3
20524 6
20524 1
20527 1
20535 2
20544 6
20545 9
20554 5
20562 8
20564 4
20570 10
20580 1
20583 8
20583 8
20583 1
20585 3
20585 1
20593 3
20601 6
20603 2
20605 1
20611 7
20616 6
20624 4
20625 3
20628 10
20637 1
20637 10
20647 2
20657 6
20666 10
20671 1
20672 7
20678 4
20688 8
20688 9
20693 5
20696 9
20704 9
20712 8
20720 3
20722 6
20725 6
20726 3
20727 5
20737 3
20745 7
20750 7
20752 8
20758 7
20766 2
20776 6
20786 4
20786 9
20787 10
20788 7
20797 5
20800 7
20804 1
20814 9
20815 10
20818 1
20827 8
20833 10
20840 4
20849 3
20852 4
20859 2
20867 5
20872 3
20874 7
20880 8
20886 6
20896 3
20905 8
20906 1
20909 8
20918 4
20918 1
20926 4
20927 1
20937 10
20947 7
20951 7
20960 2
20964 8
20973 2
20983 1
20987 2
20988 3
20993 7
20995 7
21000 6
21005 2
21005 5
21013 3
21016 1
21021 3
21030 4
21037 1
21038 9
21046 7
21055 7
21058 7
21062 3
21065 9
21069 4
21070 5
21072 9
21082 9
21087 3
21091 10
21093 5
21103 4
21105 4
21111 7
21115 6
21117 6
21124 3
21125 3
21132 5
21135 7
21143 10
21153 1
21162 9
21165 3
21169 1
21177 8
21177 7
21183 7
21183 8
21190 8
21191 9
21194 8
21195 9
21199 7
21204 4
21212 5
21222 6
21222 4
21224 7
21231 1
21238 2
21238 4
21248 2
21258 2
21262 4
21263 7
21263 5
21263 4
21268 7
21273 9
21273 7
21283 5
21289 2
21294 10
21295 8
21295 7
21302 10
21305 10
21306 2
21308 5
21311 3
21319 1
21325 8
21326 1
21327 8
21335 5
21340 5
21348 6
21355 1
21360 6
21362 9
21364 10
21364 2
21365 4
21369 2
21373 3
21380 2
21386 2
21393 9
21393 6
21394 4
21399 2
21403 1
21406 6
21409 6
21415 3
21425 4
21427 6
21437 2
21437 3
21443 10
21451 9
21454 1
21454 3
21463 5
21466 10
21472 10
21473 8
21482 10
21490 5
21491 7
21496 2
21503 10
21503 9
21511 8
21518 7
21519 9
21521 10
21527 7
21527 3
21530 10
21540 3
21548 4
21555 3
21558 6
21562 9
21565 4
21568 4
21571 10
21573 7
21574 5
21576 4
21586 1
21589 4
21593 8
21598 10
21602 9
21604 10
21605 4
21612 5
21622 10
21629 3
21637 8
21644 10
21644 2
21654 5
21659 2
21661 10
21662 6
21668 8
21674 1
21683 5
21684 4
21694 2
21699 7
21703 8
21706 5
21707 2
21715 2
21722 2
21725 9
21733 10
21736 9
21743 1
21743 5
21751 10
21760 2
21761 6
21763 10
21764 3
21767 7
21775 6
21777 5
21777 3
21779 10
21785 1
21795 2
21805 10
21812 3
21817 7
21821 4
21821 6
21823 4
21825 1
21826 10
21834 4
21840 6
21845 6
21855 10
21861 7
21861 6
21864 1
21874 1
21875 1
21880 5
21881 2
21884 9
21886 7
21888 9
21896 8
21900 5
21903 5
21911 2
21917 3
21918 2
21924 4
21932 10
21942 8
21942 9
21944 4
21947 8
21949 4
21952 3
21952 9
21957 1
21961 1
21961 9
21966 6
21967 8
21971 5
21977 1
21979 10
21987 8
21997 1
22006 8
22013 2
22015 1
22020 5
22030 6
22037 8
22047 1
22057 1
22062 6
22068 2
22077 8
22082 7
22088 1
22092 9
22096 6
22101 6
22103 7
22113 2
22114 1
22123 3
22129 10
22130 5
22132 1
22134 10
22143 5
22153 2
22159 10
22166 2
22175 8
22176 9
22180 1
22181 10
22189 3
22199 5
22202 8
22208 4
22215 8
22216 9
22219 6
22221 7
22231 1
22239 5
22242 7
22244 3
22247 6
22256 1
22264 8
22264 5
22272 2
22272 5
22273 9
22278 9
22278 7
22283 7
22289 9
22293 5
22300 2
22304 3
22305 6
22313 6
22321 10
22330 4
22335 7
22343 9
22349 9
22357 8
22358 5
22360 6
22363 7
22365 7
22368 8
22376 7
22377 3
22387 1
22393 8
22399 4
22400 5
22406 6
22406 6
22410 10
22418 10
22418 5
22418 6
22427 1
22435 8
22444 10
22447 10
22447 6
22453 7
22458 4
22461 7
22463 1
22463 7
22473 5
22481 1
22485 1
22487 6
22497 10
22500 9
22503 7
22508 6
22509 6
22515 5
22523 1
22528 3
22529 7
22539 5
22540 4
22550 4
22557 5
22558 6
22566 9
22569 2
22571 6
22574 7
22579 2
22584 1
22585 3
22588 10
22597 7
22597 1
22601 2
22603 3
22607 9
22610 7
22615 5
22615 10
22619 6
22625 1
22631 7
22641 4
22644 6
22648 7
22648 10
22648 5
22648 9
22656 5
22662 3
22668 9
22675 7
22685 4
22686 10
22686 6
22686 8
22696 6
22699 8
22703 4
22712 6
22720 10
22729 7
22735 7
22741 10
22741 10
22750 9
22758 5
22761 6
22766 8
22772 5
22780 2
22790 1
22790 8
22791 10
22796 2
22805 10
22810 2
22820 9
22825 4
22825 8
22828 2
22837 3
22837 5
22845 6
22852 5
22859 6
22865 4
22871 5
22876 8
22882 2
22885 10
22885 3
22886 9
22892 10
22893 1
22902 8
22912 7
22916 10
22924 10
22925 4
22926 9
22930 2
22930 9
22938 5
22941 3
22944 6
22950 10
22953 5
22953 10
22954 4
22955 3
22958 5
22961 3
22969 1
22974 5
22974 8
22978 5
22988 6
22988 1
22994 9
23001 9
23008 10
23016 3
23023 1
23030 2
23038 5
23040 7
23046 7
23052 4
23054 5
23054 3
23059 2
23062 7
23065 2
23073 10
23078 5
23081 6
23083 9
23093 3
23099 4
23102 5
23112 3
23112 8
23116 4
23121 8
23126 3
23133 4
23139 9
23141 4
23151 9
23156 2
23164 6
23167 10
23173 8
23180 4
23185 9
23195 3
23204 4
23210 3
23213 4
23222 9
23225 3
23232 2
23232 5
23237 3
23240 1
23241 10
23244 2
23244 1
23248 4
23253 4
23253 7
23254 6
23255 9
23255 2
23258 10
23267 1
23275 5
23276 7
23276 9
23281 7
23283 2
23286 7
23294 7
23303 5
23307 6
23316 5
23321 9
23321 5
23321 10
23327 2
23333 10
23340 5
23348 6
23348 7
23348 9
23348 6
23357 1
23358 8
23359 3
23364 3
23366 4
23374 1
23383 9
23383 10
23391 7
23401 2
23411 7
23416 1
23416 6
23419 8
23427 4
23436 9
23437 7
23445 5
23453 10
23460 9
23462 5
23467 7
23476 10
23482 6
23491 3
23497 1
23506 3
23508 10
23512 4
23520 8
23525 2
23529 3
23531 4
23538 1
23538 7
23538 8
23542 1
23551 8
23556 5
23561 7
23567 3
23576 5
23585 4
23588 7
23590 4
23590 4
23592 3
23593 5
23594 7
23599 9
23607 5
23608 7
23612 3
23622 9
23632 9
23634 6
23634 6
23644 8
23653 6
23661 5
23668 10
23674 6
23684 1
23686 8
23686 8
23687 4
23693 7
23700 10
23708 8
23717 9
23726 5
23728 1
23735 6
23742 10
23742 5
23745 2
23747 6
23752 8
23753 10
23762 7
23772 4
23782 2
23792 2
23796 2
23799 1
23801 8
23810 4
23819 8
23823 9
23831 2
23839 4
23848 10
23856 3
23863 9
23871 4
23880 2
23883 7
23893 1
23898 7
23904 8
23906 2
23909 5
23909 7
23910 6
23913 4
23918 8
23924 3
23930 1
23934 6
23944 2
23951 8
23957 9
23962 9
23962 5
23967 3
23968 4
23970 10
23974 1
23978 4
23983 3
23983 9
23987 7
23988 1
23995 10
23998 1
24001 8
24001 6
24008 5
24008 7
24008 10
24008 4
24018 4
24024 3
24025 1
24028 5
24031 6
24034 5
24041 6
24049 4
24055 2
24058 7
24062 6
24065 6
24072 8
24076 5
24084 4
24091 2
24094 3
24101 4
24110 2
24118 8
24118 4
24123 4
24124 10
24128 7
24135 5
24136 3
24146 8
24156 5
24164 4
24174 4
24178 7
24187 7
24192 1
24201 6
24202 3
24203 5
24205 9
24210 5
24215 9
24221 3
24224 7
24224 6
24225 6
24229 10
24229 1
24230 10
24239 8
24248 9
24252 9
24255 3
24255 10
24258 7
24264 7
24268 8
24272 6
24272 9
24279 8
24286 8
24292 7
24296 5
24298 10
24298 9
24302 2
24302 8
24306 6
24315 5
24322 7
24325 4
24332 8
24333 9
24337 6
24342 8
24348 4
24353 9
24363 2
24370 1
24372 9
24372 3
24374 8
24384 7
24387 2
24393 9
24400 6
24409 4
24412 10
24413 7
24418 2
24423 1
24430 9
24431 6
24438 3
24444 7
24454 7
24455 8
24460 1
24463 1
24466 6
24468 3
24472 5
24472 3
24478 1
24481 2
24488 5
24497 8
24501 2
24507 9
24511 3
24517 2
24523 7
24523 7
24526 2
24534 1
24544 7
24548 8
24557 3
24566 9
24572 3
24575 7
24582 6
24584 3
24594 9
24602 8
24610 7
24612 4
24620 7
24624 1
24627 8
24632 6
24640 6
24644 2
24646 7
24652 4
24655 4
24662 7
24662 6
24668 1
24671 10
24680 9
24684 6
24688 2
24688 4
24697 3
24703 5
24706 10
24706 5
24711 1
24711 2
24718 1
24726 4
24735 7
24744 5
24747 7
24753 6
24755 4
24765 9
24773 8
24782 10
24782 6
24789 1
24792 6
24801 7
24807 7
24813 10
24821 7
24825 5
24834 6
24841 3
24845 10
24845 9
24853 4
24860 2
24863 3
24863 2
24870 5
24873 6
24874 9
24879 7
24888 6
24898 4
24900 4
24907 9
24910 2
24919 1
24922 3
24922 5
24927 9
24931 1
24931 9
24941 3
24951 8
24956 6
24958 4
24964 6
24973 3
24975 3
24979 1
24988 4
24998 5
25000 4
25004 8
25014 7
25020 9
25024 2
25029 4
25031 6
25035 6
25036 2
25041 7
25043 10
25051 7
25060 6
25070 6
25077 1
25077 9
25083 9
25091 9
25099 5
25105 5
25112 7
25115 3
25125 2
25127 7
25136 10
25142 1
25146 6
25146 5
25149 6
25155 4
25160 2
25165 3
25172 1
25175 9
25178 9
25184 6
25187 4
25191 1
25201 8
25203 1
25212 3
25216 10
25217 9
25221 1
25221 5
25223 1
25227 10
25230 1
25237 7
25239 10
25248 4
25253 5
25255 5
25255 5
25256 5
25263 1
25263 7
25273 5
25274 5
25278 10
25287 5
25291 9
25301 8
25301 8
25308 2
25310 2
25319 4
25321 6
25324 5
25324 1
25329 9
25329 6
25333 2
25338 2
25338 1
25342 9
25343 4
25353 1
25362 10
25368 8
25378 8
25386 9
25389 9
25396 2
25397 10
25406 3
25407 9
25417 4
25424 3
25431 8
25431 8
25433 10
25436 5
25446 6
25453 1
25460 8
25460 4
25463 5
25465 4
25471 8
25475 4
25485 2
25495 1
25501 5
25501 2
25508 9
25518 2
25527 3
25535 1
25538 1
25538 3
25548 3
25550 5
25551 2
25558 6
25564 2
25572 2
25575 4
25576 10
25585 8
25593 1
25601 10
25603 6
25610 9
25610 4
25620 9
25626 8
25635 4
25643 9
25650 4
25652 7
25655 5
25660 10
25662 1
25663 5
25664 2
25668 5
25672 1
25673 9
25675 8
25683 10
25693 9
25702 8
25708 6
25711 2
25719 3
25721 8
25722 7
25725 7
25734 10
25734 8
25737 1
25743 6
25751 6
25756 2
25764 7
25772 2
25773 3
25775 1
25785 8
25790 8
25798 3
25800 9
25801 7
25810 9
25819 1
25826 9
25826 2
25832 3
25832 7
25834 3
25843 10
25845 9
25850 4
25853 1
25860 5
25865 4
25870 7
25880 10
25881 10
25885 1
25887 6
25896 2
25899 4
25903 5
25905 2
25912 4
25917 2
25925 4
25925 7
25933 7
25940 6
25950 1
25958 5
25961 9
25961 10
25967 7
25971 9
25971 4
25975 5
25982 1
25991 9
25995 7
26004 1
26014 7
26021 8
26023 3
26033 6
26033 9
26039 4
26042 9
26047 5
26051 3
26051 4
26054 4
26058 8
26066 6
26076 3
26080 1
26087 7
26089 4
26097 2
26101 9
26104 10
26105 2
26107 3
26107 1
26107 4
26112 3
26116 10
26116 7
26122 3
26131 10
26136 6
26145 3
26146 8
26149 8
26152 4
26155 10
26163 2
26164 9
26170 3
26174 6
26176 5
26178 7
26180 5
26182 5
26190 9
26199 5
26209 7
26210 8
26214 5
26221 6
26229 2
26238 4
26248 8
26248 2
26256 4
26263 9
26263 4
26266 3
26275 2
26284 8
26289 7
26295 5
26295 2
26296 8
26304 8
26313 7
26314 9
26320 5
26323 5
26326 9
26332 2
26338 9
26344 5
26348 6
26352 4
26362 7
26368 8
26378 4
26387 5
26395 8
26400 7
26407 5
26416 5
26421 3
26425 7
26433 8
26439 1
26442 7
26442 10
26446 3
26452 7
26462 4
26467 3
26472 6
26477 1
26482 1
26488 6
26490 3
26500 5
26502 10
26502 8
26502 1
26512 6
26516 6
26522 2
26530 8
26537 9
26539 6
26542 1
26542 10
26549 3
26553 9
26557 5
26560 1
26560 7
26564 4
26564 10
26569 4
26572 5
26577 2
26581 1
26590 10
26598 4
26607 4
26611 8
26617 7
26617 2
26627 4
26631 8
26637 9
26640 8
26643 2
26643 2
26644 6
26649 8
26650 6
26658 9
26665 10
26674 1
26676 8
26685 7
26685 4
26691 10
26691 9
26698 2
26699 5
26701 5
26702 8
26712 5
26717 1
26725 3
26735 5
26738 4
26744 7
26752 1
26753 6
26757 9
26758 9
26763 7
26770 9
26774 8
26775 9
26776 1
26781 7
26784 2
26786 2
26789 7
26790 9
26796 2
26801 6
26807 10
26811 10
26814 4
26822 9
26825 9
26833 1
26835 5
26844 9
26853 9
26863 4
26873 6
26882 8
26884 1
26892 5
26900 4
26906 5
26912 6
26921 6
26923 6
26925 1
26925 5
26933 2
26939 10
26939 6
26946 9
26947 1
26957 5
26966 1
26974 7
26980 8
26984 10
26988 8
26997 10
27001 5
27010 1
27010 9
27014 8
27022 6
27024 5
27025 8
27032 1
27037 1
27047 8
27051 4
27055 6
27055 8
27062 7
27066 3
27074 2
27076 2
27076 5
27079 7
27087 3
27090 3
27096 4
27105 1
27107 10
27114 2
27115 2
27122 6
27131 10
27131 8
27131 2
27138 5
27138 9
27148 5
27155 8
27158 9
27167 4
27172 10
27178 2
27183 6
27184 3
27192 3
27192 6
27199 7
27209 4
27210 4
27220 3
27223 1
27226 4
27232 8
27235 10
27239 5
27242 8
27246 4
27253 6
27258 5
27267 8
27275 8
27278 8
27282 10
27289 9
27298 8
27308 3
27309 7
27311 5
27312 9
27317 2
27321 10
27321 8
27326 2
27331 6
27333 4
27342 4
27350 8
27360 7
27369 4
27372 5
27372 2
27376 1
27378 5
27386 4
27395 10
27401 7
27409 5
27415 6
27425 9
27426 4
27436 5
27444 7
27452 2
27460 4
27463 1
27472 8
27473 4
27475 2
27480 4
27483 2
27491 1
27492 5
27502 4
27510 4
27514 2
27520 8
27525 8
27526 9
27535 8
27541 8
27548 1
27549 2
27551 4
27559 6
27568 10
27568 1
27574 9
27584 10
27590 7
27591 7
27595 3
27598 5
27607 9
27616 6
27625 8
27629 8
27633 10
27634 3
27639 6
27642 2
27652 7
27660 10
27660 9
27668 10
27670 3
27675 8
27678 2
27678 1
27685 10
27689 10
27698 9
27699 6
27701 7
27705 10
27706 10
27715 10
27721 5
27722 4
27732 9
27733 4
27736 10
27737 9
27746 6
27752 5
27758 5
27759 3
27765 2
27767 2
27769 2
27772 2
27772 6
27780 10
27782 3
27792 9
27795 7
27805 3
27805 5
27805 1
27805 5
27810 9
27811 10
27820 6
27824 5
27827 10
27831 2
27837 8
27841 6
27845 1
27854 1
27858 9
27868 3
27874 6
27877 7
27884 2
27894 4
27900 3
27903 5
27909 5
27911 7
27921 8
27924 8
27930 1
27934 3
27944 1
27944 4
27946 5
27951 5
27956 6
27957 10
27967 5
27968 9
27975 8
27983 5
27991 7
27991 8
27992 4
27998 8
28005 10
28009 8
28009 8
28016 3
28026 1
28036 4
28044 1
28049 7
28056 9
28065 2
28072 2
28077 10
28081 2
28089 2
28093 4
28093 1
28095 5
28097 6
28100 3
28103 8
28113 7
28116 2
28126 7
28128 4
28130 6
28138 3
28142 6
28152 9
28155 1
28156 4
28164 4
28168 2
28178 6
28188 6
28192 7
28193 2
28196 8
28204 7
28204 3
28210 2
28220 9
28225 9
28225 10
28233 3
28242 9
28250 7
28254 3
28255 4
28259 6
28261 7
28271 4
28278 2
28284 5
28284 8
28286 9
28288 9
28294 6
28296 3
28306 3
28315 6
28322 6
28330 5
28333 1
28335 8
28341 1
28342 5
28348 6
28351 9
28352 5
28353 8
28358 10
28361 2
28370 2
28374 2
28377 2
28379 8
28383 1
28391 8
28398 6
28398 4
28399 1
28402 5
28409 5
28414 7
28419 3
28426 1
28432 2
28441 10
28444 9
28452 3
28452 10
28453 10
28461 6
28471 6
28479 4
28479 10
28487 10
28488 1
28493 9
28499 2
28508 5
28515 4
28516 8
28520 4
28524 5
28531 8
28541 8
28550 7
28555 6
28560 7
28564 4
28571 5
28577 10
28577 8
28579 6
28587 1
28594 4
28596 9
28600 8
28600 9
28606 9
28607 9
28609 6
28617 3
28621 10
28627 3
28632 7
28635 7
28645 8
28652 5
28660 6
28660 5
28664 1
28664 2
28669 8
28674 7
28679 9
28682 5
28685 3
28687 7
28687 10
28687 8
28697 10
28698 5
28701 1
28709 2
28719 8
28720 4
28725 4
28735 3
28745 8
28751 10
28761 5
28770 2
28775 7
28781 10
28787 9
28793 7
28800 2
28810 6
28814 3
28821 9
28822 8
28824 3
28829 1
28832 5
28836 5
28842 8
28845 3
28848 7
28858 6
28867 8
28870 4
28876 3
28885 8
28891 8
28893 6
28903 5
28909 1
28916 7
28917 3
28921 3
28925 8
28933 7
28943 8
28943 1
28950 10
28952 1
28961 6
28967 9
28968 1
28971 7
28972 5
28974 2
28977 9
28982 8
28986 10
28995 9
28999 1
29008 9
29012 9
29013 4
29016 2
29023 2
29033 9
29039 4
29041 9
29041 9
29050 1
29059 10
29069 2
29072 2
29072 10
29078 2
29083 9
29090 1
29091 2
29098 9
29107 2
29111 2
29116 4
29122 2
29127 6
29136 7
29143 6
29143 7
29153 6
29160 1
29162 1
29162 10
29165 5
29166 10
29168 7
29176 3
29186 1
29190 1
29200 2
29210 8
29211 6
29216 3
29219 1
29220 9
29226 10
29233 6
29239 5
29239 1
29243 6
29245 7
29252 3
29257 4
29264 4
29273 1
29279 2
29287 4
29289 3
29293 10
29298 6
29302 2
29311 2
29315 6
29320 1
29321 7
29324 1
29327 1
29336 6
29340 8
29343 2
29343 8
29350 7
29352 4
29358 8
29360 3
29367 6
29374 1
29378 10
29388 6
29390 6
29396 9
29396 2
29400 1
29402 5
29402 8
29412 9
29414 2
29418 8
29421 3
29428 3
29434 10
29443 10
29452 8
29452 9
29461 2
29465 1
29470 2
29479 1
29487 9
29493 4
29497 6
29504 5
29511 7
29518 6
29527 8
29531 8
29537 7
29542 9
29544 2
29552 3
29556 3
29566 7
29566 7
29574 10
29582 5
29588 4
29592 6
29598 9
29598 1
29607 5
29610 4
29611 8
29614 6
29624 10
29631 3
29632 2
29637 8
29647 3
29656 7
29659 10
29666 7
29672 3
29681 6
29689 6
29699 9
29705 7
29713 8
29722 7
29731 10
29733 10
29736 1
29742 3
29744 1
29745 2
29754 9
29759 1
29767 9
29777 9
29785 8
29789 3
29791 9
29800 3
29803 4
29809 9
29810 7
29815 10
29823 3
29833 7
29835 9
29844 2
29844 4
29854 5
29864 9
29866 9
29871 10
29874 7
29876 1
29878 7
29880 9
29884 1
29884 7
29891 6
29900 4
29904 3
29906 2
29914 2
29915 8
29925 10
29929 1
29932 5
29938 2
29941 4
29944 1
29953 10
29963 9
29970 8
29970 2
29974 7
29979 5
29984 10
29991 5
30000 5
30006 8
30011 2
30017 4
30026 4
30028 9
30034 9
30037 9
30045 1
30051 9
30059 5
30063 1
30063 6
30072 1
30077 4
30081 7
30091 2
30097 4
30106 6
30107 1
30117 5
30120 10
30125 3
30132 2
30136 8
30139 2
30145 2
30146 6
30150 10
30159 4
30160 5
30169 5
30179 7
30182 3
30185 8
30186 7
30192 6
30197 7
30203 5
30211 2
30214 1
30222 7
30225 7
30227 1
30232 9
30236 4
30237 7
30239 3
30241 10
30248 10
30258 10
30262 1
30271 1
30271 5
30279 10
30279 10
30285 9
30290 5
30295 9
30299 4
30305 4
30315 5
30321 8
30326 6
30333 4
30342 6
30349 3
30355 9
30363 7
30369 2
30370 1
30374 9
30374 7
30378 8
30382 3
30382 4
30385 1
30385 7
30395 7
30397 5
30401 8
30410 4
30420 10
30421 5
30421 7
30422 6
30422 8
30429 9
30431 9
30435 3
30441 9
30441 10
30441 8
30444 8
30451 9
30454 5
30456 8
30465 6
30470 3
30477 4
30482 9
30485 9
30486 5
30492 4
30499 6
30507 8
30517 4
30525 3
30533 5
30540 8
30544 8
30546 1
30555 3
30561 3
30567 10
30569 8
30576 7
30580 9
30582 7
30582 7
30587 10
30597 6
30600 5
30602 7
30609 4
30611 5
30617 7
30620 7
30620 4
30623 7
30630 6
30635 3
30644 2
30644 6
30649 5
30657 2
30663 10
30668 10
30670 8
30677 6
30679 1
30685 1
30694 8
30702 7
30707 7
30707 5
30713 9
30716 8
30717 10
30720 1
30729 8
30735 1
30740 10
30749 7
30753 7
30755 10
30765 6
30765 5
30771 1
30773 5
30782 6
30791 2
30796 9
30800 7
30809 4
30819 6
30822 1
30832 4
30832 8
30834 9
30844 3
30851 1
30853 3
30858 3
30862 8
30867 2
30874 9
30874 8
30874 6
30877 6
30883 2
30887 4
30889 1
30895 6
30904 8
30909 1
30919 6
30924 10
30932 10
30938 3
30942 2
30951 1
30961 3
30967 6
30967 5
30973 8
30978 6
30981 2
30983 1
30983 5
30985 2
30991 10
30998 10
31006 7
31014 5
31014 7
31024 9
31030 5
31035 10
31041 8
31047 7
31056 1
31065 2
31073 1
31080 10
31087 2
31088 1
31094 1
31104 3
31112 10
31117 10
31119 5
31123 8
31133 8
31138 5
31139 2
31142 5
31152 6
31160 6
31168 10
31169 2
31178 9
31181 5
31187 4
31192 5
31196 8
31206 3
31206 3
31206 4
31216 1
31216 6
31218 1
31225 7
31228 8
31230 4
31235 1
31236 1
31237 7
31242 7
31245 6
31254 8
31262 9
31262 7
31270 4
31273 3
31277 2
31281 9
31289 3
31292 9
31294 8
31300 1
31307 9
31307 7
31317 10
31320 9
31324 1
31331 9
31336 10
31340 2
31346 9
31352 1
31352 7
31362 3
31370 5
31373 10
31381 7
31388 3
31394 3
31402 4
31412 6
31416 8
31424 2
31433 9
31440 5
31450 9
31458 8
31465 5
31465 2
31467 2
31476 3
31482 1
31485 3
31491 6
31497 5
31498 10
31498 2
31500 10
31504 7
31513 7
31514 10
31515 8
31516 9
31521 1
31522 4
31530 6
31540 7
31541 6
31545 2
31553 8
31560 3
31563 9
31563 8
31567 1
31571 8
31574 9
31582 7
31582 5
31590 2
31599 4
31609 3
31616 6
31624 9
31632 10
31635 6
31645 7
31647 9
31653 7
31656 4
31660 2
31667 8
31675 1
31682 9
31683 8
31684 4
31685 1
31687 5
31693 7
31698 10
31708 3
31716 9
31721 5
31726 7
31732 5
31739 10
31741 3
31744 9
31750 3
31755 3
31757 1
31761 5
31766 6
31766 10
31771 4
31772 3
31782 5
31792 9
31795 2
31798 4
31807 7
31814 5
31824 4
31832 7
31832 4
31833 9
31840 6
31844 7
31854 4
31862 6
31868 6
31873 5
31877 2
31877 4
31881 9
31886 3
31896 4
31899 9
31899 2
31900 4
31902 5
31909 2
31914 7
31923 5
31926 8
31933 7
31936 10
31940 8
31943 5
31946 8
31948 9
31948 1
31952 8
31958 2
31958 5
31958 7
31965 9
31975 10
31981 1
31983 7
31984 6
31990 5
31999 8
31999 10
32008 4
32014 10
32020 10
32030 8
32035 2
32037 10
32047 6
32051 6
32057 8
32060 3
32069 1
32078 10
32079 8
32081 2
32081 10
32089 10
32089 1
32096 9
32101 2
32105 9
32105 8
32107 10
32111 7
32114 1
32122 5
32122 8
32132 7
32136 2
32146 5
32155 2
32161 10
32165 8
32171 3
32171 4
32177 7
32177 8
32185 3
32186 10
32191 7
32201 8
32207 6
32213 8
32220 4
32222 9
32223 8
32224 3
32227 2
32227 10
32232 2
32241 9
32241 7
32241 5
32249 6
32257 10
32258 8
32260 4
32265 6
32274 8
32279 4
32282 8
32292 7
32292 10
32299 5
32308 5
32314 4
32322 8
32323 2
32327 10
32332 9
32342 2
32350 2
32350 3
32356 10
32366 7
32375 9
32377 7
32381 9
32388 6
32398 7
32408 2
32417 4
32426 1
32426 3
32433 3
32434 6
32434 1
32437 3
32445 6
32454 5
32460 8
32470 10
32470 10
32477 10
32479 3
32479 7
32486 6
32491 7
32498 7
32504 1
32513 4
32518 5
32523 4
32530 6
32533 10
32543 5
32551 5
32555 2
32565 3
32570 2
32571 10
32572 3
32582 2
32583 5
32585 2
32592 8
32595 4
32603 10
32611 4
32619 10
32626 9
32632 3
32633 1
32633 10
32640 6
32641 1
32649 1
32652 1
32662 8
32663 1
32663 4
32671 5
32679 6
32688 9
32694 4
32697 4
32705 6
32708 8
32713 10
32722 1
32728 10
32735 3
32745 10
32752 5
32753 3
32757 5
32760 8
32762 7
32765 8
32768 4
32768 9
32775 7
32777 6
32782 3
32792 5
32801 4
32801 8
32806 7
32807 6
32811 3
32818 7
32819 7
32826 1
32833 9
32843 2
32847 3
32851 4
32858 7
32864 6
32865 6
32866 5
32875 5
32875 2
32882 1
32882 3
32884 6
32888 2
32890 7
32893 7
32899 2
32906 10
32916 2
32924 6
32927 3
32930 8
32937 3
32938 2
32940 5
32944 10
32954 9
32958 8
32967 5
32971 7
32979 6
32987 9
32995 6
32995 4
32995 2
33004 5
33009 10
33016 6
33021 3
33023 10
33029 1
33031 4
33037 5
33042 6
33045 5
33046 1
33048 8
33058 9
33067 8
33070 9
33071 1
33073 6
33074 7
33080 3
33083 8
33093 1
33095 5
33098 9
33102 7
33102 7
33105 9
33108 3
33114 7
33117 10
33127 4
33127 4
33132 3
33137 8
33143 3
33143 3
33151 6
33158 10
33168 8
33172 1
33178 7
33185 7
33186 8
33188 2
33190 2
33195 10
33204 10
33213 5
33217 7
33226 6
33227 5
33235 10
33242 2
33247 3
33257 2
33262 5
33271 2
33272 6
33282 3
33282 6
33289 1
33298 5
33306 4
33311 6
33317 10
33326 2
33335 2
33339 7
33343 5
33350 4
33355 5
33361 9
33362 2
33371 8
33379 2
33389 2
33392 3
33400 5
33410 5
33410 10
33414 5
33414 3
33424 7
33429 3
33429 1
33434 10
33434 7
33438 3
33445 3
33453 4
33462 8
33469 9
33470 5
33478 1
33481 5
33484 10
33487 5
33494 8
33499 4
33502 3
33511 10
33519 2
33528 3
33535 6
33536 8
33543 2
33551 9
33560 8
33564 3
33569 5
33571 9
33572 8
33580 7
33583 4
33586 9
33592 7
33595 4
33603 7
33604 4
33607 5
33610 4
33610 9
33620 8
33625 8
33628 5
33634 1
33639 9
33646 6
33646 5
33649 6
33654 2
33656 6
33664 1
33669 5
33669 6
33679 10
33681 8
33682 3
33688 7
33688 1
33693 5
33694 5
33703 10
33712 9
33716 4
33726 10
33732 1
33734 3
33742 9
33751 10
33755 9
33764 4
33767 10
33773 4
33778 2
33782 8
33791 6
33794 3
33804 6
33808 3
33808 1
33808 7
33809 1
33817 5
33827 9
33831 4
33841 6
33847 4
33857 10
33866 4
33869 5
33877 9
33883 6
33890 9
33892 7
33901 2
33902 6
33909 10
33909 2
33918 7
33924 1
33934 6
33936 9
33943 4
33945 7
33955 1
33961 1
33966 5
33974 6
33981 10
33991 6
33999 1
34000 3
34010 9
34016 6
34025 5
34032 4
34036 4
34037 10
34044 4
34048 6
34055 9
34058 9
34068 4
34078 10
34084 8
34092 8
34099 8
34105 9
34113 6
34113 2
34123 10
34133 2
34138 3
34138 9
34138 9
34144 6
34144 4
34149 4
34155 10
34159 2
34159 10
34159 6
34165 2
34174 6
34178 10
34183 9
34188 5
34190 3
34191 2
34198 6
34203 9
34209 2
34209 7
34211 10
34211 10
34213 4
34216 3
34219 9
34226 6
34236 3
34243 10
34252 5
34256 6
34263 3
34264 10
34268 10
34275 3
34282 1
34290 7
34297 6
34307 7
34313 8
34321 3
34321 5
34327 9
34328 5
34329 4
34329 6
34336 8
34336 9
34346 10
34354 6
34355 10
34362 10
34371 1
34375 6
34384 9
34384 8
34388 9
34397 10
34406 5
34413 9
34419 5
34423 10
34424 5
34430 2
34435 7
34437 5
34442 6
34444 5
34452 4
34453 3
34454 5
34457 4
34458 5
34459 3
34467 9
34475 8
34478 8
34479 10
34481 6
34481 6
34491 7
34492 9
34501 10
34506 8
34512 5
34513 7
34520 3
34529 3
34530 6
34533 8
34536 8
34544 1
34551 5
34560 9
34565 1
34569 3
34579 1
34585 3
34589 6
34590 5
34596 3
34599 2
34601 4
34605 5
34612 2
34621 4
34623 9
34627 8
34632 8
34640 5
34640 4
34640 8
34642 8
34646 6
34651 3
34653 8
34656 3
34663 3
34665 6
34672 4
34678 10
34685 10
34694 5
34699 3
34700 5
34701 1
34710 5
34716 4
34721 10
34725 1
34726 10
34733 1
34741 1
34749 10
34751 3
34758 5
34765 5
34767 3
34768 3
34775 3
34781 7
34781 7
34786 5
34790 6
34794 2
34800 1
34801 8
34808 7
34811 8
34820 3
34828 4
34838 5
34844 4
34850 8
34856 7
34864 5
34872 7
34877 5
34879 4
34889 9
34893 10
34902 9
34909 4
34911 4
34919 4
34921 5
34922 9
34928 6
34928 8
34938 10
34941 7
34946 8
34950 6
34950 9
34954 6
34963 5
34967 10
34974 3
34974 10
34980 8
34985 7
34987 3
34993 2
35002 9
35010 3
35019 5
35023 3
35029 7
35036 8
35046 10
35048 4
35050 9
35053 1
35055 10
35061 8
35071 7
35073 2
35078 2
35084 9
35085 3
35094 10
35104 5
35114 3
35118 4
35128 7
35131 3
35141 9
35147 10
35152 4
35153 10
35155 2
35165 10
35174 9
35184 6
35189 2
35194 1
35203 9
35204 5
35212 7
35213 5
35219 2
35224 9
35232 3
35233 10
35237 1
35247 1
35249 9
35257 4
35267 4
35270 7
35276 1
35279 8
35279 3
35286 6
35291 3
35292 8
35301 1
35301 6
35303 8
35308 1
35311 9
35320 1
35329 3
35332 8
35342 9
35342 3
35344 1
35350 2
35354 6
35361 6
35368 9
35377 5
35377 2
35384 2
35393 7
35401 8
35402 4
35406 4
35415 8
35424 2
35434 6
35435 7
35444 6
35444 3
35450 7
35450 2
35451 4
35454 6
35457 5
35458 4
35466 2
35469 10
35469 1
35476 1
35477 5
35483 5
35492 9
35492 10
35492 10
35502 8
35505 1
35509 5
35515 4
35518 9
35522 10
35532 5
35541 4
35548 7
35556 9
35562 5
35565 2
35573 8
35578 3
35586 7
35592 9
35599 1
35604 2
35605 7
35610 6
35619 6
35623 8
35630 7
35638 7
35646 1
35650 2
35650 10
35660 8
35668 6
35673 6
35680 3
35690 7
35698 6
35699 2
35702 4
35712 8
35714 4
35719 3
35719 2
35729 6
35734 6
35741 8
35750 4
35751 6
35759 7
35768 2
35773 6
35776 9
35786 7
35793 7
35801 9
35810 5
35816 5
35821 7
35824 10
35834 7
35843 2
35843 3
35845 3
35855 8
35861 8
35861 5
35864 1
35873 10
35881 2
35881 1
35891 3
35892 5
35892 6
35899 2
35909 4
35918 1
35928 8
35928 4
35935 3
35943 3
35947 3
35947 7
35947 9
35954 2
35956 5
35964 3
35967 1
35969 6
35970 1
35975 2
35975 1
35979 2
35989 7
35999 9
36000 9
36007 10
36009 10
36009 5
36013 7
36018 5
36019 3
36022 10
36031 7
36038 9
36039 7
36046 4
36047 4
36056 4
36058 2
36063 2
36063 8
36067 2
36073 3
36083 1
36091 7
36092 2
36096 3
36096 3
36103 9
36103 9
36107 5
36112 4
36119 9
36123 1
36131 3
36139 2
36147 6
36152 1
36156 3
36157 9
36163 8
36171 1
36174 4
36174 5
36176 8
36180 10
36186 7
36196 3
36206 4
36215 6
36215 10
36225 10
36231 4
36231 5
36238 2
36244 9
36253 6
36253 5
36260 6
36269 2
36279 3
36280 9
36288 6
36294 5
36294 10
36303 7
36310 1
36316 7
36316 5
36322 4
36325 10
36334 1
36335 4
36335 4
36343 3
36348 7
36357 6
36367 6
36372 2
36380 2
36384 4
36386 5
36388 3
36395 2
36396 5
36406 7
36406 10
36411 1
36414 1
36423 7
36424 10
36429 9
36437 3
36439 1
36443 8
36446 10
36452 10
36458 7
36461 6
36470 1
36472 7
36480 8
36482 7
36485 4
36488 5
36489 3
36491 6
36492 3
36498 9
36508 6
36510 7
36517 8
36524 10
36528 9
36528 9
36528 9
36534 1
36538 3
36544 9
36553 7
36559 7
36568 8
36571 4
36577 6
36579 7
36586 1
36590 8
36600 10
36600 8
36607 6
36608 1
36610 1
36611 5
36612 10
36621 1
36621 7
36629 9
36639 3
36648 8
36657 5
36664 10
36666 7
36669 7
36677 8
36680 9
36685 10
36692 10
36692 2
36701 8
36711 6
36721 2
36730 9
36736 7
36741 4
36751 2
36754 1
36758 9
36760 10
36766 7
36776 10
36777 3
36787 6
36794 4
36794 5
36802 4
36812 9
36817 5
36817 9
36818 1
36822 7
36828 5
36830 3
36839 6
36845 7
36847 4
36857 9
36862 9
36871 7
36878 6
36882 4
36887 4
36896 6
36905 3
36905 10
36909 7
36916 5
36926 5
36935 4
36936 4
36936 6
36941 1
36945 4
36951 1
36958 3
36967 4
36973 5
36974 10
36975 8
36977 6
36982 8
36986 5
36990 6
36997 2
37006 1
37006 3
37014 5
37020 3
37020 6
37021 9
37025 1
37030 6
37040 4
37041 9
37042 2
37042 10
37047 1
37051 1
37058 5
37066 8
37069 3
37069 5
37079 7
37088 7
37094 2
37097 4
37103 1
37108 1
37110 7
37114 7
37121 7
37128 6
37134 1
37143 4
37149 4
37153 5
37154 6
37159 4
37167 8
37174 8
37184 7
37184 5
37191 1
37198 4
37207 6
37214 6
37215 9
37219 1
37219 3
37225 9
37231 7
37231 3
37241 5
37244 6
37251 8
37259 6
37266 5
37273 6
37273 7
37279 5
37282 3
37292 5
37296 4
37304 2
37306 1
37312 5
37320 4
37320 1
37330 5
37331 7
37340 10
37348 9
37350 5
37354 2
37362 6
37369 4
37371 7
37381 9
37388 7
37395 2
37402 2
37405 6
37412 5
37412 9
37416 5
37424 2
37432 8
37437 1
37445 7
37453 5
37459 9
37461 2
37469 3
37472 10
37476 3
37486 8
37486 7
37490 3
37495 2
37505 1
37506 8
37513 3
37513 7
37519 1
37525 8
37526 8
37531 8
37541 6
37543 2
37545 10
37554 6
37557 2
37560 1
37564 6
37571 9
37573 1
37583 1
37587 4
37593 9
37601 1
37610 2
37610 7
37620 9
37621 2
37630 7
37633 8
37637 10
37643 7
37653 7
37655 4
37656 9
37656 4
37665 9
37674 5
37674 2
37677 7
37679 6
37688 7
37689 5
37698 10
37700 10
37705 6
37709 8
37709 9
37716 5
37723 1
37725 7
37730 3
37740 2
37742 2
37749 7
37755 1
37761 2
37767 10
37769 6
37773 10
37774 7
37782 6
37788 10
37794 1
37804 9
37810 8
37819 7
37829 10
37839 2
37846 6
37848 2
37848 2
37854 4
37854 3
37860 1
37860 6
37860 9
37870 3
37876 6
37880 4
37887 6
37890 8
37897 7
37900 4
37900 1
37909 8
37919 7
37927 7
37928 1
37928 1
37938 10
37939 1
37946 6
37948 10
37951 6
37954 6
37956 9
37958 5
37963 4
37965 3
37966 8
37973 6
37979 10
37984 8
37992 10
37993 4
37996 5
38000 3
38009 7
38017 4
38017 8
38026 7
38030 5
38040 3
38042 2
38043 4
38043 8
38046 9
38054 2
38064 8
38064 5
38065 3
38074 6
38084 2
38094 10
38100 9
38107 7
38117 5
38120 8
38127 3
38136 3
38143 2
38146 6
38149 6
38154 8
38157 1
38167 7
38174 3
38179 2
38180 6
38181 1
38191 2
38199 9
38204 9
38211 2
38214 10
38221 9
38223 5
38229 4
38237 5
38238 8
38242 5
38242 2
38247 8
38252 4
38258 9
38258 7
38268 1
38271 8
38277 6
38281 4
38281 7
38285 8
38294 9
38295 7
38295 6
38298 10
38299 10
38302 1
38308 10
38309 9
38319 10
38324 2
38330 3
38334 5
38337 1
38343 5
38350 3
38354 2
38363 5
38372 6
38381 1
38381 1
38384 1
38388 6
38396 7
38405 10
38408 3
38412 2
38422 3
38430 7
38432 5
38438 10
38440 5
38442 9
38444 10
38448 10
38448 2
38456 2
38460 5
38469 5
38474 6
38480 3
38488 9
38491 7
38497 9
38505 4
38506 6
38511 1
38521 8
38521 2
38525 7
38535 10
38542 5
38543 5
38550 2
38560 6
38564 6
38570 9
38573 2
38580 9
38588 2
38591 7
38597 1
38597 1
38598 1
38605 8
38607 5
38610 1
38611 1
38618 4
38620 5
38626 3
38636 9
38642 8
38649 10
38659 5
38664 2
38664 2
38671 4
38677 10
38684 7
38693 5
38697 9
38703 6
38707 2
38707 6
38712 9
38722 10
38726 3
38731 2
38738 7
38738 6
38741 10
38741 10
38749 2
38755 1
38757 10
38758 4
38762 4
38770 9
38777 9
38787 2
38796 4
38800 9
38801 3
38810 9
38810 7
38815 7
38822 3
38824 3
38831 8
38840 5
38842 10
38843 7
38848 7
38848 9
38851 1
38861 7
38867 6
38868 1
38878 4
38878 8
38884 4
38885 9
38892 3
38897 2
38907 7
38916 9
38916 5
38920 3
38926 4
38927 2
38928 5
38936 9
38939 2
38949 1
38955 9
38964 8
38964 8
38966 10
38976 2
38983 5
38991 10
38999 7
38999 2
39009 10
39014 4
39015 10
39016 9
39023 10
39029 8
39032 9
39033 10
39034 9
39042 7
39047 2
39055 2
39060 9
39062 10
39064 8
39068 8
39074 7
39075 8
39084 8
39088 7
39091 1
39100 1
39109 3
39113 1
39123 1
39123 4
39131 6
39136 7
39138 7
39141 1
39148 9
39151 4
39153 10
39159 5
39161 2
39165 8
39172 9
39172 6
39174 1
39175 5
39179 5
39184 3
39190 4
39192 8
39194 10
39203 9
39213 7
39220 9
39221 5
39230 5
39231 9
39239 1
39241 3
39251 10
39259 3
39262 6
39270 5
39280 1
39281 2
39291 3
39295 8
39303 4
39309 3
39310 2
39315 8
39322 5
39332 3
39332 6
39340 3
39344 10
39352 3
39353 8
39356 7
39363 9
39373 6
39377 4
39379 2
39382 10
39386 10
39395 5
39396 3
39400 6
39406 7
39416 2
39418 10
39422 10
39422 9
39423 2
39427 5
39430 7
39432 3
39437 7
39444 8
39450 10
39460 1
39470 9
39477 4
39486 9
39492 6
39494 4
39495 4
39498 10
39499 2
39508 10
39509 4
39515 9
39520 8
39524 1
39530 5
39540 7
39542 8
39543 1
39543 10
39544 5
39548 1
39549 5
39559 3
39559 9
39567 8
39568 3
39576 7
39586 7
39592 10
39593 5
39596 1
39599 1
39608 8
39612 10
39621 3
39631 7
39635 6
39640 9
39641 6
39651 5
39652 8
39657 5
39663 2
39664 5
39672 2
39681 7
39691 2
39693 3
39693 1
39696 1
39703 1
39703 9
39712 9
39714 6
39720 8
39729 10
39729 1
39734 6
39741 7
39744 4
39747 10
39748 4
39758 10
39767 3
39774 1
39780 8
39790 1
39791 6
39798 5
39804 6
39807 3
39816 2
39821 10
39826 6
39830 8
39833 9
39840 1
39849 10
39852 8
39853 5
39859 8
39868 8
39868 10
39869 10
39870 8
39879 10
39889 1
39892 6
39899 1
39904 9
39909 2
39916 7
39923 8
39925 8
39925 2
39931 5
39940 6
39950 1
39951 10
39955 10
39962 9
39965 1
39971 2
39980 1
39984 9
39993 2
40000 7
40005 7
40014 8
40024 6
40034 8
40036 1
40043 6
40048 7
40058 5
40066 4
40066 5
40076 3
40081 1
40086 1
40094 4
40097 2
40104 4
40108 1
40114 2
40124 3
40131 7
40131 3
40141 8
40150 7
40153 7
40154 6
40157 5
40162 1
40167 3
40171 8
40172 7
40175 9
40179 8
40179 4
40187 6
40187 2
40194 10
40198 4
40200 3
40203 10
40209 4
40213 3
40216 5
40221 8
40226 10
40232 5
40236 6
40237 9
40240 3
40243 6
40248 7
40252 2
40252 10
40258 5
40267 9
40271 6
40272 3
40282 7
40285 6
40293 6
40293 2
40293 3
40295 5
40304 4
40312 5
40316 9
40317 7
40320 1
40322 8
40324 4
40330 4
40331 5
40332 10
40339 5
40343 8
40353 1
40358 1
40363 8
40369 6
40378 6
40380 2
40385 2
40392 7
40395 7
40399 2
40406 6
40406 1
40408 2
40414 2
40416 6
40425 7
40425 10
40431 1
40436 6
40441 10
40446 7
40448 6
40455 2
40460 5
40465 10
40469 1
40476 2
40482 7
40492 1
40496 1
40506 9
40516 5
40519 10
40519 6
40524 3
40534 8
40543 1
40549 1
40557 9
40559 3
40569 2
40579 5
40583 6
40585 10
40590 8
40594 7
40601 10
40611 5
40618 5
40622 7
40623 2
40630 10
40632 9
40633 7
40636 7
40644 7
40650 5
40653 3
40653 3
40655 1
40665 5
40670 10
40677 9
40679 7
40680 9
40680 4
40685 9
40686 3
40694 4
40696 6
40698 1
40706 8
40710 7
40717 9
40723 5
40728 4
40730 9
40737 6
40738 7
40738 4
40738 7
40742 6
40746 3
40756 4
40759 8
40766 6
40773 5
40775 5
40778 8
40788 5
40793 6
40803 4
40805 10
40808 5
40811 3
40816 5
40816 8
40825 6
40835 10
40835 7
40839 2
40847 7
40857 8
40865 1
40869 8
40878 8
40878 2
40879 2
40881 2
40883 2
40887 7
40895 5
40898 8
40903 7
40912 1
40915 9
40915 7
40915 2
40922 2
40924 1
40926 7
40934 5
40941 1
40943 3
40953 4
40956 6
40966 2
40972 8
40973 2
40976 2
40978 1
40988 8
40993 9
40995 6
41000 1
41010 10
41014 8
41021 10
41023 1
41031 2
41032 8
41035 10
41041 9
41041 4
41045 4
41048 6
41056 7
41065 8
41075 4
41076 4
41077 2
41086 4
41090 10
41092 10
41093 10
41096 8
41102 10
41102 10
41102 7
41108 3
41109 9
41118 8
41126 4
41135 9
41136 9
41145 5
41150 8
41156 4
41157 5
41157 9
41162 5
41166 3
41170 6
41178 5
41180 6
41187 5
41195 8
41195 1
41201 1
41203 1
41206 3
41216 4
41222 7
41226 9
41227 1
41227 7
41230 6
41234 1
41238 4
41248 6
41248 6
41255 6
41262 6
41265 7
41269 7
41277 10
41280 4
41282 2
41291 1
41297 3
41303 8
41306 7
41312 9
41316 5
41320 6
41323 2
41329 4
41330 6
41337 5
41338 7
41345 9
41346 1
41350 10
41358 4
41365 4
41374 2
41380 4
41388 6
41392 7
41400 5
41401 4
41402 3
41412 5
41421 9
41425 9
41428 9
41435 3
41443 4
41449 2
41458 6
41463 5
41464 8
41469 8
41470 4
41476 6
41483 6
41491 6
41496 7
41504 7
41505 10
41514 3
41522 8
41526 10
41527 3
41535 10
41542 10
41546 8
41548 3
41550 3
41558 10
41566 6
41571 9
41581 4
41581 2
41590 2
41594 9
41604 10
41613 5
41617 9
41625 3
41632 9
41634 3
41644 2
41649 4
41654 5
41664 2
41666 8
41673 2
41673 6
41677 5
41680 5
41682 7
41689 1
41691 8
41699 2
41709 8
41711 4
41720 8
41724 8
41725 1
41727 6
41729 5
41732 3
41735 9
41736 2
41746 9
41748 8
41751 5
41761 8
41766 6
41767 4
41776 9
41779 6
41783 5
41791 2
41797 9
41801 8
41803 5
41805 3
41811 8
41820 9
41826 6
41829 3
41835 3
41835 4
41842 9
41844 4
41847 5
41855 8
41856 4
41865 6
41867 9
41868 6
41871 3
41875 9
41881 6
41882 9
41884 5
41891 2
41896 2
41901 9
41907 3
41910 3
41920 1
41922 8
41925 1
41930 7
41937 5
41942 5
41950 4
41958 10
41960 2
41963 1
41963 10
41971 4
41975 7
41978 6
41984 4
41989 8
41995 10
41998 3
42002 9
42003 1
42004 4
42004 4
42005 10
42005 7
42009 3
42012 8
42012 1
42017 8
42019 3
42019 9
42022 3
42023 5
42032 6
42035 2
42043 7
42045 1
42051 8
42058 9
42065 10
42074 9
42083 8
42083 10
42084 9
42094 8
42096 3
42103 10
42103 8
42104 7
42113 2
42113 9
42117 3
42121 9
42125 8
42130 1
42135 6
42143 3
42145 9
42154 2
42158 2
42158 1
42161 8
42170 10
42171 5
42171 10
42181 7
42188 3
42188 10
42188 1
42195 10
42197 5
42201 1
42202 9
42210 2
42215 7
42216 2
42219 10
42229 8
42232 8
42237 7
42238 9
42238 6
42243 2
42247 6
42249 3
42255 4
42263 3
42266 6
42269 5
42271 4
42278 3
42278 2
42283 7
42291 3
42291 3
42300 2
42305 3
42310 8
42316 3
42316 9
42321 1
42322 4
42325 8
42333 9
42333 8
42343 6
42344 10
42347 4
42356 8
42357 2
42359 6
42366 4
42370 2
42373 6
42380 7
42388 1
42397 8
42398 3
42407 4
42410 10
42415 4
42418 5
42419 6
42420 1
42426 7
42430 6
42440 6
42442 3
42442 4
42445 3
42452 4
42458 1
42465 6
42468 7
42469 6
42472 4
42479 4
42482 4
42482 7
42485 5
42491 9
42492 8
42497 3
42503 3
42509 8
42519 9
42528 9
42534 3
42544 4
42552 6
42554 6
42561 9
42561 6
42564 2
42565 9
42568 8
42568 6
42576 5
42583 5
42591 7
42592 5
42594 6
42595 4
42595 8
42601 8
42610 7
42612 4
42614 5
42617 7
42618 5
42626 2
42636 6
42644 9
42644 8
42652 8
42654 8
42658 8
42662 6
42662 2
42665 1
42673 7
42683 5
42688 4
42698 3
42702 9
42705 8
42709 10
42717 10
42721 2
42731 4
42736 2
42746 2
42749 5
42759 6
42764 1
42768 10
42770 7
42778 1
42780 7
42783 1
42790 1
42797 6
42800 1
42806 2
42806 5
42815 5
42819 6
42819 10
42829 5
42834 2
42843 5
42846 4
42847 7
42851 10
42857 9
42864 1
42874 9
42883 2
42889 4
42898 7
42903 8
42912 7
42915 8
42919 10
42924 5
42926 9
42932 4
42932 1
42934 8
42942 7
42950 3
42959 6
42963 5
42972 4
42978 1
42980 10
42980 2
42990 6
42996 5
42997 3
43005 7
43007 8
43012 5
43021 5
43024 10
43026 8
43031 10
43036 7
43040 3
43047 7
43054 4
43064 4
43072 4
43080 9
43088 7
43089 9
43099 6
43105 7
43108 7
43117 3
43122 6
43125 2
43135 7
43144 3
43154 2
43154 5
43154 7
43154 5
43161 10
43170 10
43172 7
43179 2
43180 7
43184 3
43186 5
43193 1
43194 8
43200 7
43205 3
43207 5
43213 2
43221 2
43222 8
43225 9
43235 10
43244 6
43253 9
43254 2
43257 10
43257 8
43260 1
43261 6
43263 3
43267 6
43276 6
43286 9
43293 3
43301 6
43302 9
43306 9
43314 6
43314 8
43320 5
43325 9
43329 4
43331 2
43340 7
43342 6
43352 2
43358 4
43366 3
43366 6
43367 6
43367 6
43374 7
43384 4
43389 2
43399 1
43400 1
43405 2
43410 9
43411 2
43420 3
43420 6
43425 10
43430 2
43440 6
43443 8
43453 8
43461 7
43467 3
43477 2
43482 4
43489 2
43489 5
43498 3
43506 9
43511 1
43511 2
43513 6
43522 8
43525 5
43532 4
43535 8
43544 1
43544 10
43548 9
43558 9
43562 5
43572 1
43576 6
43582 3
43587 8
43593 8
43596 1
43600 3
43610 4
43614 8
43614 3
43624 1
43628 3
43637 8
43643 5
43648 7
43650 8
43650 2
43650 10
43656 3
43662 2
43667 9
43670 7
43677 4
43681 10
43685 8
43691 8
43691 9
43691 4
43699 4
43702 4
43704 3
43707 7
43717 1
43726 3
43730 5
43732 7
43740 9
43746 6
43750 5
43753 7
43753 1
43754 6
43761 7
43765 9
43769 1
43772 10
43772 7
43779 9
43784 4
43793 2
43800 8
43804 4
43806 1
43813 1
43819 9
43822 2
43828 3
43830 4
43832 10
43836 9
43838 3
43838 4
43848 8
43857 8
43857 7
43858 4
43864 7
43872 1
43875 1
43876 8
43877 9
43877 3
43884 10
43890 10
43898 7
43901 2
43906 2
43916 3
43923 1
43929 4
43932 3
43932 6
43942 9
43944 1
43954 10
43962 3
43969 9
43972 9
43972 3
43973 10
43978 1
43983 2
43987 8
43988 4
43988 10
43993 9
43994 8
44004 4
44004 1
44013 8
44017 2
44025 8
44027 7
44030 2
44037 7
44044 9
44048 2
44058 1
44064 10
44070 9
44074 5
44082 2
44086 3
44087 4
44094 9
44096 7
44100 3
44109 4
44115 3
44122 1
44125 7
44135 9
44139 5
44142 9
44148 7
44151 5
44161 7
44171 7
44177 3
44182 8
44191 2
44191 5
44192 9
44199 6
44207 5
44214 5
44218 9
44223 1
44224 6
44229 9
44234 9
44237 5
44243 2
44245 10
44245 2
44246 1
44248 10
44248 1
44256 6
44265 2
44274 4
44277 3
44285 10
44294 7
44296 7
44298 10
44305 10
44312 4
44315 7
44316 9
44320 1
44321 5
44322 5
44328 1
44332 2
44335 2
44340 9
44341 1
44349 3
44358 5
44368 3
44372 6
44374 10
44381 5
44388 5
44395 7
44405 3
44408 8
44413 9
44420 1
44420 1
44428 8
44438 8
44442 1
44449 8
44456 2
44466 1
44474 5
44481 10
44483 1
44483 6
44493 3
44498 2
44505 9
44505 8
44513 1
44523 2
44527 1
44529 10
44536 2
44545 7
44554 10
44563 3
44566 2
44575 6
44579 10
44583 1
44591 3
44597 1
44605 2
44611 1
44616 2
44622 4
44625 3
44630 4
44630 3
44639 10
44646 1
44649 9
44658 8
44662 4
44662 7
44667 10
44671 7
44680 1
44685 2
44685 4
44691 4
44698 6
44698 4
44702 4
44704 1
44712 1
44719 2
44725 4
44735 7
44741 8
44744 6
44748 3
44758 9
44762 4
44767 9
44767 7
44773 8
44781 2
44790 5
44795 9
44797 5
44805 9
44814 2
44816 4
44818 5
44824 2
44829 10
44839 5
44839 2
44843 10
44846 7
44850 3
44850 3
44853 6
44855 4
44863 4
44871 7
44874 5
44884 8
44894 7
44904 1
44906 3
44908 5
44914 9
44914 6
44920 7
44922 1
44932 9
44941 7
44951 9
44959 2
44962 1
44962 8
44969 7
44977 5
44982 9
44982 4
44991 8
44999 9
45001 7
45001 10
45010 8
45013 6
45014 2
45023 3
45023 4
45026 6
45036 4
45042 9
45052 2
45053 5
45060 1
45070 3
45073 10
45077 7
45078 9
45088 1
45089 6
45094 5
45098 7
45107 2
45115 4
45118 6
45119 4
45121 9
45131 10
45133 6
45135 4
45145 1
45152 3
45158 9
45162 3
45169 9
45177 4
45182 8
45184 3
45185 4
45186 7
45194 5
45195 6
45205 8
45205 9
45210 8
45213 5
45216 5
45220 4
45226 8
45230 5
45233 7
45243 1
45250 2
45260 4
45262 3
45272 5
45273 6
45276 4
45284 8
45286 10
45287 7
45292 2
45292 1
45294 8
45299 3
45304 6
45305 4
45310 6
45317 4
45322 1
45323 3
45325 8
45325 8
45327 4
45331 5
45331 1
45336 10
45343 4
45353 10
45353 2
45354 6
45355 3
45363 8
45363 5
45369 9
45378 9
45382 5
45389 2
45390 9
45390 10
45400 1
45408 8
45411 5
45420 1
45421 5
45426 9
45436 2
45436 3
45446 1
45456 2
45458 6
45467 6
45474 10
45481 4
45484 7
45485 4
45492 7
45497 8
45498 3
45506 7
45512 6
45514 1
45521 8
45524 8
45525 1
45532 3
45541 2
45545 10
45545 10
45545 2
45552 9
45556 4
45565 8
45572 10
45579 4
45579 1
45582 5
45588 6
45590 5
45593 5
45603 7
45604 5
45606 10
45607 1
45612 8
45614 6
45615 9
45624 5
45625 3
45633 9
45640 4
45648 5
45658 4
45667 3
45667 8
45667 7
45674 6
45680 1
45686 9
45696 5
45703 5
45711 7
45715 10
45720 9
45729 7
45729 10
45739 2
45743 1
45752 7
45758 6
45759 9
45766 7
45774 8
45778 1
45785 2
45785 4
45787 7
45794 10
45794 1
45802 2
45805 1
45807 10
45809 8
45816 8
45822 4
45830 1
45838 10
45838 8
45844 10
45847 4
45852 8
45854 8
45861 7
45870 2
45879 7
45883 7
45885 10
45886 1
45886 9
45889 5
45897 4
45907 8
45909 6
45916 1
45916 5
45924 5
45924 1
45932 8
45939 1
45939 8
45939 8
45944 6
45951 4
45956 7
45958 7
45967 8
45971 8
45974 6
45978 2
45981 10
45987 1
45995 2
46002 10
46011 3
46021 1
46029 9
46030 6
46030 8
46037 2
46037 8
46046 6
46050 1
46053 4
46061 9
46065 1
46072 4
46080 4
46080 7
46086 7
46093 3
46099 10
46102 10
46107 9
46107 9
46114 2
46120 2
46125 2
46133 10
46138 8
46138 1
46142 8
46145 5
46155 3
46158 6
46158 1
46165 1
46165 3
46165 8
46166 8
46168 5
46175 1
46177 5
46182 9
46190 1
46193 6
46196 10
46199 9
46202 8
46210 7
46214 5
46216 3
46219 9
46228 6
46233 10
46243 1
46249 3
46251 3
46254 7
46260 5
46264 3
46271 1
46271 9
46274 10
46283 3
46292 1
46300 6
46310 3
46313 2
46321 2
46327 4
46330 1
46339 7
46347 4
46347 9
46347 3
46355 3
46365 7
46369 3
46369 9
46371 3
46373 3
46382 5
46386 4
46394 6
46400 2
46406 10
46406 6
46416 7
46419 1
46426 9
46426 8
46436 6
46446 4
46447 9
46450 4
46456 2
46463 10
46465 4
46467 4
46477 1
46484 1
46488 9
46493 5
46496 5
46506 2
46516 10
46517 8
46527 2
46537 5
46545 4
46554 4
46555 10
46560 2
46562 10
46572 6
46576 4
46581 1
46582 4
46590 1
46597 4
46598 4
46605 2
46606 10
46606 1
46608 6
46617 5
46626 2
46630 3
46631 9
46640 5
46647 4
46651 3
46660 4
46668 2
46675 5
46675 5
46682 2
46690 9
46690 10
46697 8
46698 7
46707 5
46710 10
46710 6
46718 1
46720 5
46730 9
46731 3
46739 5
46749 5
46759 2
46769 9
46774 8
46774 5
46774 1
46777 3
46787 6
46794 9
46797 6
46801 4
46803 7
46812 4
46821 8
46826 9
46831 5
46840 3
46842 6
46849 1
46850 10
46857 2
46858 9
46868 1
46878 3
46879 2
46889 7
46896 6
46906 8
46907 10
46908 1
46908 7
46915 4
46922 3
46924 4
46926 4
46935 1
46936 7
46942 2
46950 9
46952 9
46954 4
46956 1
46956 2
46956 1
46962 3
46966 9
46972 8
46974 2
46982 3
46986 5
46990 10
46994 3
47002 10
47003 6
47003 10
47006 1
47008 1
47016 3
47022 1
47023 4
47031 8
47035 6
47040 8
47046 8
47053 4
47062 8
47069 1
47071 2
47080 6
47089 9
47093 3
47103 9
47107 4
47113 8
47116 5
47123 1
47123 5
47127 10
47132 5
47136 4
47140 2
47149 5
47149 3
47152 4
47153 5
47159 4
47169 7
47176 3
47185 4
47185 8
47190 3
47190 4
47196 6
47205 1
47205 4
47214 4
47216 7
47219 1
47221 7
47221 8
47226 9
47230 2
47238 6
47246 10
47255 6
47260 9
47262 9
47270 6
47279 8
47282 9
47289 5
47299 10
47303 3
47313 4
47317 7
47323 3
47327 6
47328 5
47337 2
47342 2
47346 4
47356 6
47359 3
47367 9
47367 1
47376 5
47384 2
47388 10
47394 8
47399 4
47400 5
47406 4
47406 4
47410 3
47413 5
47416 5
47422 5
47431 4
47436 4
47445 2
47450 3
47459 3
47459 5
47459 9
47462 4
47463 10
47469 2
47476 10
47479 4
47489 3
47496 9
47496 10
47496 8
47496 3
47496 8
47503 7
47507 3
47509 6
47514 3
47519 2
47527 10
47527 7
47528 10
47531 9
47537 2
47545 3
47548 1
47551 5
47551 8
47556 3
47558 1
47560 8
47566 10
47570 3
47575 1
47582 1
47587 10
47588 3
47598 6
47607 4
47614 6
47618 9
47618 2
47618 8
47618 9
47628 7
47633 1
47637 6
47639 10
47647 6
47652 5
47659 3
47666 6
47669 4
47669 10
47677 2
47683 8
47686 6
47692 2
47696 8
47703 3
47709 4
47711 9
47721 6
47725 7
47735 1
47742 1
47746 6
47748 9
47754 4
47759 1
47764 6
47764 7
47766 6
47774 3
47774 2
47782 1
47785 3
47787 8
47789 10
47795 4
47795 9
47800 4
47804 4
47811 7
47816 10
47825 4
47835 6
47840 7
47843 1
47847 9
47852 10
47859 1
47867 10
47874 3
47883 4
47890 2
47894 1
47903 9
47906 9
47912 3
47915 6
47919 5
47922 9
47922 7
47930 4
47937 4
47941 5
47947 6
47954 4
47961 9
47963 5
47963 2
47965 7
47966 1
47966 9
47967 5
47968 5
47973 8
47973 5
47979 5
47987 8
47993 4
47994 3
48003 2
48012 10
48022 6
48030 3
48034 10
48038 1
48039 6
48039 8
48044 5
48047 4
48050 9
48050 5
48057 8
48066 10
48071 10
48071 1
48075 2
48083 1
48091 3
48100 8
48101 4
48106 7
48110 1
48112 4
48119 9
48123 9
48130 6
48135 10
48144 1
48148 4
48148 8
48155 10
48155 6
48161 8
48167 7
48175 5
48180 7
48187 4
48195 8
48198 4
48199 5
48209 7
48217 8
48225 6
48229 10
48234 9
48235 5
48242 7
48244 5
48254 3
48256 2
48258 5
48265 1
48267 9
48272 9
48278 7
48287 7
48289 5
48294 4
48302 6
48309 1
48310 3
48312 6
48321 9
48329 5
48339 3
48339 1
48345 8
48353 8
48353 2
48363 9
48370 1
48377 4
48379 2
48383 7
48392 3
48402 5
48410 5
48416 3
48420 2
48420 10
48422 7
48423 4
48431 5
48432 9
48433 1
48443 7
48451 5
48455 9
48459 10
48465 5
48473 5
48482 8
48485 9
48494 7
48499 1
48505 5
48513 10
48513 1
48519 4
48520 3
48520 10
48520 6
48525 2
48531 1
48541 1
48548 6
48551 6
48559 7
48568 4
48568 7
48569 2
48577 2
48578 2
48579 10
48584 5
48594 1
48597 2
48598 1
48599 4
48601 9
48604 9
48607 2
48611 6
48621 1
48623 6
48626 5
48627 9
48637 2
48643 2
48650 9
48653 4
48658 2
48659 10
48667 3
48677 6
48686 2
48695 6
48699 10
48709 4
48719 4
48719 9
48720 9
48721 8
48723 3
48725 3
48729 6
48739 5
48745 5
48746 3
48747 10
48750 10
48759 5
48767 5
48775 8
48778 8
48783 10
48791 1
48791 8
48797 10
48798 8
48806 7
48815 1
48815 4
48820 5
48828 6
48836 7
48836 8
48844 3
48848 6
48850 3
48852 3
48858 4
48858 2
48864 4
48869 4
48870 5
48879 7
48886 1
48888 6
48897 9
48899 5
48907 10
48916 7
48926 6
48934 4
48942 7
48946 4
48951 2
48960 2
48968 9
48970 9
48974 7
48980 4
48988 9
48995 6
49000 4
49001 5
49002 3
49005 5
49005 5
49015 10
49020 7
49029 3
49036 1
49043 4
49051 3
49051 8
49061 2
49068 10
49068 4
49069 1
49071 6
49075 10
49084 8
49087 8
49091 5
49094 7
49099 1
49107 8
49113 6
49116 6
49117 8
49118 2
49121 6
49124 3
49134 8
49141 8
49144 3
49147 3
49152 4
49159 6
49167 7
49176 10
49186 2
49196 2
49204 3
49211 9
49212 2
49219 1
49221 3
49227 10
49228 10
49229 4
49231 8
49233 4
49242 7
49247 1
49253 2
49258 6
49265 1
49272 3
49277 6
49278 5
49286 5
49295 8
49299 10
49300 8
49305 8
49311 3
49316 8
49319 9
49323 8
49330 2
49339 3
49340 5
49346 7
49353 9
49362 2
49364 3
49366 10
49373 7
49375 8
49383 1
49390 6
49392 3
49392 2
49394 10
49394 3
49404 1
49413 8
49414 1
49422 6
49431 8
49435 3
49436 7
49446 1
49446 2
49447 10
49454 7
49463 9
49468 9
49470 1
49479 3
49481 8
49491 1
49500 2
49500 1
49507 3
49516 8
49523 1
49528 9
49533 1
49537 3
49546 6
49548 6
49556 10
49557 9
49557 3
49567 3
49573 10
49573 8
49581 5
49585 10
49590 10
49593 4
49593 5
49598 5
49608 3
49608 7
49616 9
49619 7
49625 8
49627 8
49627 1
49634 2
49641 5
49645 4
49649 3
49653 10
49663 6
49671 5
49673 6
49676 8
49685 9
49693 10
49695 10
49702 5
49704 4
49706 8
49713 6
49716 9
49721 2
49722 4
49725 10
49729 7
49738 7
49747 6
49757 2
49757 2
49758 1
49758 10
49765 9
49774 8
49778 10
49786 2
49793 7
49803 8
49810 5
49818 4
49820 6
49827 1
49837 3
49847 6
49850 4
49854 9
49859 9
49862 6
49870 3
49877 5
49886 8
