5 2
13 10
20 1
25 7
31 4
33 2
37 7
40 10
43 3
52 6
53 9
63 4
67 7
70 10
78 4
80 7
86 3
86 9
91 7
101 3
102 6
111 8
119 6
122 9
129 7
137 5
141 8
150 5
150 9
157 4
165 4
173 9
177 1
181 8
181 8
189 10
190 9
192 5
197 7
206 7
210 10
216 2
217 1
217 6
219 5
226 4
227 4
236 5
244 5
245 2
248 6
253 4
253 9
254 3
264 4
267 3
271 3
277 5
286 7
292 4
301 10
305 10
307 5
307 8
309 7
312 10
319 1
326 10
328 5
337 9
343 4
352 5
356 9
360 2
368 8
378 7
388 6
389 3
391 9
400 8
401 2
408 10
415 4
424 6
424 5
430 9
434 9
438 5
443 4
452 6
458 4
463 4
470 10
475 9
479 10
480 7
483 7
492 7
492 9
497 3
497 8
499 1
500 8
500 5
502 3
508 7
512 3
512 7
515 8
522 4
527 4
527 1
531 8
532 5
535 1
535 8
538 2
544 6
551 7
560 4
563 5
567 9
568 2
573 3
577 3
578 10
583 6
585 10
595 1
605 10
611 5
614 3
624 9
625 6
627 4
628 7
628 9
628 8
634 1
639 3
641 6
648 1
655 4
660 7
670 7
674 6
676 4
680 6
682 1
688 10
688 1
696 2
706 3
716 3
726 3
732 8
742 8
749 2
757 1
765 4
769 5
769 10
773 2
777 2
782 9
789 7
793 7
795 3
804 1
811 5
815 1
822 2
823 2
828 1
829 2
833 1
843 8
851 6
855 8
862 10
871 7
872 10
878 6
879 7
882 9
892 1
897 6
904 1
910 9
911 1
911 8
918 8
923 3
933 3
936 1
941 9
947 9
948 7
956 2
959 7
967 7
970 2
974 3
979 1
989 4
991 4
1000 5
1003 5
1004 6
1005 1
1010 2
1014 7
1022 1
1032 8
1036 7
1037 3
1046 5
1046 7
1050 7
1060 10
1069 3
1078 2
1086 6
1094 6
1097 6
1098 10
1098 10
1105 8
1113 1
1114 4
1119 3
1129 4
1136 2
1140 6
1142 10
1142 1
1142 10
1145 1
1153 1
1158 9
1163 8
1169 6
1178 10
1179 9
1186 3
1191 2
1191 9
1193 4
1193 9
1200 10
1206 5
1216 4
1218 6
1221 10
1231 3
1239 6
1239 2
1247 9
1249 7
1250 1
1255 2
1261 7
1268 1
1268 1
1269 2
1274 10
1274 2
1275 10
1280 8
1280 6
1280 3
1286 5
1294 6
1301 5
1307 6
1314 4
1314 1
1320 7
1330 2
1331 1
1332 1
1335 2
1344 5
1354 3
1361 4
1364 6
1370 3
1373 10
1382 9
1383 4
1388 3
1393 10
1394 9
1394 5
1397 7
1402 8
1408 8
1418 3
1427 3
1433 6
1440 5
1449 7
1456 5
1457 8
1466 4
1476 6
1477 10
1483 10
1493 5
1500 4
1506 2
1506 4
1513 3
1517 1
1526 3
1536 6
1542 8
1545 9
1551 1
1556 4
1561 9
1566 1
1570 8
1574 1
1579 5
1581 9
1582 7
1591 7
1591 8
1593 9
1602 4
1612 2
1615 7
1617 5
1619 8
1620 1
1629 1
1639 7
1647 3
1648 3
1650 1
1660 7
1664 4
1673 3
1681 1
1690 7
1696 4
1703 8
1709 8
1717 8
1720 2
1723 2
1729 3
1730 1
1735 6
1745 5
1749 6
1758 8
1762 3
1770 4
1773 2
1780 10
1781 9
1789 8
1798 1
1800 4
1802 7
1802 5
1809 4
1814 7
1816 2
1822 8
1823 4
1831 10
1839 8
1845 3
1852 6
1860 5
1861 1
1861 2
1870 8
1880 5
1884 4
1887 4
1897 8
1905 8
1905 3
1908 2
1913 3
1919 3
1920 7
1921 10
1931 1
1934 5
1936 5
1945 6
1949 7
1957 6
1964 2
1969 8
1975 1
1981 4
1985 4
1990 10
1998 7
2006 10
2014 3
2021 6
2027 5
2030 8
2031 2
2036 2
2043 3
2043 7
2043 10
2052 9
2058 1
2066 5
2067 8
2072 7
2081 1
2084 10
2093 7
2102 8
2108 6
2118 3
2119 9
2129 4
2132 4
2141 1
2144 8
2150 8
2160 2
2166 6
2169 2
2174 6
2183 10
2188 9
2194 1
2203 1
2206 2
2212 5
2218 10
2227 5
2230 2
2230 3
2230 4
2232 9
2240 5
2247 8
2252 10
2252 10
2259 2
2268 8
2273 5
2275 1
2284 5
2290 10
2291 7
2294 4
2304 1
2310 1
2318 5
2326 4
2327 9
2328 7
2331 8
2339 8
2344 6
2354 4
2364 9
2367 10
2373 2
2375 2
2385 5
2392 1
2397 2
2403 1
2411 6
2414 8
2417 9
2420 3
2424 5
2427 7
2431 10
2433 4
2433 7
2443 4
2443 6
2443 9
2446 3
2452 7
2459 5
2466 3
2467 3
2469 5
2470 6
2478 8
2483 10
2492 4
2493 8
2493 10
2497 2
2500 3
2510 1
2513 9
2521 1
2528 10
2536 4
2544 7
2553 3
2563 8
2566 4
2566 10
2572 3
2575 4
2585 2
2587 5
2597 9
2604 2
2610 9
2618 5
2622 7
2627 7
2631 9
2638 9
2647 8
2657 2
2657 5
2662 5
2669 6
2677 1
2686 5
2693 1
2698 3
2703 4
2712 7
2714 3
2718 6
2718 9
2724 4
2733 8
2741 7
2742 3
2747 1
2749 1
2749 10
2755 4
2762 8
2767 9
2769 1
2769 3
2779 5
2789 3
2794 7
2802 8
2804 10
2806 3
2809 7
2815 8
2825 6
2832 5
2835 1
2842 1
2845 7
2853 1
2862 3
2863 7
2869 10
2878 9
2882 4
2883 8
2884 3
2889 2
2896 10
2906 8
2911 8
2913 2
2920 7
2924 1
2930 1
2930 3
2938 5
2948 2
2957 3
2960 2
2960 7
2967 2
2973 4
2974 10
2983 3
2986 1
2991 5
2996 3
3006 6
3015 5
3025 5
3032 2
3038 1
3045 5
3045 4
3050 3
3050 9
3059 9
3069 1
3074 8
3074 1
3079 8
3089 3
3091 6
3098 6
3100 7
3105 3
3115 8
3116 5
3117 8
3119 1
3128 9
3131 7
3137 5
3143 9
3147 2
3153 3
3158 5
3167 2
3169 7
3174 4
3182 8
3184 6
3191 10
3191 2
3192 8
3193 8
3197 4
3201 7
3206 2
3216 2
3218 5
3224 8
3232 4
3234 3
3239 8
3242 5
3245 5
3254 5
3258 2
3263 1
3271 9
3275 7
3285 5
3285 2
3289 9
3299 4
3299 2
3299 7
3306 2
3312 4
3318 6
3320 7
3321 2
3325 4
3331 8
3340 4
3342 6
3346 9
3353 6
3353 8
3361 8
3365 2
3367 6
3368 5
3371 7
3379 8
3383 10
3384 6
3391 8
3399 6
3409 6
3413 2
3420 4
3428 3
3436 5
3438 6
3443 3
3452 4
3462 7
3465 6
3469 9
3475 8
3484 1
3494 4
3494 5
3499 5
3500 2
3508 3
3513 9
3523 6
3523 7
3527 8
3532 10
3533 8
3543 10
3545 10
3547 10
3556 10
3561 4
3564 1
3567 6
3567 2
3573 3
3575 3
3584 1
3594 7
3602 3
3605 9
3608 6
3612 7
3616 3
3619 7
3623 8
3628 4
3636 3
3646 1
3651 1
3656 8
3658 8
3667 8
3670 4
3680 1
3689 10
3690 7
3693 7
3694 4
3704 4
3706 5
3707 9
3716 2
3717 4
3726 2
3729 7
3733 10
3738 5
3744 9
3752 1
3756 3
3761 8
3766 6
3775 7
3776 7
3782 10
3792 10
3799 1
3803 3
3806 8
3808 9
3808 7
3808 3
3813 7
3813 10
3822 1
3828 10
3834 6
3843 7
3845 8
3855 3
3858 8
3859 7
3863 9
3869 3
3871 8
3880 5
3881 2
3886 9
3887 1
3896 6
3901 4
3903 1
3913 2
3915 5
3916 6
3922 7
3930 1
3930 2
3939 7
3941 10
3942 8
3944 1
3949 2
3958 1
3968 9
3970 2
3977 3
3980 4
3984 3
3990 6
3995 5
3998 2
4005 1
4015 10
4020 10
4023 4
4033 2
4042 10
4052 5
4060 8
4060 7
4061 8
4063 6
4064 8
4069 1
4074 10
4079 9
4088 4
4096 6
4099 10
4105 4
4112 4
4122 1
4127 2
4136 4
4142 10
4152 10
4154 3
4159 1
4163 7
4169 7
4178 8
4184 8
4185 7
4195 7
4201 2
4201 1
4207 9
4213 1
4221 8
4221 10
4231 7
4238 7
4248 8
4248 3
4258 9
4261 1
4266 5
4267 10
4268 5
4277 9
4279 8
4286 2
4291 3
4297 7
4300 9
4302 10
4308 8
4318 6
4324 4
4331 1
4332 8
4342 8
4348 1
4348 7
4356 5
4357 1
4361 7
4367 10
4373 8
4381 9
4389 5
4398 4
4402 5
4406 8
4409 1
4410 2
4410 9
4418 4
4428 9
4428 6
4431 6
4436 8
4441 3
4442 10
4450 5
4458 8
4462 10
4466 10
4466 4
4472 4
4482 7
4484 3
4490 7
4492 6
4498 7
4507 1
4517 9
4518 3
4528 6
4531 3
4539 5
4539 1
4543 5
4549 10
4550 2
4552 3
4556 2
4562 3
4564 5
4568 6
4575 10
4579 3
4581 5
4590 1
4593 1
4598 2
4608 7
4617 3
4626 5
4628 4
4631 9
4639 3
4646 4
4651 3
4659 6
4663 9
4671 5
4681 4
4681 1
4690 10
4696 1
4696 2
4704 4
4709 1
4709 8
4710 7
4720 1
4728 2
4736 8
4738 4
4746 3
4753 10
4754 8
4756 9
4766 9
4767 3
4768 10
4775 7
4783 10
4792 4
4797 2
4806 7
4810 10
4817 9
4820 6
4823 4
4824 7
4826 9
4827 8
4829 4
4829 7
4831 6
4833 10
4839 10
4846 2
4851 10
4852 6
4858 10
4862 8
4864 8
4873 2
4877 2
4878 4
4878 2
4888 1
4888 8
4890 2
4899 3
4909 10
4911 5
4917 1
4924 7
4929 2
4937 5
4937 5
4941 3
4942 5
4950 4
4952 8
4956 10
4964 3
4971 4
4975 5
4979 1
4984 2
4989 6
4989 1
4990 9
4991 9
4993 4
4998 10
5006 1
5016 3
5023 4
5033 2
5041 7
5043 4
5050 4
5058 8
5064 4
5067 1
5077 2
5078 3
5083 8
5091 8
5101 8
5101 10
5108 2
5118 6
5126 2
5128 2
5134 7
5143 10
5150 4
5160 6
5165 8
5167 8
5169 10
5171 2
5172 6
5173 9
5173 9
5180 6
5187 1
5195 7
5198 10
5205 2
5207 4
5215 8
5222 10
5230 6
5234 10
5235 1
5244 6
5253 7
5262 4
5270 6
5279 4
5280 3
5287 4
5291 8
5298 10
5301 1
5302 4
5306 2
5310 3
5315 4
5325 3
5335 3
5342 7
5346 2
5353 6
5355 3
5355 4
5360 6
5360 8
5362 2
5370 6
5374 2
5379 4
5382 3
5390 3
5393 3
5403 10
5403 8
5403 4
5411 8
5413 3
5422 3
5431 8
5438 3
5448 4
5453 4
5457 9
5459 9
5464 10
5468 3
5478 8
5485 1
5492 1
5495 5
5503 2
5505 8
5511 5
5512 9
5522 9
5523 10
5527 8
5531 5
5534 3
5537 3
5546 4
5556 8
5557 1
5562 2
5571 9
5574 9
5578 2
5581 5
5582 5
5585 9
5595 8
5603 9
5612 6
5612 3
5619 7
5628 1
5637 1
5638 5
5646 1
5652 6
5653 4
5662 2
5664 2
5668 3
5670 10
5670 3
5678 3
5682 4
5689 7
5695 9
5698 3
5705 5
5712 2
5720 10
5721 7
5727 2
5727 10
5732 7
5736 2
5737 9
5738 3
5745 10
5753 7
5755 7
5755 10
5761 7
5768 7
5769 1
5775 3
5780 1
5788 6
5793 1
5795 8
5803 10
5809 7
5819 1
5827 2
5827 8
5831 6
5841 2
5846 2
5849 1
5852 1
5853 7
5862 4
5863 2
5867 10
5870 8
5873 10
5883 9
5888 6
5889 8
5891 3
5899 8
5899 2
5903 5
5911 8
5916 10
5924 10
5931 3
5931 4
5931 4
5932 7
5937 3
5947 9
5956 5
5956 1
5963 6
5971 10
5973 3
5980 5
5981 3
5984 6
5988 3
5988 9
5992 1
5996 3
5996 6
6002 7
6007 9
6015 10
6025 5
6032 7
6037 7
6043 7
6053 6
6056 7
6062 5
6065 1
6067 8
6073 6
6083 2
6093 3
6102 10
6105 6
6105 10
6107 3
6111 9
6113 7
6115 5
6121 5
6130 6
6138 10
6139 3
6139 1
6140 3
6149 1
6151 7
6160 3
6160 8
6162 4
6171 9
6179 4
6179 6
6189 3
6195 5
6196 4
6196 9
6204 2
6212 8
6214 3
6214 9
6222 6
6226 1
6228 10
6233 9
6236 7
6241 2
6243 7
6252 2
6257 1
6260 7
6267 6
6268 10
6269 9
6269 10
6272 9
6273 8
6283 2
6289 3
6297 8
6299 8
6300 10
6301 5
6310 1
6311 7
6312 5
6316 7
6319 3
6319 1
6327 7
6335 5
6343 10
6344 9
6346 2
6353 6
6357 5
6366 4
6376 5
6379 4
6384 7
6390 7
6396 10
6398 4
6398 3
6399 6
6409 6
6415 6
6420 4
6422 7
6422 8
6425 6
6426 8
6430 1
6437 2
6440 8
6449 9
6452 2
6458 9
6467 1
6470 9
6480 1
6488 7
6494 8
6503 5
6508 6
6508 8
6517 7
6522 4
6530 8
6539 5
6548 4
6555 3
6564 2
6566 10
6570 5
6576 1
6581 3
6586 5
6589 10
6595 9
6603 2
6605 9
6610 5
6617 9
6624 9
6625 1
6625 10
6630 9
6639 5
6643 7
6653 1
6655 8
6664 8
6667 8
6673 3
6679 3
6682 5
6690 6
6694 8
6704 3
6711 10
6715 2
6724 10
6728 2
6730 4
6739 7
6743 8
6747 9
6751 10
6753 4
6760 3
6761 9
6764 2
6770 7
6770 1
6776 8
6780 9
6784 9
6788 2
6796 4
6799 1
6805 9
6810 8
6818 8
6823 6
6831 10
6838 9
6846 6
6851 4
6855 2
6862 7
6864 7
6869 1
6869 5
6879 7
6880 8
6882 2
6890 9
6895 8
6900 10
6904 9
6914 2
6922 2
6928 1
6936 4
6942 3
6948 5
6948 7
6956 6
6962 10
6970 3
6980 2
6980 8
6985 7
6993 6
6996 1
6996 2
7002 5
7009 2
7019 1
7026 10
7031 9
7039 4
7049 3
7051 8
7053 2
7062 2
7068 6
7072 4
7074 7
7082 2
7091 7
7096 10
7099 7
7102 7
7104 9
7105 3
7105 4
7113 5
7117 7
7117 9
7123 4
7128 1
7133 10
7143 4
7149 9
7149 4
7151 2
7155 7
7156 7
7157 10
7163 2
7169 4
7170 9
7171 2
7181 10
7190 5
7198 3
7203 5
7211 3
7218 9
7227 9
7228 7
7235 8
7245 3
7246 9
7255 10
7255 5
7265 7
7266 1
7270 2
7270 1
7273 6
7276 2
7284 6
7293 4
7301 6
7309 9
7310 4
7311 10
7312 1
7319 9
7327 2
7335 6
7342 10
7347 10
7356 10
7357 8
7358 7
7363 9
7364 5
7364 10
7369 5
7375 6
7375 8
7378 6
7386 7
7392 10
7400 1
7408 7
7408 3
7411 4
7416 10
7420 8
7428 2
7429 9
7439 9
7441 9
7445 8
7454 4
7458 3
7459 4
7459 9
7460 10
7467 10
7475 5
7485 6
7485 5
7489 3
7496 4
7499 10
7503 1
7507 4
7512 6
7515 7
7525 9
7528 3
7532 1
7536 7
7543 3
7545 10
7548 2
7554 9
7556 3
7564 1
7571 7
7573 1
7583 10
7588 1
7589 6
7594 7
7596 10
7606 8
7616 1
7624 4
7625 4
7626 3
7634 9
7642 6
7642 5
7646 8
7647 7
7652 10
7661 4
7663 5
7669 1
7669 5
7673 1
7674 5
7674 7
7682 9
7689 2
7690 10
7700 6
7701 4
7711 2
7715 1
7722 3
7732 6
7738 4
7743 6
7753 4
7759 7
7761 3
7763 8
7765 1
7773 4
7778 10
7778 6
7784 1
7784 5
7786 6
7790 9
7790 9
7792 5
7798 7
7799 7
7809 2
7813 5
7813 3
7821 7
7825 1
7825 7
7828 6
7837 5
7845 4
7847 9
7848 8
7853 8
7861 6
7862 9
7863 6
7867 5
7876 9
7882 4
7884 4
7885 6
7891 2
7892 7
7899 7
7903 5
7910 5
7910 1
7920 5
7926 2
7936 4
7945 5
7953 1
7960 9
7969 1
7972 2
7975 7
7980 3
7981 3
7984 7
7990 2
7990 4
7990 1
7998 2
8001 6
8007 8
8014 8
8014 2
8017 4
8026 7
8031 7
8031 3
8034 9
8036 2
8046 5
8055 5
8055 4
8058 4
8063 3
8072 10
8072 3
8080 10
8085 10
8094 10
8103 5
8109 10
8117 8
8126 3
8136 8
8139 1
8140 5
8150 10
8158 4
8158 5
8159 2
8167 7
8177 4
8183 7
8190 8
8198 9
8208 4
8214 5
8223 1
8229 2
8229 4
8234 1
8242 1
8243 1
8248 6
8253 1
8257 2
8262 5
8263 4
8264 1
8264 9
8264 7
8265 10
8270 8
8278 3
8281 1
8288 3
8295 7
8304 5
8311 8
8316 3
8323 1
8333 8
8342 10
8348 8
8354 7
8362 2
8364 3
8365 9
8369 4
8374 10
8378 10
8379 8
8382 8
8387 4
8396 4
8403 8
8408 3
8410 9
8412 9
8414 5
8424 5
8425 2
8429 10
8435 8
8442 2
8442 8
8452 1
8459 10
8466 9
8476 6
8484 2
8490 6
8498 1
8502 9
8503 3
8508 6
8511 2
8520 7
8526 9
8528 5
8529 5
8538 5
8540 9
8541 7
8544 1
8546 9
8551 9
8552 2
8556 2
8556 10
8566 7
8569 7
8579 1
8585 1
8587 1
8589 3
8598 9
8603 4
8606 2
8615 5
8620 5
8625 10
8632 2
8642 6
8651 2
8654 3
8655 1
8662 8
8665 5
8666 4
8674 6
8684 4
8686 4
8692 4
8700 10
8710 1
8712 6
8722 1
8732 2
8739 1
8743 2
8747 3
8750 5
8753 4
8762 1
8772 7
8777 4
8777 2
8777 10
8777 4
8785 7
8791 7
8794 7
8802 10
8812 6
8819 2
8820 8
8825 2
8832 5
8838 4
8846 6
8853 1
8857 4
8866 8
8867 2
8875 6
8882 8
8890 2
8896 2
8905 3
8912 6
8916 7
8917 8
8927 6
8930 4
8939 9
8948 10
8950 2
8950 6
8952 2
8957 3
8967 7
8969 2
8977 5
8987 2
8996 3
9003 10
9004 9
9014 8
9015 3
9016 4
9018 4
9020 3
9030 10
9032 7
9035 6
9035 9
9040 10
9045 1
9051 4
9055 10
9061 10
9065 6
9071 2
9074 5
9077 7
9081 8
9083 4
9090 8
9099 1
9099 5
9100 2
9110 8
9119 4
9125 6
9129 3
9135 4
9143 10
9145 5
9145 3
9151 6
9157 10
9163 1
9169 6
9175 8
9184 2
9186 1
9191 7
9195 8
9195 10
9201 1
9211 2
9211 8
9221 3
9228 3
9234 3
9234 7
9236 4
9241 8
9245 5
9251 8
9256 1
9265 6
9271 1
9271 2
9272 8
9278 4
9284 6
9288 4
9295 6
9296 8
9296 6
9306 2
9310 2
9314 10
9317 8
9324 7
9330 10
9333 7
9340 6
9343 1
9349 10
9354 7
9357 8
9361 7
9366 8
9374 2
9377 9
9381 5
9389 4
9389 9
9395 5
9399 1
9400 8
9401 3
9409 5
9413 8
9417 10
9419 2
9422 8
9427 9
9435 4
9444 8
9452 5
9457 7
9466 10
9469 3
9469 3
9473 8
9474 2
9484 6
9493 5
9502 3
9510 1
9515 2
9520 4
9524 3
9524 4
9525 4
9528 6
9537 2
9546 8
9548 8
9554 1
9563 3
9573 9
9574 1
9582 5
9590 9
9590 9
9590 5
9599 4
9603 1
9611 1
9613 8
9622 5
9631 4
9641 6
9644 5
9650 10
9660 2
9667 9
9668 2
9668 7
9674 10
9683 2
9685 8
9686 3
9688 3
9698 2
9703 2
9706 1
9708 2
9709 8
9717 4
9721 5
9731 4
9737 6
9739 8
9745 7
9750 10
9751 3
9759 6
9760 6
9765 2
9766 9
9771 7
9772 2
9777 7
9786 7
9792 7
9799 4
9808 8
9812 9
9820 7
9826 3
9826 6
9832 6
9837 3
9840 10
9843 3
9850 1
9855 1
9858 2
9865 3
9875 9
9875 4
9879 3
9886 8
9892 9
9895 7
9898 2
9902 1
9907 4
9910 1
9916 10
9925 5
9929 7
9936 3
9936 4
9942 9
9944 6
9947 9
9948 5
9958 1
9967 1
9972 8
9974 1
9984 3
9988 2
9989 9
9998 1
10007 4
10009 10
10014 8
10019 4
10029 7
10032 9
10039 10
10046 2
10053 10
10060 9
10067 7
10072 7
10073 6
10080 4
10084 1
10094 1
10095 4
10100 3
10110 4
10115 6
10116 8
10124 9
10132 1
10134 8
10142 7
10142 9
10145 10
10155 3
10158 4
10161 2
10167 4
10173 2
10173 3
10176 10
10183 1
10190 1
10191 4
10194 6
10200 3
10209 8
10219 3
10226 1
10229 4
10232 8
10238 6
10248 5
10252 1
10259 10
10261 3
10265 2
10270 7
10272 4
10274 2
10276 7
10283 5
10293 5
10303 3
10310 1
10320 3
10325 5
10328 10
10333 8
10338 9
10339 7
10348 9
10353 7
10354 1
10361 8
10361 4
10370 3
10378 2
10378 8
10382 4
10385 2
10391 8
10399 5
10409 6
10411 9
10413 4
10414 9
10418 5
10420 8
10430 9
10436 3
10440 2
10442 3
10444 2
10448 9
10456 1
10463 3
10466 7
10475 9
10477 3
10480 10
10481 4
10486 9
10494 8
10500 8
10503 4
10506 10
10512 7
10518 10
10524 7
10533 5
10536 1
10542 2
10547 7
10551 3
10554 9
10564 7
10564 2
10570 3
10577 5
10579 7
10582 2
10585 6
10592 4
10592 8
10595 7
10597 1
10599 4
10607 6
10607 4
10608 4
10616 1
10619 7
10620 9
10623 3
10623 2
10625 4
10632 9
10640 2
10641 7
10642 5
10645 5
10654 4
10664 1
10674 10
10682 8
10691 9
10698 5
10698 2
10707 7
10709 8
10714 7
10722 2
10730 1
10732 8
10742 5
10745 4
10750 10
10756 9
10761 7
10761 8
10762 5
10766 2
10774 3
10776 5
10780 1
10783 7
10788 7
10796 2
10800 4
10810 9
10811 4
10814 1
10815 1
10824 8
10826 1
10831 3
10838 1
10838 5
10840 10
10848 3
10851 5
10854 8
10855 1
10865 1
10874 10
10882 7
10891 2
10894 1
10902 8
10904 3
10914 5
10914 6
10918 10
10924 9
10933 2
10940 9
10944 5
10953 10
10959 7
10967 1
10970 10
10980 5
10981 4
10987 9
10990 5
10996 4
10997 7
10999 6
10999 2
11007 8
11016 10
11025 3
11026 4
11029 10
11039 3
11047 2
11048 7
11049 7
11057 2
11066 6
11069 7
11078 10
11082 9
11089 2
11095 5
11095 7
11101 7
11106 9
11106 1
11115 4
11122 1
11131 7
11131 2
11137 1
11142 9
11149 4
11153 7
11163 1
11165 1
11175 9
11184 2
11185 1
11190 5
11196 3
11198 4
11200 2
11208 5
11210 2
11219 4
11223 3
11233 2
11233 10
11234 2
11243 6
11245 5
11255 2
11260 4
11269 8
11274 5
11276 7
11280 2
11280 3
11284 9
11292 3
11302 2
11308 5
11317 3
11327 4
11327 9
11337 1
11338 7
11338 3
11344 5
11348 3
11349 6
11352 1
11360 9
11365 2
11369 2
11370 1
11380 3
11380 8
11388 5
11394 4
11398 4
11408 8
11410 5
11410 5
11416 5
11420 2
11427 5
11427 6
11436 10
11439 4
11444 5
11449 7
11459 4
11461 4
11471 7
11473 5
11483 2
11489 2
11498 5
11501 9
11509 4
11519 1
11521 6
11528 5
11530 5
11531 9
11534 7
11535 9
11541 1
11549 2
11555 3
11562 1
11572 9
11573 4
11579 2
11588 6
11589 6
11594 5
11600 1
11602 10
11612 3
11617 7
11621 5
11624 4
11630 10
11634 4
11640 3
11643 8
11653 10
11663 8
11673 5
11681 5
11685 8
11689 5
11690 3
11697 7
11702 5
11705 6
11709 10
11715 7
11717 8
11724 3
11732 8
11742 4
11747 3
11747 7
11752 5
11754 1
11762 4
11767 4
11775 2
11784 3
11794 4
11804 10
11806 9
11813 4
11817 9
11826 7
11827 8
11831 6
11836 3
11842 9
11851 7
11854 1
11856 8
11858 6
11866 5
11867 10
11873 7
11879 5
11881 8
11881 4
11884 8
11885 6
11890 2
11899 9
11906 7
11912 2
11913 8
11923 2
11928 7
11929 9
11935 8
11942 3
11950 10
11960 3
11964 9
11966 4
11973 10
11983 3
11992 4
12000 6
12010 2
12019 2
12028 3
12029 8
12033 6
12038 4
12039 5
12049 9
12050 5
12057 2
12062 2
12062 1
12063 10
12064 4
12068 8
12069 2
12069 10
12070 10
12074 2
12076 6
12078 5
12083 1
12088 9
12088 7
12092 5
12102 7
12105 7
12114 6
12120 7
12120 1
12126 2
12127 5
12137 1
12139 9
12140 4
12149 8
12157 5
12162 1
12171 10
12179 7
12187 8
12194 9
12197 6
12199 5
12199 9
12207 6
12208 1
12218 4
12226 7
12228 3
12231 8
12231 10
12231 3
12231 8
12237 8
12244 7
12244 1
12254 1
12259 4
12260 10
12260 10
12269 3
12275 8
12275 3
12284 3
12284 5
12293 8
12302 6
12305 3
12309 3
12311 9
12319 7
12320 5
12326 6
12330 2
12338 2
12343 1
12349 4
12350 4
12350 5
12354 4
12362 8
12369 3
12378 4
12381 7
12385 1
12395 6
12401 5
12405 6
12406 1
12414 7
12414 1
12417 8
12424 9
12433 4
12435 9
12436 5
12440 1
12441 10
12446 8
12455 1
12461 3
12467 5
12472 9
12473 1
12479 8
12482 3
12487 1
12487 8
12495 5
12500 4
12500 10
12505 2
12509 7
12509 6
12518 10
12522 2
12529 4
12533 3
12539 8
12545 3
12545 2
12549 7
12551 1
12556 3
12566 7
12570 3
12575 8
12585 7
12587 6
12589 1
12598 2
12599 9
12602 3
12605 8
12613 6
12618 9
12622 2
12625 3
12634 1
12635 1
12639 4
12643 4
12645 7
12647 8
12648 8
12649 1
12656 3
12657 3
12664 2
12669 6
12677 5
12677 8
12683 4
12688 9
12695 8
12704 3
12704 4
12708 4
12711 2
12714 5
12721 9
12723 8
12727 7
12728 7
12729 5
12732 9
12735 1
12745 8
12749 9
12758 9
12768 7
12774 8
12781 1
12788 1
12792 6
12793 3
12793 4
12795 9
12797 5
12800 2
12805 1
12815 1
12822 9
12824 8
12824 7
12830 6
12834 1
12839 4
12840 8
12846 5
12855 3
12857 8
12866 9
12869 8
12872 3
12873 3
12873 10
12876 8
12883 4
12887 8
12891 5
12895 5
12896 7
12901 8
12908 4
12912 8
12918 1
12920 4
12927 3
12929 4
12937 1
12943 2
12944 3
12948 1
12948 7
12950 8
12958 4
12967 9
12967 3
12974 6
12975 10
12984 8
12986 10
12995 2
12997 5
13002 1
13005 3
13009 6
13016 4
13026 2
13030 7
13040 6
13043 6
13047 1
13056 1
13063 9
13071 1
13074 5
13076 8
13081 6
13082 1
13082 8
13091 10
13095 7
13095 4
13095 10
13097 2
13107 1
13112 2
13119 8
13120 1
13129 6
13136 4
13143 5
13144 6
13154 5
13164 8
13167 1
13169 9
13170 7
13179 10
13181 4
13190 2
13192 3
13196 1
13200 8
13200 7
13202 6
13204 5
13206 5
13213 4
13218 2
13228 4
13230 2
13235 2
13236 6
13238 5
13239 7
13239 6
13249 2
13258 10
13264 10
13265 4
13275 10
13276 9
13284 2
13286 4
13288 6
13298 7
13299 1
13302 9
13305 4
13307 6
13308 1
13311 10
13316 9
13326 4
13332 7
13336 7
13341 7
13347 1
13349 10
13349 4
13358 4
13363 4
13363 2
13363 1
13373 8
13378 7
13378 3
13386 4
13392 5
13393 3
13399 4
13405 10
13406 7
13415 9
13424 7
13427 2
13432 4
13435 6
13439 2
13446 3
13447 6
13457 8
13463 5
13468 3
13470 10
13472 4
13482 7
13489 4
13496 5
13506 10
13506 8
13512 2
13521 10
13529 8
13537 5
13538 1
13538 1
13547 2
13555 4
13559 6
13564 10
13570 8
13580 7
13581 10
13582 5
13589 4
13591 4
13595 6
13603 6
13604 8
13604 7
13606 6
13609 10
13612 4
13622 3
13629 8
13639 4
13647 10
13647 7
13648 3
13654 10
13655 6
13662 7
13669 10
13671 1
13680 5
13686 6
13696 6
13706 10
13713 2
13718 3
13719 6
13721 7
13722 6
13726 7
13728 8
13734 8
13738 1
13746 9
13750 7
13754 6
13764 9
13764 5
13771 10
13780 6
13789 10
13794 2
13800 5
13807 4
13814 4
13819 2
13825 6
13826 6
13828 4
13836 5
13842 6
13848 6
13849 4
13849 10
13853 10
13863 7
13863 6
13873 8
13882 10
13892 5
13892 1
13894 6
13900 6
13904 3
13914 1
13924 4
13925 2
13932 2
13941 4
13948 2
13949 1
13951 4
13959 10
13964 1
13966 1
13973 6
13980 3
13988 10
13997 7
14003 1
14013 2
14023 5
14029 7
14039 10
14048 9
14051 3
14061 1
14070 8
14072 8
14081 2
14086 5
14091 3
14092 1
14092 8
14092 6
14098 6
14106 6
14115 4
14125 8
14130 2
14130 5
14137 9
14147 3
14152 8
14158 8
14162 1
14170 8
14170 2
14180 9
14188 10
14194 9
14201 4
14209 9
14212 7
14212 1
14217 5
14219 5
14226 4
14230 3
14240 8
14244 3
14253 5
14261 5
14269 2
14279 6
14283 10
14290 2
14295 1
14298 4
14299 7
14303 7
14313 4
14317 6
14322 10
14331 10
14337 1
14340 8
14350 4
14350 4
14356 9
14357 2
14358 7
14366 3
14375 2
14377 8
14378 5
14380 10
14390 8
14395 8
14405 4
14410 6
14411 1
14416 10
14421 9
14428 3
14432 4
14440 6
14441 10
14451 10
14454 9
14462 10
14467 4
14467 2
14468 6
14474 9
14479 8
14481 5
14486 9
14491 4
14491 9
14500 5
14505 5
14511 7
14518 3
14521 6
14523 5
14533 3
14539 6
14548 10
14550 6
14554 1
14555 5
14565 2
14574 1
14577 6
14580 7
14590 4
14594 4
14604 7
14612 7
14619 6
14629 7
14633 1
14636 5
14645 6
14650 1
14658 4
14660 1
14670 3
14670 5
14676 1
14676 10
14683 4
14683 5
14685 1
14689 1
14695 4
14698 6
14703 4
14705 7
14712 2
14722 5
14722 5
14724 3
14732 7
14741 7
14742 10
14750 2
14760 2
14768 4
14770 8
14777 8
14778 7
14785 8
14787 6
14792 9
14794 4
14795 4
14798 1
14807 8
14808 6
14810 5
14811 5
14815 10
14819 5
14826 8
14827 1
14829 8
14830 1
14838 8
14844 10
14854 4
14858 3
14864 4
14864 5
14869 2
14878 9
14878 7
14883 6
14891 1
14897 10
14900 4
14906 7
14915 10
14917 7
14925 6
14929 8
14930 2
14934 9
14936 7
14946 10
14953 7
14958 7
14962 2
14972 10
14977 4
14979 3
14988 4
14997 10
14999 8
15009 5
15011 6
15013 5
15023 4
15032 6
15033 1
15043 9
15046 4
15046 2
15054 7
15059 9
15061 2
15067 10
15069 2
15075 1
15076 9
15077 6
15085 9
15090 4
15099 7
15106 1
15115 7
15120 8
15126 5
15132 7
15135 1
15139 2
15143 10
15149 1
15152 4
15161 3
15166 10
15172 9
15182 2
15190 1
15192 5
15195 1
15202 3
15212 1
15222 8
15226 8
15236 8
15242 4
15247 5
15255 3
15264 2
15274 2
15284 7
15286 1
15291 2
15294 9
15294 6
15298 10
15300 8
15307 5
15309 1
15311 7
15317 6
15320 10
15325 8
15329 9
15331 6
15336 4
15341 10
15342 1
15347 6
15352 1
15361 10
15362 1
15371 4
15373 4
15379 9
15379 5
15389 4
15399 7
15403 5
15409 2
15413 7
15422 6
15428 10
15435 3
15445 9
15449 10
15456 5
15464 8
15473 8
15474 5
15474 5
15479 4
15485 4
15487 10
15490 10
15494 1
15500 7
15504 8
15510 6
15520 7
15529 4
15531 4
15534 9
15540 9
15545 6
15550 4
15560 3
15563 9
15571 4
15571 7
15580 1
15586 2
15589 9
15591 7
15600 2
15601 2
15602 10
15602 7
15611 10
15613 5
15613 10
15620 8
15623 10
15623 4
15623 3
15633 7
15634 2
15634 4
15634 1
15634 6
15634 2
15637 9
15637 3
15639 10
15645 5
15655 8
15664 4
15667 10
15668 2
15677 7
15679 6
15687 1
15696 5
15700 8
15708 3
15714 10
15717 1
15725 8
15734 8
15744 7
15747 3
15754 7
15755 1
15756 3
15766 4
15766 1
15771 4
15771 9
15774 5
15784 4
15793 3
15799 3
15799 5
15802 6
15804 1
15814 3
15814 1
15819 2
15822 2
15822 7
15825 7
15826 7
15832 8
15839 9
15846 4
15851 10
15859 8
15864 1
15868 6
15873 4
15883 2
15893 10
15901 10
15910 7
15918 9
15921 7
15930 10
15932 6
15937 1
15946 10
15948 7
15952 4
15953 3
15960 8
15964 3
15974 3
15978 2
15978 10
15978 6
15980 5
15988 9
15992 10
16001 7
16007 8
16009 10
16011 4
16014 7
16016 4
16017 2
16027 8
16036 4
16042 3
16047 5
16050 9
16053 10
16053 8
16063 5
16066 9
16072 4
16079 7
16089 6
16089 1
16091 9
16098 5
16106 7
16113 9
16114 6
16122 9
16129 4
16130 4
16132 10
16141 10
16145 9
16150 7
16156 7
16162 7
16170 5
16176 8
16179 5
16181 8
16186 7
16192 5
16193 6
16194 6
16195 9
16201 4
16203 10
16204 6
16209 5
16212 2
16218 6
16222 7
16232 1
16234 8
16243 9
16243 8
16243 2
16249 1
16256 4
16263 9
16271 4
16279 4
16286 9
16288 3
16292 2
16301 7
16301 8
16302 2
16311 10
16321 3
16324 9
16331 7
16332 4
16336 2
16344 4
16354 4
16354 6
16356 2
16359 10
16364 6
16372 2
16376 2
16378 7
16383 7
16386 7
16392 8
16402 3
16411 8
16416 2
16420 6
16420 1
16425 3
16435 9
16439 9
16449 9
16456 3
16466 9
16469 1
16471 1
16472 5
16481 7
16481 6
16489 7
16494 8
16503 2
16505 6
16508 5
16511 9
16512 4
16512 5
16515 4
16524 6
16529 4
16530 9
16536 4
16546 5
16553 4
16554 1
16560 4
16564 3
16567 6
16574 8
16583 9
16585 9
16592 6
16602 6
16611 1
16620 3
16625 8
16633 10
16643 5
16647 3
16649 7
16656 1
16663 7
16671 7
16672 4
16672 6
16675 4
16684 4
16687 8
16695 10
16696 6
16698 3
16702 4
16705 6
16709 9
16713 7
16721 7
16722 7
16731 3
16732 6
16734 2
16742 9
16742 6
16745 8
16755 6
16759 4
16761 2
16764 6
16767 2
16771 6
16772 3
16772 9
16777 2
16787 3
16793 1
16794 3
16794 3
16803 9
16806 5
16808 5
16816 6
16817 3
16818 7
16818 5
16824 3
16831 10
16831 3
16833 8
16837 5
16844 9
16844 3
16847 2
16851 4
16858 7
16859 10
16867 8
16872 4
16878 4
16887 1
16894 9
16894 8
16902 3
16911 7
16914 6
16923 2
16932 10
16937 9
16944 3
16948 3
16954 1
16955 4
16957 10
16965 1
16974 6
16976 3
16985 7
16991 5
17000 1
17001 10
17004 5
17012 4
17019 9
17021 9
17022 7
17025 2
17032 6
17039 7
17048 2
17051 10
17060 8
17069 5
17072 3
17081 4
17088 3
17089 5
17097 7
17105 6
17114 3
17115 8
17118 9
17124 6
17131 5
17139 3
17144 10
17153 5
17155 6
17164 5
17172 10
17177 8
17180 6
17190 1
17190 2
17199 10
17206 4
17215 5
17218 7
17225 9
17228 5
17231 9
17231 6
17241 3
17243 4
17249 3
17249 10
17250 6
17254 2
17254 8
17263 6
17265 8
17272 6
17273 4
17283 3
17293 5
17301 6
17310 3
17318 8
17327 5
17327 6
17337 7
17341 9
17343 9
17353 5
17363 4
17372 5
17382 1
17392 5
17395 5
17400 8
17410 8
17410 5
17419 7
17420 9
17426 9
17427 1
17436 1
17437 3
17447 1
17456 9
17461 9
17471 9
17481 6
17482 6
17487 5
17490 3
17494 10
17504 6
17514 3
17514 2
17524 9
17532 9
17535 4
17542 10
17550 10
17550 2
17559 6
17564 10
17568 5
17577 4
17585 3
17588 3
17588 5
17591 2
17592 3
17594 1
17596 8
17603 2
17610 3
17615 9
17619 4
17626 4
17626 2
17633 1
17637 10
17639 7
17641 10
17641 6
17647 10
17647 5
17651 4
17659 6
17659 7
17667 6
17672 1
17673 6
17676 6
17684 2
17690 2
17697 5
17703 8
17710 5
17710 3
17720 5
17728 2
17731 7
17731 7
17736 8
17736 9
17742 7
17745 9
17755 5
17756 1
17764 3
17764 10
17767 6
17767 1
17769 7
17773 5
17778 8
17786 3
17788 3
17790 6
17795 5
17804 7
17807 6
17813 4
17817 3
17825 8
17827 1
17830 8
17832 5
17835 10
17845 3
17847 4
17854 1
17862 6
17867 8
17871 5
17879 10
17889 6
17889 9
17890 7
17890 9
17890 1
17893 2
17898 6
17900 8
17907 1
17908 1
17910 5
17916 2
17922 6
17928 5
17936 5
17945 6
17947 1
17957 3
17965 9
17974 5
17982 1
17992 9
17996 6
18003 4
18013 10
18019 2
18024 7
18033 6
18040 5
18046 7
18050 5
18057 1
18067 6
18073 7
18077 6
18081 5
18084 9
18087 5
18090 4
18094 4
18098 3
18100 1
18107 1
18113 5
18114 7
18120 6
18124 3
18132 3
18140 1
18148 5
18152 1
18162 4
18163 7
18165 10
18174 8
18178 6
18179 2
18188 3
18193 4
18193 1
18195 1
18205 7
18210 6
18215 4
18224 9
18224 4
18233 3
18242 3
18251 8
18261 2
18262 8
18267 9
18273 6
18273 3
18275 1
18278 3
18281 1
18288 6
18294 2
18303 4
18303 2
18306 3
18312 9
18316 5
18325 10
18332 4
18337 6
18347 6
18348 7
18358 2
18365 3
18371 10
18372 7
18378 1
18381 9
18389 9
18389 3
18398 5
18407 8
18414 10
18418 7
18422 7
18423 10
18432 6
18442 2
18445 5
18453 5
18455 8
18455 1
18457 10
18465 3
18465 8
18473 1
18473 10
18483 6
18483 10
18487 7
18497 8
18501 1
18504 4
18506 2
18512 7
18514 2
18519 6
18523 5
18524 1
18528 6
18536 5
18545 6
18549 9
18558 7
18567 7
18572 7
18578 4
18581 9
18589 9
18591 7
18592 5
18601 3
18605 3
18614 8
18614 5
18618 7
18618 3
18620 8
18630 5
18634 10
18636 1
18639 8
18642 5
18645 5
18645 5
18646 1
18653 2
18657 4
18665 2
18666 9
18669 8
18674 8
18682 8
18685 3
18689 10
18690 6
18694 2
18696 8
18697 1
18701 2
18708 4
18708 8
18710 7
18712 1
18717 4
18724 9
18731 5
18738 5
18742 2
18751 6
18753 2
18755 7
18757 6
18767 10
18773 10
18773 6
18780 5
18785 2
18786 6
18791 5
18798 10
18808 4
18808 10
18814 8
18815 6
18816 6
18816 5
18822 2
18828 8
18828 1
18837 4
18840 5
18848 10
18858 5
18859 8
18860 9
18866 4
18873 3
18876 2
18884 6
18887 4
18892 8
18900 4
18902 4
18906 3
18908 1
18908 1
18911 10
18919 10
18923 10
18930 4
18932 6
18934 1
18938 10
18948 1
18955 3
18961 7
18965 3
18975 1
18980 3
18984 2
18994 3
19001 1
19011 7
19012 7
19012 1
19016 3
19023 9
19032 7
19032 9
19040 6
19050 2
19056 4
19061 5
19067 3
19070 9
19070 4
19072 2
19073 6
19082 9
19084 5
19092 6
19099 7
19100 4
19101 7
19103 2
19107 6
19116 7
19118 9
19118 5
19125 2
19131 9
19135 8
19135 6
19143 10
19148 7
19152 4
19156 5
19159 9
19164 5
19166 3
19166 10
19174 8
19177 8
19186 1
19190 1
19195 8
19195 3
19198 3
19208 10
19217 3
19226 9
19229 10
19232 8
19238 2
19245 7
19247 9
19251 3
19253 6
19259 7
19268 5
19273 2
19278 8
19287 8
19294 4
19301 3
19310 6
19315 4
19318 8
19322 7
19326 5
19331 7
19335 4
19339 2
19340 3
19344 7
19351 6
19351 10
19353 3
19361 4
19362 9
19363 4
19368 1
19378 10
19379 10
19384 8
19384 6
19394 8
19398 5
19406 9
19416 10
19426 6
19434 4
19438 2
19443 8
19450 6
19451 5
19455 1
19458 10
19458 6
19461 1
19468 3
19468 1
19473 6
19478 4
19483 5
19493 3
19498 2
19500 9
19508 6
19517 1
19518 4
19527 6
19529 5
19534 6
19535 6
19540 7
19548 5
19549 2
19556 7
19557 8
19561 2
19568 5
19575 7
19582 9
19586 10
19590 10
19591 6
19597 9
19599 2
19603 2
19609 4
19609 6
19613 10
19617 10
19620 6
19621 8
19626 8
19630 3
19634 8
19635 2
19639 1
19646 4
19654 10
19663 8
19663 10
19663 7
19663 10
19670 2
19680 3
19681 6
19686 1
19691 8
19699 9
19708 8
19716 4
19722 7
19724 2
19731 4
19735 4
19742 3
19746 3
19752 5
19757 4
19762 2
19765 1
19765 7
19774 5
19779 1
19781 7
19787 1
19796 9
19797 8
19798 9
19808 4
19818 3
19823 5
19832 6
19838 8
19840 10
19841 7
19845 9
19855 3
19859 9
19866 8
19868 5
19871 9
19880 8
19880 6
19889 10
19889 1
19899 6
19906 8
19909 10
19916 4
19925 7
19931 3
19938 6
19941 9
19947 4
19950 3
19959 7
19967 5
19974 10
19979 5
19982 3
19991 2
20000 1
20008 3
20012 7
20013 3
20023 9
20028 1
20028 2
20034 10
20038 9
20038 5
20039 4
20045 3
20046 2
20046 1
20047 1
20053 6
20055 2
20063 6
20068 6
20076 4
20080 5
20090 1
20098 5
20104 4
20105 4
20107 9
20109 2
20109 10
20115 10
20123 10
20129 4
20134 6
20137 6
20138 9
20147 10
20147 9
20155 8
20159 3
20161 1
20168 6
20173 7
20176 2
20180 7
20189 4
20198 5
20204 1
20211 10
20212 6
20221 8
20225 8
20234 8
20240 5
20241 7
20251 6
20260 5
20264 4
20266 6
20272 4
20277 10
20280 3
20290 2
20297 3
20303 10
20313 6
20319 6
20319 7
20324 8
20333 7
20337 2
20344 2
20346 6
20356 3
20357 4
20364 7
20364 3
20371 8
20377 3
20378 6
20385 1
20389 2
20389 5
20394 8
20403 3
20412 10
20422 9
20432 4
20435 10
20440 7
20444 3
20453 5
20461 6
20471 2
20478 3
20483 4
20491 10
20495 1
20496 7
20499 3
20499 6
20507 7
20512 5
20513 10
20519 7
20528 9
20532 3
20534 6
20535 7
20538 9
20538 9
20548 7
20550 3
20553 6
20553 9
20553 10
20557 2
20557 9
20558 8
20560 2
20562 8
20567 6
20574 6
20579 1
20583 2
20586 7
20587 7
20595 2
20598 4
20605 9
20608 7
20610 8
20610 7
20613 7
20621 8
20630 2
20637 1
20640 6
20644 2
20653 3
20657 8
20666 7
20668 6
20678 2
20681 6
20686 5
20694 1
20697 3
20702 10
20712 6
20712 10
20712 3
20717 6
20725 9
20735 7
20737 6
20744 4
20750 10
20753 3
20753 2
20760 5
20760 2
20770 10
20770 7
20777 5
20780 9
20783 10
20784 7
20788 4
20792 6
20794 10
20798 5
20803 6
20805 4
20807 9
20807 7
20813 3
20823 2
20832 6
20840 4
20848 2
20858 8
20859 6
20868 10
20873 1
20879 10
20887 9
20889 6
20898 2
20905 3
20910 7
20915 7
20918 9
20923 3
20928 9
20933 5
20943 2
20946 3
20949 8
20949 10
20950 10
20953 3
20958 9
20965 3
20971 7
20981 4
20987 4
20997 4
21007 3
21017 5
21020 5
21024 4
21031 5
21038 9
21044 2
21051 3
21054 10
21055 1
21056 2
21064 1
21074 8
21079 5
21081 10
21083 2
21088 9
21091 5
21095 8
21101 3
21103 8
21110 5
21119 10
21128 1
21138 3
21144 10
21150 4
21153 9
21163 9
21169 3
21178 5
21178 10
21186 3
21194 8
21202 6
21209 4
21212 3
21216 3
21219 9
21228 4
21228 6
21237 9
21244 6
21251 1
21256 4
21261 4
21271 10
21277 4
21283 10
21288 5
21293 6
21294 7
21294 10
21301 4
21310 4
21313 10
21320 3
21323 9
21323 9
21328 6
21330 5
21340 1
21342 5
21349 9
21355 8
21364 9
21373 5
21380 2
21386 6
21386 3
21392 6
21392 1
21397 4
21398 10
21399 9
21408 4
21411 5
21414 2
21423 1
21432 5
21439 6
21443 4
21448 9
21458 7
21460 4
21460 6
21463 3
21471 10
21471 6
21480 8
21480 6
21483 2
21493 10
21497 3
21500 6
21510 3
21516 9
21516 5
21517 2
21527 5
21535 10
21545 7
21552 10
21556 10
21558 6
21567 3
21573 10
21575 5
21580 9
21582 4
21587 3
21590 9
21592 1
21602 1
21603 7
21610 2
21614 9
21621 2
21621 7
21630 4
21632 9
21633 5
21638 2
21640 1
21647 7
21653 5
21656 2
21665 3
21665 9
21673 9
21673 10
21681 4
21687 1
21690 7
21692 9
21698 10
21703 8
21712 8
21720 6
21727 8
21729 6
21730 4
21738 9
21746 2
21749 3
21754 3
21759 1
21765 3
21767 5
21773 7
21782 10
21786 3
21789 4
21798 7
21799 3
21801 5
21805 2
21812 8
21822 8
21827 7
21836 10
21840 3
21848 9
21849 10
21856 5
21857 1
21861 5
21865 7
21873 6
21879 9
21882 1
21883 8
21892 4
21896 3
21896 5
21905 4
21907 2
21917 5
21926 4
21933 7
21936 3
21942 6
21943 3
21944 9
21952 6
21956 6
21957 3
21961 1
21962 10
21966 1
21969 4
21978 2
21979 2
21982 9
21987 4
21988 5
21994 6
21997 9
22002 5
22004 8
22014 8
22014 10
22024 9
22031 1
22031 6
22041 8
22050 7
22058 6
22060 8
22069 6
22076 10
22078 1
22083 4
22089 7
22097 10
22107 2
22107 8
22111 10
22114 6
22120 8
22129 2
22133 3
22143 3
22148 9
22158 5
22162 5
22172 5
22180 3
22186 7
22188 10
22196 4
22203 4
22212 4
22217 9
22226 4
22228 5
22229 10
22231 5
22236 9
22244 5
22249 8
22256 2
22258 5
22264 4
22268 7
22278 8
22284 4
22291 3
22296 5
22299 2
22307 6
22314 4
22314 5
22320 10
22320 3
22325 1
22326 3
22333 7
22337 9
22337 8
22344 5
22351 7
22354 9
22360 8
22362 1
22370 4
22371 7
22378 2
22388 10
22390 8
22393 4
22397 6
22404 1
22411 5
22412 4
22421 8
22425 1
22434 9
22441 4
22443 4
22452 9
22461 1
22464 6
22471 7
22476 6
22478 1
22480 4
22482 9
22487 10
22497 8
22500 7
22501 2
22501 1
22511 5
22513 7
22519 2
22527 7
22536 1
22542 10
22552 1
22552 6
22562 6
22565 8
22566 5
22573 9
22583 1
22588 9
22590 1
22598 3
22598 8
22608 7
22615 6
22620 5
22624 9
22632 6
22632 10
22634 3
22643 1
22650 2
22660 7
22668 9
22678 7
22682 1
22688 9
22689 6
22699 2
22708 7
22714 7
22724 6
22726 8
22735 7
22738 3
22748 7
22749 1
22758 10
22767 9
22773 5
22778 9
22786 6
22796 2
22799 6
22805 5
22809 4
22812 7
22819 10
22828 1
22834 3
22837 7
22837 10
22845 10
22848 5
22851 1
22851 7
22858 8
22865 1
22870 3
22872 4
22882 1
22882 10
22888 8
22892 3
22892 8
22896 3
22905 8
22912 3
22913 4
22913 7
22920 10
22922 10
22929 5
22936 8
22943 7
22952 6
22954 10
22959 4
22964 8
22974 6
22976 4
22981 3
22985 3
22991 8
22992 3
23002 5
23007 9
23014 2
23023 5
23030 4
23040 4
23048 9
23051 8
23057 3
23065 1
23074 4
23081 8
23091 5
23094 4
23100 10
23109 8
23117 2
23118 9
23118 3
23121 4
23122 3
23123 7
23123 3
23133 7
23143 3
23144 2
23150 4
23160 7
23166 3
23174 2
23177 9
23179 8
23185 8
23188 5
23189 1
23199 9
23206 8
23215 8
23219 1
23220 4
23224 4
23234 2
23240 10
23242 6
23250 9
23258 8
23259 9
23259 7
23260 4
23270 1
23276 3
23276 9
23284 3
23290 2
23295 2
23298 9
23303 7
23309 3
23316 1
23323 10
23326 9
23330 8
23332 5
23340 10
23345 9
23346 2
23350 10
23352 6
23358 7
23358 9
23359 8
23367 5
23368 1
23371 2
23379 8
23389 4
23390 1
23392 7
23397 6
23401 4
23406 7
23415 10
23417 8
23425 10
23430 7
23440 5
23448 8
23456 10
23465 8
23466 3
23472 5
23476 5
23477 6
23486 3
23489 1
23493 9
23497 5
23501 5
23502 8
23505 9
23511 3
23519 9
23522 3
23530 2
23532 3
23537 9
23545 9
23546 8
23550 8
23553 6
23563 10
23566 8
23572 8
23578 1
23583 7
23592 10
23597 3
23598 3
23603 9
23612 7
23618 7
23619 2
23620 2
23621 10
23623 10
23631 10
23639 5
23640 8
23644 1
23650 8
23652 6
23659 8
23665 10
23668 6
23670 5
23676 3
23678 2
23680 9
23689 4
23693 4
23694 7
23701 6
23710 2
23718 3
23721 10
23730 10
23737 2
23747 6
23756 3
23757 1
23757 6
23765 2
23766 10
23768 3
23777 2
23782 7
23787 3
23794 8
23804 5
23808 6
23816 4
23821 1
23825 8
23828 8
23830 10
23831 10
23838 4
23841 5
23847 5
23850 7
23859 7
23861 5
23861 8
23865 2
23865 6
23865 8
23865 8
23872 7
23876 9
23880 8
23890 8
23897 6
23897 4
23907 6
23908 10
23915 7
23915 7
23917 6
23920 5
23927 10
23929 1
23935 1
23943 9
23947 7
23957 7
23961 6
23961 5
23970 6
23977 4
23982 10
23991 7
23999 3
24008 9
24014 1
24016 8
24018 7
24025 10
24030 7
24030 8
24032 7
24036 1
24039 9
24042 7
24044 7
24052 1
24060 8
24068 3
24070 3
24070 8
24074 8
24082 6
24090 6
24092 2
24097 6
24107 7
24115 8
24125 8
24128 6
24128 4
24128 9
24129 8
24132 2
24132 7
24132 5
24142 9
24144 3
24153 7
24161 3
24171 3
24171 3
24176 4
24185 10
24192 8
24196 1
24202 6
24202 6
24202 8
24203 7
24208 2
24218 1
24222 6
24231 8
24240 5
24241 6
24247 2
24251 2
24260 9
24262 1
24262 5
24271 2
24279 4
24279 7
24288 7
24295 6
24296 10
24301 2
24307 4
24313 9
24321 3
24321 9
24329 3
24329 2
24330 2
24337 3
24341 5
24345 10
24345 1
24353 10
24355 5
24365 8
24372 4
24378 2
24383 10
24387 7
24391 6
24391 7
24394 9
24397 5
24407 3
24409 10
24410 2
24411 8
24419 9
24425 3
24435 7
24435 9
24440 1
24444 8
24449 4
24458 5
24466 6
24474 10
24479 2
24482 6
24488 2
24492 5
24492 8
24496 8
24496 2
24502 3
24502 2
24506 9
24506 5
24509 7
24514 7
24515 8
24521 5
24521 7
24526 5
24536 4
24542 2
24548 10
24552 2
24561 7
24565 10
24570 5
24580 3
24586 5
24591 5
24594 6
24600 4
24608 4
24616 4
24625 10
24635 5
24637 6
24646 2
24652 6
24654 6
24659 10
24667 2
24677 8
24682 10
24686 3
24686 4
24692 5
24700 3
24704 9
24705 1
24712 6
24720 2
24723 4
24723 9
24725 10
24726 3
24734 1
24739 6
24741 10
24749 1
24755 9
24756 1
24758 7
24762 6
24764 1
24770 4
24773 6
24774 8
24777 2
24786 1
24789 2
24791 3
24796 9
24801 4
24804 2
24805 10
24814 3
24822 8
24829 7
24833 6
24837 4
24839 4
24848 8
24855 1
24859 10
24863 3
24866 6
24873 8
24882 4
24884 3
24885 7
24894 9
24904 6
24912 2
24916 2
24918 10
24923 9
24923 5
24929 7
24929 8
24929 8
24933 2
24941 6
24950 10
24958 1
24963 6
24963 8
24968 10
24976 2
24980 9
24980 9
24988 10
24995 7
25002 5
25005 5
25014 4
25023 4
25027 8
25037 5
25038 10
25038 2
25040 6
25046 9
25055 9
25064 10
25064 4
25067 9
25067 8
25071 1
25079 1
25080 6
25084 10
25089 10
25094 1
25102 5
25111 2
25119 5
25126 9
25133 9
25135 4
25138 6
25148 10
25157 4
25160 1
25166 1
25171 2
25176 8
25182 9
25186 9
25187 4
25189 3
25197 10
25207 7
25217 3
25222 5
25231 4
25233 4
25235 8
25241 2
25242 4
25244 5
25252 4
25253 7
25256 3
25266 5
25271 7
25274 5
25282 5
25286 7
25290 9
25296 4
25301 5
25307 10
25317 8
25323 3
25324 9
25327 10
25329 1
25338 5
25338 1
25346 2
25356 9
25360 7
25369 1
25370 1
25375 8
25384 8
25386 7
25386 7
25389 1
25397 8
25399 6
25400 2
25406 3
25412 10
25421 9
25428 1
25428 9
25429 2
25436 2
25444 5
25448 2
25455 4
25462 10
25467 3
25467 1
25469 3
25471 9
25472 3
25473 4
25481 7
25490 6
25494 4
25497 7
25502 8
25503 3
25508 1
25513 5
25523 2
25529 8
25539 9
25543 9
25548 5
25552 7
25562 2
25563 10
25564 6
25571 5
25577 3
25583 8
25588 5
25598 3
25608 6
25617 2
25621 6
25622 6
25629 8
25633 7
25640 2
25644 10
25654 7
25663 1
25666 8
25670 7
25673 2
25682 2
25684 7
25690 4
25690 5
25700 2
25703 6
25708 6
25708 4
25716 9
25716 1
25726 10
25729 9
25739 3
25741 10
25745 7
25753 4
25754 10
25760 4
25760 4
25767 10
25773 1
25779 7
25787 1
25792 5
25793 7
25795 9
25799 4
25805 9
25805 6
25807 8
25809 3
25809 2
25819 4
25825 7
25834 6
25841 6
25842 4
25843 6
25847 4
25857 7
25867 5
25870 7
25876 3
25880 7
25886 9
25892 1
25897 8
25905 4
25915 10
25924 10
25927 9
25934 3
25937 10
25947 10
25948 8
25958 5
25959 10
25959 3
25968 2
25968 1
25976 4
25984 2
25994 7
25994 3
25999 9
26002 1
26004 2
26014 1
26019 2
26029 7
26035 5
26038 4
26047 4
26057 9
26062 4
26071 6
26074 3
26076 1
26084 3
26094 7
26104 10
26114 2
26115 3
26117 3
26122 3
26130 7
26138 2
26144 6
26147 6
26156 3
26159 6
26167 2
26167 6
26174 3
26184 9
26194 5
26200 9
26208 10
26211 9
26220 8
26229 5
26236 3
26244 6
26252 4
26259 5
26263 5
26272 7
26272 3
26281 10
26284 3
26285 3
26288 8
26297 4
26297 3
26305 1
26313 8
26319 8
26327 2
26332 9
26342 9
26347 4
26353 6
26355 3
26355 5
26358 3
26362 2
26366 8
26373 10
26381 7
26381 7
26387 7
26395 3
26405 6
26405 1
26410 10
26412 1
26419 6
26422 4
26426 4
26433 2
26438 9
26444 6
26451 5
26460 8
26470 9
26476 10
26482 10
26485 3
26489 8
26498 2
26506 3
26513 4
26520 10
26523 9
26524 7
26527 5
26532 7
26534 2
26535 5
26539 4
26547 5
26549 2
26559 8
26565 2
26567 8
26567 6
26567 9
26571 2
26574 9
26581 5
26581 4
26588 4
26596 1
26603 2
26612 6
26618 3
26625 1
26631 6
26638 7
26644 6
26647 3
26656 6
26665 1
26674 1
26679 9
26684 7
26686 7
26695 3
26704 7
26710 7
26714 9
26724 4
26729 3
26732 10
26737 9
26737 7
26746 9
26756 3
26763 1
26770 1
26772 3
26776 4
26786 1
26787 10
26794 1
26795 2
26802 8
26810 4
26813 7
26814 3
26817 1
26821 9
26827 3
26833 9
26841 8
26842 7
26842 9
26852 3
26860 9
26866 9
26872 3
26873 5
26880 6
26890 3
26895 3
26901 10
26909 7
26918 3
26925 10
26926 6
26931 3
26931 1
26937 6
26940 4
26949 9
26953 7
26958 3
26960 2
26963 1
26971 1
26971 10
26974 8
26983 9
26991 8
26994 3
27002 1
27003 9
27005 8
27014 7
27023 1
27025 4
27035 6
27040 2
27047 5
27048 2
27051 7
27056 8
27063 10
27068 3
27074 7
27077 4
27081 2
27083 9
27093 7
27101 2
27104 1
27110 6
27114 4
27114 5
27120 1
27122 6
27132 2
27134 10
27140 2
27140 2
27143 9
27149 7
27153 8
27163 1
27167 5
27173 2
27177 1
27181 4
27181 7
27186 8
27189 10
27190 6
27190 10
27197 4
27206 9
27214 3
27221 1
27228 7
27235 1
27235 3
27244 3
27248 1
27255 6
27261 2
27271 4
27281 10
27287 4
27288 7
27291 2
27301 7
27302 7
27305 9
27310 3
27317 9
27318 6
27327 7
27328 7
27338 4
27344 2
27345 5
27347 4
27349 3
27350 1
27360 3
27368 10
27372 4
27372 1
27377 7
27379 9
27385 7
27390 7
27390 4
27393 1
27393 7
27393 3
27393 1
27403 8
27409 7
27412 1
27413 6
27415 8
27424 8
27432 2
27438 4
27448 10
27457 9
27459 4
27465 4
27469 1
27479 8
27482 3
27485 5
27493 3
27493 4
27495 1
27504 5
27507 9
27510 10
27514 10
27523 4
27532 3
27535 10
27539 8
27542 2
27543 4
27550 5
27559 9
27563 10
27571 9
27574 5
27575 3
27575 1
27579 6
27584 3
27594 4
27604 8
27612 2
27618 6
27618 1
27624 8
27632 8
27634 3
27634 10
27642 10
27650 7
27652 3
27661 6
27662 10
27663 3
27673 7
27680 1
27685 8
27695 5
27697 2
27703 2
27711 2
27720 3
27725 9
27729 7
27732 6
27742 5
27749 2
27754 1
27764 6
27766 6
27768 5
27773 10
27773 2
27779 4
27781 10
27790 6
27792 7
27800 6
27801 7
27806 5
27815 5
27820 2
27821 4
27821 10
27822 10
27831 3
27839 4
27848 5
27854 8
27863 2
27866 8
27872 1
27880 9
27888 2
27888 10
27898 9
27902 9
27912 3
27921 5
27926 5
27934 8
27935 10
27937 1
27938 8
27940 8
27943 9
27943 7
27952 2
27959 7
27964 2
27970 2
27972 1
27974 3
27976 6
27985 6
27994 5
28000 9
28000 7
28006 3
28006 1
28014 4
28018 7
28027 9
28031 10
28036 6
28046 2
28055 5
28061 10
28062 8
28070 10
28072 8
28077 9
28078 1
28080 9
28082 3
28088 5
28092 9
28098 1
28104 4
28109 4
28113 6
28121 7
28123 1
28132 1
28133 3
28133 3
28143 7
28153 10
28159 10
28166 9
28170 10
28176 3
28184 7
28190 8
28195 6
28195 10
28195 10
28204 5
28206 3
28211 9
28221 8
28226 9
28234 6
28242 2
28246 9
28253 9
28257 7
28258 7
28268 5
28269 6
28274 7
28274 5
28282 2
28289 7
28289 9
28299 4
28303 10
28311 1
28316 2
28316 10
28326 3
28329 10
28337 1
28338 4
28348 10
28354 1
28356 6
28363 6
28364 7
28372 6
28374 2
28374 2
28383 2
28384 6
28394 7
28395 7
28401 6
28411 10
28418 1
28423 7
28426 7
28434 1
28438 3
28440 5
28445 10
28449 7
28453 10
28460 4
28467 3
28472 8
28479 9
28482 9
28488 9
28488 4
28491 8
28497 2
28498 8
28505 9
28510 7
28519 4
28526 5
28528 1
28529 1
28530 10
28534 6
28537 3
28547 3
28556 10
28563 3
28570 10
28580 6
28581 5
28584 4
28588 8
28593 1
28596 3
28596 2
28606 3
28614 9
28621 6
28626 1
28634 2
28637 10
28646 3
28649 7
28657 4
28660 9
28661 10
28664 4
28674 7
28679 9
28684 10
28685 3
28688 5
28691 6
28699 1
28705 1
28715 10
28724 2
28729 6
28738 9
28738 3
28745 8
28748 3
28754 10
28759 6
28759 1
28760 1
28762 9
28770 8
28770 8
28780 2
28790 1
28791 9
28795 6
28803 3
28809 6
28810 4
28817 10
28819 5
28823 7
28832 10
28839 6
28842 5
28842 8
28852 1
28855 4
28857 4
28865 3
28874 8
28883 1
28885 3
28895 9
28902 10
28908 5
28912 3
28915 5
28917 10
28923 6
28927 8
28931 8
28933 10
28934 10
28942 6
28948 1
28957 4
28965 7
28972 8
28975 4
28984 6
28992 2
28999 1
29008 2
29013 2
29023 6
29030 1
29031 7
29040 7
29042 9
29051 3
29060 9
29069 2
29078 2
29086 3
29091 8
29099 7
29104 8
29113 1
29122 10
29127 9
29127 10
29136 3
29145 5
29146 7
29155 5
29160 3
29166 5
29176 9
29183 7
29184 7
29186 10
29187 8
29195 1
29202 9
29202 9
29203 9
29204 2
29204 8
29208 2
29217 2
29226 6
29231 10
29235 2
29239 10
29239 8
29249 5
29259 8
29264 8
29272 2
29273 1
29276 7
29283 10
29293 4
29295 7
29299 6
29300 4
29310 3
29312 2
29321 2
29321 5
29328 6
29337 9
29345 5
29348 6
29354 6
29364 7
29368 1
29378 3
29388 8
29392 10
29400 8
29401 5
29410 7
29416 6
29421 9
29427 10
29431 3
29439 3
29446 6
29447 4
29448 8
29453 4
29458 10
29466 4
29469 6
29473 3
29475 10
29480 5
29487 7
29494 8
29500 1
29503 2
29504 8
29512 1
29517 6
29523 6
29531 10
29541 3
29542 9
29545 10
29550 4
29553 9
29563 5
29568 3
29576 4
29582 9
29592 2
29601 9
29606 8
29613 5
29617 9
29621 9
29621 3
29625 8
29633 2
29637 6
29638 5
29644 1
29646 8
29651 1
29659 6
29668 7
29675 2
29680 7
29681 9
29688 3
29697 3
29702 6
29703 5
29712 7
29713 6
29720 2
29724 8
29724 10
29734 7
29735 8
29736 2
29746 2
29749 2
29754 4
29755 1
29761 1
29771 2
29780 9
29787 3
29792 5
29796 8
29804 2
29804 1
29806 2
29814 7
29818 3
29828 6
29833 4
29838 4
29838 8
29846 7
29852 8
29856 6
29857 7
29863 2
29869 10
29873 2
29879 6
29887 7
29887 4
29896 7
29897 3
29902 2
29908 10
29910 7
29912 1
29921 9
29924 5
29931 8
29932 6
29941 8
29941 3
29948 10
29952 3
29953 7
29958 1
29965 4
29971 9
29980 1
29986 2
29991 9
29998 1
30000 3
30004 5
30014 10
30024 1
30025 1
30031 7
30033 3
30042 10
30045 7
30049 5
30055 4
30061 7
30069 5
30070 2
30078 2
30082 4
30085 1
30092 4
30093 4
30100 8
30100 9
30105 8
30106 8
30113 1
30115 8
30125 6
30129 10
30139 7
30147 1
30147 10
30152 4
30155 6
30164 6
30173 6
30183 7
30192 7
30199 2
30202 7
30204 2
30214 2
30218 3
30227 3
30229 2
30237 7
30242 1
30243 7
30243 2
30246 10
30254 7
30259 9
30265 1
30272 9
30274 10
30282 10
30287 5
30293 1
30294 4
30299 1
30308 6
30316 9
30325 5
30332 2
30341 1
30345 8
30345 8
30346 1
30354 3
30358 1
30362 7
30363 5
30367 7
30371 9
30380 3
30385 6
30394 10
30401 8
30411 1
30416 6
30417 3
30417 9
30425 1
30428 10
30434 1
30437 8
30443 6
30445 1
30453 1
30456 1
30458 2
30459 5
30459 3
30468 9
30475 2
30480 8
30481 6
30491 6
30496 9
30496 2
30504 2
30510 10
30513 2
30523 9
30525 3
30530 9
30539 9
30544 9
30552 6
30557 8
30561 10
30564 3
30567 2
30576 4
30577 7
30583 1
30591 5
30599 7
30604 3
30604 2
30612 9
30622 6
30628 5
30628 2
30632 3
30640 9
30641 5
30651 1
30659 3
30660 8
30665 10
30669 1
30671 1
30673 4
30682 5
30684 3
30687 9
30695 4
30699 1
30701 8
30711 6
30714 9
30721 1
30726 9
30736 5
30736 7
30746 10
30751 2
30755 7
30761 5
30768 3
30772 6
30782 6
30789 9
30795 6
30804 3
30811 3
30817 4
30819 10
30822 9
30826 1
30830 1
30834 4
30835 2
30837 8
30844 3
30849 7
30854 4
30863 1
30866 10
30866 9
30874 9
30874 5
30880 6
30882 7
30886 1
30895 1
30903 1
30906 5
30915 5
30919 2
30929 5
30932 9
30941 3
30948 1
30950 6
30959 9
30968 1
30968 10
30978 1
30988 2
30995 6
31001 6
31009 8
31019 2
31020 3
31020 3
31030 4
31034 6
31034 3
31037 2
31038 8
31039 6
31045 5
31045 6
31048 4
31052 9
31057 2
31059 8
31068 7
31075 5
31077 5
31084 7
31092 1
31095 8
31102 3
31102 5
31105 1
31111 9
31111 9
31111 3
31114 2
31114 4
31118 9
31127 5
31137 4
31143 5
31143 10
31152 10
31153 4
31159 7
31164 8
31169 7
31174 4
31177 4
31182 9
31188 8
31194 10
31198 8
31203 7
31209 5
31214 4
31218 2
31220 2
31221 9
31221 2
31230 5
31240 9
31250 8
31251 7
31258 10
31261 8
31263 1
31270 1
31274 10
31280 3
31283 10
31291 5
31295 3
31303 7
31313 6
31323 9
31332 9
31341 1
31351 5
31359 7
31361 6
31368 3
31374 7
31382 6
31384 1
31390 4
31392 8
31392 8
31393 6
31402 5
31403 3
31410 1
31413 6
31419 7
31420 2
31428 6
31431 2
31435 6
31439 3
31446 6
31447 3
31455 7
31461 9
31466 2
31466 9
31472 9
31480 4
31489 6
31494 3
31495 1
31501 8
31508 4
31518 3
31524 10
31533 6
31536 2
31539 6
31540 10
31546 6
31550 1
31558 1
31562 9
31572 1
31576 3
31581 8
31589 1
31598 10
31606 7
31608 10
31615 1
31616 4
31617 3
31626 3
31628 6
31635 4
31644 4
31646 9
31654 10
31659 8
31661 7
31664 8
31672 5
31675 5
31682 3
31686 10
31691 9
31691 6
31700 6
31704 6
31707 8
31707 9
31711 7
31713 4
31713 1
31714 10
31716 3
31718 5
31721 6
31731 9
31736 5
31736 4
31743 4
31744 9
31752 9
31753 2
31754 5
31754 8
31756 3
31760 9
31765 8
31766 1
31771 8
31774 8
31778 7
31781 5
31784 7
31791 8
31793 9
31794 3
31803 2
31812 6
31815 10
31817 10
31825 9
31829 7
31837 9
31843 8
31849 4
31856 4
31863 3
31868 5
31869 10
31878 6
31883 1
31883 8
31883 6
31883 1
31886 9
31891 10
31897 3
31907 5
31917 5
31919 2
31919 8
31919 10
31925 7
31933 3
31937 9
31945 5
31948 8
31958 5
31960 8
31965 1
31975 9
31978 6
31982 8
31987 3
31992 5
31998 9
31999 1
31999 5
32008 5
32010 4
32020 7
32027 4
32031 3
32034 10
32037 4
32046 9
32050 4
32053 3
32054 8
32055 4
32055 1
32062 7
32070 4
32075 1
32078 3
32082 3
32086 5
32088 9
32092 5
32094 10
32103 2
32108 10
32118 6
32118 5
32122 10
32124 7
32126 3
32126 5
32132 8
32136 6
32146 1
32155 5
32160 5
32169 4
32170 2
32172 6
32180 3
32180 7
32184 2
32189 2
32195 2
32204 4
32210 5
32216 2
32218 7
32223 8
32228 8
32228 3
32238 6
32243 2
32248 1
32255 2
32256 7
32264 4
32267 5
32267 2
32273 7
32279 4
32286 7
32296 8
32305 6
32310 1
32314 10
32323 5
32324 1
32324 6
32330 8
32338 7
32339 10
32349 5
32353 8
32353 2
32360 4
32370 10
32374 2
32381 4
32391 6
32392 1
32399 9
32403 2
32412 7
32416 3
32423 7
32432 1
32435 2
32445 10
32450 4
32455 7
32459 10
32460 9
32470 7
32477 10
32487 6
32495 8
32499 1
32500 6
32502 8
32506 5
32509 10
32514 2
32522 4
32523 4
32523 6
32526 6
32535 9
32544 8
32546 9
32547 8
32549 3
32554 2
32562 7
32569 1
32579 9
32584 2
32585 2
32594 3
32595 6
32595 3
32599 7
32603 10
32608 7
32613 4
32618 8
32622 10
32626 9
32636 4
32639 10
32646 3
32652 9
32655 7
32664 1
32666 6
32674 6
32683 1
32684 2
32684 1
32684 1
32685 6
32686 7
32686 9
32688 10
32690 4
32694 6
32700 10
32710 6
32711 7
32718 7
32723 4
32725 5
32729 8
32729 10
32737 8
32745 6
32749 10
32752 3
32752 10
32753 2
32760 5
32770 4
32773 4
32782 2
32784 7
32790 7
32797 7
32802 7
32811 2
32812 6
32817 9
32819 4
32824 4
32824 8
32830 2
32834 8
32840 8
32842 3
32851 4
32861 5
32864 7
32866 1
32875 7
32883 10
32884 7
32894 8
32899 7
32900 5
32902 1
32905 5
32906 3
32915 1
32922 7
32926 4
32935 10
32945 1
32951 3
32958 4
32966 1
32973 8
32974 8
32975 6
32981 1
32985 6
32986 6
32989 7
32989 3
32995 10
33004 2
33012 10
33012 3
33016 2
33025 2
33031 6
33034 10
33035 6
33043 10
33049 2
33049 5
33057 3
33061 8
33062 9
33071 7
33079 1
33084 3
33093 5
33093 2
33099 4
33100 5
33102 2
33102 3
33106 10
33106 9
33114 4
33124 2
33124 6
33126 6
33130 2
33135 7
33136 5
33140 6
33140 8
33140 9
33142 7
33148 1
33149 9
33150 4
33150 9
33154 4
33156 7
33165 10
33166 8
33175 10
33180 2
33186 5
33186 7
33190 8
33193 1
33198 6
33201 4
33206 4
33208 2
33215 2
33221 3
33229 5
33239 4
33245 4
33250 3
33256 2
33261 1
33266 3
33274 9
33278 4
33279 1
33282 8
33287 8
33294 7
33296 4
33304 4
33304 7
33307 8
33308 5
33317 3
33318 7
33321 5
33331 3
33332 8
33338 10
33346 4
33347 2
33357 7
33364 7
33364 2
33367 5
33373 10
33376 6
33386 3
33390 10
33397 2
33403 2
33412 7
33417 5
33420 7
33422 6
33426 9
33434 3
33439 10
33442 2
33443 3
33444 10
33453 1
33455 8
33460 7
33462 10
33471 7
33479 8
33482 7
33487 8
33497 2
33498 5
33505 4
33508 9
33509 8
33515 8
33518 9
33525 3
33533 3
33540 5
33545 9
33553 9
33560 9
33560 10
33564 2
33564 10
33574 5
33577 2
33585 3
33591 5
33592 1
33592 1
33595 2
33596 1
33601 4
33610 5
33615 2
33625 10
33635 3
33640 8
33641 10
33641 6
33647 3
33652 4
33659 1
33660 6
33667 5
33675 5
33681 10
33689 1
33691 3
33696 9
33697 3
33699 6
33709 1
33719 3
33721 2
33729 6
33731 1
33740 2
33750 2
33754 7
33761 6
33764 1
33772 7
33781 3
33787 10
33790 4
33795 1
33799 3
33801 2
33803 3
33804 4
33812 10
33812 2
33822 8
33823 1
33824 10
33826 6
33832 6
33834 4
33840 2
33846 10
33846 1
33849 4
33850 3
33856 9
33861 4
33871 6
33878 1
33882 8
33887 3
33895 3
33904 8
33910 3
33916 1
33924 4
33925 3
33933 8
33933 6
33935 8
33935 3
33936 6
33936 1
33941 1
33949 1
33952 10
33953 9
33955 4
33963 1
33964 3
33965 6
33967 6
33976 2
33986 3
33995 8
34002 7
34007 9
34009 6
34015 7
34017 1
34021 6
34031 4
34032 5
34033 4
34040 7
34040 1
34050 6
34056 2
34056 10
34057 8
34060 6
34064 7
34067 1
34070 4
34070 10
34076 8
34083 7
34091 1
34095 3
34101 1
34110 3
34114 3
34121 6
34122 9
34125 1
34127 5
34136 4
34137 2
34138 5
34145 3
34152 3
34156 10
34162 5
34170 4
34176 7
34185 8
34193 7
34201 3
34201 7
34209 10
34218 1
34221 7
34227 6
34234 10
34241 8
34247 5
34252 5
34255 1
34263 6
34272 8
34274 3
34278 6
34283 8
34284 3
34292 1
34296 7
34304 7
34305 6
34315 5
34324 6
34333 8
34339 4
34341 7
34341 6
34348 2
34348 6
34351 2
34357 3
34361 3
34362 9
34367 9
34372 5
34381 9
34384 1
34384 9
34384 7
34386 9
34395 2
34397 6
34398 8
34406 4
34410 3
34415 10
34423 7
34426 1
34433 6
34433 3
34441 8
34445 4
34448 7
34458 8
34465 9
34472 5
34476 4
34479 1
34483 10
34488 9
34496 2
34499 8
34508 10
34508 7
34510 9
34513 7
34519 3
34525 6
34532 3
34534 3
34538 1
34545 5
34549 2
34550 7
34555 3
34556 5
34562 5
34566 5
34576 5
34579 2
34579 2
34587 1
34587 9
34591 4
34597 10
34604 8
34605 7
34609 8
34619 1
34620 4
34630 3
34634 2
34640 4
34643 6
34653 10
34655 3
34657 7
34660 7
34670 10
34676 2
34683 9
34685 5
34688 2
34690 7
34691 9
34695 10
34697 2
34698 1
34704 8
34704 5
34712 5
34712 2
34722 3
34731 9
34737 9
34737 4
34741 8
34748 5
34757 9
34765 4
34774 5
34778 2
34788 5
34797 3
34804 10
34810 4
34816 7
34816 6
34821 4
34823 2
34823 6
34832 2
34835 5
34844 5
34846 1
34853 4
34859 4
34860 3
34863 10
34870 3
34872 5
34882 7
34888 1
34889 3
34895 8
34904 1
34906 3
34914 9
34915 2
34919 3
34928 2
34932 1
34939 4
34947 4
34947 2
34950 5
34955 3
34964 1
34964 5
34974 3
34975 3
34984 9
34987 7
34993 3
35002 3
35008 2
35012 4
35022 2
35022 9
35028 3
35038 2
35047 1
35057 8
35059 2
35065 8
35066 7
35074 9
35083 7
35087 6
35088 5
35090 9
35096 6
35100 2
35103 2
35105 2
35107 2
35113 2
35116 2
35122 7
35124 4
35129 2
35136 8
35137 10
35145 6
35152 8
35155 5
35158 10
35159 3
35164 8
35171 2
35171 1
35176 8
35181 9
35188 3
35189 5
35198 3
35198 8
35205 9
35211 6
35213 4
35213 7
35221 2
35225 10
35231 8
35240 1
35242 2
35249 7
35250 5
35250 10
35251 4
35256 4
35265 4
35266 5
35268 8
35276 7
35284 7
35292 1
35302 3
35311 6
35318 1
35324 2
35327 1
35337 2
35339 6
35341 5
35342 9
35352 4
35361 2
35364 4
35369 5
35372 2
35378 9
35383 3
35392 5
35401 4
35408 9
35416 10
35418 6
35422 10
35428 4
35432 10
35442 4
35447 4
35455 7
35463 6
35467 2
35469 4
35475 10
35476 4
35482 6
35487 3
35497 5
35499 7
35508 5
35511 10
35520 1
35530 2
35535 8
35537 3
35544 7
35547 7
35554 8
35562 3
35572 7
35576 5
35583 4
35592 8
35601 8
35605 9
35610 1
35619 3
35628 3
35635 10
35645 1
35648 7
35655 4
35658 7
35659 6
35660 2
35670 6
35675 5
35685 2
35693 10
35694 8
35696 5
35701 10
35704 3
35710 3
35716 3
35724 8
35731 3
35735 6
35739 3
35739 10
35741 3
35748 9
35751 8
35759 3
35759 5
35760 9
35761 3
35762 8
35770 3
35773 9
35774 6
35783 8
35785 6
35792 9
35796 3
35804 4
35809 6
35810 6
35814 6
35821 4
35825 3
35832 3
35832 2
35841 1
35846 3
35853 1
35861 7
35861 9
35867 10
35869 4
35871 8
35875 2
35883 4
35885 9
35886 9
35892 3
35895 5
35905 8
35913 6
35922 2
35927 1
35934 9
35944 2
35952 2
35954 6
35957 8
35962 9
35971 9
35981 7
35983 4
35991 2
35995 10
36003 2
36005 5
36012 9
36018 6
36023 1
36033 9
36038 3
36045 5
36048 1
36055 3
36057 2
36062 2
36066 10
36075 7
36077 1
36077 8
36081 5
36091 1
36093 1
36100 5
36103 2
36103 6
36113 6
36114 6
36117 4
36125 5
36133 2
36138 6
36146 2
36146 4
36149 10
36153 8
36153 8
36157 10
36163 7
36172 2
36176 8
36180 8
36181 9
36184 1
36192 2
36200 2
36209 4
36213 6
36214 2
36216 10
36217 5
36227 6
36234 8
36235 3
36245 2
36254 7
36258 2
36261 4
36263 8
36267 9
36269 1
36271 4
36281 10
36284 2
36290 10
36295 4
36302 1
36307 7
36308 8
36309 5
36313 4
36323 10
36330 7
36339 10
36344 10
36348 5
36352 9
36359 8
36369 8
36371 10
36372 1
36381 1
36388 4
36396 2
36405 10
36411 1
36414 10
36423 3
36429 4
36435 4
36445 3
36452 6
36455 7
36457 2
36466 2
36469 3
36478 6
36484 6
36486 5
36486 3
36494 6
36496 1
36506 5
36514 5
36518 10
36522 3
36522 9
36524 6
36525 3
36535 3
36542 2
36552 10
36553 10
36562 9
36568 8
36569 4
36572 5
36574 10
36574 1
36580 9
36590 6
36596 4
36596 3
36604 3
36605 10
36615 2
36624 10
36625 7
36627 2
36627 9
36633 7
36642 3
36642 7
36650 2
36655 1
36657 9
36657 4
36658 4
36662 4
36671 4
36677 1
36678 3
36683 2
36686 5
36693 5
36695 5
36704 6
36710 6
36715 4
36722 3
36726 8
36729 3
36733 6
36734 3
36736 5
36746 2
36751 7
36753 9
36761 5
36765 5
36768 9
36771 4
36773 1
36783 9
36784 7
36789 1
36789 5
36794 8
36804 3
36813 9
36818 10
36818 4
36825 5
36834 6
36838 8
36845 10
36851 4
36859 1
36865 3
36874 1
36874 4
36882 4
36890 5
36892 8
36901 5
36911 6
36921 7
36931 1
36939 6
36948 10
36956 1
36964 10
36966 5
36971 1
36981 3
36981 7
36987 1
36995 3
37005 4
37005 4
37014 7
37022 3
37027 2
37029 4
37030 2
37033 2
37034 7
37043 7
37044 5
37051 1
37056 7
37066 2
37068 10
37070 3
37074 8
37080 3
37089 10
37098 7
37104 2
37108 8
37115 8
37119 4
37122 3
37129 6
37130 8
37132 6
37142 4
37145 2
37151 5
37152 8
37158 7
37168 9
37174 8
37179 8
37186 9
37191 4
37191 9
37199 2
37204 1
37210 9
37216 7
37225 6
37233 5
37238 7
37245 6
37254 3
37261 7
37263 1
37266 8
37276 7
37277 7
37285 5
37294 2
37299 7
37306 7
37314 4
37320 3
37326 8
37334 9
37335 8
37335 1
37336 9
37341 5
37348 7
37356 8
37360 9
37367 5
37377 9
37381 1
37388 2
37388 7
37389 5
37395 6
37400 10
37405 8
37410 9
37414 10
37424 1
37430 7
37434 5
37434 1
37444 1
37450 8
37458 5
37458 8
37467 8
37471 5
37475 7
37480 5
37482 6
37483 4
37486 6
37495 5
37496 9
37503 2
37509 9
37518 10
37528 1
37531 2
37533 8
37541 7
37551 7
37560 8
37562 3
37570 10
37572 8
37579 7
37582 7
37586 10
37592 8
37597 10
37601 6
37605 7
37613 7
37621 6
37625 8
37631 2
37636 5
37642 8
37647 4
37654 8
37663 3
37671 7
37674 9
37675 6
37676 8
37683 3
37693 7
37698 2
37699 8
37701 10
37705 8
37713 3
37713 1
37719 10
37722 1
37732 7
37734 7
37735 5
37743 1
37744 2
37751 9
37759 4
37764 5
37771 2
37772 3
37773 1
37777 4
37781 6
37790 6
37796 10
37804 8
37814 1
37824 2
37826 10
37835 9
37845 2
37854 8
37861 5
37869 3
37879 8
37889 9
37891 1
37898 3
37903 7
37904 4
37907 8
37907 5
37912 8
37912 5
37914 1
37922 1
37924 3
37931 1
37938 2
37938 5
37939 2
37941 1
37942 8
37950 9
37960 5
37961 2
37968 7
37970 1
37980 5
37985 3
37993 9
38003 2
38007 4
38013 8
38019 9
38023 8
38027 8
38037 6
38039 4
38047 10
38051 9
38051 1
38059 7
38059 3
38060 8
38063 1
38067 3
38073 9
38077 7
38084 4
38090 1
38095 10
38097 2
38097 4
38107 1
38111 7
38115 7
38117 10
38119 1
38124 8
38125 1
38126 6
38132 3
38133 10
38140 2
38146 9
38149 6
38157 4
38158 6
38166 5
38170 5
38180 9
38181 10
38187 5
38195 4
38202 2
38207 2
38209 9
38210 5
38217 6
38225 3
38229 3
38239 5
38242 8
38249 5
38254 10
38264 4
38271 9
38273 10
38275 7
38285 8
38294 1
38296 7
38298 7
38300 8
38305 9
38313 9
38319 1
38327 9
38328 7
38336 3
38339 4
38347 8
38353 3
38353 7
38363 6
38367 7
38367 9
38374 4
38380 8
38390 1
38393 4
38401 1
38409 6
38414 5
38423 3
38427 1
38433 6
38443 10
38453 10
38459 8
38462 6
38466 3
38469 3
38475 10
38480 9
38486 9
38492 1
38497 9
38503 9
38504 9
38513 1
38514 9
38515 9
38515 7
38519 10
38526 7
38527 3
38528 2
38536 6
38545 6
38552 3
38552 10
38555 5
38561 10
38562 3
38571 7
38578 8
38586 4
38593 9
38599 8
38600 7
38608 4
38608 4
38612 6
38614 7
38623 6
38624 7
38624 5
38633 5
38633 9
38641 5
38646 5
38653 3
38663 3
38670 1
38673 10
38678 6
38686 7
38692 9
38702 10
38711 5
38713 8
38716 2
38720 6
38725 10
38734 9
38744 10
38748 1
38750 4
38757 5
38761 6
38762 6
38769 9
38769 2
38776 8
38783 7
38791 8
38795 5
38795 8
38795 10
38804 6
38808 4
38808 3
38809 9
38815 10
38821 4
38826 2
38833 8
38836 4
38837 3
38843 1
38845 5
38848 5
38849 10
38858 2
38863 1
38872 10
38874 6
38876 3
38882 2
38891 1
38897 9
38903 9
38905 6
38912 4
38917 4
38924 9
38924 6
38924 2
38925 8
38926 8
38932 4
38934 6
38939 3
38947 5
38947 2
38947 3
38953 3
38959 5
38961 4
38970 9
38980 6
38984 9
38990 1
39000 7
39001 6
39002 1
39006 7
39006 10
39010 6
39019 7
39019 4
39028 7
39029 4
39031 5
39034 3
39034 8
39038 2
39047 10
39052 1
39057 5
39061 7
39061 6
39066 2
39071 6
39076 4
39078 7
39087 4
39094 5
39095 10
39105 4
39113 7
39116 2
39124 1
39134 6
39141 4
39147 6
39151 6
39158 6
39159 2
39163 9
39173 2
39180 5
39183 1
39186 4
39195 4
39202 5
39210 2
39213 2
39214 3
39218 3
39220 9
39227 9
39229 5
39230 5
39231 5
39236 4
39246 9
39252 6
39253 2
39259 2
39267 8
39268 7
39271 5
39278 2
39281 5
39281 5
39289 6
39297 8
39304 8
39305 8
39308 7
39312 10
39316 4
39318 7
39323 6
39323 3
39333 5
39334 3
39335 9
39339 6
39347 10
39353 9
39362 6
39364 6
39374 2
39384 8
39388 6
39389 6
39390 6
39390 7
39391 9
39395 5
39405 9
39405 3
39406 5
39407 5
39411 3
39412 2
39420 3
39423 4
39424 10
39429 6
39433 2
39435 9
39445 4
39452 10
39461 3
39469 6
39472 7
39477 2
39484 1
39485 8
39487 1
39496 2
39497 8
39501 10
39503 9
39509 6
39512 10
39521 2
39528 8
39535 7
39538 9
39539 7
39548 5
39556 2
39557 7
39561 9
39567 2
39567 3
39569 8
39577 8
39586 4
39586 10
39593 9
39594 6
39594 4
39601 2
39601 9
39608 3
39609 7
39609 1
39609 6
39610 2
39612 10
39613 6
39614 2
39622 6
39630 9
39640 8
39643 8
39649 7
39656 9
39660 7
39668 5
39670 3
39672 3
39681 7
39685 3
39690 7
39697 6
39707 10
39710 6
39714 4
39716 3
39720 3
39730 5
39736 3
39736 6
39736 4
39744 7
39749 4
39752 3
39760 1
39770 2
39780 9
39788 10
39788 7
39789 6
39797 3
39798 10
39804 9
39814 3
39819 2
39828 1
39833 1
39837 5
39840 1
39841 9
39851 5
39852 10
39854 8
39858 3
39864 8
39864 6
39872 9
39875 6
39877 4
39879 10
39889 9
39898 3
39900 10
39902 6
39909 7
39910 4
39911 6
39914 5
39924 6
39926 1
39927 7
39936 4
39940 6
39950 5
39960 8
39967 7
39973 6
39973 8
39978 10
39978 8
39981 10
39987 8
39991 10
39995 2
39999 2
40006 1
40012 10
40022 7
40024 6
40025 5
40031 7
40039 10
40040 4
40047 1
40047 3
40053 3
40062 5
40068 9
40075 4
40077 1
40080 2
40082 7
40082 7
40089 8
40098 6
40100 7
40103 7
40105 7
40112 7
40121 6
40127 1
40134 2
40136 10
40138 1
40147 2
40153 2
40155 5
40165 7
40172 4
40175 5
40175 2
40181 2
40185 10
40191 9
40195 9
40200 7
40207 4
40208 6
40209 2
40213 7
40220 7
40221 1
40226 9
40235 4
40238 5
40241 3
40245 1
40250 5
40252 5
40256 10
40258 10
40262 4
40269 8
40276 5
40284 4
40292 7
40301 1
40310 5
40314 5
40315 4
40320 8
40328 6
40336 2
40336 2
40345 6
40350 3
40351 10
40360 10
40362 8
40366 1
40367 8
40377 5
40381 3
40391 1
40394 1
40396 8
40397 4
40398 10
40407 7
40415 5
40419 3
40424 2
40433 6
40442 3
40448 5
40457 5
40467 2
40472 4
40476 5
40486 3
40486 2
40496 5
40496 8
40504 1
40505 4
40507 10
40512 3
40518 3
40528 2
40530 2
40535 10
40544 2
40548 10
40555 6
40560 2
40561 10
40569 3
40572 7
40572 7
40577 5
40580 4
40583 9
40585 7
40595 6
40596 8
40599 6
40606 6
40616 1
40618 5
40625 2
40626 9
40634 9
40640 5
40645 2
40646 6
40649 3
40652 4
40652 6
40653 6
40657 8
40663 10
40670 6
40676 3
40686 1
40696 7
40698 5
40699 5
40708 1
40718 3
40727 1
40737 1
40738 8
40742 10
40747 7
40755 7
40760 2
40762 3
40762 1
40766 8
40770 6
40773 7
40778 4
40780 6
40787 9
40789 7
40798 6
40802 6
40803 7
40813 1
40813 2
40814 1
40821 4
40823 2
40832 1
40836 1
40846 6
40851 7
40860 10
40863 4
40868 2
40876 2
40879 1
40881 4
40887 4
40896 2
40902 3
40909 9
40909 8
40915 4
40919 3
40927 6
40934 3
40936 9
40942 8
40949 5
40957 4
40958 7
40960 4
40963 1
40964 8
40965 3
40973 7
40979 8
40985 4
40989 3
40989 6
40997 6
41006 4
41015 3
41017 9
41017 1
41022 6
41030 6
41030 3
41034 8
41044 1
41049 9
41049 3
41052 4
41060 8
41061 6
41066 8
41067 4
41073 7
41078 5
41078 8
41083 9
41085 7
41086 1
41096 3
41096 8
41102 2
41106 3
41108 4
41118 2
41118 3
41123 9
41127 9
41131 4
41133 3
41138 4
41148 6
41152 2
41161 7
41162 3
41168 4
41173 5
41177 1
41182 10
41185 4
41189 9
41199 1
41203 10
41206 2
41209 1
41213 3
41216 3
41222 8
41224 7
41231 10
41241 7
41245 3
41245 1
41245 10
41246 1
41252 7
41257 1
41257 8
41266 10
41271 6
41275 5
41282 8
41282 10
41283 5
41285 10
41290 7
41299 10
41301 9
41305 4
41306 3
41309 10
41318 4
41318 8
41323 5
41323 4
41329 3
41337 7
41346 8
41347 6
41356 4
41359 7
41360 5
41370 1
41378 9
41383 10
41392 7
41395 2
41398 5
41400 3
41408 2
41413 8
41415 5
41419 5
41425 5
41431 6
41437 8
41443 2
41452 2
41462 6
41469 7
41471 3
41481 8
41488 6
41493 7
41500 3
41508 5
41512 5
41520 8
41528 3
41537 2
41544 6
41546 1
41555 3
41557 2
41560 4
41570 5
41570 4
41577 4
41586 6
41590 9
41591 2
41594 9
41604 6
41612 9
41615 2
41624 7
41631 2
41637 7
41646 3
41648 4
41654 7
41657 5
41667 2
41670 1
41678 1
41678 6
41684 3
41693 4
41693 5
41702 7
41712 7
41719 7
41726 4
41727 3
41728 3
41729 3
41732 7
41732 1
41733 7
41741 7
41749 1
41751 5
41756 2
41759 5
41763 4
41768 6
41776 6
41783 7
41786 8
41792 6
41800 10
41809 9
41818 10
41820 5
41829 1
41834 7
41837 7
41843 7
41849 3
41859 6
41859 2
41868 6
41873 8
41873 9
41882 7
41892 7
41892 7
41898 3
41900 5
41907 4
41908 4
41913 9
41918 7
41926 2
41934 6
41940 7
41940 1
41945 9
41952 7
41961 4
41969 4
41977 1
41978 6
41981 7
41986 7
41988 10
41995 7
42001 4
42004 5
42014 2
42022 3
42030 2
42039 1
42048 2
42049 8
42053 4
42055 9
42058 6
42059 2
42061 8
42071 6
42080 9
42089 7
42093 5
42098 8
42099 2
42107 7
42115 4
42120 2
42125 7
42125 4
42128 5
42136 7
42137 9
42143 3
42144 9
42150 5
42159 4
42160 3
42162 1
42168 7
42176 2
42186 4
42192 3
42201 4
42210 9
42219 2
42224 2
42225 6
42225 9
42230 6
42240 10
42240 7
42241 10
42241 5
42246 1
42251 3
42258 6
42263 8
42270 6
42280 10
42286 9
42286 10
42296 2
42298 10
42304 6
42304 10
42310 6
42310 3
42320 9
42330 8
42334 10
42338 2
42345 1
42354 8
42360 2
42362 3
42364 1
42374 10
42377 10
42377 5
42385 7
42386 4
42395 3
42403 10
42412 5
42422 9
42430 2
42439 5
42447 1
42448 1
42452 2
42454 3
42459 8
42463 5
42472 4
42474 5
42478 4
42484 5
42485 6
42493 7
42500 4
42500 8
42506 9
42511 8
42515 6
42517 4
42525 2
42525 3
42526 2
42533 7
42540 8
42542 7
42549 2
42559 9
42568 7
42574 9
42574 7
42581 7
42581 9
42587 8
42591 4
42600 5
42609 9
42612 6
42622 5
42628 8
42633 8
42635 7
42640 9
42646 7
42651 4
42656 8
42659 2
42666 9
42676 10
42683 6
42690 10
42693 1
42695 10
42695 3
42697 10
42702 8
42703 7
42708 7
42715 3
42721 3
42730 10
42732 10
42732 5
42736 4
42744 7
42753 10
42758 3
42763 6
42767 5
42773 8
42783 1
42793 5
42801 3
42806 5
42807 9
42808 5
42817 6
42817 3
42825 3
42829 6
42833 7
42840 6
42843 6
42845 4
42850 3
42851 7
42860 3
42864 1
42873 6
42881 4
42888 3
42895 4
42905 1
42907 1
42916 4
42916 5
42922 3
42929 2
42934 3
42937 1
42944 2
42954 9
42963 1
42972 3
42981 7
42987 10
42987 3
42996 8
43003 3
43005 1
43009 6
43012 7
43018 6
43024 9
43031 8
43035 6
43043 9
43047 7
43051 6
43054 5
43058 6
43064 2
43071 1
43081 6
43082 10
43086 10
43086 2
43088 6
43091 9
43093 8
43094 6
43103 10
43110 10
43114 4
43114 7
43115 10
43115 7
43121 4
43128 3
43135 4
43139 7
43140 9
43146 5
43152 7
43160 9
43164 1
43174 6
43179 7
43181 10
43186 1
43187 1
43191 1
43198 4
43205 7
43207 7
43217 2
43220 9
43227 4
43228 4
43232 5
43241 4
43247 6
43256 9
43258 6
43266 6
43267 5
43276 2
43285 4
43288 3
43295 5
43302 6
43310 5
43313 6
43320 6
43328 1
43329 2
43335 10
43335 5
43340 3
43343 10
43351 1
43361 6
43366 3
43374 9
43375 5
43376 8
43383 1
43387 4
43388 5
43390 6
43397 4
43398 8
43406 8
43413 4
43413 5
43416 10
43417 9
43418 10
43425 7
43427 8
43437 6
43439 4
43447 10
43450 2
43454 10
43458 8
43464 8
43464 9
43467 9
43471 7
43475 7
43485 3
43491 6
43499 8
43507 5
43514 8
43523 2
43523 7
43525 9
43528 8
43535 9
43537 5
43537 4
43541 3
43549 10
43554 1
43556 9
43559 5
43560 9
43561 9
43569 10
43570 4
43573 6
43573 6
43575 2
43583 8
43592 4
43602 10
43611 10
43620 3
43629 3
43634 6
43638 9
43647 8
43652 3
43662 2
43666 1
43671 6
43681 10
43691 5
43697 10
43704 5
43707 7
43707 2
43710 7
43716 6
43716 10
43717 3
43724 3
43729 6
43733 7
43734 9
43734 4
43736 8
43745 1
43750 8
43755 8
43763 3
43766 9
43774 3
43778 2
43783 8
43785 1
43787 2
43788 3
43796 1
43803 7
43804 7
43805 7
43807 7
43808 10
43810 9
43817 1
43819 3
43822 9
43824 8
43825 3
43833 6
43833 9
43843 9
43848 9
43852 10
43853 2
43860 9
43867 6
43867 9
43872 3
43874 1
43881 4
43891 6
43891 10
43896 6
43902 2
43904 8
43907 1
43912 2
43918 8
43924 6
43928 1
43934 2
43943 1
43949 2
43952 1
43954 1
43964 7
43973 7
43973 1
43983 1
43988 7
43998 3
44001 7
44002 8
44002 9
44004 5
44013 9
44013 8
44013 8
44023 4
44024 2
44026 3
44027 2
44035 7
44038 5
44043 7
44052 8
44055 1
44061 4
44067 2
44077 3
44086 4
44089 6
44093 9
44097 9
44102 4
44105 8
44110 2
44114 6
44118 4
44128 9
44128 4
44129 8
44134 4
44140 1
44143 7
44150 5
44153 3
44163 3
44164 4
44173 8
44181 6
44181 4
44184 8
44186 9
44196 1
44198 1
44203 8
44204 9
44212 5
44221 10
44230 4
44240 6
44241 3
44245 4
44246 1
44252 4
44262 9
44269 5
44278 5
44284 9
44291 4
44296 3
44305 10
44313 6
44323 3
44327 10
44334 8
44341 6
44351 4
44357 9
44367 9
44372 10
44376 8
44384 7
44392 1
44399 3
44407 7
44409 7
44413 7
44423 5
44426 8
44435 6
44439 10
44443 8
44444 10
44454 9
44464 7
44472 10
44475 6
44476 9
44481 3
44482 2
44490 9
44498 7
44498 1
44500 5
44506 8
44515 4
44518 3
44527 4
44527 6
44530 5
44540 4
44540 9
44544 3
44544 9
44552 2
44562 8
44564 9
44567 8
44577 9
44582 8
44586 6
44586 7
44590 3
44590 4
44594 5
44604 5
44606 5
44609 2
44619 4
44621 8
44624 6
44631 7
44636 3
44644 7
44648 8
44656 10
44657 9
44660 2
44665 9
44673 5
44680 7
44689 6
44694 2
44694 3
44696 10
44701 1
44701 9
44710 3
44712 5
44712 5
44716 4
44717 8
44721 4
44729 9
44733 8
44738 7
44747 1
44752 8
44757 2
44758 8
44764 3
44764 10
44772 1
44773 1
44783 10
44784 10
44792 3
44798 1
44802 10
44809 9
44814 1
44821 3
44826 1
44830 5
44837 1
44840 6
44841 7
44847 6
44855 9
44860 4
44867 5
44876 5
44883 4
44885 2
44892 6
44899 3
44908 2
44913 10
44915 7
44924 6
44924 10
44931 5
44933 10
44939 3
44939 8
44945 9
44952 2
44960 9
44967 3
44969 1
44977 7
44982 6
44990 9
44997 1
45001 3
45006 6
45013 1
45016 10
45018 2
45024 9
45032 1
45038 3
45041 5
45045 1
45045 6
45048 6
45048 6
45048 1
45053 10
45058 3
45058 9
45059 6
45067 10
45070 1
45070 10
45077 1
45085 1
45094 5
45095 7
45104 1
45110 10
45117 7
45123 9
45126 1
45128 9
45135 4
45139 2
45147 9
45156 7
45163 3
45172 10
45175 9
45178 7
45181 4
45182 2
45187 8
45188 2
45188 8
45195 4
45200 2
45207 10
45217 1
45224 6
45232 4
45240 8
45249 10
45257 1
45264 9
45264 6
45267 5
45276 8
45282 2
45289 7
45293 10
45300 6
45309 4
45317 7
45317 9
45321 3
45325 6
45326 2
45328 8
45330 8
45338 3
45344 10
45346 3
45352 1
45354 5
45354 4
45357 1
45357 5
45365 9
45374 9
45381 5
45385 3
45394 4
45395 9
45397 10
45404 9
45409 4
45416 2
45419 4
45420 4
45422 3
45430 4
45436 10
45441 8
45443 1
45448 8
45451 9
45458 8
45460 8
45460 5
45462 8
45471 2
45477 3
45487 10
45493 7
45503 8
45513 2
45514 3
45517 3
45519 10
45528 9
45529 1
45533 10
45533 3
45539 10
45544 5
45548 4
45548 1
45555 9
45559 7
45567 6
45575 5
45584 1
45592 1
45596 10
45600 9
45604 10
45614 9
45614 10
45617 8
45626 9
45628 9
45638 10
45644 3
45645 2
45651 4
45651 8
45654 8
45663 10
45671 2
45679 3
45688 10
45690 2
45698 5
45704 10
45712 5
45717 7
45719 5
45728 3
45736 5
45741 9
45745 6
45747 9
45749 8
45754 5
45764 8
45772 1
45781 1
45785 7
45785 7
45788 10
45789 9
45795 3
45805 2
45814 5
45816 4
45822 6
45827 2
45828 5
45835 6
45835 10
45838 8
45841 5
45847 3
45852 9
45857 1
45859 2
45862 7
45870 7
45880 5
45885 6
45891 5
45895 10
45904 2
45907 7
45912 4
45920 4
45930 7
45937 6
45941 5
45948 3
45954 4
45958 8
45960 2
45968 10
45972 7
45980 5
45981 2
45987 1
45989 9
45990 4
46000 5
46001 9
46007 9
46015 3
46022 2
46028 1
46038 2
46048 7
46056 6
46065 10
46074 4
46083 6
46089 1
46097 10
46097 6
46098 6
46101 2
46104 3
46114 2
46120 8
46123 1
46129 10
46139 8
46149 8
46150 5
46154 8
46157 4
46166 5
46170 1
46171 8
46180 1
46188 10
46191 1
46198 5
46208 9
46212 9
46212 2
46222 5
46226 7
46228 3
46234 10
46236 1
46242 4
46246 2
46249 1
46257 6
46261 6
46271 5
46275 7
46281 4
46287 5
46289 7
46295 4
46299 6
46308 5
46308 3
46308 1
46318 1
46319 10
46321 5
46326 3
46327 5
46330 5
46334 8
46340 3
46349 9
46354 5
46361 7
46368 8
46373 1
46376 4
46381 7
46387 8
46392 2
46399 1
46408 8
46413 6
46422 7
46432 6
46435 4
46445 7
46451 8
46458 8
46461 5
46471 8
46477 8
46479 2
46482 8
46486 4
46489 7
46492 7
46500 4
46510 10
46511 5
46519 6
46520 4
46523 3
46533 6
46539 9
46549 6
46556 7
46561 10
46563 10
46568 8
46573 1
46573 1
46580 2
46581 5
46583 4
46586 10
46592 1
46595 2
46603 8
46605 3
46606 9
46612 6
46615 4
46620 7
46628 9
46636 8
46641 2
46648 9
46652 4
46656 8
46666 4
46669 7
46678 1
46686 6
46693 8
46701 9
46711 10
46714 8
46716 5
46719 8
46722 10
46731 1
46736 7
46742 6
46742 4
46743 8
46746 9
46755 2
46764 5
46770 4
46775 2
46784 2
46788 9
46790 6
46798 3
46802 6
46806 2
46813 5
46817 2
46821 9
46831 3
46841 6
46849 3
46849 7
46852 8
46859 1
46866 3
46875 2
46879 3
46882 6
46887 4
46887 8
46895 4
46897 7
46902 5
46906 1
46915 5
46918 4
46919 5
46925 6
46933 1
46942 5
46947 10
46949 10
46954 6
46961 8
46970 10
46972 1
46973 1
46976 9
46986 6
46993 6
47002 5
47002 2
47003 1
47013 5
47020 5
47022 10
47024 6
47032 7
47035 7
47037 4
47047 10
47052 1
47059 3
47062 7
47065 1
47065 2
47072 3
47081 6
47087 2
47093 9
47096 2
47105 1
47111 10
47117 1
47124 4
47124 5
47132 8
47134 7
47135 6
47144 2
47144 9
47150 3
47158 8
47160 9
47170 1
47170 6
47171 9
47172 2
47173 6
47178 9
47178 6
47188 5
47197 9
47199 7
47200 9
47204 2
47211 1
47216 10
47219 5
47223 8
47225 9
47234 10
47235 2
47245 10
47249 5
47257 9
47265 2
47266 5
47270 6
47274 6
47284 1
47289 3
47295 5
47305 2
47310 3
47317 8
47323 3
47332 1
47334 10
47341 4
47341 9
47351 6
47358 7
47358 1
47367 5
47371 8
47373 8
47376 8
47382 3
47387 5
47397 10
47403 8
47406 4
47407 10
47417 1
47418 1
47426 7
47431 2
47439 9
47444 9
47452 3
47455 1
47458 7
47461 5
47463 1
47471 7
47477 6
47482 5
47489 6
47490 5
47490 9
47492 7
47493 10
47495 10
47504 3
47505 4
47506 5
47509 8
47513 5
47522 5
47522 5
47526 8
47535 10
47537 10
47537 7
47545 3
47549 9
47556 5
47561 10
47569 1
47570 6
47577 10
47587 1
47589 5
47590 10
47594 2
47599 6
47602 8
47604 2
47609 4
47614 4
47615 8
47623 9
47633 6
47637 9
47638 3
47642 3
47645 6
47648 10
47652 10
47656 2
47660 8
47662 2
47670 4
47679 4
47686 3
47686 5
47696 5
47702 5
47709 5
47713 10
47716 9
47720 1
47730 9
47740 5
47740 5
47748 10
47756 6
47762 1
47763 6
47769 8
47775 5
47780 2
47781 6
47783 2
47790 3
47792 9
47796 5
47799 7
47799 4
47802 2
47804 10
47813 2
47819 6
47822 3
47832 10
47835 2
47839 3
47848 6
47851 3
47860 2
47865 10
47871 8
47877 2
47886 8
47894 8
47896 6
47902 1
47907 3
47910 3
47916 10
47924 9
47928 9
47929 6
47931 3
47941 4
47943 5
47953 6
47963 8
47966 8
47973 3
47978 5
47986 3
47994 6
48004 5
48013 4
48014 3
48015 6
48018 6
48023 8
48030 1
48034 5
48040 8
48042 6
48049 9
48059 2
48062 10
48062 10
48065 6
48075 1
48081 7
48087 6
48087 1
48097 2
48105 4
48110 7
48116 5
48123 10
48131 2
48135 7
48137 2
48143 3
48149 1
48149 8
48150 2
48159 7
48164 8
48166 1
48174 7
48181 6
48185 6
48190 7
48198 4
48207 3
48216 5
48222 10
48226 2
48236 1
48239 8
48245 9
48252 10
48261 3
48267 3
48270 8
48270 1
48275 3
48284 7
48284 7
48292 9
48300 2
48301 3
48301 1
48303 6
48306 7
48314 3
48321 8
48323 5
48325 2
48325 7
48332 9
48333 4
48333 5
48343 4
48343 5
48353 4
48362 7
48369 8
48371 1
48377 2
48387 10
48392 7
48398 7
48406 9
48408 1
48416 10
48422 4
48431 3
48437 8
48442 2
48442 1
48444 7
48446 3
48451 8
48455 10
48464 2
48468 4
48476 9
48484 2
48485 1
48494 6
48498 6
48505 7
48511 10
48519 8
48525 7
48529 10
48533 7
48536 8
48544 6
48554 2
48564 9
48571 7
48578 6
48586 7
48594 3
48599 1
48605 6
48607 8
48617 3
48617 10
48621 7
48622 4
48630 1
48633 8
48642 3
48649 7
48650 7
48651 9
48652 3
48655 1
48656 3
48664 5
48670 10
48676 5
48680 10
48690 4
48699 6
48700 10
48703 2
48710 6
48714 7
48720 6
48724 5
48724 8
48729 3
48730 3
48739 1
48749 2
48752 2
48760 6
48770 3
48774 9
48780 10
48780 7
48788 7
48794 7
48801 4
48804 10
48812 8
48814 8
48818 7
48822 4
48831 9
48835 9
48840 7
48847 3
48852 7
48859 1
48862 4
48867 6
48875 1
48884 7
48894 6
48897 5
48901 4
48906 4
48910 3
48916 9
48925 7
48928 5
48936 4
48938 4
48947 2
48948 5
48949 3
48949 9
48951 8
48954 2
48963 3
48969 7
48976 1
48980 10
48985 2
48987 8
48993 8
48999 1
49001 2
49005 5
49010 2
49019 2
49026 5
49029 10
49033 5
49041 7
49041 8
49051 5
49059 7
49066 4
49067 5
49073 7
49076 4
49084 6
49090 7
49092 1
49094 1
49096 5
49104 2
49109 7
49109 8
49111 6
49121 9
49125 6
49127 7
49136 5
49145 2
49153 4
49155 4
49158 2
49160 1
49164 1
49168 6
49168 6
49177 4
49178 8
49181 9
49186 9
49188 7
49193 4
49199 4
49205 6
49209 5
49211 2
49217 2
49217 9
49224 9
49234 5
49240 7
49249 4
49249 6
49249 2
49250 5
49251 3
49251 7
49256 6
49263 9
49273 9
49273 5
49279 10
49282 6
49283 1
49290 2
49294 1
49300 9
49306 1
49307 6
49314 9
49322 5
49324 1
49325 10
49327 5
49333 10
49343 3
49344 6
49353 3
49362 4
49370 7
49377 1
49383 7
49385 3
49394 6
49398 3
49402 10
49403 9
49411 10
49412 10
49421 1
49431 10
49440 8
49449 7
49449 6
49454 6
49455 10
49462 4
49465 7
49470 5
49470 8
49473 10
49473 7
49482 1
49484 1
49488 4
49492 4
49499 5
49509 8
49517 4
49518 4
49521 10
49522 6
49527 2
49532 3
49534 8
49542 4
49552 8
49557 7
49559 9
49564 3
49570 1
49577 7
49585 8
49592 9
49593 2
49596 1
49600 8
49601 7
49607 2
49612 5
49612 10
49612 7
49619 3
49623 8
49623 4
49623 5
49629 7
49636 2
49645 10
49649 8
49654 3
49657 7
49657 5
49661 10
49668 4
49668 6
49676 8
49679 3
49681 8
49690 2
49693 9
49699 9
49700 3
49708 2
49710 1
49719 7
49725 8
49727 4
49728 8
49735 10
49736 2
49737 7
49742 9
49751 9
49760 10
49767 1
49768 10
49775 6
49779 1
49789 5
49789 7
49797 8
49804 6
49811 7
49815 8
49817 6
49827 1
49835 10
49841 4
49851 7
49860 2
49861 4
49867 9
49877 6
49886 7
49887 4
49891 3
49893 8
49901 3
49906 4
49908 2
49911 1
49920 5
49922 3
49925 10
49931 1
49936 9
49944 3
49946 7
49954 8
49956 9
49963 10
49967 3
49972 2
49977 6
49978 5
49984 7
