0 0.4458645833333333 0.5049444444444445 0.005656249999999948 0.005000000000000084
0 0.44801562500000003 0.4986111111111111 0.00493750000000001 0.00905555555555553
0 0.452125 0.494 0.004718749999999971 0.009999999999999959
0 0.4673541666666667 0.5001574074074073 0.004515625000000038 0.005953703703703762
0 0.4644479166666667 0.4723888888888889 0.003729166666666709 0.00987037037037034
0 0.47438541666666667 0.46477777777777773 0.005171875000000033 0.007879629629629622
0 0.51403125 0.4612222222222222 0.0031979166666667187 0.010333333333333304
0 0.485390625 0.45666666666666667 0.005781249999999952 0.0068981481481481905
0 0.4965364583333333 0.44937962962962963 0.003421874999999967 0.008814814814814798
0 0.489203125 0.44578703703703704 0.005109374999999972 0.007231481481481431
0 0.49873958333333335 0.4433425925925926 0.0056666666666667235 0.005527777777777803
0 0.4999791666666667 0.43765740740740744 0.005796875000000057 0.006527777777777736
0 0.4923177083333333 0.4250185185185185 0.003984375000000048 0.006694444444444461
0 0.48749479166666665 0.42796296296296293 0.0068229166666666195 0.004990740740740728
0 0.5266302083333333 0.4180277777777778 0.003390624999999995 0.005527777777777803
0 0.5298125 0.3750462962962963 0.0027656249999999717 0.007018518518518557
0 0.5161145833333334 0.40494444444444444 0.0035781249999999433 0.008388888888888838
0 0.650390625 0.2975277777777778 0.0037656250000000094 0.0060740740740740234
0 0.6420885416666666 0.28624074074074074 0.0038854166666666854 0.006120370370370383
0 0.6029739583333333 0.30012962962962964 0.004249999999999924 0.006851851851851831
0 0.6264635416666666 0.2990462962962963 0.004885416666666724 0.006027777777777769
0 0.6201197916666668 0.2990462962962963 0.004739583333333286 0.006638888888888851
0 0.5777552083333333 0.29514814814814816 0.003348958333333248 0.006527777777777736
0 0.5803958333333333 0.29388888888888887 0.0024895833333334377 0.005861111111111149
0 0.5428802083333333 0.24313888888888888 0.002395833333333286 0.005898148148148152
0 0.5577135416666666 0.23482407407407407 0.0026874999999999243 0.005750000000000008
0 0.5873489583333333 0.24935185185185185 0.004026041666666676 0.006749999999999966