0 0.18293229166666666 0.9961018518518518 0.005755208333333309 0.007796296296296364
0 0.19105729166666666 0.9925 0.006953125000000012 0.014999999999999831
0 0.24932812499999998 0.9906944444444444 0.005390625000000012 0.018611111111111026
0 0.10432291666666667 0.7944537037037037 0.007166666666666662 0.007972222222222129
0 0.12710416666666666 0.7330925925925926 0.0040989583333333355 0.008759259259259293
0 0.17593229166666668 0.7891759259259259 0.003911458333333328 0.008740740740740792
0 0.176984375 0.7956296296296296 0.005562499999999974 0.011287037037037087
0 0.17099999999999999 0.8054351851851852 0.005052083333333357 0.009351851851851768
0 0.18396354166666665 0.7912592592592592 0.004916666666666695 0.007759259259259361
0 0.18150520833333333 0.8001851851851852 0.004041666666666662 0.00937962962962973
0 0.21205208333333334 0.7780555555555555 0.0043645833333333306 0.01326851851851845
0 0.192890625 0.9128611111111111 0.00656770833333334 0.013222222222222198
0 0.194734375 0.9207777777777778 0.004796875000000019 0.012120370370370295
0 0.19805729166666666 0.9241759259259259 0.007411458333333343 0.011509259259259318
0 0.20488020833333334 0.9247962962962962 0.00823958333333336 0.009240740740740758
0 0.200078125 0.9094074074074073 0.005307291666666695 0.008351851851851834
0 0.21070833333333333 0.9146944444444445 0.005729166666666666 0.01173148148148155
0 0.4107395833333333 0.503824074074074 0.002479166666666662 0.005898148148148047
0 0.4090052083333333 0.5069999999999999 0.003244791666666676 0.006981481481481448
0 0.233859375 0.7395370370370371 0.00518229166666669 0.009240740740740758
0 0.22255729166666666 0.9088981481481482 0.0060520833333333355 0.013842592592592635
0 0.229734375 0.9010462962962963 0.004963541666666653 0.015138888888888804
0 0.23842708333333332 0.8958796296296296 0.005911458333333345 0.013212962962962945
0 0.2888177083333333 0.9557685185185185 0.005343749999999995 0.014842592592592779
0 0.3083489583333333 0.9531296296296298 0.010697916666666647 0.010111111111111178
0 0.34152604166666667 0.8714814814814815 0.005890624999999971 0.0139999999999999
0 0.353296875 0.9531666666666667 0.010854166666666625 0.008009259259259343
0 0.242796875 0.7365462962962963 0.0046979166666666575 0.009537037037036995
0 0.3530520833333333 0.7865 0.004593749999999967 0.007916666666666624
0 0.3813489583333334 0.7630185185185184 0.0056406249999999625 0.007120370370370421
0 0.3864739583333333 0.7174444444444444 0.005302083333333366 0.010759259259259158
0 0.40918229166666664 0.7200555555555556 0.006265624999999986 0.011398148148148098
0 0.4392083333333333 0.7405 0.005281250000000052 0.006768518518518468
0 0.408203125 0.7083796296296296 0.004593749999999967 0.0080740740740741
0 0.4506822916666666 0.743925925925926 0.005843750000000014 0.006240740740740749
0 0.362546875 0.5889722222222222 0.00436458333333339 0.008685185185185287
0 0.444796875 0.4778148148148148 0.0038697916666666997 0.0062129629629629965
0 0.45605729166666664 0.44878703703703704 0.0037187500000000523 0.005379629629629579
0 0.45959374999999997 0.3964722222222222 0.0040312500000000044 0.006944444444444444
0 0.492921875 0.420787037037037 0.003234375000000019 0.005240740740740712
0 0.4681302083333333 0.4305833333333333 0.0048958333333333805 0.005351851851851826
0 0.47004687500000003 0.4264537037037037 0.002406249999999943 0.004148148148148165
0 0.46022916666666663 0.35408333333333336 0.0033489583333333665 0.005750000000000034
0 0.4841302083333333 0.35568518518518516 0.0031458333333333143 0.005620370370370417
0 0.5063489583333334 0.3576388888888889 0.0038854166666666854 0.005157407407407453
0 0.4963385416666667 0.36262962962962964 0.0035260416666666574 0.005592592592592559
0 0.41986979166666666 0.29018518518518516 0.0037239583333333807 0.0033888888888888593
0 0.42823958333333334 0.2861388888888889 0.0027812499999999574 0.003990740740740691
0 0.43413541666666666 0.2784907407407407 0.004041666666666662 0.0033888888888888593
0 0.47836458333333337 0.3028240740740741 0.0029999999999999953 0.004601851851851877
0 0.4887708333333334 0.3052685185185185 0.002749999999999986 0.004805555555555606
0 0.4893385416666666 0.3140648148148148 0.0023854166666666286 0.00501851851851848
0 0.49787499999999996 0.3211851851851852 0.0032760416666666476 0.004546296296296267
0 0.4964375 0.3243425925925926 0.0022291666666666523 0.005851851851851898
0 0.4981145833333333 0.335 0.0019687499999999857 0.006120370370370383
0 0.500390625 0.3332777777777778 0.0014010416666666952 0.002675925925925913
0 0.5009166666666667 0.3375462962962963 0.0018020833333333524 0.004620370370370379
0 0.503171875 0.3376481481481482 0.002130208333333291 0.004833333333333359
0 0.5142239583333333 0.2950185185185185 0.0035885416666667186 0.004361111111111145
0 0.5373229166666668 0.2728055555555556 0.0029218750000000663 0.0045740740740741245
0 0.5477500000000001 0.26302777777777775 0.0031406250000001043 0.004851851851851861
0 0.5275624999999999 0.2714814814814815 0.0023802083333333 0.0044166666666666495
0 0.5388593749999999 0.3035277777777778 0.0029374999999999337 0.00501851851851848
0 0.5343020833333333 0.2928703703703704 0.002744791666666657 0.004537037037037016
0 0.5228489583333333 0.29617592592592595 0.002989583333333338 0.004703703703703742
0 0.5229583333333333 0.303787037037037 0.002651041666666624 0.004555555555555518
0 0.5196458333333334 0.3026111111111111 0.0021614583333333806 0.004175925925925917
0 0.5256614583333333 0.29756481481481484 0.003098958333333357 0.0049259259259259724
0 0.5325520833333334 0.3063981481481482 0.005322916666666622 0.009685185185185219
0 0.53621875 0.3070555555555556 0.002328124999999896 0.003601851851851839
0 0.5212916666666667 0.31910185185185186 0.0017760416666667094 0.00543518518518519
0 0.522875 0.3172314814814815 0.0025104166666666335 0.005722222222222176
0 0.5245104166666666 0.31454629629629627 0.002322916666666686 0.004851851851851861
0 0.6210520833333334 0.5183888888888889 0.0036562499999999907 0.005425925925925833
0 0.68828125 0.31796296296296295 0.0033177083333332763 0.003805555555555568
0 0.6895833333333333 0.3154074074074074 0.0029270833333332764 0.00447222222222226
0 0.5675572916666667 0.32280555555555557 0.0030885416666665815 0.004583333333333376
0 0.5646666666666668 0.3132037037037037 0.0033125000000000663 0.005407407407407437
0 0.5630989583333333 0.30433333333333334 0.002677083333333267 0.00501851851851848
0 0.5575625 0.311537037037037 0.002619791666666771 0.005620370370370417
0 0.5598385416666667 0.31107407407407406 0.003338541666666591 0.005527777777777803
0 0.5715260416666667 0.3102685185185185 0.0032760416666666476 0.004861111111111111
0 0.5729427083333333 0.30525 0.003354166666666695 0.005055555555555589
0 0.5805260416666667 0.3010740740740741 0.0030052083333333237 0.005166666666666705
0 0.5846614583333333 0.30097222222222225 0.0030208333333334282 0.004509259259259263
0 0.5910624999999999 0.3043888888888889 0.0023072916666665813 0.004685185185185134
0 0.5951822916666667 0.3022222222222222 0.0030416666666667424 0.0030185185185185102
0 0.5680729166666667 0.2887314814814815 0.0027083333333332384 0.0038425925925925715
0 0.57225 0.29003703703703704 0.002828124999999915 0.004361111111111145
0 0.5786874999999999 0.2889074074074074 0.002901041666666752 0.003916666666666684
0 0.580734375 0.28485185185185186 0.002239583333333428 0.0047499999999999955
0 0.5737552083333333 0.2758611111111111 0.0028229166666667044 0.004175925925925917
0 0.5927083333333333 0.25037037037037035 0.0026874999999999243 0.0044166666666666495
0 0.5740833333333334 0.2525648148148148 0.0020781249999998865 0.0038425925925925715
0 0.6201145833333332 0.27062037037037034 0.0031927083333333902 0.005175925925925955
0 0.6287031249999999 0.2699259259259259 0.0025000000000000946 0.005111111111111094
0 0.6296666666666667 0.23429629629629628 0.002572916666666695 0.004675925925925937
0 0.6513125 0.26505555555555554 0.0034218750000000854 0.0052962962962963215
0 0.696171875 0.2617407407407408 0.002682291666666714 0.003962962962962938
0 0.6790520833333333 0.2723703703703704 0.002682291666666714 0.0047129629629629926
0 0.7495260416666666 0.26501851851851854 0.0036666666666666475 0.00522222222222221
0 0.721515625 0.26528703703703704 0.0023697916666667613 0.0031203703703703745
0 0.7188385416666667 0.26896296296296296 0.003343750000000038 0.0038518518518518225
0 0.7140520833333334 0.26492592592592595 0.003072916666666714 0.005037037037037087
0 0.7124791666666667 0.26743518518518516 0.0029062499999999622 0.003435185185185219
0 0.7155677083333334 0.2711944444444444 0.0027552083333333144 0.004333333333333287
0 0.7166354166666667 0.27435185185185185 0.0036718750000000948 0.003907407407407432
0 0.8204999999999999 0.42663888888888885 0.004526041666666695 0.008805555555555547
0 0.9612864583333334 0.33143518518518517 0.0031979166666666003 0.00523148148148146
0 0.9752083333333333 0.35299074074074077 0.0031614583333334184 0.005481481481481444
0 0.9724583333333333 0.3544722222222222 0.0035989583333332575 0.004685185185185134
0 0.9693229166666666 0.35286111111111107 0.0036927083333334093 0.00522222222222221
0 0.964265625 0.35244444444444445 0.004182291666666771 0.005888888888888902
0 0.9541927083333334 0.3433981481481482 0.003119791666666553 0.005148148148148098
0 0.9566250000000001 0.34762037037037036 0.003463541666666714 0.0037592592592592088
0 0.9524479166666667 0.347462962962963 0.004718749999999971 0.005740740740740783
0 0.9495104166666667 0.34299074074074076 0.003937499999999971 0.005833333333333291
0 0.9485208333333334 0.34669444444444447 0.004083333333333409 0.004953703703703725
0 0.9606354166666667 0.3384166666666667 0.0026354166666666384 0.003351851851851856
0 0.9575 0.3358981481481481 0.0029270833333332764 0.004675925925925884
0 0.957953125 0.340537037037037 0.002729166666666553 0.004064814814814802
0 0.963109375 0.34025000000000005 0.002526041666666619 0.0038333333333333205
0 0.9642239583333333 0.33712962962962967 0.002958333333333248 0.004481481481481511
0 0.5610208333333334 0.26205555555555554 0.0018229166666666667 0.003092592592592622
0 0.5642708333333334 0.2528888888888889 0.0020104166666667328 0.003499999999999975
0 0.5674895833333333 0.2519722222222222 0.0015208333333333712 0.0027407407407407745
0 0.5703072916666667 0.25294444444444447 0.0017447916666666194 0.003064814814814764
0 0.5675052083333333 0.2586481481481481 0.001557291666666553 0.0027129629629629166
0 0.5662343750000001 0.26240740740740737 0.0014218750000000095 0.0027314814814815235
0 0.5641770833333334 0.2648888888888889 0.0018229166666666667 0.002879629629629642
0 0.568828125 0.26961111111111113 0.002057291666666572 0.003092592592592622
0 0.5804322916666667 0.3065555555555555 0.0018281250000001137 0.002768518518518527
0 0.581984375 0.3101759259259259 0.0016302083333333901 0.0035833333333333377
0 0.5921093749999999 0.2730092592592593 0.0023177083333332385 0.003620370370370341
0 0.5904270833333333 0.27975 0.0019635416666666573 0.0037129629629629544
0 0.5867083333333334 0.28156481481481477 0.0026458333333332956 0.00361111111111109
0 0.5847291666666667 0.27925 0.0014010416666666952 0.0027314814814815235
0 0.5850052083333334 0.2755462962962963 0.0022552083333332953 0.0028055555555555303
0 0.5814270833333333 0.27289814814814817 0.0017135416666666477 0.0028611111111111406
0 0.57009375 0.2639351851851852 0.0013124999999999905 0.0025833333333332995
0 0.5719322916666666 0.26266666666666666 0.0013854166666665908 0.0027222222222222725
0 0.5749479166666667 0.2654537037037037 0.0013958333333332481 0.002944444444444398
0 0.5915520833333333 0.26205555555555554 0.0015000000000000568 0.0036388888888888426
0 0.5956458333333334 0.2617685185185185 0.0018749999999999527 0.0030555555555555136
0 0.59359375 0.27588888888888885 0.00227604166666661 0.003481481481481473
0 0.5963125 0.27738888888888885 0.0023020833333333712 0.00382407407407407
0 0.5965572916666667 0.2816296296296297 0.0021927083333333525 0.0021296296296295877
0 0.5955208333333334 0.2839074074074074 0.0019218750000000284 0.002944444444444398
0 0.59834375 0.2831759259259259 0.0017604166666667235 0.0022592592592593098
0 0.5997447916666666 0.27864814814814814 0.0025416666666667237 0.0036481481481481985
0 0.6013125 0.2768240740740741 0.0017656249999999337 0.002685185185185164
0 0.604671875 0.27497222222222223 0.0024739583333333332 0.003268518518518493
0 0.605796875 0.2767777777777778 0.0031093749999998956 0.0027500000000000254
0 0.6105052083333333 0.27912037037037035 0.002406249999999943 0.004064814814814802
0 0.5781041666666666 0.26888888888888884 0.003531250000000104 0.004805555555555606
0 0.6025052083333333 0.26369444444444445 0.0028072916666666003 0.00446296296296301
0 0.6216822916666668 0.25539814814814815 0.002057291666666572 0.0033333333333333544
0 0.6206197916666666 0.2578333333333333 0.002104166666666648 0.003555555555555585
0 0.617453125 0.25500925925925927 0.0019322916666666857 0.0032592592592592426
0 0.60109375 0.25227777777777777 0.0018645833333332954 0.003314814814814853
0 0.6024010416666666 0.2507685185185185 0.0019427083333333427 0.003814814814814819
0 0.603578125 0.24844444444444444 0.002328124999999896 0.004685185185185134
0 0.60784375 0.2500925925925926 0.002671875000000057 0.0049629629629629754
0 0.6079635416666667 0.25523148148148145 0.002630208333333428 0.0032037037037037372
0 0.6110052083333334 0.2601111111111111 0.0022135416666666666 0.003425925925925968
0 0.6119010416666666 0.2565925925925926 0.0023177083333332385 0.0029074074074073946
0 0.6144583333333333 0.25427777777777777 0.001505208333333267 0.0032962962962962456
0 0.6245729166666667 0.2600092592592593 0.0016927083333333334 0.003222222222222239
0 0.6280625000000001 0.2516111111111111 0.002182291666666695 0.003490740740740724
0 0.6213229166666667 0.2465462962962963 0.0016822916666666761 0.0033981481481481102
0 0.618359375 0.24636111111111111 0.0016822916666666761 0.0035277777777777274
0 0.635515625 0.2703333333333333 0.0018541666666666383 0.0028055555555555303
0 0.6131875 0.23649074074074072 0.002067708333333229 0.00335185185185183
0 0.6135104166666667 0.23974074074074075 0.0015833333333333144 0.002833333333333283
0 0.615171875 0.23662962962962963 0.0023697916666667613 0.003620370370370367
0 0.6172916666666667 0.2364259259259259 0.0018072916666665624 0.0032222222222222127
0 0.6199635416666667 0.23632407407407405 0.002067708333333229 0.0025185185185185176
0 0.6218229166666667 0.23912037037037037 0.001843749999999981 0.003101851851851873
0 0.6374635416666667 0.24803703703703703 0.001791666666666695 0.003351851851851856
0 0.638796875 0.24392592592592593 0.0016406250000000474 0.0036759259259259514
0 0.6409791666666667 0.24782407407407406 0.0017656249999999337 0.0029351851851851475
0 0.6396145833333333 0.2526388888888889 0.0021406250000000665 0.0040462962962963004
0 0.6443333333333333 0.2521203703703704 0.0017031249999999905 0.004000000000000046
0 0.6478541666666667 0.2539351851851852 0.0028177083333332576 0.0036296296296295916
0 0.6368229166666667 0.2726388888888889 0.001843749999999981 0.0024629629629629333
0 0.637765625 0.27064814814814814 0.002052083333333362 0.0034629629629629715
0 0.6402187500000001 0.272074074074074 0.0021145833333333047 0.0033240740740741034
0 0.6327760416666667 0.2434074074074074 0.001953125 0.003620370370370341
0 0.6385833333333333 0.26314814814814813 0.0023125000000000285 0.004268518518518531
0 0.6394791666666666 0.26187962962962963 0.002453125000000019 0.004148148148148165
0 0.6501302083333333 0.2162685185185185 0.002000000000000076 0.0031574074074074304
0 0.6518333333333334 0.21926851851851853 0.0019374999999998957 0.002712962962962969
0 0.648 0.2250925925925926 0.0018229166666666667 0.0028055555555555303
0 0.652078125 0.2367962962962963 0.0022656249999999526 0.0033981481481481367
0 0.6565937500000001 0.2401759259259259 0.0020885416666667806 0.0034444444444444696
0 0.6605104166666667 0.2383611111111111 0.0014687500000000852 0.002759259259259276
0 0.6624375 0.24284259259259258 0.002442708333333362 0.0031388888888888764
0 0.6641510416666667 0.2391296296296296 0.0013437499999999622 0.00323148148148149
0 0.66603125 0.23883333333333334 0.001776041666666591 0.00317592592592588
0 0.670875 0.23507407407407407 0.001953125 0.0031759259259259323
0 0.6798854166666667 0.23139814814814816 0.0015468749999998958 0.003601851851851839
0 0.6662031249999999 0.22574074074074074 0.0013645833333332765 0.0024999999999999896
0 0.668015625 0.22280555555555556 0.002119791666666752 0.0030833333333333186
0 0.669796875 0.22465740740740742 0.0017604166666667235 0.002740740740740722
0 0.6589895833333334 0.21801851851851853 0.0021927083333333525 0.003703703703703704
0 0.6554062500000001 0.2171111111111111 0.0021354166666666193 0.0037592592592592612
0 0.6551718750000001 0.22003703703703703 0.0021093750000000947 0.0023796296296296235
0 0.6605885416666666 0.22210185185185186 0.0019270833333332386 0.003268518518518493
0 0.67315625 0.21939814814814815 0.001677083333333229 0.003499999999999975
0 0.6752135416666667 0.2206574074074074 0.0018697916666667424 0.0028055555555555303
0 0.6770989583333333 0.21875925925925926 0.0020156249999999432 0.0035648148148148357
0 0.681109375 0.22224074074074074 0.0020364583333332574 0.0030092592592592593
0 0.68078125 0.22621296296296298 0.0013697916666667235 0.0031666666666666813
0 0.6873958333333333 0.22930555555555557 0.0020625000000000187 0.0029166666666666455
0 0.7352083333333332 0.33997222222222223 0.0014322916666666666 0.003703703703703704
0 0.7368489583333333 0.34221296296296294 0.0015208333333333712 0.0032037037037037372
0 0.7403645833333333 0.3391018518518519 0.0017552083333332764 0.003370370370370358
0 0.7481822916666666 0.33928703703703705 0.0015937499999999715 0.0033981481481481102
0 0.7508020833333333 0.33805555555555555 0.0016354166666666004 0.003416666666666717
0 0.753765625 0.3402222222222222 0.0015781250000001042 0.004194444444444419
0 0.895296875 0.28073148148148147 0.0033906250000001136 0.0028425925925926387
0 0.884 0.27781481481481485 0.0025833333333333524 0.004824074074074107
0 0.8860625 0.2739074074074074 0.0023072916666665813 0.002694444444444415
0 0.8682916666666666 0.27773148148148147 0.002744791666666657 0.004314814814814785
0 0.8565729166666666 0.2748981481481481 0.0038854166666666854 0.005638888888888918
0 0.8421145833333333 0.2773333333333333 0.003010416666666771 0.005166666666666705
0 0.8426666666666667 0.26852777777777775 0.003177083333333286 0.004611111111111128
0 0.824453125 0.2771388888888889 0.003458333333333267 0.0051018518518518435
0 0.8581666666666667 0.24144444444444443 0.0025520833333333806 0.004370370370370396
0 0.8472864583333333 0.2533611111111111 0.002510416666666752 0.00323148148148149
0 0.8450729166666666 0.2513518518518518 0.0019114583333333713 0.0037407407407407073
0 0.8685833333333334 0.25703703703703706 0.0029374999999999337 0.004509259259259263
0 0.8608229166666667 0.2657407407407407 0.001895833333333267 0.0030000000000000083
0 0.864109375 0.2651296296296296 0.002124999999999962 0.0027222222222222725
0 0.8654427083333334 0.26694444444444443 0.0023125000000000285 0.0025277777777777946
0 0.8660416666666666 0.2641203703703704 0.002124999999999962 0.0023240740740740656
0 0.868375 0.2653240740740741 0.0024739583333333332 0.0035092592592592254
0 0.8711979166666667 0.26764814814814814 0.003114583333333343 0.004120370370370412
0 0.8722239583333333 0.2641851851851852 0.002671875000000057 0.004074074074074053
0 0.8751354166666666 0.2641296296296296 0.0028020833333333903 0.004370370370370396
0 0.8780104166666667 0.2646018518518518 0.0026458333333332956 0.004101851851851805
0 0.881140625 0.2647037037037037 0.0036718750000000948 0.004694444444444491
0 0.830828125 0.26157407407407407 0.002640625000000085 0.004101851851851805
0 0.8298333333333333 0.26675 0.0015625 0.004759259259259247
0 0.8323229166666667 0.26725925925925925 0.002640625000000085 0.003111111111111124
0 0.8339166666666666 0.26559259259259255 0.0022656249999999526 0.003592592592592588
0 0.8351822916666667 0.2696944444444444 0.003401041666666771 0.005305555555555572
0 0.8331302083333333 0.23530555555555555 0.0024687499999998864 0.0031851851851851833
0 0.8281770833333333 0.23442592592592593 0.0025468749999999337 0.003944444444444436
0 0.8244947916666666 0.23590740740740737 0.001947916666666553 0.0031111111111110975
0 0.8501354166666667 0.21232407407407408 0.0026354166666666384 0.004722222222222243
0 0.8531666666666666 0.21107407407407408 0.002291666666666714 0.0022129629629629504
0 0.8524062499999999 0.21387962962962964 0.0014791666666667425 0.002768518518518527
0 0.8544375 0.21378703703703703 0.0016249999999999431 0.0025833333333333524
0 0.7772708333333332 0.2675092592592593 0.0034895833333332387 0.004564814814814768
0 0.7779427083333333 0.24493518518518517 0.0022552083333332953 0.003305555555555602
0 0.8119479166666667 0.23913888888888887 0.0016979166666667804 0.003416666666666717
0 0.8138020833333334 0.23950000000000002 0.0019166666666665813 0.002898148148148144
0 0.8120052083333333 0.24431481481481482 0.0019895833333334187 0.003222222222222239
0 0.8103177083333333 0.24949074074074074 0.0021093750000000947 0.0033333333333333544
0 0.79734375 0.2465462962962963 0.002322916666666686 0.003972222222222189
0 0.7932916666666666 0.24538888888888888 0.0024218750000000473 0.0031944444444444867
0 0.7883281249999999 0.24618518518518517 0.0024374999999999146 0.00479629629629625
0 0.7753489583333334 0.24483333333333335 0.001953125 0.0030092592592592593
0 0.7174114583333334 0.265537037037037 0.002557291666666591 0.003083333333333371
0 0.7546145833333333 0.23555555555555557 0.0025416666666667237 0.003388888888888912
0 0.7588489583333333 0.22264814814814815 0.0027083333333332384 0.003499999999999975
0 0.7569114583333333 0.21954629629629632 0.0018854166666666097 0.0027037037037037186
0 0.7571979166666666 0.2141388888888889 0.001947916666666553 0.002759259259259276
0 0.7581770833333333 0.21562037037037038 0.0015312500000000285 0.002388888888888874
0 0.7631875 0.2202777777777778 0.001723958333333305 0.0026666666666666622
0 0.773765625 0.2195 0.0020312500000000473 0.002611111111111105
0 0.7921979166666666 0.22592592592592592 0.0021093750000000947 0.0028148148148148338
0 0.7918697916666667 0.2199814814814815 0.002124999999999962 0.002981481481481507
0 0.7890625 0.22369444444444445 0.0017708333333333807 0.0028703703703703916
0 0.7975729166666666 0.22221296296296297 0.0014947916666666098 0.0029166666666666455
0 0.790765625 0.22278703703703706 0.001281250000000019 0.002268518518518508
0 0.6320104166666667 0.21199074074074073 0.001619791666666733 0.0026666666666666622
0 0.63253125 0.20172222222222225 0.0021510416666667234 0.002620370370370356
0 0.6350625 0.20158333333333334 0.001958333333333447 0.002944444444444451
0 0.6425260416666667 0.20273148148148148 0.001619791666666733 0.0025370370370370455
0 0.64215625 0.2061111111111111 0.0017395833333334091 0.0023611111111111215
0 0.6473020833333333 0.2022037037037037 0.0020260416666666005 0.0032777777777777965
0 0.6561979166666667 0.2036296296296296 0.0020156249999999432 0.0028333333333333353
0 0.6577968750000001 0.20457407407407407 0.0021614583333333806 0.002601851851851854
0 0.6592812499999999 0.20612962962962963 0.0015729166666666571 0.0027037037037037186
0 0.6616197916666666 0.20960185185185184 0.0014947916666666098 0.0030092592592592593
0 0.6693802083333333 0.21430555555555555 0.0019374999999998957 0.0033796296296296087
0 0.656125 0.20931481481481481 0.0018072916666665624 0.0032499999999999916
0 0.6576145833333332 0.2094537037037037 0.0021927083333333525 0.004296296296296283
0 0.6123333333333334 0.2111574074074074 0.001791666666666695 0.004629629629629629
0 0.6649999999999999 0.20840740740740743 0.002104166666666648 0.003194444444444434
0 0.5843385416666667 0.3095925925925926 0.0018593750000000854 0.0030555555555555136
0 0.5855 0.3085833333333333 0.0015989583333334185 0.0029259259259258965
0 0.5866979166666667 0.31028703703703703 0.0015677083333334471 0.003083333333333371
0 0.6927760416666667 0.21475925925925926 0.0021614583333333806 0.004157407407407416
0 0.6944635416666666 0.2128611111111111 0.0017552083333332764 0.0023703703703703725
0 0.6956822916666667 0.21099074074074076 0.001666666666666572 0.0023611111111111215
0 0.6966145833333334 0.20976851851851852 0.0014270833333332197 0.0029166666666666455
0 0.69753125 0.2134814814814815 0.0017187500000000948 0.003111111111111124
0 0.6981510416666666 0.22033333333333335 0.0019791666666667614 0.002851851851851837
0 0.707796875 0.21957407407407406 0.0017708333333333807 0.0025833333333333524
0 0.7058333333333333 0.21548148148148147 0.0013489583333334092 0.0026296296296296063
0 0.6876979166666667 0.21176851851851852 0.0015468749999998958 0.002925925925925949
0 0.685296875 0.2116111111111111 0.0019270833333332386 0.002620370370370356
0 0.6826614583333334 0.2125 0.0021145833333333047 0.0032592592592592426
0 0.6822135416666666 0.20954629629629629 0.0017187500000000948 0.0024074074074074284
0 0.679296875 0.2118888888888889 0.0015260416666665814 0.0023796296296296235
0 0.6805989583333333 0.21110185185185187 0.0017135416666666477 0.0030740740740740676
0 0.6734739583333333 0.21025925925925928 0.0012343749999999432 0.002740740740740722
0 0.674921875 0.21164814814814817 0.0014479166666667709 0.002342592592592567
0 0.6770416666666667 0.20966666666666667 0.002505208333333305 0.002685185185185164
0 0.6441822916666666 0.20436111111111113 0.0015104166666667141 0.002388888888888874
0 0.6302291666666666 0.21410185185185185 0.0020833333333333333 0.0030925925925925695
0 0.6611354166666668 0.20467592592592593 0.0016249999999999431 0.0026666666666666622
0 0.6630052083333333 0.20654629629629628 0.0019374999999998957 0.002351851851851871
0 0.6664270833333333 0.2078796296296296 0.0014895833333333996 0.0024629629629629862
0 0.6674739583333333 0.20643518518518517 0.0014375000000001136 0.0023796296296296235
0 0.6638489583333332 0.20449074074074072 0.0011979166666667613 0.001796296296296294
0 0.664546875 0.20514814814814816 0.0011562499999998959 0.0015925925925926179
0 0.665265625 0.20607407407407408 0.0010208333333333523 0.0016574074074074264
0 0.6789479166666667 0.20575000000000002 0.0013541666666666192 0.0024166666666666794
0 0.6801614583333334 0.20358333333333334 0.0014895833333333996 0.002398148148148125
0 0.6809375000000001 0.20624074074074075 0.0014166666666665625 0.002435185185185181
0 0.6798906250000001 0.20784259259259258 0.001619791666666733 0.002305555555555564
0 0.6698697916666667 0.20762037037037037 0.0019895833333334187 0.0030092592592592593
0 0.6706822916666667 0.2045925925925926 0.0017968749999999053 0.002120370370370389
0 0.6727760416666667 0.20371296296296296 0.001505208333333267 0.0020925925925925843
0 0.672859375 0.20646296296296296 0.001557291666666553 0.00263888888888891
0 0.6746510416666667 0.2046851851851852 0.0011406250000000283 0.0025185185185185436
0 0.6763854166666667 0.20625 0.0015885416666667615 0.0017777777777777926
0 0.6764427083333333 0.20401851851851852 0.0015833333333333144 0.002055555555555581
0 0.6833697916666667 0.2064074074074074 0.0022968749999999244 0.003212962962962988
0 0.6865260416666668 0.20840740740740743 0.002057291666666572 0.003592592592592588
0 0.6865 0.20436111111111113 0.002005208333333286 0.0029351851851852
0 0.6884010416666667 0.2066574074074074 0.0012343749999999432 0.002222222222222201
0 0.6899739583333333 0.2059074074074074 0.0013124999999999905 0.0018611111111111027
0 0.6905104166666667 0.20922222222222223 0.0023802083333334186 0.00323148148148149
0 0.6920520833333333 0.20807407407407408 0.0015989583333334185 0.002620370370370356
0 0.6936354166666666 0.20793518518518517 0.0015416666666666855 0.0029166666666666455
0 0.6926979166666667 0.20539814814814816 0.0016458333333332575 0.0028333333333333353
0 0.8073541666666666 0.22405555555555554 0.001723958333333305 0.0030740740740740676
0 0.799453125 0.22337962962962962 0.0015520833333333428 0.0024999999999999896
0 0.80221875 0.22314814814814815 0.0015833333333333144 0.002435185185185181
0 0.80421875 0.22399999999999998 0.0013958333333332481 0.002175925925925947
0 0.8057552083333334 0.2242962962962963 0.0016302083333333901 0.002879629629629642
0 0.7865729166666667 0.2240462962962963 0.0019947916666666287 0.003046296296296315
0 0.785578125 0.21835185185185185 0.0018906250000000568 0.0037592592592592612
0 0.7832552083333333 0.21955555555555556 0.0020156249999999432 0.002777777777777778
0 0.783046875 0.2233611111111111 0.0015937499999999715 0.0024722222222222368
0 0.7850833333333332 0.22196296296296297 0.0015416666666666855 0.0025185185185185436
0 0.764421875 0.22425 0.002406249999999943 0.0029074074074073946
0 0.7664895833333334 0.2237685185185185 0.0016614583333333618 0.0028703703703703916
0 0.7613645833333333 0.21466666666666667 0.004182291666666771 0.001851851851851852
0 0.7610416666666667 0.2199722222222222 0.00241145833333339 0.0047685185185184975
0 0.7553958333333333 0.22248148148148147 0.0029843750000000096 0.0032407407407407406
0 0.76578125 0.21991666666666665 0.0016302083333333901 0.002388888888888874
0 0.7648802083333333 0.21714814814814815 0.0025520833333333806 0.0028333333333333353
0 0.7686510416666666 0.21919444444444444 0.002562500000000038 0.004351851851851841
0 0.7765000000000001 0.22417592592592595 0.0019114583333333713 0.004907407407407418
0 0.7118541666666667 0.22030555555555556 0.002505208333333305 0.002759259259259276
0 0.7100624999999999 0.21713888888888888 0.001671875000000019 0.0030000000000000083
0 0.7118489583333333 0.21737037037037035 0.0015468749999998958 0.0028240740740740847
0 0.7111458333333334 0.21433333333333332 0.002406249999999943 0.002268518518518508
0 0.7138802083333334 0.21356481481481482 0.001677083333333229 0.002861111111111088
0 0.714484375 0.21819444444444444 0.0018020833333333524 0.002981481481481507
0 0.7164270833333333 0.21569444444444444 0.002354166666666657 0.0030833333333333186
0 0.7185416666666666 0.21993518518518518 0.002515624999999962 0.0045555555555555705
0 0.7211666666666667 0.21844444444444444 0.001968750000000104 0.0027870370370370284
0 0.7128020833333333 0.20779629629629628 0.0023125000000000285 0.0020462962962962774
0 0.7143072916666667 0.20942592592592593 0.001557291666666553 0.0024259259259259303
0 0.7162552083333333 0.2124537037037037 0.0022291666666667707 0.00323148148148149
0 0.7033020833333333 0.21172222222222223 0.0017291666666667518 0.0021666666666666436
0 0.7041666666666667 0.21391666666666667 0.0013124999999999905 0.0021111111111110858
0 0.7061041666666666 0.21246296296296296 0.0016093750000000758 0.001953703703703716
0 0.7013177083333333 0.21362962962962964 0.002057291666666572 0.0025833333333333524
0 0.7024791666666667 0.21597222222222223 0.002119791666666752 0.0028148148148148338
0 0.7526041666666666 0.21696296296296297 0.0020625000000000187 0.0024814814814814877
0 0.753484375 0.2184722222222222 0.0025364583333332765 0.0025370370370370455
0 0.745125 0.21937037037037035 0.0021666666666665907 0.0028333333333333353
0 0.747375 0.21988888888888888 0.0023177083333332385 0.0029722222222222034
0 0.74540625 0.21678703703703703 0.001557291666666553 0.002138888888888891
0 0.7481875 0.2174259259259259 0.0015989583333334185 0.0025277777777777946
0 0.7504791666666667 0.21799074074074073 0.0021614583333333806 0.002759259259259276
0 0.7460625000000001 0.21248148148148147 0.00241145833333339 0.0027500000000000254
0 0.746765625 0.21421296296296297 0.0018333333333333238 0.0032407407407407406
0 0.74896875 0.21462037037037035 0.0017447916666666194 0.002018518518518525
0 0.750890625 0.21366666666666667 0.0020416666666667046 0.0030833333333333186
0 0.7394583333333333 0.21462962962962964 0.002567708333333248 0.0027870370370370284
0 0.7406874999999999 0.21262037037037038 0.0023125000000000285 0.0030092592592592593
0 0.7434999999999999 0.2141388888888889 0.0020989583333334374 0.0021666666666666436
0 0.7364895833333333 0.21941666666666668 0.0017291666666667518 0.002342592592592567
0 0.737359375 0.21703703703703706 0.0017968749999999053 0.0024074074074074284
0 0.7394270833333334 0.2180648148148148 0.0019791666666667614 0.003351851851851856
0 0.7419479166666666 0.2188240740740741 0.0022291666666667707 0.004129629629629611
0 0.7028958333333333 0.20933333333333334 0.0017291666666667518 0.002555555555555547
0 0.70440625 0.21057407407407405 0.0017291666666667518 0.003194444444444434
0 0.6978125 0.20469444444444443 0.0018749999999999527 0.0021666666666666436
0 0.6978072916666667 0.20727777777777778 0.0014479166666667709 0.0021574074074073926
0 0.6987447916666666 0.20896296296296296 0.001677083333333229 0.0031759259259259323
0 0.7005625 0.2093425925925926 0.001338541666666752 0.0022129629629629504
0 0.7008593750000001 0.20642592592592593 0.0018229166666666667 0.0033981481481481627
0 0.70784375 0.21412962962962961 0.00220833333333322 0.0029351851851852
0 0.707453125 0.21077777777777776 0.0022656249999999526 0.0034444444444444696
0 0.70896875 0.2099537037037037 0.002354166666666657 0.004537037037037016
0 0.7051979166666666 0.20778703703703702 0.002947916666666591 0.0042037037037037225
0 0.720796875 0.2088425925925926 0.0017447916666666194 0.0030740740740740676
0 0.7183645833333333 0.21051851851851852 0.00220833333333322 0.002685185185185164
0 0.7176145833333333 0.2084537037037037 0.003098958333333239 0.003537037037037031
0 0.7252500000000001 0.20881481481481481 0.0028541666666666763 0.003101851851851873
0 0.7282135416666667 0.2102962962962963 0.0021979166666665625 0.00272222222222222
0 0.7308177083333334 0.20999074074074073 0.0020364583333332574 0.003064814814814817
0 0.7343854166666667 0.21025 0.002057291666666572 0.002388888888888874
0 0.7291822916666667 0.21266666666666667 0.0019114583333333713 0.0018148148148147958
0 0.7283958333333334 0.21418518518518517 0.001791666666666695 0.0020833333333333333
0 0.7283489583333334 0.21586111111111111 0.0016927083333333334 0.0020833333333333333
0 0.7261979166666667 0.21631481481481482 0.0014635416666666382 0.0013333333333333311
0 0.7271145833333333 0.21788888888888888 0.00202083333333339 0.001805555555555545
0 0.7238749999999999 0.21713888888888888 0.002848958333333229 0.0029907407407407578
0 0.7250104166666667 0.21844444444444444 0.0015833333333333144 0.002435185185185181
0 0.7259739583333332 0.2201759259259259 0.0017395833333334091 0.002398148148148125
0 0.720921875 0.2133888888888889 0.002359375000000104 0.002888888888888893
0 0.7229791666666666 0.21254629629629632 0.002630208333333428 0.0024907407407407387
0 0.7232500000000001 0.21521296296296297 0.002442708333333362 0.0028425925925925862
0 0.725515625 0.21272222222222223 0.0018645833333332954 0.0034166666666666646
0 0.7318385416666667 0.2129722222222222 0.0015937499999999715 0.002064814814814832
0 0.731125 0.2145277777777778 0.0019322916666666857 0.0022037037037036995
0 0.7323802083333334 0.21700925925925926 0.0022604166666667425 0.00272222222222222
0 0.7336927083333333 0.21289814814814814 0.001968750000000104 0.002277777777777759
0 0.7356666666666667 0.2136111111111111 0.0022708333333334 0.0033425925925926053
0 0.7292708333333333 0.22142592592592591 0.002182291666666695 0.0033981481481481627
0 0.7299895833333333 0.21808333333333332 0.0018541666666666383 0.0030277777777777608
0 0.731046875 0.21963888888888888 0.002390625000000076 0.0033055555555555494