0 0.4435364583333333 0.7658888888888888 0.00838541666666662 0.009296296296296263
0 0.3896875 0.7703333333333333 0.005078125 0.01099074074074064
0 0.35885416666666664 0.7900648148148148 0.0047239583333333005 0.014416666666666607
0 0.32583333333333336 0.6388796296296296 0.004052083333333319 0.010231481481481439
0 0.348796875 0.7233703703703703 0.0038645833333333713 0.010740740740740657
0 0.31401562499999996 0.7325925925925927 0.005088541666666657 0.015101851851851802
0 0.31763541666666667 0.739462962962963 0.005723958333333338 0.0070925925925926685
0 0.318875 0.7298611111111111 0.005411458333333385 0.008333333333333333
0 0.3225885416666667 0.7409722222222223 0.006802083333333305 0.007509259259259167
0 0.30825 0.7890925925925926 0.005124999999999958 0.01131481481481484
0 0.313234375 0.7860277777777778 0.005510416666666629 0.013314814814814916
0 0.3273854166666667 0.7337314814814815 0.003963541666666614 0.010518518518518425
0 0.3361822916666667 0.7315277777777778 0.0056406249999999625 0.012129629629629546
0 0.34236458333333336 0.7268703703703704 0.004015625000000019 0.01260185185185176
0 0.4060052083333333 0.769962962962963 0.00888020833333331 0.008351851851851834
0 0.39040104166666667 0.8719629629629629 0.005302083333333366 0.009722222222222222
0 0.3950208333333334 0.8541666666666666 0.004572916666666652 0.011805555555555555
0 0.4321041666666667 0.7182222222222222 0.0048697916666666195 0.009277777777777762
0 0.44238541666666664 0.6553796296296296 0.004520833333333366 0.007407407407407408
0 0.4614270833333334 0.6419259259259259 0.004395833333333362 0.007231481481481431
0 0.47168229166666664 0.6085092592592594 0.004942708333333338 0.0099166666666667
0 0.5224635416666666 0.6302129629629629 0.005578125000000019 0.005527777777777803
0 0.513671875 0.6267407407407407 0.004625000000000057 0.006388888888888973
0 0.49009375 0.6101296296296297 0.005333333333333338 0.010398148148148165
0 0.4893854166666667 0.6010648148148148 0.004614583333333281 0.006435185185185227
0 0.35034375 0.6106759259259259 0.003989583333333376 0.008351851851851834
0 0.3432604166666666 0.6124166666666666 0.0040052083333333615 0.0076944444444443936
0 0.2940052083333333 0.6539537037037036 0.004234375000000057 0.00905555555555553
0 0.29803645833333337 0.6463425925925925 0.005072916666666672 0.012259259259259268
0 0.3021145833333333 0.6527314814814815 0.004328124999999972 0.008462962962963056
0 0.30411979166666664 0.6456666666666667 0.005270833333333277 0.00861111111111107
0 0.24059895833333333 0.642824074074074 0.004906249999999978 0.0075185185185184175
0 0.2583020833333333 0.6006944444444444 0.004541666666666681 0.007407407407407408
0 0.18152083333333333 0.636287037037037 0.006093750000000024 0.0080740740740741
0 0.447 0.5108148148148147 0.004182291666666653 0.007462962962962913
0 0.49192708333333335 0.44599074074074074 0.002744791666666657 0.008120370370370354
0 0.4943489583333333 0.4434444444444445 0.0028020833333333903 0.005500000000000051
0 0.5258802083333334 0.42165740740740737 0.004250000000000043 0.006537037037036986
0 0.6885104166666667 0.4675092592592593 0.004229166666666609 0.005777777777777786
0 0.5375989583333334 0.3965462962962963 0.00397395833333339 0.006240740740740749
0 0.5479843750000001 0.3821203703703704 0.0034270833333332955 0.00910185185185189
0 0.5727552083333334 0.3767407407407407 0.0034947916666666855 0.005361111111111078
0 0.5505729166666666 0.37724074074074077 0.0038750000000000286 0.007398148148148156
0 0.5411614583333333 0.3532685185185185 0.0034947916666666855 0.006361111111111115
0 0.5429479166666666 0.3164074074074074 0.0032708333333334376 0.00646296296296298
0 0.5671875 0.32010185185185186 0.003135416666666657 0.006425925925925976
0 0.5771510416666668 0.3261759259259259 0.0030260416666666383 0.005462962962962942
0 0.5869166666666668 0.3224814814814815 0.0031458333333333143 0.005592592592592559
0 0.5734427083333333 0.2746388888888889 0.0031510416666667616 0.004481481481481511
0 0.573078125 0.2810092592592593 0.0037447916666666953 0.00544444444444444
0 0.5623697916666667 0.27167592592592593 0.00415625000000001 0.006166666666666637
0 0.8955104166666668 0.3987037037037037 0.004984375000000085 0.005592592592592559
0 0.515875 0.2539537037037037 0.0026614583333332813 0.0037407407407407073
0 0.5063854166666667 0.2578888888888889 0.004109375000000052 0.0037777777777778156
0 0.520015625 0.24762037037037038 0.0046875 0.0038518518518518225
0 0.5787239583333333 0.29205555555555557 0.003401041666666771 0.005351851851851826
0 0.581265625 0.28838888888888886 0.0038854166666666854 0.0058703703703704
0 0.5795677083333334 0.30144444444444446 0.003062500000000057 0.006796296296296325
0 0.5824114583333333 0.3023240740740741 0.0023333333333333426 0.009111111111111141
0 0.5843645833333333 0.30373148148148144 0.002578124999999905 0.005111111111111094
0 0.6005260416666667 0.26612962962962966 0.003296874999999962 0.004870370370370362
0 0.62 0.24607407407407406 0.003130208333333447 0.0049629629629629754
0 0.6305885416666667 0.23744444444444443 0.002864583333333333 0.004722222222222243
0 0.61053125 0.24474074074074073 0.002234374999999981 0.00500925925925923
0 0.6056666666666667 0.273287037037037 0.003229166666666572 0.0035092592592592254
0 0.6074531249999999 0.27548148148148144 0.002390625000000076 0.004370370370370396
0 0.613375 0.2765740740740741 0.002171875000000038 0.004629629629629629
0 0.616890625 0.2765925925925926 0.0030208333333334282 0.0045740740740741245
0 0.6205989583333333 0.2748611111111111 0.0024322916666667045 0.005287037037037071
0 0.6166614583333333 0.26475925925925925 0.0033697916666665623 0.004851851851851861
0 0.6077343749999999 0.26755555555555555 0.0023802083333334186 0.004990740740740728
0 0.6102760416666667 0.268537037037037 0.0028802083333334377 0.003944444444444436
0 0.6040208333333333 0.2865462962962963 0.0022604166666667425 0.009453703703703737
0 0.6023697916666666 0.2892777777777778 0.002734375 0.005240740740740712
0 0.9054479166666667 0.44885185185185184 0.003703125000000066 0.006453703703703729
0 0.6471458333333333 0.2929259259259259 0.0029843750000000096 0.006138888888888885
0 0.638046875 0.28255555555555556 0.002119791666666752 0.0051388888888888465
0 0.63996875 0.2816851851851852 0.002947916666666591 0.004101851851851805
0 0.6448437499999999 0.28479629629629627 0.002578124999999905 0.006305555555555505
0 0.6438177083333334 0.27617592592592594 0.0028802083333334377 0.005712962962962925
0 0.6518645833333333 0.28181481481481485 0.0030260416666666383 0.0053333333333333245
0 0.6533229166666668 0.27721296296296294 0.0036093749999999147 0.0052962962962963215
0 0.6530208333333333 0.261212962962963 0.0030000000000001137 0.004953703703703725
0 0.6566927083333333 0.2636111111111111 0.0037135416666667235 0.005249999999999962
0 0.6640364583333334 0.2739259259259259 0.0030000000000001137 0.004546296296296267
0 0.6671666666666667 0.27378703703703705 0.0033906250000001136 0.004888888888888864
0 0.6710364583333334 0.2769444444444445 0.002942708333333381 0.004759259259259247
0 0.6761041666666666 0.27574074074074073 0.003234375000000019 0.004861111111111111
0 0.7722031250000001 0.2896851851851852 0.0037291666666665908 0.005240740740740712
0 0.77290625 0.2943425925925926 0.0037760416666666667 0.00544444444444444
0 0.9167916666666667 0.2598611111111111 0.0024739583333333332 0.004333333333333287
0 0.9376145833333334 0.25123148148148144 0.0031458333333333143 0.0043796296296296465
0 0.9360625 0.25910185185185186 0.0026041666666666665 0.0037222222222222053
0 0.9362604166666666 0.2617407407407408 0.0026354166666666384 0.002824074074074032
0 0.9517135416666667 0.2574444444444445 0.003177083333333286 0.006796296296296325
0 0.9655364583333333 0.26151851851851854 0.0031562499999999716 0.004916666666666616
0 0.9813333333333334 0.2624166666666667 0.003515625 0.004888888888888864
0 0.968765625 0.24102777777777779 0.002958333333333248 0.004916666666666616
0 0.9579479166666667 0.22577777777777777 0.003348958333333248 0.004462962962962957
0 0.9446510416666667 0.23729629629629628 0.0028749999999999904 0.0047314814814814945
0 0.9421666666666667 0.23555555555555557 0.002515624999999962 0.004907407407407418
0 0.9230729166666667 0.24953703703703703 0.002739583333333447 0.004620370370370379
0 0.9256666666666666 0.244712962962963 0.0033229166666667235 0.004092592592592555
0 0.837640625 0.24553703703703705 0.0029531250000000378 0.005731481481481532
0 0.8678177083333334 0.24825925925925926 0.0033802083333332195 0.004805555555555606
0 0.8453385416666667 0.2175 0.0024739583333333332 0.004296296296296283
0 0.8673802083333333 0.2272685185185185 0.002505208333333305 0.00471296296296294
0 0.8695729166666666 0.2275185185185185 0.003348958333333248 0.004805555555555553
0 0.8814114583333333 0.22867592592592592 0.002911458333333409 0.004805555555555553
0 0.8907760416666667 0.22872222222222224 0.0026874999999999243 0.004898148148148167
0 0.90734375 0.22187962962962962 0.003046874999999953 0.005768518518518536
0 0.662328125 0.2585 0.001895833333333267 0.003111111111111124
0 0.662921875 0.26234259259259257 0.003291666666666752 0.005379629629629579
0 0.67425 0.23735185185185184 0.0023854166666666286 0.006111111111111132
0 0.6797552083333334 0.23727777777777778 0.0027812500000000758 0.004351851851851868
0 0.68503125 0.2396851851851852 0.003015624999999981 0.004314814814814785
0 0.702359375 0.24721296296296297 0.002786458333333286 0.00447222222222226
0 0.7128697916666666 0.24683333333333332 0.0025000000000000946 0.004138888888888914
0 0.7203958333333333 0.24637962962962962 0.004145833333333352 0.004074074074074053
0 0.7219791666666667 0.24780555555555556 0.003468749999999924 0.004546296296296267
0 0.735140625 0.24279629629629632 0.0022656249999999526 0.004166666666666667
0 0.7226250000000001 0.2391481481481481 0.0035781249999999433 0.004518518518518515
0 0.7625729166666667 0.2503240740740741 0.0034895833333332387 0.003888888888888931
0 0.7846927083333333 0.24119444444444446 0.0034374999999999527 0.005203703703703708
0 0.8017187499999999 0.2433888888888889 0.0027708333333334185 0.004064814814814802
0 0.80271875 0.24496296296296297 0.0028854166666666477 0.0038518518518518225
0 0.8003489583333334 0.24684259259259256 0.002901041666666752 0.004157407407407416
0 0.8072864583333333 0.2448611111111111 0.0026510416666667425 0.00361111111111109
0 0.811375 0.24533333333333332 0.003166666666666629 0.003685185185185202
0 0.8065364583333333 0.24772222222222223 0.002682291666666714 0.004296296296296283
0 0.8038958333333334 0.25136111111111115 0.0028229166666667044 0.0038333333333333205
0 0.8053229166666667 0.2532314814814815 0.0034270833333332955 0.003925925925925934
0 0.6622968749999999 0.28302777777777777 0.002234374999999981 0.003935185185185185
0 0.6608697916666666 0.27964814814814815 0.002442708333333362 0.0033240740740741034
0 0.6650833333333334 0.28093518518518523 0.0036927083333334093 0.003981481481481439
0 0.66721875 0.28341666666666665 0.003130208333333447 0.006333333333333363
0 0.6574427083333333 0.22868518518518519 0.0025468749999999337 0.004472222222222207
0 0.653546875 0.22937037037037036 0.002796874999999943 0.004351851851851841
0 0.6506822916666667 0.22848148148148148 0.002328124999999896 0.004055555555555551
0 0.6474947916666667 0.22926851851851854 0.002614583333333324 0.004157407407407416
0 0.6507968749999999 0.23475000000000001 0.0021510416666667234 0.003518518518518529
0 0.6465208333333333 0.23667592592592593 0.0023749999999999718 0.003879629629629654
0 0.6519166666666667 0.24364814814814814 0.0020625000000000187 0.0028518518518518897
0 0.6575729166666666 0.24142592592592593 0.0022656249999999526 0.00446296296296301
0 0.658640625 0.25022222222222223 0.002072916666666676 0.0032592592592592426
0 0.6653020833333334 0.24686111111111111 0.0021354166666666193 0.003222222222222239
0 0.666 0.2532777777777778 0.0017447916666666194 0.0036388888888888426
0 0.6692864583333333 0.24981481481481482 0.002395833333333286 0.003407407407407361
0 0.6704947916666666 0.25702777777777774 0.0017708333333333807 0.004138888888888914
0 0.6719895833333334 0.2542685185185185 0.002614583333333324 0.004333333333333287
0 0.674828125 0.24862037037037035 0.0025520833333333806 0.004194444444444419
0 0.677953125 0.2500833333333333 0.0027135416666666857 0.00425925925925928
0 0.6804270833333333 0.2527037037037037 0.002828124999999915 0.003749999999999958
0 0.67878125 0.2565 0.003296874999999962 0.004981481481481477
0 0.685078125 0.24989814814814815 0.0026614583333333997 0.0035462962962963343
0 0.6840520833333333 0.2515462962962963 0.0024270833333332577 0.003166666666666629
0 0.6890625 0.25092592592592594 0.002614583333333324 0.005148148148148098
0 0.6909791666666667 0.2530555555555556 0.0028177083333332576 0.0038796296296296803
0 0.6943854166666666 0.2536481481481481 0.003166666666666629 0.004148148148148165
0 0.6547447916666667 0.23850925925925923 0.0017656249999999337 0.0030925925925925956
0 0.6529583333333334 0.23950000000000002 0.0018281250000001137 0.003064814814814764
0 0.6488697916666666 0.2376296296296296 0.0018177083333332197 0.0037499999999999842
0 0.6499635416666667 0.2408796296296296 0.002348958333333447 0.0034444444444444696
0 0.66053125 0.24421296296296297 0.0040312499999998865 0.0044166666666666495
0 0.678765625 0.22697222222222221 0.003062500000000057 0.0030740740740740676
0 0.6991822916666667 0.19098148148148147 0.002520833333333409 0.004231481481481475
0 0.7192708333333333 0.1920462962962963 0.0020416666666667046 0.0037870370370370137
0 0.7204635416666666 0.18130555555555555 0.003458333333333267 0.002944444444444451
0 0.7358333333333333 0.18308333333333332 0.0015208333333333712 0.003064814814814817
0 0.7297395833333333 0.1835277777777778 0.0019166666666665813 0.0026666666666666622
0 0.7294531249999999 0.18687037037037035 0.002072916666666676 0.0020277777777777755
0 0.73128125 0.18464814814814814 0.0020104166666667328 0.0028425925925925862
0 0.7323541666666666 0.20501851851851852 0.0015833333333333144 0.003481481481481473
0 0.7169843749999999 0.19358333333333333 0.002786458333333286 0.0038333333333333205
0 0.6981145833333334 0.21478703703703703 0.0020781249999998865 0.003648148148148146
0 0.6923333333333334 0.23249999999999998 0.0028541666666666763 0.003370370370370358
0 0.6939270833333333 0.23696296296296293 0.0019322916666666857 0.0037037037037036774
0 0.7235052083333334 0.2304351851851852 0.002520833333333409 0.004833333333333359
0 0.7324270833333333 0.23274074074074075 0.003187499999999943 0.0029907407407407578
0 0.7280989583333334 0.23058333333333333 0.002510416666666752 0.0038333333333333205
0 0.72521875 0.22637962962962963 0.0018333333333333238 0.0031759259259259323
0 0.7138697916666668 0.21330555555555555 0.0021927083333333525 0.0034074074074074137
0 0.9796666666666667 0.24936111111111112 0.002963541666666695 0.004064814814814802
0 0.9767760416666668 0.24891666666666665 0.0024374999999999146 0.004814814814814857
0 0.9734999999999999 0.24874999999999997 0.0023697916666667613 0.0033981481481481102
0 0.970171875 0.2527685185185185 0.003135416666666657 0.0037314814814814563
0 0.9694843750000001 0.24845370370370368 0.0030000000000001137 0.0027962962962962794
0 0.9665416666666666 0.24934259259259262 0.003296874999999962 0.003481481481481473
0 0.9551093749999999 0.2495277777777778 0.0020781249999998865 0.0032962962962962456
0 0.9603750000000001 0.2487777777777778 0.002406249999999943 0.0034444444444444696
0 0.9622604166666666 0.2510277777777778 0.002791666666666733 0.003592592592592588
0 0.9639947916666666 0.24900925925925926 0.002223958333333324 0.003916666666666684
0 0.9823697916666667 0.25778703703703704 0.002177083333333248 0.002777777777777778
0 0.9931822916666667 0.26549074074074075 0.0030885416666665815 0.0033425925925926053
0 0.9280416666666667 0.24920370370370368 0.0029739583333333523 0.0026481481481481607
0 0.9265729166666666 0.25049074074074074 0.0027500000000001044 0.0035648148148148357
0 0.9300989583333333 0.25300925925925927 0.003119791666666553 0.00403703703703705
0 0.9314166666666667 0.2189537037037037 0.002916666666666619 0.0037129629629629544
0 0.9218697916666667 0.2190185185185185 0.0023749999999999718 0.0032962962962962985
0 0.9241406249999999 0.21774074074074073 0.0025885416666665624 0.003472222222222222
0 0.9035781249999999 0.23127777777777778 0.002578124999999905 0.0030833333333333186
0 0.9043958333333334 0.22653703703703704 0.002359375000000104 0.00403703703703705
0 0.9530208333333333 0.1963703703703704 0.002848958333333229 0.005259259259259266
0 0.8773177083333333 0.20104629629629628 0.0029322916666667236 0.005814814814814789
0 0.738890625 0.2157962962962963 0.0024947916666666478 0.004277777777777782
0 0.6879062499999999 0.22569444444444445 0.0033281249999999336 0.0038333333333333205
0 0.685765625 0.22805555555555557 0.0024166666666666004 0.003703703703703704
0 0.6840937500000001 0.2288888888888889 0.0018125000000000094 0.0023611111111111215
0 0.6915052083333334 0.2282685185185185 0.002734375 0.0037407407407407597
0 0.6928177083333333 0.22650925925925924 0.0019843749999999714 0.00323148148148149
0 0.6961666666666667 0.2327037037037037 0.001734374999999962 0.002879629629629642
0 0.6987291666666666 0.23190740740740742 0.0020156249999999432 0.00352777777777778
0 0.6983385416666666 0.21793518518518518 0.0019114583333333713 0.0031851851851851833
0 0.7026718750000001 0.22399074074074074 0.0027187499999998957 0.004546296296296319
0 0.702078125 0.23355555555555557 0.0026562499999999525 0.004537037037037016
0 0.7050104166666666 0.23546296296296299 0.002682291666666714 0.003962962962962938
0 0.707796875 0.23785185185185184 0.0019843749999999714 0.003148148148148127
0 0.7069895833333334 0.23328703703703701 0.002390625000000076 0.003601851851851839
0 0.71190625 0.22882407407407407 0.002572916666666695 0.003435185185185166
0 0.716546875 0.2213425925925926 0.0019843749999999714 0.00403703703703705
0 0.7205885416666666 0.22717592592592592 0.0022135416666666666 0.0037314814814814563
0 0.7213541666666666 0.22321296296296295 0.0017291666666667518 0.0033796296296296087
0 0.7055520833333334 0.22408333333333333 0.0028802083333334377 0.004324074074074089
0 0.7064895833333333 0.21863888888888888 0.00227604166666661 0.0042037037037037225
0 0.7050520833333334 0.21508333333333332 0.002322916666666686 0.0030833333333333186
0 0.7001354166666667 0.21491666666666667 0.0014687500000000852 0.002740740740740722
0 0.7018020833333334 0.21377777777777776 0.002328124999999896 0.0032499999999999916
0 0.7428020833333334 0.22014814814814815 0.002234374999999981 0.003638888888888895
0 0.745125 0.21793518518518518 0.0017135416666666477 0.003592592592592588
0 0.7480208333333334 0.22175925925925927 0.002354166666666657 0.003657407407407397
0 0.7496354166666667 0.21783333333333332 0.0019947916666666287 0.0029907407407407578
0 0.7530625000000001 0.21762962962962962 0.0021145833333333047 0.002981481481481507
0 0.7582864583333334 0.21538888888888888 0.0022447916666666384 0.0032870370370370475
0 0.7660989583333334 0.21205555555555555 0.0014947916666666098 0.0033981481481481627
0 0.773546875 0.21022222222222223 0.0015833333333333144 0.002925925925925949
0 0.7677552083333333 0.20689814814814814 0.001666666666666572 0.003046296296296315
0 0.76878125 0.20276851851851851 0.0019270833333332386 0.0031759259259259323
0 0.7658281250000001 0.19937037037037036 0.001848958333333428 0.0035555555555555323
0 0.762234375 0.20102777777777778 0.002291666666666714 0.004462962962962957
0 0.7572187499999999 0.20443518518518516 0.001901041666666714 0.0029074074074073946
0 0.7583749999999999 0.19487962962962962 0.0021927083333333525 0.002944444444444451
0 0.7546197916666666 0.2031574074074074 0.0018645833333332954 0.0031574074074074304
0 0.7525052083333333 0.20614814814814814 0.002348958333333447 0.0031388888888888764
0 0.7486770833333334 0.20305555555555557 0.0025416666666667237 0.0037500000000000107
0 0.748203125 0.19782407407407407 0.002942708333333381 0.004055555555555551
0 0.7372656249999999 0.19548148148148148 0.0028229166666667044 0.0037500000000000107
0 0.7395572916666667 0.19878703703703704 0.002911458333333409 0.003990740740740743
0 0.7437135416666667 0.1977685185185185 0.0024843749999999905 0.003148148148148127
0 0.7429062500000001 0.1999537037037037 0.0022135416666666666 0.00352777777777778
0 0.7456145833333333 0.184 0.002692708333333371 0.003925925925925934
0 0.9565312499999999 0.19541666666666668 0.0025937500000000097 0.003222222222222239
0 0.957859375 0.19847222222222222 0.0021510416666667234 0.0034259259259259156
0 0.9554114583333334 0.1978148148148148 0.0025520833333333806 0.003537037037037031
0 0.8857552083333334 0.20267592592592593 0.003031250000000085 0.003388888888888912
0 0.8870729166666667 0.20914814814814814 0.002760416666666761 0.0031759259259259323
0 0.8842864583333333 0.20666666666666667 0.003234375000000019 0.003777777777777763
0 0.8928645833333333 0.2057314814814815 0.0022291666666667707 0.003916666666666684
0 0.8953229166666666 0.20601851851851852 0.00220833333333322 0.004083333333333356
0 0.8992135416666667 0.2072314814814815 0.0021354166666666193 0.004518518518518515
0 0.9023177083333334 0.20752777777777778 0.0037604166666665626 0.005259259259259266
0 0.881515625 0.2068611111111111 0.002630208333333428 0.004175925925925917
0 0.879140625 0.2054074074074074 0.0030364583333332956 0.004870370370370362
0 0.8686875000000001 0.20657407407407408 0.0030000000000001137 0.004805555555555553
0 0.8667604166666667 0.20148148148148148 0.0016041666666666288 0.0037870370370370137
0 0.8620468750000001 0.20160185185185184 0.00227604166666661 0.004833333333333359
0 0.7824947916666667 0.19627777777777777 0.0026562499999999525 0.004546296296296319
0 0.777890625 0.19242592592592592 0.0021979166666665625 0.0028240740740740847
0 0.7508645833333334 0.18989814814814815 0.0019739583333333146 0.0033425925925926053
0 0.7458125 0.18964814814814815 0.003989583333333257 0.005638888888888866
0 0.7483333333333333 0.18619444444444444 0.0027552083333333144 0.004314814814814838
0 0.7508854166666666 0.18578703703703706 0.0013489583333334092 0.002712962962962969
0 0.7521822916666667 0.18727777777777777 0.001666666666666572 0.0030925925925925695
0 0.7532135416666667 0.18513888888888888 0.00241145833333339 0.0030092592592592593
0 0.7551197916666667 0.18612037037037035 0.002171875000000038 0.002925925925925949
0 0.75509375 0.1888148148148148 0.0013958333333332481 0.002685185185185164
0 0.7565208333333333 0.18855555555555553 0.0014427083333333238 0.0024722222222222368
0 0.850875 0.19733333333333333 0.0022656249999999526 0.004583333333333323
0 0.8492291666666667 0.20194444444444443 0.002124999999999962 0.0033425925925926053
0 0.8473229166666666 0.2043425925925926 0.004213541666666742 0.003935185185185185
0 0.85109375 0.2045648148148148 0.0034895833333332387 0.0043796296296296465
0 0.8538333333333333 0.20164814814814816 0.002286458333333267 0.004842592592592609
0 0.8535416666666666 0.19728703703703704 0.002104166666666648 0.003805555555555568
0 0.8564427083333332 0.20224074074074072 0.002390625000000076 0.00323148148148149
0 0.855171875 0.2059814814814815 0.0030000000000001137 0.0051203703703703455
0 0.857265625 0.20520370370370372 0.0022500000000000853 0.002731481481481471
0 0.859015625 0.20258333333333334 0.0020364583333332574 0.003212962962962988
0 0.8551249999999999 0.19691666666666666 0.0021927083333333525 0.0029722222222222034
0 0.8568229166666667 0.19728703703703704 0.002104166666666648 0.0038888888888888784
0 0.8581302083333333 0.1996851851851852 0.0028697916666667804 0.00425925925925928
0 0.8439635416666668 0.19525925925925924 0.003083333333333371 0.004648148148148131
0 0.8387916666666667 0.19516666666666665 0.0029062499999999622 0.003601851851851839
0 0.8284791666666667 0.19926851851851854 0.0025312500000000664 0.00493518518518517
0 0.7842135416666667 0.19364814814814812 0.0020833333333333333 0.002888888888888893
0 0.7862447916666666 0.19100925925925924 0.0033281249999999336 0.004314814814814838
0 0.7747291666666667 0.19241666666666668 0.0024374999999999146 0.002944444444444451
0 0.7728697916666667 0.19356481481481483 0.0020156249999999432 0.0035555555555555323
0 0.7670729166666667 0.19061111111111112 0.0022031250000000093 0.003518518518518529
0 0.770078125 0.1914537037037037 0.0025520833333333806 0.00352777777777778
0 0.7632447916666667 0.19050925925925927 0.0020781249999998865 0.0024907407407407387
0 0.764875 0.19250925925925927 0.0022031250000000093 0.002731481481481471
0 0.7600416666666666 0.18810185185185185 0.0019218750000000284 0.0035555555555555323
0 0.7596510416666666 0.18558333333333335 0.0022500000000000853 0.003101851851851873
0 0.7616041666666666 0.1862777777777778 0.0017291666666667518 0.0025185185185185436
0 0.7632760416666666 0.18498148148148147 0.0021302083333334092 0.0032037037037036848
0 0.7664375 0.18588888888888888 0.0024843749999999905 0.004194444444444419
0 0.8168489583333333 0.19071296296296297 0.0023854166666666286 0.0027037037037037186
0 0.8124635416666667 0.19037962962962965 0.002359375000000104 0.0035092592592592784
0 0.81746875 0.19466666666666668 0.002786458333333286 0.002453703703703683
0 0.820265625 0.19206481481481483 0.0017135416666666477 0.0024259259259259303
0 0.8234114583333334 0.19185185185185183 0.002578124999999905 0.003499999999999975
0 0.8273645833333333 0.1917222222222222 0.0029843750000000096 0.003222222222222239
0 0.83309375 0.19392592592592592 0.0027708333333334185 0.003194444444444434
0 0.8314687500000001 0.19645370370370369 0.002848958333333229 0.0037962962962963176
0 0.8315572916666666 0.2004074074074074 0.001776041666666591 0.0028148148148148338
0 0.8343541666666667 0.19960185185185184 0.001953125 0.0026944444444444676
0 0.83371875 0.20123148148148148 0.0018229166666666667 0.003694444444444453
0 0.8352343750000001 0.19662962962962965 0.002119791666666752 0.003268518518518493
0 0.8375729166666667 0.1983425925925926 0.002447916666666572 0.004277777777777782
0 0.8416093750000001 0.19710185185185186 0.0018749999999999527 0.003055555555555566
0 0.8405468749999999 0.19845370370370372 0.0019218750000000284 0.0033148148148148
0 0.839328125 0.20174074074074075 0.0035260416666666574 0.0034074074074074137
0 0.8425156250000001 0.2001851851851852 0.0021510416666667234 0.0035648148148148357
0 0.8453072916666666 0.1990185185185185 0.003239583333333229 0.0044166666666666495
0 0.8269270833333333 0.19434259259259257 0.002901041666666752 0.0033796296296296087
0 0.77034375 0.18442592592592594 0.0020468749999999146 0.0022592592592592573
0 0.7690625 0.18625 0.0018229166666666667 0.0033055555555555494
0 0.7700989583333333 0.18862037037037038 0.0025416666666667237 0.0023703703703703725
0 0.7714635416666666 0.18724074074074074 0.0018593750000000854 0.0025277777777777946
0 0.7730312500000001 0.18986111111111112 0.0015677083333334471 0.0021944444444444485
0 0.7739635416666667 0.1874351851851852 0.0019635416666666573 0.0030740740740740676
0 0.776140625 0.18916666666666668 0.0019270833333332386 0.002888888888888893
0 0.77659375 0.18537037037037035 0.0022500000000000853 0.002592592592592603
0 0.77803125 0.18812962962962965 0.0021979166666665625 0.0034259259259259156
0 0.7802083333333333 0.18670370370370368 0.0015677083333334471 0.0026574074074074117
0 0.7817031249999999 0.18987962962962962 0.0030937500000000283 0.0037962962962963176
0 0.783625 0.18747222222222223 0.0022447916666666384 0.00523148148148146
0 0.78809375 0.18592592592592594 0.0029895833333332196 0.0026574074074074117
0 0.7875 0.19458333333333333 0.0023854166666666286 0.0027870370370370284
0 0.799203125 0.20082407407407407 0.001776041666666591 0.002768518518518527
0 0.7999062499999999 0.19074074074074074 0.0016822916666666761 0.0025833333333333524
0 0.801296875 0.19173148148148147 0.0018854166666666097 0.002759259259259276
0 0.80475 0.1948425925925926 0.0022447916666666384 0.003055555555555566
0 0.8054062500000001 0.19974999999999998 0.0022656249999999526 0.0032962962962962985
0 0.8093645833333334 0.20075925925925925 0.0021354166666666193 0.0040092592592592445
0 0.80896875 0.19737037037037036 0.002671875000000057 0.002851851851851837
0 0.8078697916666666 0.19425925925925927 0.0026354166666666384 0.002851851851851837
0 0.8063177083333334 0.19137037037037039 0.0021927083333333525 0.0035648148148148357
0 0.8048072916666666 0.18924074074074074 0.002338541666666553 0.0034629629629629715
0 0.8125416666666666 0.19999074074074075 0.0018072916666665624 0.0030370370370370117
0 0.7927968750000001 0.19677777777777777 0.001843749999999981 0.0024907407407407387
0 0.7916875 0.19472222222222224 0.002057291666666572 0.003101851851851873
0 0.79725 0.19716666666666666 0.0019218750000000284 0.0024907407407407387
0 0.7951093749999999 0.19485185185185186 0.0018333333333333238 0.0025833333333333524
0 0.788 0.18855555555555553 0.0021927083333333525 0.0029351851851852
0 0.7896770833333334 0.19030555555555556 0.002239583333333428 0.003685185185185202
0 0.791765625 0.18716666666666665 0.002218750000000114 0.0029074074074073946
0 0.7922499999999999 0.18991666666666668 0.0021145833333333047 0.0029907407407407578
0 0.801265625 0.18794444444444444 0.001786458333333248 0.0021111111111110858
0 0.7957239583333333 0.1887222222222222 0.001968750000000104 0.003268518518518493
0 0.7970572916666666 0.1901111111111111 0.0017552083333332764 0.002898148148148144
0 0.7938020833333332 0.18921296296296294 0.0014322916666666666 0.002675925925925913
0 0.7939843750000001 0.19318518518518518 0.0016458333333332575 0.0017407407407407365
0 0.7953333333333333 0.1922314814814815 0.0024270833333332577 0.003944444444444436
0 0.8002864583333333 0.19597222222222221 0.0019218750000000284 0.0030185185185185102
0 0.8018958333333334 0.19546296296296295 0.0017447916666666194 0.0027500000000000254
0 0.8008854166666667 0.19860185185185186 0.0015364583333332385 0.002777777777777778
0 0.8026510416666667 0.19887037037037036 0.002640625000000085 0.002925925925925949
0 0.8021875 0.20060185185185186 0.0024843749999999905 0.0030277777777777608
0 0.7976875 0.19406481481481483 0.0018697916666667424 0.0030370370370370117
0 0.7987291666666666 0.1922037037037037 0.0020833333333333333 0.003351851851851856
0 0.8234583333333333 0.19502777777777777 0.0020833333333333333 0.002601851851851854
0 0.8227604166666667 0.19685185185185183 0.0018072916666665624 0.0028333333333333353
0 0.823921875 0.19887037037037036 0.002119791666666752 0.0033796296296296087
0 0.8185208333333333 0.1990185185185185 0.0030520833333333997 0.004490740740740762
0 0.8205572916666667 0.19730555555555557 0.0023125000000000285 0.002777777777777778
0 0.8205052083333333 0.1945462962962963 0.001947916666666553 0.0023611111111111215
0 0.8206197916666667 0.20275925925925925 0.002104166666666648 0.0030370370370370117
0 0.8215 0.19985185185185186 0.002848958333333229 0.004129629629629611
0 0.8169739583333333 0.20114814814814816 0.0021666666666665907 0.0028703703703703916
0 0.8141458333333333 0.1991388888888889 0.001895833333333267 0.002435185185185181
0 0.8117135416666666 0.19483333333333333 0.0015260416666665814 0.0031296296296296254
0 0.8133750000000001 0.19542592592592592 0.001114583333333267 0.0023148148148148147
0 0.8151510416666666 0.19471296296296295 0.001671875000000019 0.002879629629629642
0 0.8155989583333334 0.1979351851851852 0.002567708333333248 0.0040092592592592445
0 0.8103072916666666 0.19250925925925927 0.0023125000000000285 0.0026666666666666622
0 0.80921875 0.19063888888888889 0.001848958333333428 0.002064814814814832
0 0.80896875 0.1887314814814815 0.001614583333333286 0.0018796296296296044
0 0.81078125 0.1895648148148148 0.0017083333333334375 0.002268518518518508