0 0.37659895833333334 0.4792037037037037 0.00408854166666662 0.009444444444444486
0 0.381703125 0.4753425925925926 0.002895833333333305 0.012324074074074024
0 0.39925520833333333 0.4734259259259259 0.003567708333333286 0.009120370370370392
0 0.38590625 0.47172222222222215 0.004369791666666719 0.008999999999999973
0 0.395265625 0.4544259259259259 0.0038854166666666854 0.007009259259259305
0 0.439453125 0.442712962962963 0.003661458333333319 0.0075185185185185225
0 0.4025885416666667 0.44607407407407407 0.004348958333333286 0.008685185185185181
0 0.43871875 0.39812962962962967 0.003781249999999995 0.006916666666666692
0 0.4487291666666666 0.3756481481481481 0.0038697916666666997 0.0062129629629629965
0 0.448484375 0.4090740740740741 0.0037656250000000094 0.005935185185185155
0 0.45810416666666665 0.2692037037037037 0.003140624999999986 0.004842592592592609
0 0.47363541666666664 0.2610648148148148 0.0033385416666667092 0.005888888888888902
0 0.5482656250000001 0.24284259259259258 0.0035937500000000474 0.005638888888888918
0 0.5550989583333333 0.28287962962962965 0.0028749999999999904 0.004212962962962921
0 0.547171875 0.29938888888888887 0.0032083333333332575 0.005361111111111078
0 0.5553229166666667 0.3048796296296296 0.003515625 0.003898148148148182
0 0.5599375 0.28984259259259254 0.004187499999999981 0.004935185185185223
0 0.525390625 0.3302962962962963 0.0041510416666666805 0.0059814814814815155
0 0.417921875 0.41691666666666666 0.0068229166666666195 0.011416666666666705
0 0.41265625 0.4366111111111111 0.003406249999999981 0.006398148148148119
0 0.4233385416666666 0.43437037037037035 0.003786458333333324 0.008185185185185215
0 0.41691666666666666 0.4303240740740741 0.004546875000000009 0.00501851851851848
0 0.424328125 0.429537037037037 0.0056927083333333664 0.00787037037037037
0 0.4281666666666667 0.4273148148148148 0.005333333333333338 0.004611111111111128
0 0.5133020833333333 0.3117685185185185 0.003947916666666629 0.005731481481481532
0 0.49085937500000004 0.3088148148148148 0.003343750000000038 0.007879629629629622
0 0.4261302083333333 0.4215925925925926 0.00604166666666662 0.007074074074074062
0 0.493546875 0.3083796296296296 0.002463541666666676 0.006435185185185227
0 0.5279166666666667 0.31037037037037035 0.0031458333333333143 0.004870370370370362
0 0.5342239583333334 0.30972222222222223 0.0038333333333333405 0.005194444444444457
0 0.5826927083333333 0.27355555555555555 0.003468749999999924 0.00646296296296298
0 0.5900572916666668 0.27662037037037035 0.002723958333333343 0.003805555555555568
0 0.5940989583333334 0.27629629629629626 0.0025416666666667237 0.0052962962962963215
0 0.5893541666666666 0.2683240740740741 0.0033229166666667235 0.0034629629629629715
0 0.5732812500000001 0.27158333333333334 0.0022812500000000567 0.006388888888888868
0 0.5117708333333334 0.2643425925925926 0.0022812500000000567 0.004546296296296267
0 0.5049895833333333 0.26368518518518513 0.0029062499999999622 0.006185185185185139
0 0.49925520833333337 0.2714907407407407 0.0021510416666667234 0.005268518518518569