0 0.7397708333333333 0.5446296296296297 0.006838541666666724 0.018620370370370277
0 0.7352760416666667 0.5182037037037037 0.008192708333333344 0.01712037037037038
0 0.7237083333333333 0.5158703703703703 0.004927083333333352 0.011916666666666565
0 0.714765625 0.5233981481481481 0.00891666666666661 0.01722222222222214
0 0.7298177083333334 0.4642962962962963 0.006604166666666581 0.011296296296296339
0 0.7543124999999999 0.4269722222222222 0.006244791666666553 0.011231481481481478
0 0.7135364583333333 0.498212962962963 0.006515625000000113 0.011398148148148098
0 0.7113229166666667 0.4716851851851852 0.0046875 0.012583333333333363
0 0.7178489583333333 0.4386481481481482 0.005531249999999943 0.011972222222222176
0 0.7024375 0.4489351851851852 0.005083333333333447 0.012388888888888885
0 0.6789114583333333 0.44292592592592595 0.006635416666666553 0.01637962962962968
0 0.6869583333333333 0.47529629629629633 0.007906249999999915 0.01771296296296301
0 0.680875 0.4668148148148148 0.0070208333333333425 0.015953703703703668
0 0.6867656249999999 0.3742777777777778 0.00794791666666678 0.01287037037037035
0 0.6893020833333333 0.36617592592592596 0.005307291666666695 0.008703703703703682
0 0.682765625 0.359287037037037 0.008718749999999886 0.009009259259259276
0 0.6754687500000001 0.37265740740740744 0.010098958333333267 0.011666666666666688
0 0.6747604166666666 0.2963148148148148 0.0041770833333333235 0.008851851851851802
0 0.697703125 0.021111111111111112 0.005182291666666572 0.012120370370370366
0 0.6113020833333334 0.022944444444444444 0.006031249999999962 0.009685185185185186
0 0.608390625 0.005407407407407408 0.0038697916666665813 0.010805555555555558
0 0.5863072916666667 0.029805555555555554 0.004614583333333399 0.01139814814814815
0 0.59084375 0.07612962962962963 0.004229166666666609 0.012009259259259258
0 0.6059687500000001 0.08660185185185185 0.006057291666666724 0.009361111111111124
0 0.619828125 0.07635185185185185 0.00670833333333339 0.008138888888888881
0 0.6176406249999999 0.06257407407407407 0.00579166666666661 0.007462962962962965
0 0.55371875 0.10332407407407408 0.006088541666666695 0.008342592592592584
0 0.5550364583333334 0.06935185185185186 0.005661458333333276 0.006444444444444451
0 0.5454791666666666 0.07878703703703704 0.004463541666666752 0.005620370370370364
0 0.5382916666666666 0.042194444444444444 0.0051614583333332575 0.007416666666666671
0 0.5520937499999999 0.03562962962962963 0.004916666666666695 0.01033333333333333
0 0.5589166666666666 0.03197222222222222 0.007161458333333333 0.007453703703703701
0 0.5689166666666666 0.03250925925925926 0.006140624999999981 0.007953703703703708
0 0.5547135416666666 0.022916666666666665 0.004979166666666638 0.00987962962962963
0 0.552203125 0.013592592592592592 0.005447916666666686 0.009925925925925925
0 0.516203125 0.018185185185185186 0.006083333333333367 0.005212962962962965
0 0.5026145833333333 0.01735185185185185 0.006338541666666705 0.0076759259259259255
0 0.44593750000000004 0.08263888888888889 0.0036197916666666904 0.010472222222222225
0 0.44107291666666665 0.08527777777777777 0.00408854166666662 0.015388888888888893
0 0.4337708333333333 0.07899074074074074 0.007348958333333281 0.00654629629629629
0 0.4253854166666667 0.09412962962962963 0.007651041666666695 0.011824074074074084