0 0.496828125 0.44202777777777774 0.0057604166666666385 0.005342592592592576
0 0.5031770833333333 0.4448888888888889 0.004593749999999967 0.004092592592592555
0 0.4993854166666667 0.4296203703703704 0.004489583333333277 0.0060185185185185185
0 0.501609375 0.4381666666666667 0.0040989583333332765 0.004842592592592609
0 0.5336458333333333 0.4333888888888889 0.004015625000000019 0.005324074074074074
0 0.5364947916666666 0.4382962962962963 0.006010416666666647 0.004583333333333376
0 0.5789375 0.46614814814814814 0.004411458333333229 0.006425925925925976
0 0.6005885416666668 0.4583333333333333 0.004609374999999953 0.0059814814814815155
0 0.5849635416666668 0.4531296296296296 0.004682291666666553 0.006666666666666709
0 0.5834947916666666 0.4327222222222222 0.004296875 0.00646296296296298
0 0.6859166666666667 0.40099999999999997 0.004786458333333362 0.009342592592592623
0 0.6884791666666668 0.3899722222222222 0.006718750000000048 0.0084537037037037
0 0.6494166666666668 0.3663240740740741 0.004114583333333381 0.00646296296296298
0 0.6731822916666667 0.3790277777777778 0.0029791666666665623 0.006333333333333363
0 0.65171875 0.3732592592592593 0.004505208333333381 0.008787037037037046
0 0.568359375 0.35980555555555555 0.003854166666666714 0.007037037037037058
0 0.5815416666666666 0.37695370370370374 0.003401041666666771 0.006027777777777769
0 0.5756822916666666 0.3524351851851852 0.0037656250000000094 0.006268518518518501
0 0.5576197916666668 0.31575925925925924 0.004572916666666771 0.009388888888888875
0 0.5322291666666666 0.3038240740740741 0.005020833333333386 0.006592592592592597
0 0.5078125 0.2907962962962963 0.0036927083333332905 0.0059814814814815155
0 0.4704583333333333 0.2736574074074074 0.0034687500000000425 0.006981481481481448
0 0.378171875 0.3378888888888889 0.004432291666666662 0.006166666666666637
0 0.371828125 0.3363703703703703 0.004906250000000038 0.006981481481481448
0 0.43519270833333334 0.26705555555555555 0.004588541666666638 0.005768518518518536
0 0.321046875 0.30012962962962964 0.004984374999999967 0.004999999999999979
0 0.2945729166666667 0.29266666666666663 0.005276041666666723 0.0054907407407406945
0 0.30247395833333335 0.2889537037037037 0.003072916666666714 0.0059814814814815155
0 0.31742708333333336 0.28278703703703706 0.007187499999999976 0.006638888888888851
0 0.3081614583333333 0.28755555555555556 0.004604166666666624 0.005935185185185155
0 0.3428802083333334 0.2838981481481482 0.003937499999999971 0.005944444444444407
0 0.3464375 0.28840740740740745 0.004416666666666676 0.006287037037037003
0 0.6186510416666666 0.3743518518518519 0.005427083333333371 0.007092592592592563
0 0.6186510416666666 0.38047222222222227 0.0043697916666666 0.004092592592592555
0 0.5607604166666668 0.3663888888888889 0.0033854166666666668 0.006240740740740749
0 0.5274114583333334 0.29988888888888887 0.002937500000000052 0.00501851851851848
0 0.438921875 0.26623148148148146 0.0037708333333333383 0.007046296296296309
0 0.436703125 0.26195370370370374 0.0033385416666667092 0.0035740740740740867
0 0.6788124999999999 0.38230555555555557 0.004427083333333333 0.00910185185185189
0 0.6148229166666667 0.09400925925925926 0.0028749999999999904 0.002861111111111114
0 0.7015989583333333 0.10450925925925926 0.004057291666666647 0.004472222222222234
0 0.5566041666666667 0.08777777777777777 0.0016979166666667804 0.004833333333333333
0 0.5616927083333334 0.0860462962962963 0.003166666666666629 0.00548148148148147
0 0.5492552083333333 0.08517592592592592 0.0018385416666667708 0.0033981481481481367
0 0.56065625 0.0787037037037037 0.0017968749999999053 0.004685185185185187
0 0.6124895833333334 0.08820370370370371 0.0026510416666667425 0.004777777777777775
0 0.6069375 0.08758333333333333 0.0022604166666667425 0.002675925925925913
0 0.609625 0.08676851851851851 0.0022708333333334 0.004759259259259247
0 0.62853125 0.09102777777777778 0.0034270833333332955 0.005259259259259266
0 0.6694947916666667 0.09782407407407408 0.002796874999999943 0.0032685185185185196
0 0.5783697916666667 0.12578703703703703 0.0021458333333332765 0.005268518518518516
0 0.5810520833333332 0.1272962962962963 0.0015104166666667141 0.004129629629629611
0 0.5839479166666667 0.12612962962962962 0.002890625000000095 0.004111111111111109
0 0.5862499999999999 0.12594444444444444 0.002239583333333428 0.003990740740740743
0 0.589984375 0.12487962962962963 0.002562500000000038 0.00574074074074073
0 0.592796875 0.12580555555555556 0.002052083333333362 0.004990740740740728
0 0.5947656250000001 0.12464814814814815 0.0018854166666666097 0.004694444444444438
0 0.5991302083333333 0.1254537037037037 0.003911458333333447 0.004500000000000013
0 0.6054010416666666 0.1259537037037037 0.0031041666666666856 0.0042037037037037225
0 0.6099374999999999 0.12700925925925924 0.0031093749999998956 0.003537037037037031
0 0.6142916666666667 0.12724074074074074 0.0030052083333333237 0.0035740740740740867
0 0.6169635416666667 0.1265 0.0033906250000001136 0.004305555555555535
0 0.6221510416666667 0.12689814814814815 0.0027500000000001044 0.0037592592592592612