0 0.4487552083333333 0.45025925925925925 0.0058125000000000425 0.007305555555555543
0 0.452140625 0.4509537037037037 0.003270833333333319 0.00560185185185181
0 0.5362552083333333 0.3804351851851852 0.006661458333333314 0.005916666666666654
0 0.5378177083333333 0.3848611111111111 0.00482812499999999 0.006231481481481498
0 0.5280989583333333 0.3937962962962963 0.005598958333333333 0.006648148148148102
0 0.5493177083333334 0.3715277777777778 0.0060260416666667515 0.007157407407407424
0 0.5551458333333333 0.3643148148148148 0.004932291666666562 0.006101851851851882
0 0.5601302083333334 0.3620648148148148 0.004630208333333267 0.005111111111111094
0 0.5677552083333333 0.3609351851851852 0.006744791666666572 0.007814814814814865
0 0.5244947916666667 0.3970277777777778 0.004286458333333343 0.007120370370370421
0 0.5261458333333333 0.4090092592592593 0.004927083333333352 0.00543518518518519
0 0.5151302083333333 0.4030648148148148 0.0048437499999999765 0.006379629629629617
0 0.515734375 0.4127962962962963 0.003947916666666629 0.004990740740740728
0 0.5073489583333334 0.4245462962962963 0.005817708333333371 0.0065833333333333455
0 0.511421875 0.4287037037037037 0.003911458333333328 0.005768518518518536
0 0.5137552083333333 0.42660185185185184 0.005124999999999958 0.005768518518518536
0 0.5155833333333333 0.4303796296296296 0.0047760416666667044 0.005824074074074041
0 0.214234375 0.1998703703703704 0.003348958333333307 0.005981481481481463
0 0.23401041666666667 0.2005185185185185 0.003651041666666662 0.00544444444444444
0 0.2751458333333333 0.20725000000000002 0.003041666666666624 0.00903703703703703
0 0.14853645833333334 0.2311203703703704 0.0030781249999999832 0.007212962962962982
0 0.15332812499999998 0.23249074074074075 0.003999999999999974 0.006990740740740751
0 0.11993229166666668 0.2079537037037037 0.0035260416666666574 0.005574074074074057
0 0.06844791666666666 0.21727777777777776 0.004432291666666662 0.007120370370370368
0 0.07376041666666668 0.21582407407407408 0.003786458333333324 0.006277777777777753
0 0.07733333333333332 0.21562962962962962 0.004036458333333334 0.006027777777777769
0 0.17588541666666666 0.19514814814814813 0.002328125000000014 0.005694444444444423
0 0.25478125 0.20555555555555555 0.003098958333333357 0.004953703703703725
0 0.09536979166666668 0.21996296296296297 0.005796874999999997 0.005407407407407384
0 0.08962500000000001 0.2175925925925926 0.0027083333333333274 0.00787037037037037
0 0.09146354166666668 0.21350925925925926 0.0026510416666666536 0.005240740740740764
0 0.2637395833333333 0.2572962962962963 0.0031562499999999716 0.004240740740740778
0 0.16815104166666667 0.19608333333333333 0.0022187499999999955 0.003592592592592588
0 0.16930208333333333 0.1935185185185185 0.0023385416666666715 0.0040092592592592445
0 0.3252864583333333 0.22600925925925927 0.0036041666666667047 0.004685185185185187
0 0.28516145833333334 0.25503703703703706 0.002328125000000014 0.0036574074074074495
0 0.2877708333333333 0.25678703703703704 0.0036718749999999764 0.0035833333333333377
0 0.264953125 0.2617962962962963 0.0035625000000000166 0.005074074074074091
0 0.26666666666666666 0.2595185185185185 0.002463541666666676 0.0041851851851851685
0 0.2690416666666666 0.2618425925925926 0.003151041666666643 0.004981481481481477
0 0.29456249999999995 0.22221296296296297 0.0030520833333332813 0.0043796296296296465
0 0.2914322916666666 0.22518518518518518 0.002499999999999976 0.0040462962962963004
0 0.2881770833333333 0.2283611111111111 0.0019687499999999857 0.0031574074074074304
0 0.2503958333333333 0.20344444444444446 0.0024947916666666478 0.0031388888888888764
0 0.31418229166666667 0.25087037037037035 0.002005208333333286 0.004231481481481528
0 0.32830729166666667 0.25805555555555554 0.0023854166666666286 0.0038796296296296803
0 0.31775520833333337 0.2621111111111111 0.002369791666666643 0.004611111111111128
0 0.31878124999999996 0.2577314814814815 0.0025416666666667237 0.003888888888888931
0 0.34178125000000004 0.2201574074074074 0.0022187499999999955 0.0037407407407407597
0 0.3448802083333333 0.2230925925925926 0.002760416666666643 0.00425925925925928
0 0.35773958333333333 0.22374074074074074 0.0017447916666666194 0.004212962962962974
0 0.36177604166666666 0.2247962962962963 0.00227604166666661 0.004990740740740728
0 0.36859375 0.22800925925925927 0.003359375000000024 0.0084722222222222
0 0.25327083333333333 0.08387962962962964 0.0018958333333333262 0.004398148148148148
0 0.21067708333333332 0.08513888888888889 0.0023072916666666407 0.004296296296296283
0 0.20706770833333332 0.07942592592592593 0.0017552083333333356 0.0034074074074074137
0 0.2072395833333333 0.08619444444444445 0.0020937499999999906 0.0031018518518518465
0 0.25784375 0.08702777777777777 0.0025260416666666786 0.006083333333333327
0 0.2789114583333333 0.08460185185185186 0.0024218750000000473 0.0045370370370370425
0 0.267390625 0.10880555555555556 0.0021562500000000223 0.0032499999999999916
0 0.26884375 0.10848148148148148 0.001708333333333319 0.0031388888888888764
0 0.26378645833333336 0.1090462962962963 0.0020312499999999884 0.0031388888888888764
0 0.2598854166666667 0.10902777777777778 0.002302083333333312 0.003111111111111124
0 0.25638020833333336 0.10850000000000001 0.0027031250000000284 0.004351851851851841
0 0.25116666666666665 0.10836111111111112 0.0016197916666666737 0.002925925925925923
0 0.24935416666666665 0.10947222222222222 0.0018645833333333546 0.002861111111111114
0 0.24709375 0.10805555555555556 0.0018645833333333546 0.002888888888888893
0 0.24473958333333332 0.10986111111111112 0.0016666666666666904 0.003620370370370367
0 0.24238020833333335 0.10987037037037037 0.0014583333333333095 0.0025092592592592666
0 0.24063541666666666 0.11044444444444444 0.0015156249999999833 0.0025185185185185176
0 0.23829166666666665 0.10965740740740741 0.0019843749999999714 0.0032222222222222127
0 0.691328125 0.29862962962962963 0.0035885416666666 0.006740740740740716