0 0.30390104166666665 0.9538611111111112 0.010437499999999982 0.022120370370370356
0 0.31694791666666666 0.9684907407407408 0.00763020833333338 0.027120370370370336
0 0.32421875 0.9925925925925926 0.0109375 0.014814814814814815
0 0.3480625 0.9820555555555555 0.009635416666666667 0.02284259259259266
0 0.3564947916666667 0.8650092592592593 0.014453125 0.015703703703703737
0 0.38399479166666667 0.8817777777777778 0.00763020833333338 0.012129629629629546
0 0.37997916666666665 0.9099722222222222 0.016458333333333287 0.021407407407407306
0 0.409484375 0.8778518518518519 0.01605729166666663 0.024268518518518554
0 0.40988541666666667 0.9174629629629629 0.01605729166666663 0.017842592592592577
0 0.4428072916666667 0.9049722222222222 0.012848958333333372 0.015703703703703737
0 0.4233385416666666 0.8500185185185185 0.012442708333333385 0.019981481481481413
0 0.41189583333333335 0.8011296296296296 0.01204166666666661 0.017842592592592577
0 0.3699427083333333 0.8375277777777778 0.013250000000000029 0.01499074074074079
0 0.3562916666666667 0.8132592592592593 0.011640624999999953 0.017842592592592577
0 0.3366197916666666 0.7879259259259259 0.010838541666666639 0.01712962962962963
0 0.35669270833333333 0.7868518518518518 0.014854166666666658 0.01926851851851847
0 0.34284375 0.7615185185185186 0.014453125 0.01712962962962963
0 0.48134895833333335 0.8143333333333334 0.010437499999999982 0.018555555555555523
0 0.5108541666666667 0.7536666666666667 0.010838541666666639 0.015703703703703737
0 0.5084427083333334 0.7686574074074074 0.010838541666666639 0.021407407407407306
0 0.5265104166666666 0.7657962962962962 0.010838541666666639 0.019981481481481413
0 0.5070416666666666 0.8311018518518519 0.012848958333333372 0.024981481481481497
0 0.5331354166666666 0.8104074074074075 0.012848958333333311 0.02069444444444436
0 0.5178802083333334 0.911037037037037 0.015255208333333315 0.022120370370370464
0 0.52590625 0.961712962962963 0.011239583333333296 0.032120370370370424
0 0.5526041666666667 0.8824907407407407 0.014052083333333344 0.022120370370370464
0 0.5594322916666666 0.8460925925925926 0.015656249999999972 0.023555555555555607
0 0.5841197916666666 0.8650092592592593 0.010437499999999982 0.02284259259259266
0 0.6055989583333333 0.7904259259259259 0.011640624999999953 0.0135648148148149
0 0.6094114583333333 0.8161203703703703 0.01605729166666663 0.016416666666666684
0 0.6507604166666667 0.7304722222222222 0.013651041666666686 0.01499074074074079
0 0.6704322916666666 0.7579537037037037 0.014453125 0.018555555555555523
0 0.69753125 0.6990740740740741 0.013250000000000029 0.01499074074074079
0 0.7123854166666667 0.7169166666666666 0.014052083333333344 0.01499074074074079
0 0.7422916666666667 0.7251203703703704 0.014453125 0.015703703703703737
0 0.7539374999999999 0.7775740740740741 0.013651041666666686 0.022120370370370464
0 0.8231875 0.7668703703703704 0.0172604166666666 0.02069444444444436
0 0.8545 0.7968425925925926 0.013250000000000029 0.02069444444444436
0 0.8199739583333333 0.693712962962963 0.012442708333333267 0.012842592592592492
0 0.7836458333333333 0.693712962962963 0.010437499999999982 0.012842592592592492
0 0.7691927083333333 0.7012129629629629 0.009635416666666667 0.016416666666666684
0 0.7465104166666666 0.6623148148148148 0.012442708333333267 0.014277777777777846
0 0.756546875 0.6830092592592593 0.012442708333333267 0.015703703703703737
0 0.7748125 0.6705185185185185 0.010437499999999982 0.01499074074074079
0 0.7683854166666666 0.6301944444444445 0.008833333333333353 0.0114166666666666
0 0.7826406250000001 0.65125 0.012442708333333267 0.016416666666666684
0 0.807328125 0.65625 0.012848958333333372 0.0135648148148149
0 0.8015104166666667 0.6248425925925927 0.014854166666666658 0.016416666666666684
0 0.8292083333333333 0.5980833333333333 0.010838541666666639 0.012842592592592492
0 0.8677499999999999 0.6326944444444444 0.014052083333333344 0.016416666666666684
0 0.8671458333333334 0.6687407407407407 0.008833333333333353 0.015703703703703737
0 0.8791875 0.6755185185185185 0.009635416666666667 0.012129629629629546
0 0.8781874999999999 0.7215555555555555 0.013250000000000029 0.01712962962962963
0 0.8960520833333334 0.7244074074074074 0.013651041666666686 0.021407407407407306
0 0.9076927083333334 0.6048611111111111 0.01204166666666661 0.016416666666666684
0 0.9247552083333334 0.6130648148148148 0.013250000000000029 0.015703703703703737
0 0.9382031249999999 0.606648148148148 0.012848958333333372 0.015703703703703737
0 0.9630937500000001 0.5684629629629631 0.007223958333333277 0.010703703703703653
0 0.9602864583333334 0.6191388888888889 0.012848958333333372 0.016416666666666684
0 0.971125 0.6284166666666667 0.006421874999999962 0.010703703703703653
0 0.9689166666666666 0.6491111111111111 0.010838541666666639 0.0135648148148149
0 0.987984375 0.6433981481481481 0.008833333333333353 0.009277777777777762
0 0.97634375 0.734037037037037 0.009635416666666667 0.022120370370370464
0 0.9936041666666667 0.7426018518518518 0.008833333333333353 0.02069444444444436
0 0.8394479166666666 0.6173518518518518 0.011239583333333296 0.015703703703703737
0 0.8681510416666666 0.5895185185185184 0.0068229166666666195 0.009990740740740706
0 0.846671875 0.5959444444444445 0.010437499999999982 0.01712962962962963
0 0.8914322916666666 0.5845185185185185 0.006020833333333305 0.012842592592592492
0 0.821453125 0.6043148148148147 0.008864583333333323 0.014370370370370353
0 0.7679947916666666 0.6108055555555555 0.009911458333333437 0.013444444444444427
0 0.7413958333333334 0.5992129629629629 0.007302083333333324 0.009731481481481473
0 0.7524739583333333 0.5593425925925927 0.008083333333333324 0.011592592592592576
0 0.7578229166666667 0.5739444444444445 0.009390625000000104 0.010203703703703687
0 0.7833802083333333 0.5359259259259259 0.007822916666666657 0.007416666666666658
0 0.8481822916666667 0.5178518518518518 0.008604166666666658 0.00926851851851851
0 0.84609375 0.5285092592592592 0.00912499999999999 0.008342592592592584
0 0.8123229166666667 0.46824074074074074 0.006260416666666657 0.005564814814814806
0 0.7634270833333333 0.47681481481481486 0.00912499999999999 0.0069537037037036955
0 0.7725572916666666 0.4816851851851852 0.010692708333333438 0.011129629629629613
0 0.7573020833333334 0.5136759259259259 0.009390625000000104 0.011129629629629613
0 0.6655052083333334 0.6321296296296297 0.01043229166666677 0.013444444444444427
0 0.6754166666666667 0.6309722222222223 0.009911458333333437 0.015759259259259244
0 0.6764583333333333 0.6511388888888889 0.013036458333333438 0.014370370370370353
0 0.6621145833333333 0.671537037037037 0.011473958333333438 0.013444444444444427
0 0.66159375 0.6926296296296296 0.01043229166666677 0.012055555555555538
0 0.6497291666666667 0.7181296296296297 0.011734375000000104 0.011129629629629613
0 0.6927604166666667 0.6242500000000001 0.010692708333333438 0.009731481481481473
0 0.7205312500000001 0.6117314814814815 0.00834374999999999 0.009731481481481473
0 0.7257447916666667 0.5394074074074073 0.005739583333333324 0.0069537037037036955
0 0.6794583333333333 0.5966574074074074 0.008604166666666658 0.012055555555555538
0 0.6438645833333333 0.6453425925925926 0.01356249999999998 0.013907407407407391
0 0.6235208333333334 0.6573981481481481 0.010953125000000103 0.011129629629629613
0 0.6253489583333334 0.6791851851851851 0.010953125000000103 0.010203703703703687
0 0.586359375 0.6995833333333333 0.012255208333333437 0.012981481481481465
0 0.5823177083333333 0.7248518518518519 0.010953125000000103 0.019009259259259233
0 0.6026614583333333 0.7171944444444445 0.014604166666666647 0.019472222222222196
0 0.0405 0.7074259259259259 0.011984374999999995 0.0161481481481482
0 0.08772395833333334 0.5559907407407407 0.008354166666666678 0.015500000000000009
0 0.10097916666666666 0.5588981481481482 0.010895833333333342 0.014851851851851817
0 0.08154687499999999 0.5834351851851852 0.01271354166666668 0.0161481481481482
0 0.13784895833333335 0.6589907407407408 0.01561979166666667 0.0161481481481482
0 0.146203125 0.7148518518518518 0.008354166666666647 0.024537037037037038
0 0.16182291666666665 0.7374444444444445 0.0069010416666666664 0.021953703703703736
0 0.173625 0.756824074074074 0.007265625000000024 0.019370370370370437
0 0.17271875 0.8252685185185185 0.006177083333333341 0.01678703703703714
0 0.196328125 0.7939537037037038 0.009807291666666688 0.017435185185185116
0 0.25608333333333333 0.7984722222222222 0.013802083333333333 0.027768518518518526
0 0.28622916666666665 0.7761944444444444 0.007989583333333291 0.021953703703703736
0 0.25299479166666666 0.7616666666666667 0.009083333333333362 0.017435185185185116
0 0.263890625 0.756824074074074 0.009083333333333332 0.019370370370370437
0 0.28041666666666665 0.7490740740740741 0.00944270833333339 0.021953703703703736
0 0.2718802083333333 0.7287314814814815 0.009083333333333362 0.014851851851851817
0 0.25335416666666666 0.7190462962962964 0.008354166666666647 0.0161481481481482
0 0.23192708333333334 0.71775 0.009807291666666688 0.02388888888888885
0 0.19759895833333332 0.7225925925925926 0.010895833333333311 0.020666666666666608
0 0.18107291666666667 0.6903055555555555 0.0069010416666666664 0.01678703703703714
0 0.18742708333333333 0.6999907407407407 0.00798958333333335 0.021953703703703736
0 0.19505729166666666 0.6848240740740741 0.00944270833333333 0.025185185185185227
0 0.19215104166666666 0.6628611111111111 0.010895833333333311 0.02260185185185193
0 0.20668229166666666 0.67675 0.007265625000000024 0.021953703703703736
0 0.21975520833333334 0.6580185185185184 0.010171874999999986 0.021953703703703736
0 0.22738541666666665 0.662537037037037 0.008718750000000004 0.020666666666666608
0 0.22793229166666668 0.6970925925925926 0.010531250000000015 0.021305555555555546
0 0.24772916666666667 0.6712592592592593 0.010171874999999986 0.018722222222222248
0 0.25971354166666666 0.7009629629629629 0.010171874999999986 0.021305555555555546
0 0.28005208333333337 0.6832037037037038 0.00653645833333331 0.015500000000000009
0 0.29222395833333337 0.677074074074074 0.009807291666666629 0.02260185185185193
0 0.3016666666666667 0.6970925925925926 0.009083333333333362 0.014851851851851817
0 0.30965624999999997 0.7087129629629629 0.014890624999999958 0.020018518518518418
0 0.3214635416666667 0.6657685185185185 0.011624999999999967 0.015500000000000009
0 0.3383541666666667 0.6909537037037037 0.01271354166666671 0.019370370370370437
0 0.34906770833333334 0.7054814814814815 0.008718750000000004 0.017435185185185116
0 0.34525520833333334 0.7154907407407407 0.0069010416666666664 0.01678703703703714
0 0.24863541666666666 0.6399444444444444 0.010531250000000015 0.01808333333333331
0 0.25480729166666666 0.6554351851851852 0.008354166666666647 0.01808333333333331
0 0.274421875 0.6483333333333334 0.008354166666666647 0.012916666666666708
0 0.24609375 0.6157222222222223 0.006177083333333341 0.0135648148148149
0 0.25535416666666666 0.6186296296296296 0.007265625000000024 0.012916666666666708
0 0.3009427083333333 0.5698796296296297 0.009083333333333362 0.014851851851851817
0 0.318921875 0.5763333333333334 0.008718750000000004 0.012268518518518519
0 0.3201927083333333 0.6237962962962963 0.011984374999999995 0.015500000000000009
0 0.336171875 0.6250833333333333 0.009807291666666629 0.01678703703703714
0 0.3412604166666667 0.6412314814814815 0.00763020833333338 0.014203703703703628
0 0.35360937499999995 0.6528518518518519 0.009083333333333362 0.01678703703703714
0 0.36777604166666666 0.6454259259259258 0.009083333333333362 0.014851851851851817
0 0.3665052083333334 0.6867592592592593 0.008718750000000004 0.026472222222222147
0 0.380125 0.6819166666666667 0.00763020833333338 0.01808333333333331
0 0.390296875 0.6906296296296296 0.00763020833333338 0.020018518518518418
0 0.39774479166666665 0.7022592592592594 0.007989583333333291 0.020018518518518418
0 0.4133645833333333 0.7106481481481481 0.012348958333333352 0.018722222222222248
0 0.372859375 0.5798888888888889 0.009807291666666629 0.011620370370370328
0 0.3732239583333333 0.5976388888888889 0.008354166666666647 0.014851851851851817
0 0.3803072916666667 0.612175925925926 0.010171874999999986 0.019370370370370437
0 0.4075520833333333 0.5182129629629629 0.00653645833333331 0.010981481481481389
0 0.40736979166666665 0.5731018518518519 0.010531250000000015 0.0135648148148149
0 0.43424999999999997 0.5856944444444444 0.01271354166666671 0.015500000000000009
0 0.4456875 0.6079722222222222 0.00944270833333339 0.018722222222222248
0 0.42789062499999997 0.6331574074074073 0.015255208333333315 0.017435185185185116
0 0.4208072916666667 0.6564074074074073 0.011984374999999995 0.012268518518518519
0 0.4090052083333333 0.6680277777777778 0.014531250000000048 0.014851851851851817
0 0.43116145833333336 0.6790092592592593 0.013802083333333333 0.018722222222222248
0 0.4420572916666667 0.6867592592592593 0.013802083333333333 0.018722222222222248
0 0.4604010416666667 0.6273518518518518 0.010531250000000015 0.010981481481481389
0 0.4671197916666667 0.6499537037037038 0.011624999999999967 0.0161481481481482
0 0.45767708333333335 0.6683518518518519 0.010171874999999986 0.020666666666666608
0 0.45186458333333335 0.5576111111111112 0.007265625000000024 0.0135648148148149
0 0.478015625 0.5931203703703705 0.00944270833333339 0.017435185185185116
0 0.48764583333333333 0.5669722222222222 0.01126041666666661 0.011620370370370328
0 0.508890625 0.5643888888888888 0.010171874999999986 0.014203703703703628
0 0.5159739583333333 0.5453333333333333 0.013437499999999976 0.017435185185185116
0 0.533046875 0.5466296296296297 0.010531249999999956 0.010981481481481389
0 0.5279635416666667 0.5756851851851852 0.017072916666666712 0.008398148148148089
0 0.5453958333333334 0.5856944444444444 0.01126041666666661 0.012916666666666708
0 0.5039895833333333 0.5898981481481482 0.009807291666666629 0.0161481481481482
0 0.522515625 0.6031296296296296 0.010531250000000015 0.015500000000000009
0 0.532140625 0.6137870370370371 0.010895833333333372 0.020018518518518418
0 0.5039895833333333 0.6202407407407408 0.009807291666666629 0.014851851851851817
0 0.49127604166666666 0.6241203703703704 0.008354166666666647 0.010981481481481389
0 0.4938177083333333 0.6418796296296296 0.0069010416666666664 0.021953703703703736
0 0.48515104166666667 0.6597314814814814 0.007166666666666662 0.01592592592592597
0 0.5051510416666667 0.654962962962963 0.005968750000000019 0.018046296296296303
0 0.4900729166666667 0.6793703703703704 0.01164583333333328 0.016981481481481406
0 0.49171875000000004 0.7056481481481481 0.010750000000000053 0.017518518518518586
0 0.5193333333333333 0.6812314814814815 0.012239583333333333 0.015388888888888787
0 0.5332135416666667 0.6714166666666667 0.010749999999999992 0.018046296296296303
0 0.5578489583333333 0.6846851851851852 0.0116458333333334 0.022296296296296227
0 0.5996458333333333 0.6807037037037037 0.010447916666666638 0.017518518518518586
0 0.5659062499999999 0.667962962962963 0.012838541666666713 0.012203703703703763
0 0.5727760416666666 0.641425925925926 0.009255208333333324 0.016453703703703686
0 0.5821770833333333 0.627361111111111 0.014328125000000113 0.013796296296296381
0 0.572328125 0.5594259259259259 0.011343750000000104 0.01486111111111107
0 0.5721770833333333 0.5923333333333334 0.011046875000000018 0.0031851851851852357
0 0.5672499999999999 0.6005555555555556 0.010151041666666553 0.01326851851851845
0 0.5906874999999999 0.580388888888889 0.009255208333333324 0.010083333333333427
0 0.6021822916666667 0.5766759259259259 0.008958333333333238 0.011148148148148114
0 0.634875 0.5944537037037037 0.011046875000000018 0.00743518518518516
0 0.6336770833333334 0.6053333333333333 0.015223958333333343 0.011148148148148114
0 0.6117343749999999 0.5506666666666666 0.008958333333333238 0.010083333333333427
0 0.6206927083333333 0.5517222222222222 0.007760416666666714 0.009018518518518526
0 0.6329322916666666 0.5511944444444444 0.008958333333333238 0.01326851851851845
0 0.6596510416666667 0.5227962962962963 0.010447916666666638 0.011675925925925833
0 0.6890625 0.5111203703703704 0.009552083333333409 0.012740740740740733
0 0.6830885416666667 0.5273148148148148 0.008359375000000094 0.015388888888888787
0 0.6751770833333333 0.48909259259259263 0.006864583333333248 0.012203703703703763
0 0.590765625 0.38832407407407404 0.005312499999999905 0.00888888888888891
0 0.5965416666666666 0.38249074074074074 0.005625000000000094 0.00722222222222218
0 0.6166979166666666 0.42860185185185184 0.007187500000000095 0.009444444444444486
0 0.6068541666666667 0.43776851851851856 0.0068749999999999055 0.011111111111111112
0 0.6195104166666667 0.42554629629629626 0.0078125 0.011111111111111112
0 0.6827916666666667 0.3852685185185185 0.0068749999999999055 0.00722222222222218
0 0.6995104166666667 0.38249074074074074 0.007187500000000095 0.009444444444444486
0 0.10792708333333333 0.38008333333333333 0.005817708333333341 0.007296296296296292
0 0.11459375000000001 0.3837314814814815 0.006156249999999997 0.009731481481481473
0 0.17189583333333333 0.44454629629629633 0.008552083333333313 0.00851851851851856
0 0.11442708333333333 0.4381666666666667 0.008552083333333342 0.011555555555555572
0 0.17086979166666666 0.4898518518518518 0.011286458333333312 0.016416666666666684
0 0.1883125 0.4804259259259259 0.009921874999999976 0.0158148148148148
0 0.22764062499999999 0.45225925925925925 0.008479166666666652 0.011435185185185206
0 0.22632291666666668 0.4694166666666667 0.011109375000000022 0.013518518518518487
0 0.24533333333333335 0.4808518518518519 0.009359375000000014 0.010398148148148165
0 0.24971875 0.48656481481481484 0.00994270833333335 0.009361111111111018
0 0.25454166666666667 0.4714907407407407 0.006140624999999981 0.011435185185185206
0 0.3147760416666667 0.4574537037037037 0.004385416666666705 0.009361111111111124
0 0.32486458333333335 0.45355555555555555 0.004677083333333343 0.010916666666666634
0 0.224421875 0.3823425925925926 0.007895833333333317 0.012999999999999966
0 0.011557291666666667 0.3586574074074074 0.0064687500000000005 0.008212962962962967
0 0.02772916666666667 0.3541388888888889 0.00601041666666667 0.008212962962962967
0 0.028770833333333336 0.35085185185185186 0.004390624999999996 0.007398148148148156
0 0.031890625 0.35085185185185186 0.0036979166666666675 0.006574074074074095
0 0.04020833333333333 0.35105555555555557 0.006932291666666668 0.007805555555555509
0 0.059046875000000006 0.3360648148148148 0.0067031250000000025 0.007398148148148156
0 0.05650520833333333 0.3430462962962963 0.005776041666666668 0.007398148148148156
0 0.07071354166666667 0.3442777777777778 0.007395833333333327 0.005750000000000034
0 0.04425520833333333 0.32887037037037037 0.007161458333333333 0.008629629629629676
0 0.141546875 0.3130555555555556 0.007161458333333333 0.006574074074074095
0 0.16153645833333333 0.3081296296296296 0.007395833333333357 0.010685185185185152
0 0.173203125 0.3007314814814815 0.0067031250000000025 0.008212962962962967
0 0.17736458333333335 0.3017592592592592 0.004854166666666692 0.010268518518518548
0 0.18326041666666668 0.30258333333333337 0.005083333333333329 0.009453703703703737
0 0.19134895833333332 0.2927222222222222 0.006010416666666647 0.006981481481481448
0 0.18638020833333335 0.29354629629629625 0.009010416666666642 0.006981481481481448
0 0.19608333333333333 0.2803981481481481 0.0067031250000000025 0.009453703703703737
0 0.201859375 0.2816296296296297 0.007624999999999993 0.006981481481481448
0 0.19469791666666666 0.2999074074074074 0.006239583333333343 0.005750000000000034
0 0.1996666666666667 0.30525 0.006010416666666647 0.007398148148148156
0 0.20671354166666667 0.3017592592592592 0.007161458333333333 0.006981481481481448
0 0.22739583333333335 0.2947777777777778 0.006010416666666647 0.006981481481481448
0 0.27084375 0.28800000000000003 0.006468750000000038 0.005750000000000034
0 0.2833229166666667 0.2999074074074074 0.003234375000000019 0.007398148148148156
0 0.31625520833333337 0.3046388888888889 0.007625000000000052 0.008629629629629676
0 0.27754687499999997 0.2836851851851852 0.005083333333333329 0.006981481481481448
0 0.32538020833333337 0.28491666666666665 0.005083333333333329 0.007805555555555509
0 0.3520729166666667 0.2701203703703704 0.007625000000000052 0.007805555555555509
0 0.5290833333333333 0.42787962962962967 0.005406250000000057 0.007555555555555526
0 0.5166197916666666 0.43149074074074073 0.006375000000000005 0.007212962962962929
0 0.4966302083333333 0.48695370370370367 0.007338541666666624 0.00892592592592602
0 0.5653958333333333 0.5070370370370371 0.0034791666666665814 0.005833333333333291
0 0.571578125 0.5082407407407408 0.006182291666666609 0.009611111111111213
0 0.4297916666666667 0.3902777777777778 0.005796875000000057 0.007898148148148123
0 0.4751875 0.3476944444444444 0.004635416666666714 0.0037777777777778156
0 0.5075833333333333 0.31375000000000003 0.004656250000000028 0.003962962962962938
0 0.6006354166666666 0.2860277777777778 0.005671874999999934 0.009722222222222222
0 0.5928385416666667 0.30133333333333334 0.004656250000000028 0.005759259259259284
0 0.5740052083333332 0.3130277777777778 0.006682291666666629 0.007564814814814777
0 0.5650989583333333 0.340212962962963 0.0074947916666666 0.005759259259259284
0 0.5978020833333333 0.3209537037037037 0.004859374999999962 0.007564814814814777
0 0.6121770833333334 0.28278703703703706 0.005671874999999934 0.008277777777777828
0 0.62028125 0.2824259259259259 0.005265625000000066 0.009000000000000025
0 0.6098489583333334 0.2871111111111111 0.006682291666666629 0.00684259259259258
0 0.5983072916666666 0.27990740740740744 0.00546875 0.00684259259259258
0 0.5845364583333333 0.2680277777777778 0.0034427083333333996 0.0025185185185185436
0 0.5035520833333333 0.23842592592592593 0.002734375 0.00706481481481481
0 0.5064114583333333 0.236 0.00397395833333339 0.003972222222222215
0 0.5590625 0.24858333333333335 0.004468749999999962 0.0035277777777777274
0 0.5720989583333334 0.2523333333333333 0.004718749999999971 0.005740740740740783
0 0.599171875 0.2388703703703704 0.004718749999999971 0.0044166666666666495
0 0.6240104166666666 0.23864814814814816 0.0042239583333334 0.005740740740740756
0 0.6315833333333334 0.2536574074074074 0.0034791666666665814 0.003972222222222189
0 0.6329479166666666 0.27021296296296293 0.0042239583333334 0.00706481481481481
0 0.6401510416666666 0.27 0.0037239583333333807 0.006620370370370349
0 0.6478489583333332 0.2552037037037037 0.0037239583333333807 0.0035277777777777274
0 0.6428854166666667 0.25056481481481485 0.00521354166666678 0.005740740740740783
0 0.6596510416666667 0.2582962962962963 0.0029791666666665623 0.006185185185185139
0 0.6579114583333333 0.26116666666666666 0.004968749999999981 0.0022037037037036995
0 0.695171875 0.23202777777777778 0.0031562499999999716 0.0051018518518518435
0 0.68728125 0.23100925925925928 0.0034427083333333996 0.0035740740740740867
0 0.6847708333333333 0.23381481481481484 0.0038750000000000286 0.004083333333333356
0 0.6773854166666666 0.2350833333333333 0.0034427083333333996 0.00408333333333333
0 0.666125 0.22858333333333333 0.004734375000000076 0.005351851851851826
0 0.759515625 0.42837037037037035 0.0044322916666667805 0.0037129629629629544
0 0.76890625 0.4318518518518518 0.005473958333333447 0.0069537037037036955
0 0.7743802083333333 0.4334722222222222 0.0033906250000001136 0.0037129629629629544
0 0.7938124999999999 0.4112222222222222 0.004692708333333447 0.0037129629629629544
0 0.750390625 0.4501574074074074 0.004953125000000114 0.005564814814814806
0 0.702796875 0.5618888888888889 0.00521354166666678 0.010203703703703687
0 0.754953125 0.43880555555555556 0.004692708333333447 0.008805555555555547
0 0.7106197916666667 0.42860185185185184 0.004692708333333447 0.008805555555555547
0 0.6476458333333334 0.4476111111111111 0.00756249999999999 0.0051018518518518435
0 0.6353333333333333 0.19905555555555554 0.004359374999999943 0.00493518518518517
0 0.63553125 0.20327777777777778 0.00475520833333339 0.00493518518518517
0 0.6376145833333333 0.20698148148148146 0.0037656250000000094 0.0031666666666666813
0 0.6490052083333333 0.20944444444444443 0.0023802083333334186 0.0024629629629629862
0 0.6499010416666666 0.2126111111111111 0.0037656250000000094 0.0031666666666666813
0 0.6536666666666666 0.2180740740740741 0.004953125000000114 0.006342592592592614
0 0.6598072916666666 0.21155555555555555 0.002578124999999905 0.0038796296296296274
0 0.6794270833333333 0.20398148148148149 0.0037656250000000094 0.00493518518518517
0 0.6774427083333333 0.20733333333333331 0.0033697916666665623 0.0038796296296296274
0 0.5592395833333333 0.23578703703703704 0.004385416666666705 0.007796296296296311
0 0.5316145833333333 0.21291666666666664 0.0025937500000000097 0.006027777777777769
0 0.5352083333333333 0.21450925925925926 0.004187499999999981 0.009222222222222203
0 0.5745 0.18667592592592594 0.0025937500000000097 0.004611111111111128
0 0.5753958333333333 0.2063611111111111 0.004786458333333362 0.0035462962962962813
0 0.5751979166666668 0.20954629629629629 0.002791666666666733 0.0049629629629629754
0 0.6124895833333334 0.18419444444444444 0.0031927083333333902 0.006740740740740716
0 0.606609375 0.19696296296296295 0.004984375000000085 0.006027777777777769
0 0.5948385416666666 0.20937037037037037 0.005385416666666742 0.0038981481481481293
0 0.6219635416666667 0.20299074074074072 0.0025937500000000097 0.004611111111111128
0 0.6258541666666667 0.2045833333333333 0.0031927083333333902 0.005675925925925922