0 0.15705208333333334 0.7183148148148147 0.012692708333333335 0.016361111111111177
0 0.17783333333333334 0.7002685185185185 0.013640625000000028 0.014101851851851869
0 0.18259375 0.6827777777777777 0.010468750000000011 0.016361111111111177
0 0.24144791666666665 0.7109814814814815 0.01459374999999999 0.018611111111111026
0 0.20908333333333334 0.8906296296296297 0.015864583333333352 0.01917592592592596
0 0.23716666666666666 0.8903518518518518 0.013010416666666675 0.016361111111111177
0 0.27365104166666665 0.8903518518518518 0.018083333333333347 0.017481481481481584
0 0.31283333333333335 0.764 0.01395833333333331 0.015231481481481523
0 0.32108333333333333 0.8204074074074074 0.013328124999999958 0.014101851851851869
0 0.33155208333333336 0.8150462962962963 0.015864583333333352 0.013537037037036936
0 0.3743854166666667 0.8584814814814814 0.007614583333333276 0.015796296296296246
0 0.35376562500000003 0.9072685185185185 0.012692708333333276 0.012972222222222213
0 0.35963541666666665 0.9287037037037037 0.015546874999999953 0.014101851851851869
0 0.35519270833333333 0.6810833333333334 0.011104166666666634 0.015231481481481523
0 0.36899479166666665 0.6675462962962964 0.011421875000000033 0.015231481481481523
0 0.3924739583333333 0.6692407407407407 0.009520833333333319 0.014101851851851869
0 0.4018333333333333 0.6571203703703704 0.010468749999999952 0.01466666666666659
0 0.4170625 0.7157777777777777 0.013010416666666675 0.013537037037036936
0 0.4457760416666667 0.6703703703703704 0.013328124999999958 0.012972222222222213
0 0.48194270833333336 0.6808055555555556 0.006979166666666714 0.01466666666666659
0 0.4906666666666667 0.6971666666666667 0.007932291666666676 0.012407407407407492
0 0.5176354166666667 0.8015092592592593 0.013010416666666675 0.01917592592592596
0 0.521125 0.6461203703703703 0.007932291666666676 0.010712962962962903
0 0.529375 0.6407592592592593 0.010468750000000011 0.011277777777777836
0 0.6542239583333332 0.8474814814814815 0.013328125000000076 0.016361111111111177
0 0.6531145833333334 0.8816111111111111 0.015546874999999953 0.027074074074074084
0 0.61853125 0.922787037037037 0.008567708333333238 0.022564814814814715
0 0.6074270833333333 0.9693148148148147 0.015546874999999953 0.022000000000000203
0 0.62471875 0.9450648148148147 0.010151041666666553 0.021999999999999992
0 0.6516875 0.9749537037037037 0.012057291666666714 0.016361111111111177
0 0.6845260416666666 0.9783425925925925 0.015546874999999953 0.011842592592592559
0 0.6865885416666667 0.9902592592592593 0.013958333333333428 0.017629629629629596
0 0.7032447916666666 0.9952314814814814 0.015546874999999953 0.009527777777777744
0 0.2836927083333334 0.5605833333333333 0.010203124999999957 0.012092592592592542
0 0.29390104166666664 0.5509074074074074 0.008161458333333371 0.007259259259259183
0 0.3061302083333333 0.47504629629629624 0.007557291666666662 0.009444444444444486
0 0.313078125 0.4656018518518519 0.005921874999999943 0.010166666666666683
0 0.3224739583333333 0.4666944444444444 0.006739583333333362 0.007990740740740736
0 0.33238541666666666 0.45942592592592596 0.005718750000000009 0.008712962962962933
0 0.3428020833333333 0.45634259259259263 0.005312500000000024 0.007629629629629638
0 0.33422395833333335 0.5055555555555555 0.009395833333333315 0.009444444444444486
0 0.358734375 0.49556481481481485 0.00653645833333331 0.00980555555555548
0 0.3597604166666667 0.5238981481481481 0.009395833333333315 0.007629629629629638
0 0.35925 0.5355185185185185 0.007557291666666662 0.011981481481481532
0 0.3414739583333333 0.5307962962962963 0.010010416666666681 0.01271296296296298
0 0.3814114583333333 0.555675925925926 0.00735416666666661 0.013074074074073972
0 0.3779427083333333 0.5756481481481482 0.008578125000000015 0.011620370370370328
0 0.38151562499999997 0.5431481481481482 0.006333333333333376 0.009083333333333284
0 0.39969791666666665 0.558037037037037 0.007968749999999976 0.00980555555555548
0 0.40633854166666666 0.5636666666666666 0.009807291666666629 0.007259259259259183
0 0.44178125 0.5825462962962963 0.008786458333333276 0.014527777777777829
0 0.39152604166666666 0.4091296296296296 0.004291666666666671 0.0068981481481481905
0 0.3878489583333333 0.41494444444444445 0.006333333333333376 0.009083333333333284
0 0.400921875 0.4265648148148148 0.005921874999999943 0.007629629629629638
0 0.39908333333333335 0.43164814814814817 0.007557291666666662 0.01125925925925923
0 0.39387500000000003 0.4621574074074074 0.00735416666666661 0.009083333333333284
0 0.39867708333333335 0.49393518518518525 0.008786458333333276 0.013074074074073972
0 0.445359375 0.49248148148148146 0.00735416666666661 0.007259259259259183
0 0.44014583333333335 0.4995648148148148 0.007557291666666662 0.011259259259259335
0 0.40439583333333334 0.4156666666666667 0.005921874999999943 0.009083333333333284
0 0.4105260416666667 0.4243796296296296 0.007557291666666662 0.0068981481481481905
0 0.42247395833333334 0.39260185185185187 0.005718750000000009 0.007259259259259289
0 0.4314635416666667 0.39296296296296296 0.003677083333333305 0.009444444444444486
0 0.42441666666666666 0.41821296296296295 0.006739583333333362 0.009083333333333284
0 0.4302395833333333 0.44362962962962965 0.005718750000000009 0.010527777777777782
0 0.4405572916666667 0.43400925925925926 0.007968749999999976 0.01089814814814813
0 0.4544479166666667 0.4341851851851852 0.00919270833333338 0.009805555555555585
0 0.452609375 0.4625185185185185 0.007151041666666676 0.01125925925925923
0 0.465375 0.44599074074074074 0.009395833333333315 0.009444444444444486
0 0.4600677083333334 0.40640740740740744 0.004901041666666709 0.005083333333333342
0 0.48509375 0.4530740740740741 0.0046979166666666575 0.006175925925925888
0 0.4878489583333333 0.5307962962962963 0.009395833333333315 0.011981481481481532
0 0.5191041666666666 0.5079166666666666 0.006947916666666624 0.010527777777777676
0 0.514 0.53225 0.0077656250000000425 0.011259259259259335
0 0.5469895833333334 0.560212962962963 0.009604166666666695 0.010527777777777676
0 0.5576145833333332 0.5349722222222222 0.007968750000000096 0.012351851851851775
0 0.5831510416666668 0.5053703703703704 0.006333333333333258 0.0068981481481481905
0 0.5888697916666668 0.5097314814814815 0.007557291666666781 0.010527777777777676
0 0.611546875 0.43327777777777776 0.006333333333333258 0.009444444444444486
0 0.6206406250000001 0.43200925925925926 0.004901041666666591 0.00544444444444444
0 0.6186979166666667 0.4271111111111111 0.005109374999999972 0.007259259259259289
0 0.6298333333333334 0.42892592592592593 0.005718750000000009 0.007259259259259289
0 0.6258489583333334 0.4410925925925926 0.005921874999999943 0.007629629629629638
0 0.6388229166666667 0.44399074074074074 0.0061302083333333235 0.008351851851851834
0 0.651078125 0.46414814814814814 0.00735416666666661 0.007990740740740736
0 0.646484375 0.48467592592592595 0.007151041666666676 0.009083333333333284
0 0.65925 0.487212962962963 0.008171875000000028 0.011981481481481532
0 0.52871875 0.4550462962962963 0.006197916666666714 0.006425925925925976
0 0.526265625 0.4483888888888889 0.005421875000000043 0.005055555555555589
0 0.5385364583333333 0.42267592592592595 0.008265624999999943 0.00963888888888886
0 0.5052187499999999 0.4171666666666667 0.007234375000000052 0.00963888888888886
0 0.3763333333333333 0.3558148148148148 0.004635416666666714 0.005888888888888902
0 0.3801979166666667 0.3620925925925926 0.005296875000000038 0.0035370370370370833
0 0.3786510416666667 0.35385185185185186 0.00397395833333339 0.0051018518518518435
0 0.382734375 0.3562037037037037 0.002869791666666662 0.006675925925925959
0 0.38792187499999997 0.35659259259259257 0.00397395833333339 0.00824074074074072
0 0.4029375 0.34187962962962964 0.0030885416666667 0.007851851851851869
0 0.41055729166666666 0.3357962962962963 0.005078125 0.00824074074074072
0 0.4717135416666667 0.3819166666666667 0.005078125 0.006277777777777753
0 0.4799947916666667 0.3552222222222222 0.005739583333333324 0.007851851851851869
0 0.49721354166666665 0.34933333333333333 0.005739583333333324 0.007851851851851869
0 0.4886041666666667 0.3695462962962963 0.0030885416666667 0.00824074074074072
0 0.5081458333333333 0.3471759259259259 0.003755208333333352 0.00824074074074072
0 0.47568750000000004 0.3367777777777778 0.003755208333333352 0.007851851851851869
0 0.451953125 0.2994907407407407 0.0030885416666667 0.0031388888888888764
0 0.4530572916666667 0.3043888888888889 0.00397395833333339 0.006675925925925959
0 0.46486979166666664 0.3085185185185185 0.003312499999999948 0.003925925925925934
0 0.47237500000000004 0.29791666666666666 0.004635416666666714 0.006277777777777753
0 0.4817604166666667 0.2928148148148148 0.00397395833333339 0.006277777777777753
0 0.4860625 0.29654629629629625 0.002869791666666662 0.007453703703703661
0 0.4817604166666667 0.3134166666666667 0.0030885416666667 0.010601851851851894
0 0.4804322916666666 0.33108333333333334 0.001765625000000052 0.007453703703703661
0 0.4815364583333333 0.3426666666666667 0.0066250000000000146 0.006277777777777753
0 0.7217552083333333 0.3652314814814815 0.003531250000000104 0.005888888888888902
0 0.7288229166666667 0.3098888888888889 0.004416666666666676 0.004314814814814785
0 0.7736406250000001 0.2955648148148148 0.004416666666666676 0.0054907407407406945
0 0.7770625 0.3034074074074074 0.0033125000000000663 0.0054907407407406945
0 0.7814791666666667 0.3030185185185185 0.004635416666666714 0.0054907407407406945
0 0.768671875 0.36287962962962966 0.004635416666666714 0.00824074074074072
0 0.793734375 0.3373611111111111 0.00397395833333339 0.009027777777777777
0 0.7991406249999999 0.3096944444444445 0.005963541666666572 0.009416666666666629
0 0.8052135416666667 0.33481481481481484 0.004416666666666676 0.007851851851851869
0 0.8070885416666667 0.3750462962962963 0.007729166666666743 0.014518518518518472
0 0.824203125 0.3463888888888889 0.005739583333333324 0.00824074074074072
0 0.8350208333333333 0.34835185185185186 0.005296875000000038 0.006675925925925959
0 0.8376666666666667 0.3463888888888889 0.004859374999999962 0.0035370370370370833
0 0.8412031249999999 0.3414814814814815 0.0030885416666665815 0.007851851851851869
0 0.8487083333333333 0.34540740740740744 0.00397395833333339 0.00706481481481481
0 0.8450677083333333 0.35777777777777775 0.004192708333333428 0.009814814814814835
0 0.8518020833333334 0.34305555555555556 0.004859374999999962 0.008638888888888927
0 0.8442916666666667 0.31774074074074077 0.004416666666666676 0.0051018518518518435
0 0.859859375 0.3159722222222222 0.004635416666666714 0.0047129629629629926
0 0.8641614583333334 0.3191111111111111 0.004416666666666676 0.0047129629629629926
0 0.8675885416666667 0.3169537037037037 0.005520833333333286 0.005888888888888902
0 0.8664843750000001 0.3477685185185185 0.004192708333333428 0.008638888888888927
0 0.8827083333333333 0.32931481481481484 0.004416666666666676 0.0047129629629629926
0 0.8639427083333333 0.32264814814814813 0.003531250000000104 0.006277777777777753
0 0.8861302083333332 0.32519444444444445 0.004192708333333428 0.005888888888888902
0 0.8661510416666667 0.3540462962962963 0.004859374999999962 0.006277777777777753
0 0.8644947916666667 0.36287962962962966 0.004635416666666714 0.007453703703703661
0 0.8725520833333333 0.36424999999999996 0.004416666666666676 0.007851851851851869
0 0.6296666666666667 0.29224074074074075 0.0039270833333333146 0.008722222222222185
0 0.6338854166666666 0.2913703703703704 0.004906250000000038 0.0076759259259258925
0 0.6302552083333333 0.2526296296296296 0.004317708333333314 0.006277777777777753
0 0.6502760416666666 0.2433888888888889 0.0039270833333333146 0.0038425925925925715
0 0.6403645833333333 0.25978703703703704 0.0025520833333333806 0.0038425925925925715
0 0.6522395833333333 0.2714722222222222 0.003531250000000104 0.006277777777777753
0 0.6524322916666667 0.28665740740740736 0.003531250000000104 0.0073240740740740445
0 0.6656822916666666 0.29206481481481483 0.005302083333333248 0.006277777777777753
0 0.6707864583333334 0.29206481481481483 0.004515625000000038 0.006981481481481448
0 0.658125 0.2454814814814815 0.0027500000000001044 0.002444444444444432
0 0.6608750000000001 0.24408333333333335 0.0019635416666666573 0.002444444444444432
0 0.6644062500000001 0.2456574074074074 0.002354166666666657 0.004888888888888864
0 0.66578125 0.2411203703703704 0.0039270833333333146 0.006981481481481448
0 0.6693125 0.24251851851851852 0.003531250000000104 0.005583333333333308
0 0.6887447916666667 0.21616666666666667 0.0039270833333333146 0.004537037037037016
0 0.6953229166666667 0.21407407407407406 0.003338541666666591 0.0031388888888888764
0 0.6949270833333333 0.21738888888888888 0.0025520833333333806 0.0041851851851851685
0 0.7012083333333333 0.21896296296296294 0.0021614583333333806 0.0031388888888888764
0 0.708765625 0.22192592592592594 0.0019635416666666573 0.003490740740740724
0 0.7106302083333333 0.22087962962962965 0.0025520833333333806 0.0041851851851851685
0 0.7239791666666666 0.25787037037037036 0.003338541666666591 0.0041851851851851685
0 0.7290781249999999 0.2583888888888889 0.004119791666666591 0.0066296296296296
0 0.6952239583333333 0.25925925925925924 0.004317708333333314 0.006277777777777753
0 0.682265625 0.2639722222222222 0.0039270833333333146 0.004537037037037016
0 0.689921875 0.2754907407407407 0.004708333333333314 0.005935185185185155
0 0.6904114583333333 0.26833333333333337 0.005302083333333248 0.004888888888888864
0 0.6867812499999999 0.2765370370370371 0.0039270833333333146 0.00523148148148146
0 0.674515625 0.2807222222222222 0.004119791666666591 0.0066296296296296
0 0.5795729166666667 0.2756203703703704 0.0036666666666666475 0.007138888888888923
0 0.5769375 0.2453611111111111 0.0028072916666666003 0.004305555555555535
0 0.581140625 0.24094444444444446 0.0025520833333333806 0.0036296296296295916
0 0.5854114583333333 0.24762962962962962 0.0029322916666667236 0.004305555555555535
0 0.5868177083333334 0.24502777777777776 0.002677083333333267 0.004990740740740728
0 0.5869427083333334 0.25375000000000003 0.0024218750000000473 0.0038518518518518225
0 0.5927447916666666 0.25273148148148145 0.003062500000000057 0.004537037037037016
0 0.5916614583333334 0.24094444444444446 0.004208333333333296 0.004990740740740728
0 0.59771875 0.2425277777777778 0.0025520833333333806 0.00317592592592588
0 0.6010989583333333 0.2494444444444444 0.0034427083333333996 0.004759259259259247
0 0.600265625 0.24287037037037038 0.0028072916666666003 0.0033981481481481102
0 0.6051770833333333 0.24819444444444447 0.003187499999999943 0.00544444444444444
0 0.6083020833333334 0.24570370370370373 0.0025520833333333806 0.00544444444444444
0 0.6063854166666667 0.24626851851851855 0.003062500000000057 0.004305555555555535
0 0.6133385416666666 0.24502777777777776 0.0036979166666666194 0.005888888888888902
0 0.5698593750000001 0.25534259259259257 0.003187499999999943 0.004305555555555535
0 0.5656510416666667 0.2551111111111111 0.004208333333333296 0.006120370370370383
0 0.5601041666666667 0.25386111111111115 0.0033125000000000663 0.006796296296296325
0 0.5628489583333334 0.24775 0.003187499999999943 0.004537037037037016
0 0.5655885416666667 0.24400925925925923 0.0033125000000000663 0.0038518518518518225
0 0.5665416666666666 0.24808333333333335 0.0029322916666667236 0.0038518518518518225
0 0.56903125 0.24502777777777776 0.003567708333333286 0.004537037037037016
0 0.5688385416666667 0.24864814814814817 0.002677083333333267 0.004537037037037016
0 0.57215625 0.24842592592592594 0.0036979166666666194 0.004537037037037016
0 0.5535416666666666 0.24797222222222223 0.002677083333333267 0.006796296296296325
0 0.5560260416666666 0.2472962962962963 0.003062500000000057 0.004537037037037016
0 0.5553229166666667 0.23981481481481481 0.0034427083333333996 0.004990740740740728
0 0.5592135416666667 0.24049074074074075 0.003062500000000057 0.004083333333333304
0 0.5574270833333334 0.24310185185185187 0.004078124999999962 0.004305555555555535
0 0.550796875 0.25749074074074074 0.003062500000000057 0.00770370370370375
0 0.549078125 0.2518240740740741 0.0019114583333333713 0.00906481481481478
0 0.5469739583333334 0.24626851851851855 0.0022968749999999244 0.005212962962962959
0 0.5416822916666667 0.24650000000000002 0.004973958333333428 0.004759259259259247
0 0.5390052083333334 0.23925 0.003187499999999943 0.006574074074074095
0 0.5455052083333333 0.23925 0.0021666666666665907 0.002944444444444398
0 0.5481822916666667 0.24026851851851852 0.002677083333333267 0.00317592592592588
0 0.5518802083333333 0.2429814814814815 0.0011458333333332386 0.0027222222222222725
0 0.5197499999999999 0.24049074074074075 0.003187499999999943 0.004990740740740728
0 0.522109375 0.24581481481481482 0.0028072916666667187 0.0038518518518518225
0 0.52453125 0.2455925925925926 0.0038229166666666242 0.0033981481481481102
0 0.5262552083333333 0.24208333333333332 0.0021666666666667095 0.00317592592592588
0 0.5279114583333333 0.23879629629629628 0.0026770833333333854 0.0020370370370370794
0 0.5305885416666667 0.24400925925925923 0.004208333333333296 0.0038518518518518225
0 0.5279739583333334 0.24797222222222223 0.003567708333333286 0.004083333333333304
0 0.5193697916666667 0.2551111111111111 0.003187499999999943 0.004305555555555535
0 0.517203125 0.25805555555555554 0.003187499999999943 0.004305555555555535
0 0.5187291666666667 0.2513703703703704 0.0026770833333333854 0.004537037037037016
0 0.5131197916666667 0.2501296296296296 0.0029322916666667236 0.006120370370370383
0 0.512609375 0.24072222222222223 0.0036979166666666194 0.0022685185185185607
0 0.5098072916666667 0.24513888888888888 0.00012500000000000475 0.005212962962962959
0 0.507703125 0.24196296296296296 0.0017864583333333664 0.002944444444444398
0 0.5134427083333333 0.24446296296296294 0.002296875000000043 0.0038518518518518225
0 0.5151614583333334 0.24332407407407408 0.0021666666666667095 0.004305555555555535
0 0.5105729166666666 0.2573796296296297 0.0029322916666667236 0.005212962962962959
0 0.50853125 0.25262037037037033 0.004463541666666634 0.006574074074074095
0 0.5064270833333333 0.24910185185185182 0.0025520833333333806 0.00544444444444444
0 0.5135677083333333 0.2678055555555556 0.003567708333333286 0.0038518518518518225
0 0.472578125 0.26462962962962966 0.003187499999999943 0.006120370370370383
0 0.4800364583333333 0.24355555555555558 0.003062500000000057 0.0033981481481481102
0 0.47653125 0.24762962962962962 0.0024218750000000473 0.004305555555555535
0 0.48232812500000005 0.23448148148148149 0.004588541666666638 0.006120370370370383
0 0.490046875 0.23040740740740742 0.0026770833333333854 0.0033981481481481627
0 0.493296875 0.23199074074074075 0.0038229166666666242 0.003851851851851875
0 0.48163020833333337 0.2512592592592593 0.0024218750000000473 0.002944444444444398
0 0.48201041666666666 0.2542037037037037 0.0026770833333333854 0.0033981481481481102
0 0.483921875 0.24842592592592594 0.003187499999999943 0.006342592592592614
0 0.48590104166666664 0.2534166666666667 0.0025520833333333806 0.006796296296296325
0 0.4881979166666667 0.24876851851851853 0.0028072916666667187 0.004305555555555535
0 0.48902604166666663 0.2436666666666667 0.0029322916666667236 0.005888888888888902
0 0.4920833333333333 0.24910185185185182 0.0019114583333333713 0.004083333333333304
0 0.49425 0.2563611111111111 0.0026770833333333854 0.004537037037037016
0 0.4906197916666667 0.25726851851851856 0.003567708333333286 0.004990740740740728
0 0.4953333333333333 0.25284259259259256 0.002296875000000043 0.0056666666666666705
0 0.49380729166666665 0.24185185185185185 0.003567708333333286 0.005888888888888902
0 0.4973125 0.24150925925925926 0.0016562500000000331 0.004759259259259247
0 0.5009479166666667 0.2447962962962963 0.0025520833333333806 0.005888888888888902
0 0.5038802083333334 0.24150925925925926 0.002296875000000043 0.007027777777777807
0 0.502859375 0.2555648148148148 0.0043333333333333 0.009296296296296263
0 0.4983958333333333 0.24797222222222223 0.002296875000000043 0.006342592592592614
0 0.46511979166666667 0.25273148148148145 0.0038229166666666242 0.004083333333333304
0 0.451984375 0.26134259259259257 0.003567708333333286 0.0036296296296295916
0 0.4442083333333333 0.2635 0.0043333333333333 0.005212962962962959
0 0.4394895833333334 0.27381481481481484 0.002296875000000043 0.00544444444444444
0 0.42355208333333333 0.26962037037037034 0.0028072916666667187 0.004759259259259247
0 0.4237447916666667 0.27505555555555555 0.0039531249999999575 0.006120370370370383
0 0.4211927083333334 0.2793611111111111 0.003442708333333281 0.00793518518518523
0 0.4300572916666667 0.26746296296296296 0.0028072916666667187 0.00544444444444444
0 0.43145833333333333 0.26146296296296295 0.003567708333333286 0.0038518518518518225
0 0.43955208333333334 0.2578333333333333 0.0026770833333333854 0.004759259259259247
0 0.4381510416666667 0.2523888888888889 0.0029322916666667236 0.0033981481481481102
0 0.4477760416666667 0.25625 0.0028072916666667187 0.004305555555555535
0 0.45058333333333334 0.2544351851851852 0.0038229166666666242 0.0038518518518518225
0 0.44803125 0.24899074074074076 0.002296875000000043 0.0020370370370370794
0 0.4523020833333333 0.24491666666666667 0.0021666666666667095 0.004305555555555535
0 0.4528802083333333 0.23765740740740743 0.0017864583333333664 0.0029444444444444245
0 0.45651041666666664 0.24049074074074075 0.0029322916666667236 0.00544444444444444
0 0.46008333333333334 0.24310185185185187 0.0024218750000000473 0.0038518518518518225
0 0.46027083333333335 0.24899074074074076 0.003567708333333286 0.006120370370370383
0 0.46339583333333334 0.24412037037037035 0.0021666666666667095 0.00770370370370375
0 0.4692604166666667 0.23841666666666667 0.0013802083333333806 0.003370370370370358
0 0.4671927083333333 0.2489074074074074 0.003098958333333357 0.0029074074074073946
0 0.47089583333333335 0.24462037037037038 0.003098958333333357 0.0065833333333333455
0 0.47274479166666666 0.24155555555555555 0.001979166666666643 0.0035185185185184764
0 0.4770989583333333 0.23229629629629628 0.0015520833333333428 0.003370370370370358
0 0.474296875 0.23757407407407405 0.002843750000000019 0.005055555555555563
0 0.447078125 0.24140740740740743 0.0018072916666666808 0.004444444444444402
0 0.44514062499999996 0.24362962962962964 0.0013802083333333806 0.004592592592592626
0 0.44208333333333333 0.24508333333333332 0.0014635416666666382 0.005055555555555589
0 0.439671875 0.24485185185185185 0.0012916666666666762 0.005814814814814789
0 0.4425572916666667 0.23811111111111113 0.003270833333333319 0.0036759259259259514
0 0.4385104166666667 0.2404074074074074 0.0013802083333333806 0.005203703703703708
0 0.43519270833333334 0.24684259259259256 0.0021510416666667234 0.010416666666666666
0 0.42968229166666666 0.2466851851851852 0.001979166666666643 0.003064814814814764
0 0.429421875 0.25150925925925927 0.0038750000000000286 0.005055555555555589
0 0.41796354166666666 0.24837037037037038 0.002499999999999976 0.004898148148148114
0 0.42192708333333334 0.24951851851851853 0.0037031249999999478 0.006888888888888939
0 0.408015625 0.2640648148148148 0.0029270833333332764 0.0056666666666666705
0 0.39948958333333334 0.26743518518518516 0.0027552083333333144 0.0056666666666666705
0 0.3826927083333333 0.2687407407407407 0.0027552083333333144 0.003981481481481439
0 0.38407291666666665 0.2756296296296296 0.0025833333333333524 0.003981481481481439
0 0.39121875 0.2773148148148148 0.003270833333333319 0.005203703703703708
0 0.38652604166666665 0.2680462962962963 0.003359375000000024 0.0047499999999999955
0 0.39272916666666663 0.2649074074074074 0.003359375000000024 0.004898148148148114
0 0.393546875 0.2571759259259259 0.00344791666666661 0.0047499999999999955
0 0.3853229166666667 0.25127777777777777 0.001979166666666643 0.004287037037037033
0 0.3881614583333333 0.25127777777777777 0.002328125000000014 0.004592592592592626
0 0.39440625 0.2472962962962963 0.004479166666666619 0.004898148148148114
0 0.39781249999999996 0.2501296296296296 0.0038750000000000286 0.005055555555555589
0 0.387515625 0.23558333333333334 0.003098958333333357 0.0019907407407407196
0 0.39320312500000004 0.2320648148148148 0.003098958333333357 0.004444444444444455
0 0.3948802083333333 0.23543518518518516 0.003015624999999981 0.004138888888888888
0 0.40052604166666667 0.23803703703703702 0.0029270833333332764 0.004138888888888914
0 0.398671875 0.24438888888888888 0.0012916666666666762 0.006435185185185227
0 0.4035364583333333 0.24614814814814812 0.0020677083333333476 0.004138888888888914
0 0.40706770833333333 0.24928703703703706 0.0022395833333333096 0.003981481481481439
0 0.4097395833333334 0.2485277777777778 0.003270833333333319 0.004898148148148114
0 0.41391666666666665 0.25349999999999995 0.004218749999999953 0.005972222222222264
0 0.41103124999999996 0.24201851851851852 0.00241145833333339 0.0035185185185184764
0 0.41947395833333334 0.24186111111111108 0.0018958333333333854 0.005055555555555589
0 0.31107291666666664 0.26605555555555555 0.003015624999999981 0.0035185185185184764
0 0.3184375 0.2659074074074074 0.00344791666666661 0.0056666666666666705
0 0.33144270833333334 0.26422222222222225 0.003098958333333357 0.005055555555555589
0 0.3379479166666667 0.2680462962962963 0.003359375000000024 0.00382407407407407
0 0.3295052083333333 0.245462962962963 0.0038750000000000286 0.004592592592592626
0 0.33424479166666665 0.2526574074074074 0.0016354166666667188 0.0021481481481481946
0 0.3325208333333334 0.24049074074074075 0.003359375000000024 0.004138888888888914
0 0.342125 0.24324074074074073 0.0029270833333332764 0.0026018518518518014
0 0.35009375 0.23987037037037037 0.003359375000000024 0.0035185185185184764
0 0.352546875 0.2429351851851852 0.00344791666666661 0.0056666666666666705
0 0.35474479166666667 0.25181481481481477 0.002843750000000019 0.005055555555555589
0 0.36008333333333337 0.2523518518518519 0.003359375000000024 0.005814814814814789
0 0.36296875 0.2505925925925926 0.00344791666666661 0.005055555555555589
0 0.35552083333333334 0.24324074074074073 0.003359375000000024 0.0047499999999999955
0 0.3561197916666667 0.2382685185185185 0.003531249999999986 0.004287037037037033
0 0.35952604166666663 0.24178703703703702 0.003963541666666614 0.005814814814814789
0 0.36176562500000004 0.23275 0.003270833333333319 0.003370370370370358
0 0.3628854166666667 0.23696296296296296 0.005510416666666629 0.002601851851851854
0 0.37063541666666666 0.2353611111111111 0.003098958333333357 0.002453703703703683
0 0.3670625 0.2430925925925926 0.002671875000000057 0.006277777777777753
0 0.3735625 0.24209259259259258 0.001723958333333305 0.003981481481481439
0 0.378859375 0.23995370370370367 0.003015624999999981 0.002759259259259276
0 0.3798958333333333 0.2344351851851852 0.002671875000000057 0.002759259259259276
0 0.373390625 0.23933333333333334 0.0027552083333333144 0.002759259259259276
0 0.37183854166666663 0.25105555555555553 0.0022395833333333096 0.0047499999999999955
0 0.3735625 0.2467685185185185 0.0036197916666666904 0.005055555555555589
0 0.37627604166666667 0.246 0.002499999999999976 0.004138888888888914
0 0.3769635416666667 0.24975000000000003 0.002843750000000019 0.004592592592592626