0 0.023921875 0.9377592592592592 0.014411458333333333 0.03756481481481486
0 0.09617708333333333 0.9538333333333334 0.016541666666666663 0.030351851851851932
0 0.11460416666666666 0.7625648148148149 0.017041666666666653 0.026564814814814864
0 0.06575520833333333 0.7646574074074074 0.01790625 0.018472222222222265
0 0.238125 0.7736388888888889 0.012796875000000025 0.02658333333333337
0 0.25707291666666665 0.7907592592592593 0.014328124999999995 0.02271296296296294
0 0.3694635416666667 0.8318888888888889 0.0070885416666666146 0.02380555555555559
0 0.330578125 0.7318796296296296 0.013270833333333343 0.020537037037037097
0 0.2675 0.691787037037037 0.013442708333333305 0.01660185185185191
0 0.23620833333333333 0.6986944444444445 0.01381249999999999 0.023037037037037137
0 0.21663541666666666 0.6871018518518519 0.01616145833333332 0.0158425925925925
0 0.20300520833333333 0.6967777777777777 0.014505208333333346 0.016740740740740674
0 0.2681614583333333 0.6775925925925925 0.016359375000000013 0.017722222222222316
0 0.257625 0.6350740740740741 0.008218749999999986 0.016305555555555462
0 0.4067239583333333 0.7392037037037037 0.01658854166666662 0.019203703703703712
0 0.42515624999999996 0.7208796296296296 0.01502083333333329 0.02359259259259261
0 0.47115625 0.7635092592592593 0.011265625000000057 0.023546296296296357
0 0.4777135416666667 0.750462962962963 0.013671875 0.025907407407407424
0 0.50053125 0.7686203703703703 0.01121874999999998 0.022694444444444437
0 0.5417083333333333 0.8809074074074074 0.014343749999999982 0.03329629629629633
0 0.5703958333333333 0.705324074074074 0.014374999999999952 0.015388888888888787
0 0.5556770833333334 0.7157685185185185 0.009916666666666648 0.020287037037037114
0 0.5181510416666667 0.7275462962962963 0.01256770833333339 0.019249999999999965
0 0.55896875 0.6992777777777778 0.008171875000000028 0.011453703703703603
0 0.55996875 0.6944537037037037 0.010421875000000113 0.01455555555555558
0 0.53853125 0.6853148148148148 0.00905208333333339 0.011027777777777853
0 0.5086822916666667 0.6795925925925926 0.010916666666666686 0.013111111111111186
0 0.5249843750000001 0.64825 0.007666666666666681 0.011925925925926027
0 0.5637239583333333 0.6433981481481481 0.015171875000000057 0.016962962962962905
0 0.5706927083333333 0.6266203703703703 0.015854166666666693 0.01412962962962962
0 0.5204687499999999 0.6346111111111111 0.010468749999999952 0.016620370370370414
0 0.35397395833333334 0.6234537037037038 0.010744791666666724 0.00905555555555553
0 0.3535989583333333 0.6141111111111112 0.0140989583333333 0.013731481481481414
0 0.3326458333333333 0.5928888888888889 0.011895833333333291 0.0180092592592593
0 0.309359375 0.5899074074074074 0.013510416666666695 0.016962962962962905
0 0.30145833333333333 0.5770555555555555 0.011494791666666634 0.014629629629629588
0 0.37809895833333335 0.5867592592592593 0.013291666666666656 0.013129629629629689
0 0.3733333333333333 0.5578703703703703 0.01275000000000001 0.015611111111111018
0 0.38106249999999997 0.5547037037037037 0.011911458333333276 0.01777777777777782
0 0.44816666666666666 0.5264166666666666 0.011192708333333337 0.015425925925926
0 0.48214062500000004 0.58475 0.010354166666666723 0.014037037037037113
0 0.48586979166666666 0.5277592592592593 0.007734374999999952 0.011407407407407349
0 0.5196145833333333 0.504074074074074 0.015645833333333314 0.021157407407407323
0 0.5302552083333334 0.5023333333333333 0.008890624999999966 0.014296296296296347
0 0.3689322916666667 0.5292037037037036 0.010713541666666633 0.015537037037037012
0 0.33491666666666664 0.5022777777777778 0.008604166666666658 0.01444444444444436
0 0.2990625 0.48517592592592595 0.009744791666666686 0.00894444444444452
0 0.29715104166666667 0.47520370370370374 0.008557291666666699 0.010694444444444402
0 0.2730520833333333 0.4936018518518519 0.011296875000000029 0.0158425925925925
0 0.40922395833333336 0.4985740740740741 0.009880208333333347 0.014064814814814865
0 0.4239947916666667 0.4960462962962963 0.008104166666666638 0.014287037037037096
0 0.43709895833333334 0.4981388888888889 0.006947916666666624 0.010851851851851876
0 0.443359375 0.49343518518518514 0.011838541666666676 0.012037037037037037
0 0.4753697916666667 0.5038148148148148 0.009322916666666714 0.009888888888888947
0 0.4830833333333333 0.5165092592592593 0.0066250000000000146 0.014185185185185125
0 0.696140625 0.7538796296296297 0.007135416666666572 0.01756481481481484
0 0.8068645833333333 0.7596574074074074 0.011473958333333438 0.014361111111111102
0 0.8238541666666667 0.7431666666666666 0.011062499999999887 0.015231481481481523
0 0.3634791666666667 0.42556481481481484 0.00635416666666669 0.011870370370370417
0 0.37105208333333334 0.4215833333333333 0.007312499999999981 0.01130555555555559
0 0.4318072916666667 0.4445 0.00752604166666669 0.01169444444444444
0 0.4746666666666667 0.45775 0.007187499999999976 0.013037037037037074
0 0.4505572916666667 0.44060185185185186 0.010250000000000033 0.008564814814814815
0 0.4463958333333334 0.4323240740740741 0.008677083333333375 0.010175925925925934
0 0.4386302083333333 0.427787037037037 0.005218749999999991 0.013555555555555543
0 0.42334895833333336 0.4191759259259259 0.006187500000000057 0.010175925925925934
0 0.42671875 0.4155185185185185 0.007703124999999981 0.010990740740740745
0 0.41111458333333334 0.4147685185185185 0.005828125000000029 0.012425925925925887
0 0.41038541666666667 0.39748148148148144 0.0067291666666667044 0.006231481481481498
0 0.39684375000000005 0.37704629629629627 0.004958333333333324 0.008962962962962917
0 0.4025989583333333 0.3719166666666667 0.004645833333333372 0.0076944444444443936
0 0.409359375 0.3735925925925926 0.006427083333333291 0.009435185185185236
0 0.41896354166666666 0.3705740740740741 0.0039531249999999575 0.00861111111111107
0 0.4278645833333333 0.36957407407407405 0.005036458333333371 0.009833333333333338
0 0.43986458333333334 0.3940740740740741 0.006911458333333324 0.008648148148148177
0 0.46784375 0.4010277777777778 0.0057343749999999956 0.01050925925925928
0 0.49367187500000004 0.4052962962962963 0.00657291666666661 0.010620370370370396
0 0.49956249999999996 0.4034444444444445 0.006927083333333309 0.010351851851851805
0 0.5320625 0.4299351851851852 0.007026041666666612 0.010916666666666634
0 0.552078125 0.4279351851851852 0.007770833333333371 0.007305555555555543
0 0.5604166666666667 0.4178425925925926 0.01033333333333341 0.00964814814814811
0 0.5722552083333333 0.4528611111111111 0.007026041666666553 0.010601851851851894
0 0.5865572916666667 0.43798148148148147 0.007276041666666563 0.008722222222222185
0 0.6080104166666668 0.42698148148148146 0.004239583333333267 0.00862037037037032
0 0.6126406249999999 0.42812962962962964 0.006598958333333372 0.009953703703703704
0 0.6936770833333333 0.4209907407407408 0.00709895833333339 0.011499999999999962
0 0.6852239583333334 0.4172222222222222 0.007322916666666638 0.009694444444444469
0 0.6828854166666667 0.40501851851851856 0.007651041666666695 0.008861111111111158
0 0.6889791666666666 0.3896574074074074 0.007255208333333248 0.011018518518518497
0 0.6841302083333333 0.3743796296296296 0.006302083333333286 0.005796296296296288
0 0.6756822916666666 0.3864537037037037 0.006979166666666714 0.010203703703703687
0 0.6741302083333333 0.3763148148148148 0.008432291666666696 0.01006481481481482
0 0.6657552083333333 0.3776481481481482 0.006588541666666714 0.007916666666666624
0 0.578734375 0.3821759259259259 0.007656249999999905 0.011333333333333341
0 0.6111145833333332 0.3648148148148148 0.005869791666666657 0.009305555555555513
0 0.568640625 0.3583518518518518 0.007671875000000009 0.008814814814814798
0 0.5419895833333332 0.37861111111111106 0.003567708333333286 0.006509259259259234
0 0.5296822916666667 0.37269444444444444 0.007572916666666648 0.01314814814814819
0 0.5116354166666667 0.38513888888888886 0.0060520833333332765 0.010361111111111161
0 0.47408333333333336 0.37592592592592594 0.005604166666666662 0.008527777777777811
0 0.5000729166666666 0.3688333333333333 0.00752604166666669 0.007685185185185143
0 0.5126875 0.3638148148148148 0.008677083333333375 0.012018518518518536
0 0.50075 0.35174074074074074 0.005515624999999957 0.011249999999999979
0 0.5330104166666667 0.34677777777777774 0.006593750000000042 0.007768518518518506
0 0.5257708333333333 0.3637314814814815 0.005817708333333371 0.009435185185185236
0 0.48864583333333333 0.3541388888888889 0.006520833333333324 0.009287037037037012
0 0.48522916666666666 0.3481666666666666 0.005557291666666704 0.010537037037037032
0 0.4802708333333333 0.3544722222222222 0.005473958333333329 0.008416666666666696
0 0.4795833333333333 0.3606574074074074 0.0067708333333333336 0.007750000000000004
0 0.4726927083333334 0.3456388888888889 0.004557291666666667 0.009166666666666646
0 0.4764791666666667 0.34307407407407403 0.007286458333333338 0.009314814814814764
0 0.5059166666666667 0.33425 0.006010416666666647 0.011249999999999979
0 0.51246875 0.3351296296296296 0.004968749999999981 0.010925925925925884
0 0.4794635416666667 0.30691666666666667 0.0046875 0.00906481481481478
0 0.4760729166666666 0.3031018518518519 0.007177083333333319 0.009712962962962972
0 0.4818385416666667 0.30189814814814814 0.0061562499999999664 0.010638888888888897
0 0.486640625 0.30033333333333334 0.006906249999999995 0.011009259259259246
0 0.49596875 0.29980555555555555 0.004567708333333324 0.010231481481481439
0 0.5096666666666666 0.2928703703703704 0.005395833333333281 0.0121203703703704
0 0.5514947916666666 0.32963888888888887 0.005901041666666629 0.007083333333333312
0 0.5724010416666666 0.3276851851851852 0.005270833333333277 0.008796296296296297
0 0.5668229166666666 0.3112962962962963 0.0050677083333333425 0.009990740740740706
0 0.5833645833333333 0.3097037037037037 0.005875000000000104 0.009296296296296263
0 0.5953697916666666 0.31096296296296294 0.007750000000000057 0.010925925925925884
0 0.5717395833333333 0.3038148148148148 0.0047760416666667044 0.007453703703703661
0 0.5704427083333333 0.2994907407407407 0.006354166666666572 0.009398148148148128
0 0.55703125 0.30085185185185187 0.003890624999999896 0.010750000000000013
0 0.5751458333333334 0.28577777777777774 0.002895833333333305 0.009499999999999991
0 0.5668802083333334 0.27958333333333335 0.001723958333333305 0.006592592592592597
0 0.559625 0.2707685185185185 0.004109374999999933 0.011379629629629595
0 0.5799166666666667 0.26912962962962966 0.007374999999999924 0.008111111111111102
0 0.5883020833333333 0.2683148148148148 0.004479166666666619 0.010759259259259264
0 0.5588645833333333 0.2471388888888889 0.004317708333333314 0.005944444444444407
0 0.5421510416666667 0.24728703703703703 0.005104166666666761 0.005824074074074041
0 0.5373489583333334 0.2514074074074074 0.0037968749999999813 0.007509259259259272
0 0.5536718749999999 0.23821296296296296 0.0067968750000000945 0.008444444444444449
0 0.5496770833333334 0.24225925925925926 0.0038750000000000286 0.00942592592592588
0 0.5338645833333333 0.23767592592592593 0.005427083333333371 0.007370370370370378
0 0.524 0.24241666666666667 0.005645833333333291 0.008583333333333316
0 0.5140677083333334 0.24615740740740744 0.005973958333333348 0.00764814814814814
0 0.5067291666666667 0.2451851851851852 0.0046510416666667 0.007879629629629622
0 0.519390625 0.24057407407407408 0.0030937500000000283 0.008481481481481479
0 0.5144166666666666 0.2386111111111111 0.005281250000000052 0.005925925925925905
0 0.5111302083333333 0.23947222222222223 0.005124999999999958 0.008731481481481462
0 0.465484375 0.23392592592592593 0.006718750000000048 0.009712962962962972
0 0.45002604166666665 0.2335925925925926 0.0026093749999999954 0.005185185185185206
0 0.44371354166666666 0.23372222222222222 0.0016562500000000331 0.004064814814814802
0 0.4686666666666667 0.22260185185185186 0.0036458333333333334 0.004759259259259247
0 0.47396354166666665 0.21799074074074073 0.006401041666666648 0.006203703703703693
0 0.48183333333333334 0.21691666666666667 0.002786458333333286 0.0040462962962963004
0 0.488671875 0.21621296296296297 0.002890624999999976 0.004462962962962957
0 0.49209895833333334 0.21812037037037035 0.0033489583333333665 0.00536111111111113
0 0.49241145833333333 0.2241203703703704 0.003208333333333376 0.006444444444444425
0 0.4962135416666667 0.2245462962962963 0.0031302083333333286 0.006472222222222231
0 0.5034166666666666 0.22474999999999998 0.003041666666666624 0.007314814814814794
0 0.508328125 0.22532407407407407 0.0021770833333333663 0.004481481481481459
0 0.5012395833333333 0.21974074074074074 0.0022812500000000567 0.0031388888888888764
0 0.496734375 0.21621296296296297 0.002328125000000014 0.0037314814814814563
0 0.5014166666666667 0.21144444444444446 0.0021770833333333663 0.005935185185185208
0 0.5032760416666666 0.2175277777777778 0.0034791666666667 0.0032037037037036848
0 0.5059739583333334 0.2222222222222222 0.004218749999999953 0.005268518518518516
0 0.5086875 0.22145370370370368 0.002427083333333376 0.002740740740740722
0 0.50696875 0.21866666666666668 0.0026302083333333095 0.004611111111111128
0 0.5071666666666667 0.214 0.0035729166666666145 0.0030000000000000083
0 0.5137031249999999 0.21725 0.0029739583333333523 0.0037500000000000107
0 0.5139270833333334 0.21319444444444444 0.0021927083333333525 0.0023703703703703725
0 0.5204947916666667 0.2135462962962963 0.0023906249999999575 0.002675925925925913
0 0.5171510416666666 0.22503703703703704 0.0028281250000000333 0.005592592592592612
0 0.5222864583333333 0.22455555555555556 0.0029062499999999622 0.005212962962962959
0 0.51996875 0.2315185185185185 0.004625000000000057 0.004342592592592591
0 0.5258177083333334 0.22310185185185183 0.0028489583333333474 0.005027777777777784
0 0.5292083333333334 0.22549074074074074 0.004286458333333343 0.00616666666666669
0 0.5268020833333333 0.2186851851851852 0.0031718749999999573 0.005351851851851826
0 0.529609375 0.2122962962962963 0.006921874999999981 0.007388888888888906
0 0.5356093749999999 0.21625925925925926 0.003802083333333428 0.0030370370370370117
0 0.5384739583333332 0.21878703703703703 0.0021979166666665625 0.0043611111111110925
0 0.53196875 0.22250925925925927 0.0017864583333333664 0.003861111111111126
0 0.5353072916666667 0.22549074074074074 0.003640624999999886 0.006305555555555557
0 0.5388854166666667 0.22932407407407407 0.003999999999999915 0.008037037037037044
0 0.5418593749999999 0.2220462962962963 0.0012968749999998862 0.004296296296296283
0 0.5443281249999999 0.22025 0.002395833333333286 0.0049444444444444215
0 0.5465052083333333 0.2251574074074074 0.0047760416666667044 0.0095462962962963
0 0.5545260416666667 0.21823148148148147 0.003177083333333286 0.003472222222222222
0 0.5543541666666666 0.22319444444444445 0.0033802083333332195 0.005018518518518533
0 0.5525208333333332 0.22692592592592595 0.003572916666666733 0.0036759259259259514
0 0.5579999999999999 0.22430555555555556 0.0031041666666666856 0.008222222222222218
0 0.5611406250000001 0.22896296296296295 0.0036927083333334093 0.005453703703703691
0 0.5606197916666668 0.23460185185185187 0.0028333333333333617 0.006444444444444451
0 0.5631197916666667 0.23953703703703702 0.0032708333333334376 0.004787037037036999
0 0.5640416666666667 0.22138888888888889 0.0035781249999999433 0.007537037037037024
0 0.5671406250000001 0.22037037037037038 0.0020625000000000187 0.003870370370370377
0 0.5677656249999999 0.2280925925925926 0.0015781250000001042 0.0023148148148148147
0 0.5684166666666666 0.23524074074074075 0.003015624999999981 0.006712962962962963
0 0.572625 0.2390925925925926 0.00397395833333339 0.0056666666666666705
0 0.5725 0.23183333333333334 0.0038333333333333995 0.004370370370370396
0 0.5720677083333333 0.2247222222222222 0.002864583333333333 0.003805555555555568
0 0.5710677083333333 0.2183425925925926 0.004588541666666638 0.004481481481481459
0 0.5735416666666667 0.2194259259259259 0.0018645833333332954 0.0052777777777777675
0 0.5752552083333333 0.22355555555555556 0.0039791666666666005 0.005157407407407401
0 0.5768854166666666 0.22691666666666666 0.0017604166666667235 0.005462962962962942
0 0.5795833333333333 0.22987962962962963 0.0031458333333333143 0.006703703703703712
0 0.58096875 0.22199074074074074 0.004531249999999905 0.006314814814814809
0 0.5829791666666666 0.22518518518518518 0.0034791666666665814 0.006092592592592578
0 0.586078125 0.2252777777777778 0.002177083333333248 0.004324074074074089
0 0.5869322916666667 0.22787962962962965 0.002578124999999905 0.0037222222222222053
0 0.5862552083333333 0.23123148148148148 0.0029531250000000378 0.004018518518518495
0 0.5894635416666667 0.24276851851851852 0.0035468749999999715 0.004138888888888914
0 0.5898385416666667 0.2282962962962963 0.0029062499999999622 0.005796296296296288
0 0.591375 0.22257407407407406 0.004109374999999933 0.00926851851851851
0 0.59653125 0.22758333333333333 0.002557291666666591 0.0031388888888888764
0 0.5951614583333333 0.22481481481481483 0.0019270833333332386 0.0043796296296296465
0 0.5999166666666667 0.23089814814814816 0.0021302083333334092 0.003685185185185202
0 0.6009270833333333 0.23433333333333334 0.001843749999999981 0.0019907407407407196
0 0.6041979166666667 0.2351574074074074 0.002895833333333305 0.0029907407407407578
0 0.5992031250000001 0.2166574074074074 0.0016822916666666761 0.0044166666666666495
0 0.6039947916666667 0.21696296296296297 0.001953125 0.004648148148148131
0 0.606953125 0.2155185185185185 0.0035989583333332575 0.006814814814814827
0 0.6103385416666666 0.2147962962962963 0.002890625000000095 0.004953703703703725
0 0.6036145833333334 0.22866666666666668 0.004505208333333381 0.010129629629629627
0 0.6073385416666667 0.22380555555555556 0.0023125000000000285 0.00544444444444444
0 0.6078125 0.23020370370370372 0.0012604166666667046 0.004824074074074055
0 0.6067864583333333 0.2341759259259259 0.005718750000000009 0.008666666666666652
0 0.6117916666666667 0.23673148148148146 0.003083333333333371 0.004240740740740726
0 0.6142083333333334 0.23489814814814813 0.0023802083333334186 0.003703703703703704
0 0.609921875 0.2235 0.002520833333333409 0.003685185185185202
0 0.610203125 0.2265925925925926 0.0035937500000000474 0.003370370370370358
0 0.6126302083333334 0.2247962962962963 0.002791666666666733 0.00824074074074072
0 0.615859375 0.22271296296296297 0.0014687500000000852 0.004638888888888881
0 0.6158802083333333 0.2296111111111111 0.0026614583333333997 0.0053333333333333245
0 0.6165729166666666 0.22478703703703704 0.002447916666666572 0.003592592592592588
0 0.6186145833333333 0.22767592592592592 0.001677083333333229 0.003472222222222222
0 0.620734375 0.2243425925925926 0.0025885416666665624 0.0045925925925925735
0 0.6185520833333332 0.23337962962962963 0.003010416666666771 0.005138888888888899
0 0.6200416666666667 0.23825 0.0026614583333333997 0.0028055555555555303
0 0.6218072916666666 0.23445370370370372 0.0018593750000000854 0.004953703703703725
0 0.6248697916666667 0.22424074074074074 0.0020937499999999906 0.006259259259259251
0 0.6239479166666667 0.23096296296296295 0.0021979166666665625 0.004398148148148148
0 0.6248177083333334 0.23269444444444445 0.003703125000000066 0.0051018518518518435
0 0.6269166666666667 0.23772222222222222 0.004911458333333248 0.004296296296296283
0 0.6218645833333334 0.2470925925925926 0.0023072916666665813 0.0037314814814814563
0 0.63125 0.2235 0.001895833333333267 0.0032962962962962985
0 0.6301197916666667 0.22775925925925924 0.0024843749999999905 0.0026666666666666622
0 0.6298020833333333 0.23194444444444445 0.0015208333333333712 0.004796296296296303
0 0.631546875 0.23352777777777778 0.004526041666666695 0.006648148148148155
0 0.6329375 0.23838888888888887 0.002729166666666553 0.0031574074074074043
0 0.637265625 0.2377314814814815 0.0030572916666666097 0.003694444444444453
0 0.6347135416666667 0.2260925925925926 0.002463541666666676 0.0034166666666666646
0 0.6369166666666667 0.22743518518518518 0.002776041666666629 0.0035740740740740867
0 0.63790625 0.22505555555555556 0.002390625000000076 0.0038796296296296274
0 0.6411041666666667 0.22640740740740742 0.001848958333333428 0.003657407407407397
0 0.640953125 0.2311111111111111 0.003354166666666695 0.005092592592592593
0 0.64596875 0.22568518518518518 0.002401041666666733 0.00514814814814815
0 0.6452395833333333 0.23058333333333333 0.0037708333333332194 0.006490740740740733
0 0.6518125 0.22810185185185183 0.0038750000000000286 0.00523148148148146
0 0.6530104166666667 0.23375925925925928 0.0028020833333333903 0.006564814814814792
0 0.658625 0.22467592592592592 0.005140624999999943 0.006620370370370349
0 0.6612395833333333 0.23074074074074072 0.0017187500000000948 0.004342592592592591
0 0.6607864583333334 0.23974074074074075 0.003687499999999962 0.008314814814814832
0 0.6638125 0.2311388888888889 0.0030260416666666383 0.006509259259259234
0 0.66659375 0.2341388888888889 0.003791666666666771 0.0036759259259259514
0 0.6654010416666666 0.22524074074074074 0.0024843749999999905 0.00523148148148146
0 0.6688541666666666 0.2264722222222222 0.0018229166666666667 0.00573148148148148
0 0.6727708333333333 0.23354629629629628 0.005380208333333295 0.0052777777777777675
0 0.6742447916666666 0.23976851851851852 0.003187499999999943 0.004675925925925884
0 0.6768645833333333 0.22846296296296298 0.0032708333333334376 0.006212962962962944
0 0.6801666666666667 0.22748148148148148 0.00415625000000001 0.004907407407407418
0 0.6803489583333333 0.2330925925925926 0.004114583333333381 0.007120370370370368
0 0.6841354166666667 0.23164814814814816 0.005854166666666553 0.010407407407407416
0 0.6890416666666667 0.23455555555555554 0.0033854166666666668 0.004981481481481477
0 0.6850677083333333 0.23977777777777776 0.0035520833333334187 0.00446296296296301
0 0.6882187500000001 0.2596574074074074 0.0030572916666666097 0.003870370370370324
0 0.6946302083333333 0.23247222222222222 0.003937499999999971 0.005638888888888866
0 0.7013385416666666 0.23003703703703704 0.0021354166666666193 0.002138888888888891
0 0.7051979166666666 0.23316666666666666 0.004718749999999971 0.005805555555555539
0 0.7021510416666668 0.2404537037037037 0.0031406250000001043 0.005453703703703691
0 0.707703125 0.24147222222222225 0.0032083333333332575 0.004398148148148148
0 0.7133229166666666 0.2308425925925926 0.003536458333333314 0.004351851851851841
0 0.7187812499999999 0.23136111111111113 0.002614583333333324 0.00382407407407407
0 0.722125 0.23252777777777778 0.002963541666666695 0.0035833333333333377
0 0.721453125 0.23599074074074075 0.004744791666666733 0.004833333333333359
0 0.7249947916666667 0.23667592592592593 0.003911458333333447 0.005212962962962959
0 0.7275833333333334 0.23469444444444446 0.0038854166666666854 0.0037222222222222053
0 0.7335416666666668 0.2350925925925926 0.0038645833333333713 0.004675925925925937
0 0.7464270833333334 0.2416944444444444 0.0034427083333333996 0.005212962962962959
0 0.7491770833333333 0.2484814814814815 0.0031041666666666856 0.0030000000000000083
0 0.7598020833333333 0.256712962962963 0.0025885416666665624 0.0064074074074073695
0 0.737390625 0.27535185185185185 0.003453125000000057 0.006879629629629584
0 0.7322760416666667 0.2758333333333333 0.0040729166666667515 0.006657407407407458
0 0.7525416666666668 0.2766851851851852 0.0021927083333333525 0.007787037037037007
0 0.7730312500000001 0.2794074074074074 0.007781250000000029 0.006796296296296325
0 0.7646302083333333 0.2347037037037037 0.0030364583333332956 0.005259259259259266
0 0.77178125 0.23621296296296299 0.004291666666666553 0.0049629629629629754
0 0.775125 0.23569444444444446 0.003921875000000104 0.007620370370370388
0 0.7804895833333333 0.23591666666666666 0.005057291666666686 0.008648148148148125
0 0.785921875 0.2363425925925926 0.001895833333333267 0.005814814814814789
0 0.7892291666666666 0.2696944444444444 0.003468749999999924 0.00587962962962965
0 0.79840625 0.255212962962963 0.003640624999999886 0.004592592592592626
0 0.79734375 0.26529629629629625 0.004848958333333305 0.006425925925925976
0 0.8020729166666667 0.2590462962962963 0.00514583333333339 0.005287037037037071
0 0.81040625 0.253212962962963 0.005020833333333267 0.009546296296296245
0 0.8269375 0.29907407407407405 0.003890624999999896 0.008750000000000042
0 0.783875 0.3443703703703704 0.004656250000000028 0.013435185185185177
0 0.8228020833333333 0.21332407407407405 0.0031093749999998956 0.005805555555555539
0 0.8327135416666667 0.21364814814814817 0.002968749999999905 0.0036203703703703936
0 0.833203125 0.21791666666666668 0.003015624999999981 0.003694444444444453
0 0.8420677083333333 0.21875 0.0021406250000000665 0.006888888888888887
0 0.8335781250000001 0.34450000000000003 0.005833333333333238 0.00942592592592588
0 0.8800885416666666 0.3605277777777778 0.006119791666666667 0.012555555555555506
0 0.8846354166666667 0.3239537037037037 0.008536458333333267 0.012851851851851847
0 0.878078125 0.29545370370370366 0.004416666666666676 0.006351851851851865
0 0.8831145833333333 0.29650925925925925 0.006151041666666638 0.006231481481481498
0 0.8874270833333333 0.29044444444444445 0.007088541666666733 0.006888888888888939
0 0.8386354166666667 0.22010185185185185 0.0032031250000000475 0.005722222222222228
0 0.8451093749999999 0.2541851851851852 0.003802083333333428 0.007333333333333295
0 0.854046875 0.25651851851851853 0.004911458333333248 0.006351851851851865
0 0.906765625 0.3081296296296296 0.007390625000000028 0.010537037037037032
0 0.9058541666666666 0.32439814814814816 0.008182291666666685 0.009657407407407361
0 0.909765625 0.33496296296296296 0.006036458333333409 0.007814814814814865
0 0.91859375 0.3365185185185185 0.006197916666666714 0.009759259259259226
0 0.9217135416666667 0.33017592592592593 0.004093750000000066 0.009583333333333355
0 0.9360989583333333 0.3358333333333333 0.006869791666666695 0.011370370370370345
0 0.9378489583333334 0.3441018518518518 0.006416666666666752 0.006796296296296325
0 0.9373281250000001 0.3512222222222222 0.006682291666666629 0.010638888888888897
0 0.9446510416666667 0.35012037037037036 0.005208333333333333 0.007814814814814865
0 0.94375 0.33794444444444444 0.005203124999999887 0.01007407407407407
0 0.9424114583333334 0.31199074074074074 0.003999999999999915 0.004999999999999979
0 0.956640625 0.3466203703703704 0.006786458333333438 0.011370370370370345
0 0.963546875 0.34108333333333335 0.0076875000000001135 0.007500000000000021
0 0.9631979166666667 0.3211111111111111 0.006588541666666714 0.007157407407407424
0 0.9640364583333334 0.3147037037037037 0.004911458333333248 0.003981481481481439
0 0.9681197916666666 0.3180462962962963 0.006031249999999962 0.006768518518518468
0 0.9729375 0.3154166666666666 0.004395833333333362 0.007898148148148123
0 0.97721875 0.31827777777777777 0.004614583333333399 0.007231481481481431
0 0.9940260416666666 0.3279814814814815 0.007062499999999972 0.00851851851851856