0 0.3780208333333333 0.5182685185185185 0.005567708333333362 0.00474074074074064
0 0.38457291666666665 0.5118981481481482 0.0021562500000000522 0.009138888888888788
0 0.390078125 0.5095092592592593 0.0031822916666666146 0.006185185185185244
0 0.4016614583333334 0.5105277777777778 0.002046875000000033 0.006083333333333274
0 0.39771354166666667 0.49387037037037035 0.0025416666666667237 0.007037037037036953
0 0.40488541666666666 0.4877592592592592 0.0036927083333332905 0.007046296296296203
0 0.4394322916666667 0.48467592592592595 0.004484374999999948 0.009138888888888788
0 0.42461979166666663 0.4771481481481482 0.0032760416666666476 0.008361111111111087
0 0.42119791666666667 0.4693981481481481 0.003072916666666714 0.003064814814814764
0 0.41915104166666667 0.4724722222222222 0.004760416666666719 0.005787037037037037
0 0.41805729166666666 0.4619166666666667 0.0036666666666666475 0.011055555555555607
0 0.42575 0.47232407407407406 0.005322916666666681 0.007685185185185143
0 0.426890625 0.4676759259259259 0.005963541666666691 0.007425925925925909
0 0.4478489583333333 0.45405555555555555 0.0036718749999999764 0.006240740740740749
0 0.43821354166666665 0.44499074074074074 0.003109375000000014 0.005953703703703657
0 0.44651041666666663 0.4263888888888889 0.0026979166666667 0.005768518518518536
0 0.4563333333333333 0.3332685185185185 0.003354166666666695 0.006148148148148135
0 0.4712760416666667 0.3243611111111111 0.0025520833333333806 0.005157407407407453
0 0.48112499999999997 0.33525925925925926 0.0018333333333333238 0.004305555555555535
0 0.4823177083333333 0.33305555555555555 0.00283854166666669 0.0062129629629629965
0 0.48506770833333335 0.3353425925925926 0.002671875000000057 0.004388888888888897
0 0.49571875 0.33319444444444446 0.0026197916666666527 0.005324074074074074
0 0.4996302083333333 0.3274722222222222 0.002531249999999948 0.005129629629629596
0 0.50834375 0.3272222222222222 0.0030937500000000283 0.004425925925925901
0 0.49100520833333333 0.35448148148148145 0.0030052083333333237 0.008490740740740703
0 0.490828125 0.366 0.0028541666666666763 0.0064074074074073695
0 0.48801041666666667 0.36691666666666667 0.0020104166666666144 0.004916666666666616
0 0.492984375 0.35706481481481483 0.003359375000000024 0.003472222222222222
0 0.49567187500000004 0.35753703703703704 0.0014270833333333381 0.004981481481481477
0 0.5002916666666667 0.35557407407407404 0.003505208333333343 0.00706481481481481
0 0.5031197916666666 0.35583333333333333 0.0027031250000000284 0.007527777777777774
0 0.5054166666666666 0.3548611111111111 0.001734374999999962 0.0040462962962963004
0 0.5082760416666666 0.36946296296296294 0.0025520833333333806 0.006027777777777769
0 0.5203541666666667 0.38623148148148145 0.004036458333333334 0.008351851851851834
0 0.522984375 0.3673425925925926 0.0030781250000000426 0.004851851851851861
0 0.5288020833333333 0.36764814814814817 0.0038281249999999527 0.004240740740740778
0 0.5405729166666667 0.35914814814814816 0.0023177083333332385 0.004990740740740728
0 0.5489739583333333 0.36233333333333334 0.0025520833333333806 0.00522222222222221
0 0.5486145833333332 0.34388888888888886 0.001723958333333305 0.004129629629629664
0 0.5539791666666667 0.3508425925925926 0.002864583333333333 0.006111111111111132
0 0.5408854166666667 0.3088611111111111 0.0035885416666666 0.005972222222222264
0 0.5659739583333334 0.3342314814814815 0.003229166666666572 0.00501851851851848
0 0.5739427083333334 0.3371111111111111 0.002124999999999962 0.006361111111111115
0 0.5848177083333332 0.338037037037037 0.0038281249999999527 0.006657407407407458
0 0.5815052083333333 0.33721296296296294 0.002796874999999943 0.005462962962962942
0 0.5815572916666666 0.33023148148148146 0.003187499999999943 0.004111111111111162
0 0.5916197916666667 0.28480555555555553 0.002619791666666771 0.007111111111111065
0 0.6147552083333333 0.2753888888888889 0.004114583333333381 0.010027777777777816
0 0.6338020833333334 0.26331481481481483 0.004838541666666648 0.006749999999999966
0 0.6418020833333333 0.25373148148148145 0.0038333333333333995 0.005722222222222176
0 0.6349166666666667 0.24693518518518517 0.004255208333333371 0.00501851851851848
0 0.6511093750000001 0.25863888888888886 0.0020104166666667328 0.002944444444444398
0 0.6416041666666668 0.2319351851851852 0.004385416666666705 0.005166666666666652
0 0.6580260416666667 0.2366851851851852 0.004083333333333409 0.002712962962962943
0 0.6606562500000001 0.2407037037037037 0.002848958333333229 0.00543518518518519
0 0.6640677083333333 0.23725925925925928 0.0031041666666666856 0.006749999999999993
0 0.6720885416666668 0.22562962962962962 0.0048697916666666195 0.00514814814814815
0 0.6756093750000001 0.2209351851851852 0.0025833333333333524 0.0051203703703703455
0 0.6787552083333334 0.2200462962962963 0.0018906250000000568 0.006314814814814809
0 0.6738385416666667 0.20810185185185184 0.0029322916666667236 0.0055185185185185
0 0.6788697916666667 0.21028703703703705 0.004625000000000057 0.007379629629629655
0 0.6387135416666666 0.19355555555555554 0.003333333333333381 0.003962962962962938
0 0.6898697916666666 0.22075925925925924 0.0038750000000000286 0.007120370370370368
0 0.7011875 0.21285185185185185 0.004260416666666582 0.0042037037037037225
0 0.7054791666666667 0.2078888888888889 0.003286458333333305 0.003111111111111124
0 0.7071510416666666 0.20646296296296296 0.0030781249999999242 0.003601851851851839
0 0.7092604166666666 0.20877777777777776 0.005937500000000048 0.006009259259259268
0 0.7132916666666667 0.20922222222222223 0.0031510416666667616 0.005407407407407384
0 0.7103177083333333 0.21594444444444444 0.005140624999999943 0.006611111111111099
0 0.7085625 0.19478703703703704 0.002067708333333229 0.0032037037037036848
0 0.71553125 0.19642592592592592 0.002453125000000019 0.0038333333333333205
0 0.7267499999999999 0.1912685185185185 0.003401041666666771 0.005240740740740764
0 0.7192708333333333 0.21766666666666667 0.0035416666666667615 0.005027777777777784
0 0.7238229166666666 0.21823148148148147 0.0020104166666667328 0.004999999999999979
0 0.72221875 0.22225 0.004229166666666609 0.005129629629629649
0 0.72475 0.2129537037037037 0.003125 0.004981481481481477
0 0.7294427083333334 0.21814814814814815 0.0022968749999999244 0.004240740740740726
0 0.7319583333333333 0.21482407407407406 0.0033645833333333522 0.006083333333333327
0 0.7375468749999999 0.2165462962962963 0.0023333333333333426 0.007481481481481467
0 0.7404635416666667 0.21864814814814815 0.0034791666666665814 0.0064259259259259235
0 0.746875 0.21480555555555556 0.0036718750000000948 0.005768518518518536
0 0.7500312499999999 0.21464814814814814 0.002791666666666733 0.005157407407407401
0 0.7585364583333334 0.21387962962962964 0.003734375000000038 0.004481481481481459
0 0.7415937499999999 0.19216666666666665 0.00220833333333322 0.0029351851851852
0 0.7462760416666666 0.19355555555555554 0.002072916666666676 0.0036759259259259514
0 0.7513385416666666 0.20510185185185184 0.002812500000000047 0.006555555555555541
0 0.7450677083333334 0.20412037037037037 0.001848958333333428 0.005175925925925902
0 0.7532604166666667 0.20738888888888887 0.0034218750000000854 0.004388888888888897
0 0.7575416666666667 0.2058888888888889 0.0017656249999999337 0.002564814814814798
0 0.7542604166666667 0.20228703703703704 0.0027083333333332384 0.003268518518518493
0 0.7436145833333333 0.18599074074074073 0.0018697916666667424 0.0019907407407407196
0 0.74403125 0.1905462962962963 0.0028229166666667044 0.004148148148148165
0 0.746078125 0.18599074074074073 0.002406249999999943 0.004444444444444455
0 0.7487239583333333 0.1862777777777778 0.0028802083333334377 0.003999999999999994
0 0.7514895833333333 0.18664814814814815 0.0028697916666667804 0.003916666666666684
0 0.753 0.1910925925925926 0.0019895833333334187 0.0017592592592592382
0 0.7533802083333333 0.1928888888888889 0.0030052083333333237 0.0032499999999999916
0 0.7483489583333333 0.19585185185185186 0.0029322916666667236 0.003870370370370377
0 0.7553854166666666 0.19767592592592592 0.002614583333333324 0.0032499999999999916
0 0.760671875 0.19597222222222221 0.0021354166666666193 0.003935185185185185
0 0.7668125 0.19939814814814813 0.004291666666666553 0.005259259259259266
0 0.7655833333333334 0.1932962962962963 0.0019427083333333427 0.0037129629629629544
0 0.7699947916666667 0.19240740740740742 0.0020156249999999432 0.00212962962962964
0 0.7711302083333333 0.19425 0.002156249999999934 0.003361111111111107
0 0.7701197916666668 0.19678703703703704 0.0032656249999999903 0.0037314814814814563
0 0.7742239583333334 0.1981388888888889 0.002526041666666619 0.004796296296296303
0 0.7782395833333333 0.19875925925925925 0.002510416666666752 0.0017314814814814857
0 0.781 0.20041666666666666 0.0026093750000001138 0.002185185185185198
0 0.7831458333333334 0.2 0.003567708333333286 0.004435185185185204
0 0.79740625 0.19985185185185186 0.0025000000000000946 0.003518518518518529
0 0.7920989583333333 0.20298148148148148 0.0032760416666666476 0.004249999999999977
0 0.7784739583333333 0.18500925925925926 0.00078125 0.0010555555555555429
0 0.7757552083333333 0.18686111111111112 0.003046874999999953 0.0033148148148148
0 0.780296875 0.18982407407407406 0.0021354166666666193 0.003101851851851873
0 0.781875 0.18662037037037038 0.003468749999999924 0.0036666666666666475
0 0.7842447916666667 0.18639814814814815 0.0027500000000001044 0.004240740740740726
0 0.7869166666666667 0.19112037037037036 0.0022552083333332953 0.003861111111111126
0 0.7889791666666667 0.1875 0.002734375 0.002555555555555547
0 0.7926875 0.19037962962962965 0.0039531250000000755 0.003805555555555568
0 0.79065625 0.1934537037037037 0.0023697916666667613 0.00361111111111109
0 0.7919947916666668 0.18519444444444444 0.0028697916666667804 0.003055555555555566
0 0.7942187500000001 0.18546296296296297 0.0019166666666665813 0.003805555555555568
0 0.7916822916666667 0.17866666666666667 0.0014062499999999052 0.002898148148148144
0 0.7946041666666667 0.17903703703703705 0.002182291666666695 0.005268518518518516
0 0.7981510416666667 0.17819444444444443 0.0031510416666667616 0.004611111111111128
0 0.7973229166666667 0.18278703703703703 0.002510416666666752 0.0029537037037037014
0 0.7969166666666666 0.18747222222222223 0.0028593749999998863 0.003935185185185185
0 0.7991041666666666 0.19702777777777777 0.002057291666666572 0.002981481481481507
0 0.7967083333333334 0.1934722222222222 0.0025885416666665624 0.004268518518518531
0 0.8030208333333333 0.19567592592592595 0.002390625000000076 0.003351851851851856
0 0.8011822916666667 0.18814814814814815 0.0025000000000000946 0.003638888888888895
0 0.8068489583333334 0.19020370370370368 0.0018749999999999527 0.00263888888888891
0 0.8066041666666667 0.1846759259259259 0.001901041666666714 0.003055555555555566
0 0.8060885416666667 0.19697222222222222 0.0036302083333332293 0.003490740740740724
0 0.8114479166666667 0.19827777777777778 0.002692708333333371 0.003851851851851875
0 0.8111406250000001 0.19087037037037036 0.00227604166666661 0.003361111111111107
0 0.81484375 0.19207407407407406 0.002463541666666676 0.003925925925925934
0 0.8109270833333333 0.18726851851851853 0.0025833333333333524 0.003944444444444436
0 0.8038697916666667 0.16385185185185186 0.004145833333333352 0.0025462962962962965
0 0.823078125 0.17437962962962963 0.002000000000000076 0.0031296296296296254
0 0.8263697916666667 0.18228703703703705 0.0012864583333332292 0.0033981481481481627
0 0.8323333333333333 0.18650925925925926 0.0019114583333333713 0.0040462962962963004
0 0.831 0.20409259259259258 0.0021614583333333806 0.007500000000000021
0 0.8334218750000001 0.22298148148148147 0.0024947916666666478 0.0037129629629629544
0 0.834734375 0.2268888888888889 0.0026354166666666384 0.0035462962962962813
0 0.8491510416666667 0.2325185185185185 0.002359375000000104 0.0015000000000000042
0 0.8512135416666666 0.23237037037037037 0.0016822916666666761 0.0020370370370370264
0 0.8594947916666666 0.2334351851851852 0.0028541666666666763 0.00250925925925924
0 0.8625885416666667 0.23316666666666666 0.0025416666666667237 0.0040277777777777985
0 0.8682291666666667 0.23535185185185187 0.0023072916666665813 0.004314814814814811
0 0.86553125 0.23360185185185184 0.0033281249999999336 0.003268518518518493
0 0.8635572916666666 0.2813333333333333 0.003083333333333371 0.00646296296296298
0 0.8242604166666666 0.16500925925925927 0.0013906250000000379 0.003907407407407432
0 0.8318125 0.1599074074074074 0.001734374999999962 0.0028333333333333353
0 0.8340052083333334 0.1594722222222222 0.002734375 0.003518518518518529
0 0.8374843750000001 0.15955555555555556 0.0029531250000000378 0.00425925925925928
0 0.8418281249999999 0.15841666666666668 0.0037604166666665626 0.0035740740740740867
0 0.8370468750000001 0.17102777777777778 0.0019114583333333713 0.0020740740740740823
0 0.83721875 0.1673611111111111 0.002338541666666553 0.003694444444444453
0 0.8399010416666666 0.1742962962962963 0.001848958333333428 0.0028333333333333353
0 0.8379166666666666 0.1725925925925926 0.002526041666666619 0.0030370370370370117
0 0.8445104166666667 0.16949074074074075 0.0030260416666666383 0.003324074074074051
0 0.8460156249999999 0.17510185185185187 0.002057291666666572 0.0037222222222222053
0 0.8447135416666666 0.18204629629629632 0.0013281250000000946 0.0021574074074073926
0 0.8477447916666667 0.18301851851851852 0.0019374999999998957 0.003648148148148146
0 0.84928125 0.1716574074074074 0.0014375000000001136 0.003768518518518512
0 0.854203125 0.18069444444444446 0.0018541666666666383 0.0040277777777777985
0 0.8564583333333334 0.17453703703703705 0.0026562499999999525 0.007231481481481484
0 0.8574947916666668 0.18037037037037038 0.003229166666666572 0.006120370370370383
0 0.8502552083333333 0.1639722222222222 0.002057291666666572 0.00250925925925924
0 0.8531354166666667 0.16521296296296298 0.0014218750000000095 0.0034444444444444696
0 0.8486979166666667 0.16395370370370368 0.0015729166666666571 0.003851851851851875
0 0.8508437499999999 0.16017592592592594 0.003182291666666733 0.003925925925925934
0 0.8568385416666667 0.16135185185185183 0.0024895833333334377 0.004129629629629611
0 0.859625 0.1688425925925926 0.0022968749999999244 0.003592592592592588
0 0.8611822916666667 0.16156481481481483 0.003296874999999962 0.004805555555555553
0 0.8651822916666667 0.1632222222222222 0.002354166666666657 0.004231481481481475
0 0.8667916666666666 0.16519444444444445 0.0020833333333333333 0.0032499999999999916
0 0.87221875 0.1643703703703704 0.003677083333333305 0.004453703703703705
0 0.876515625 0.16312962962962962 0.002520833333333409 0.002888888888888893
0 0.879796875 0.16180555555555556 0.00404166666666678 0.003657407407407397
0 0.8748541666666667 0.16449074074074074 0.0030208333333334282 0.005379629629629632
0 0.8779166666666666 0.1667037037037037 0.002156249999999934 0.0045555555555555705
0 0.8812760416666666 0.1699074074074074 0.003911458333333447 0.008694444444444432
0 0.8843958333333333 0.16393518518518518 0.0035781249999999433 0.003361111111111107
0 0.8887239583333333 0.16262962962962962 0.003130208333333447 0.003944444444444436
0 0.8872239583333333 0.16678703703703704 0.0015104166666667141 0.005175925925925902
0 0.8850677083333333 0.16931481481481483 0.003130208333333447 0.005453703703703691
0 0.8696145833333334 0.19964814814814816 0.0038802083333332386 0.0056666666666666705
0 0.8810625000000001 0.20228703703703704 0.003619791666666572 0.003861111111111126
0 0.8810729166666668 0.2063796296296296 0.0037656250000000094 0.0047685185185184975
0 0.8845520833333332 0.20751851851851852 0.003520833333333447 0.0045925925925925735
0 0.8870312499999999 0.20313888888888887 0.0034374999999999527 0.005370370370370381
0 0.8908333333333334 0.20348148148148149 0.003406249999999981 0.006046296296296271
0 0.9050208333333334 0.20496296296296299 0.0026093750000001138 0.004240740740740726
0 0.9296927083333333 0.20691666666666667 0.0030520833333333997 0.005796296296296288
0 0.9418333333333333 0.19523148148148148 0.0023802083333334186 0.00726851851851854
0 0.9531770833333333 0.19562962962962963 0.0021510416666667234 0.006305555555555557
0 0.9598125 0.19727777777777777 0.0024791666666667805 0.006175925925925941
0 0.9671406250000001 0.1939537037037037 0.0028333333333333617 0.005462962962962942
0 0.9781458333333333 0.1945925925925926 0.0037968749999999813 0.009240740740740758
0 0.9799739583333333 0.21150925925925926 0.006927083333333428 0.005898148148148152
0 0.9886458333333333 0.2106111111111111 0.0038333333333333995 0.005027777777777784
0 0.9937239583333334 0.21661111111111112 0.0038854166666666854 0.0049259259259259195
0 0.9827604166666667 0.22024074074074076 0.003031250000000085 0.0033333333333333544
0 0.9789791666666667 0.21939814814814815 0.0030260416666666383 0.005250000000000015
0 0.9673802083333333 0.21692592592592594 0.0020989583333334374 0.0049444444444444215
0 0.9955572916666667 0.2084814814814815 0.0015625 0.003805555555555568
0 0.9990677083333334 0.19013888888888889 0.0018645833333332954 0.003990740740740743
0 0.8925885416666667 0.16875 0.0011822916666666572 0.002759259259259276
0 0.8954947916666666 0.16560185185185183 0.0034947916666666855 0.005898148148148152
0 0.8982656250000001 0.16283333333333336 0.0021145833333333047 0.002398148148148125
0 0.8991666666666667 0.1653148148148148 0.0033281249999999336 0.004222222222222224
0 0.898046875 0.168 0.004114583333333381 0.0040277777777777985
0 0.8974583333333332 0.17157407407407407 0.005708333333333353 0.004148148148148165
0 0.9023697916666666 0.1665648148148148 0.0026614583333333997 0.005787037037037037
0 0.9029479166666667 0.1731574074074074 0.002963541666666695 0.003981481481481492
0 0.9046458333333334 0.1675925925925926 0.002796874999999943 0.004324074074074089
0 0.908421875 0.1660925925925926 0.0038854166666666854 0.003916666666666684
0 0.9079583333333333 0.16917592592592592 0.0038802083333332386 0.004537037037037016
0 0.9100677083333333 0.1672685185185185 0.0030885416666665815 0.008129629629629605
0 0.9098229166666666 0.17400925925925925 0.003786458333333324 0.004388888888888897
0 0.913734375 0.1725833333333333 0.0031562499999999716 0.004685185185185187
0 0.914421875 0.16630555555555557 0.0031406250000001043 0.004342592592592591
0 0.9162760416666667 0.17087962962962963 0.0034895833333332387 0.007388888888888906
0 0.9206927083333334 0.16827777777777778 0.0030885416666665815 0.004398148148148148
0 0.9229531249999999 0.17267592592592593 0.0030520833333333997 0.005796296296296288
0 0.9241041666666666 0.16839814814814816 0.003244791666666676 0.006129629629629634
0 0.9292135416666666 0.1688888888888889 0.004385416666666705 0.005259259259259266
0 0.9287135416666668 0.17482407407407408 0.004239583333333267 0.005824074074074093
0 0.931796875 0.17482407407407408 0.0025520833333333806 0.005824074074074093
0 0.9326822916666667 0.17083333333333334 0.0032760416666666476 0.005814814814814789
0 0.93434375 0.17278703703703704 0.003291666666666752 0.004722222222222243
0 0.9338125 0.17675925925925925 0.002692708333333371 0.004518518518518515
0 0.9366197916666666 0.1733425925925926 0.0026979166666665816 0.0039722222222222416
0 0.9361666666666667 0.17719444444444446 0.002458333333333229 0.003537037037037031
0 0.9414010416666667 0.17005555555555554 0.003343750000000038 0.0031388888888888764
0 0.94096875 0.17282407407407407 0.00202083333333339 0.003685185185185202
0 0.9400364583333333 0.17803703703703705 0.0025312500000000664 0.003361111111111107
0 0.9433541666666667 0.17192592592592593 0.0027708333333334185 0.004666666666666685
0 0.9440364583333333 0.1763148148148148 0.0035989583333332575 0.0036296296296296445
0 0.9462499999999999 0.17188888888888887 0.004067708333333305 0.005694444444444423
0 0.948671875 0.17216666666666666 0.00390625 0.003481481481481473
0 0.9476979166666666 0.17499074074074075 0.004395833333333362 0.0035740740740740867
0 0.95103125 0.1740648148148148 0.0049218749999999055 0.004500000000000013
0 0.9535416666666666 0.1736388888888889 0.0030208333333334282 0.0051203703703703455
0 0.9582239583333333 0.17544444444444443 0.004078124999999962 0.003916666666666684
0 0.961359375 0.17524074074074072 0.001968750000000104 0.0031388888888888764
0 0.9607864583333333 0.17757407407407408 0.0030052083333333237 0.0037407407407407597
0 0.9636354166666667 0.1795925925925926 0.002104166666666648 0.003703703703703704
0 0.9676718750000001 0.18080555555555555 0.002786458333333286 0.0027962962962962794
0 0.9254791666666667 0.1872037037037037 0.0025833333333333524 0.0037314814814814563
0 0.9696822916666666 0.18204629629629632 0.0022968749999999244 0.0037870370370370137
0 0.9703906250000001 0.18010185185185185 0.0033854166666666668 0.0037962962962963176
0 0.9741770833333334 0.18159259259259258 0.0033072916666666194 0.004916666666666669
0 0.97903125 0.18075 0.001734374999999962 0.0037962962962963176
0 0.9824270833333333 0.18216666666666667 0.00358333333333339 0.004953703703703725
0 0.986625 0.20698148148148146 0.0024791666666667805 0.0032962962962962985
0 0.8934791666666667 0.17382407407407408 0.0020260416666666005 0.006638888888888903
0 0.8729739583333332 0.17101851851851851 0.0038750000000000286 0.004537037037037016