0 0.24041145833333333 0.8348333333333333 0.007213541666666679 0.008425925925925842
0 0.24216666666666667 0.8253055555555556 0.00411979166666665 0.013555555555555649
0 0.23928125 0.820537037037037 0.006593749999999983 0.0091574074074075
0 0.2558697916666667 0.8267685185185185 0.007624999999999993 0.0091574074074075
0 0.25308854166666667 0.7796851851851851 0.005359374999999981 0.012453703703703746
0 0.27277083333333335 0.7714444444444444 0.010921875000000015 0.012092592592592542
0 0.2843125 0.7487314814814815 0.004328124999999972 0.01282407407407399
0 0.284828125 0.7293055555555555 0.0049479166666666664 0.012092592592592542
0 0.2943072916666667 0.725462962962963 0.007833333333333314 0.0073240740740741495
0 0.3218229166666667 0.7446944444444444 0.006390624999999991 0.014287037037037096
0 0.29863541666666665 0.7337037037037036 0.005359374999999981 0.015018518518518544
0 0.3026510416666667 0.7148333333333333 0.009276041666666639 0.011722222222222299
0 0.292453125 0.6974351851851852 0.0037083333333332766 0.0076944444444443936
0 0.2808072916666667 0.7036574074074075 0.006802083333333305 0.010629629629629647
0 0.3265625 0.6591481481481481 0.008447916666666682 0.008796296296296297
0 0.33933854166666666 0.67325 0.006390624999999991 0.0091574074074075
0 0.34315104166666666 0.6087685185185185 0.004536458333333352 0.0076944444444443936
0 0.43022916666666666 0.48876851851851855 0.0030937500000000283 0.008796296296296297
0 0.45042708333333337 0.5136851851851851 0.003505208333333343 0.00806481481481485
0 0.44754166666666667 0.5219259259259259 0.003505208333333343 0.006962962962962946
0 0.4028177083333333 0.4858425925925926 0.003505208333333343 0.006592592592592491
0 0.399828125 0.4874907407407407 0.004536458333333352 0.008425925925925842
0 0.401578125 0.46349074074074076 0.004328124999999972 0.010990740740740745
0 0.40518750000000003 0.46825 0.0037083333333332766 0.008796296296296297
0 0.40786458333333336 0.46770370370370373 0.0049479166666666664 0.006231481481481498
0 0.4101354166666667 0.46624074074074073 0.0037083333333332766 0.0040277777777777985
0 0.41641666666666666 0.4658703703703704 0.003916666666666657 0.0076944444444443936
0 0.4198177083333333 0.46294444444444444 0.004536458333333352 0.009157407407407395
0 0.42311979166666663 0.46111111111111114 0.004536458333333352 0.006962962962962946
0 0.35665104166666667 0.4259351851851852 0.004739583333333286 0.006962962962962946
0 0.37159375 0.41256481481481483 0.004119791666666709 0.008796296296296297
0 0.38859375 0.4332592592592593 0.003505208333333343 0.009157407407407395
0 0.3912760416666667 0.4296018518518519 0.003505208333333343 0.006231481481481498
0 0.3934375 0.4317962962962963 0.004536458333333352 0.0076944444444443936
0 0.39478125000000003 0.4279537037037037 0.005979166666666676 0.0073240740740740445
0 0.409515625 0.42685185185185187 0.0049479166666666664 0.005861111111111149
0 0.4196145833333333 0.41530555555555554 0.004536458333333352 0.006962962962962946
0 0.42435416666666664 0.414212962962963 0.0037083333333332766 0.006962962962962946
0 0.44836458333333334 0.48363888888888895 0.004739583333333286 0.00806481481481485
0 0.45773958333333337 0.4829074074074074 0.004536458333333352 0.0073240740740741495
0 0.486390625 0.4803425925925926 0.004536458333333352 0.006592592592592491
0 0.47484895833333335 0.4655 0.004536458333333352 0.0076944444444443936
0 0.4828854166666667 0.4380277777777778 0.003296874999999962 0.005500000000000051
0 0.488140625 0.44224074074074077 0.006802083333333305 0.011722222222222193
0 0.5038333333333334 0.419287037037037 0.00283854166666669 0.0069537037037036955
0 0.517140625 0.42250925925925925 0.00283854166666669 0.006777777777777824
0 0.5268229166666667 0.42615740740740743 0.004208333333333296 0.005740740740740783
0 0.5331302083333334 0.4275462962962963 0.003911458333333328 0.006435185185185227
0 0.5197291666666667 0.4150277777777778 0.0046979166666666575 0.005388888888888935
0 0.478203125 0.3744166666666667 0.00283854166666669 0.0069537037037036955
0 0.5294322916666666 0.3415277777777778 0.004322916666666643 0.010694444444444402
0 0.55640625 0.3263240740740741 0.002630208333333428 0.0056851851851851725
0 0.5713281250000001 0.308787037037037 0.0026874999999999243 0.004120370370370412
0 0.5754166666666667 0.3034722222222222 0.003786458333333324 0.007814814814814865
0 0.5737083333333334 0.28469444444444447 0.0040312499999998865 0.007601851851851886
0 0.5823177083333333 0.2954351851851852 0.00390625 0.007379629629629655
0 0.5786510416666667 0.26331481481481483 0.00390625 0.0043425925925926435
0 0.593796875 0.30010185185185184 0.003416666666666638 0.00846296296296295
0 0.6005104166666667 0.2683055555555555 0.003177083333333286 0.0043425925925926435
0 0.605453125 0.2695 0.0035416666666667615 0.004120370370370412
0 0.6104635416666666 0.27123148148148146 0.0028072916666666003 0.004555555555555518
0 0.5537447916666667 0.22033333333333335 0.0029322916666667236 0.003472222222222222
0 0.5676666666666667 0.2139259259259259 0.00390625 0.003694444444444453
0 0.604 0.23194444444444445 0.0023177083333332385 0.00514814814814815
0 0.6125416666666667 0.2344351851851852 0.003958333333333286 0.003944444444444436
0 0.6115729166666667 0.23700925925925928 0.002796874999999943 0.0032592592592592686
0 0.61553125 0.24489814814814817 0.0020260416666666005 0.004629629629629629
0 0.6133124999999999 0.24721296296296297 0.0018333333333333238 0.004805555555555606
0 0.6104635416666666 0.25201851851851853 0.0019322916666666857 0.004120370370370412
0 0.6134583333333333 0.25416666666666665 0.003281250000000095 0.005314814814814823
0 0.6311666666666667 0.24687037037037038 0.0026041666666666665 0.005833333333333291
0 0.631890625 0.24318518518518517 0.002510416666666752 0.004629629629629629
0 0.6399947916666666 0.22902777777777777 0.0023177083333332385 0.004462962962962957
0 0.641296875 0.2370925925925926 0.002218750000000114 0.003777777777777789
0 0.64409375 0.2382037037037037 0.00241145833333339 0.004287037037037033
0 0.646125 0.23691666666666666 0.002218750000000114 0.004120370370370386
0 0.648921875 0.2360648148148148 0.0018333333333333238 0.004120370370370386
0 0.64559375 0.2314351851851852 0.002895833333333305 0.004805555555555553
0 0.6463177083333334 0.22748148148148148 0.0029895833333332196 0.005490740740740747
0 0.6480520833333333 0.23228703703703704 0.002796874999999943 0.005490740740740747
0 0.6625260416666666 0.24146296296296293 0.0020260416666666005 0.003944444444444436
0 0.66421875 0.24146296296296293 0.002124999999999962 0.003944444444444436
0 0.6677864583333334 0.24318518518518517 0.0027031250000000284 0.005314814814814823
0 0.6689427083333332 0.25021296296296297 0.0034739583333333714 0.00565740740740742
0 0.6685572916666668 0.2371759259259259 0.002510416666666752 0.003601851851851839
0 0.67478125 0.24224074074074076 0.0037656250000000094 0.004120370370370412
0 0.6771979166666667 0.2394074074074074 0.002796874999999943 0.004287037037037033
0 0.6829375 0.23983333333333332 0.002510416666666752 0.0037777777777778156
0 0.6833229166666667 0.24275000000000002 0.003281250000000095 0.004805555555555606
0 0.68684375 0.24172222222222223 0.0060781250000000375 0.006175925925925888
0 0.6525885416666667 0.2157314814814815 0.0018333333333333238 0.002574074074074049
0 0.6453489583333333 0.2140185185185185 0.002218750000000114 0.003601851851851839
0 0.663828125 0.20921296296296296 0.002510416666666752 0.004287037037037033
0 0.6806197916666666 0.20287037037037037 0.002124999999999962 0.003944444444444436
0 0.6858802083333334 0.20277777777777778 0.002796874999999943 0.00412037037037036
0 0.6838541666666667 0.20183333333333334 0.002218750000000114 0.006000000000000017
0 0.6892604166666667 0.2029537037037037 0.003182291666666733 0.00412037037037036
0 0.6798020833333334 0.2089537037037037 0.0014479166666667709 0.003777777777777763
0 0.6820208333333333 0.20741666666666667 0.0020260416666666005 0.002740740740740722
0 0.6831770833333334 0.21092592592592593 0.0016406250000000474 0.0032592592592592426
0 0.6849635416666667 0.21007407407407408 0.0017395833333334091 0.0032592592592592426
0 0.686703125 0.20938888888888887 0.0017395833333334091 0.003601851851851839
0 0.6842395833333333 0.2139351851851852 0.0014479166666667709 0.002398148148148125
0 0.687375 0.21152777777777776 0.003281250000000095 0.0030925925925925695
0 0.6890677083333333 0.2143611111111111 0.0014479166666667709 0.003944444444444436
0 0.6930677083333333 0.21710185185185185 0.002124999999999962 0.004972222222222227
0 0.6883437499999999 0.2260277777777778 0.0015416666666666855 0.0029166666666666455
0 0.686703125 0.2278240740740741 0.002510416666666752 0.003435185185185166
0 0.6907552083333334 0.22842592592592592 0.0023177083333332385 0.003944444444444436
0 0.6925885416666666 0.23880555555555558 0.0023177083333332385 0.0054907407407407205
0 0.6950989583333332 0.23528703703703704 0.002895833333333305 0.004972222222222227
0 0.6962083333333333 0.2376111111111111 0.0020260416666666005 0.0034351851851851926
0 0.6985729166666667 0.23580555555555552 0.0030885416666665815 0.0049722222222222
0 0.6943750000000001 0.22516666666666668 0.0029895833333332196 0.0029166666666666455
0 0.693890625 0.2267962962962963 0.0041510416666665625 0.003435185185185166
0 0.6978958333333334 0.21487962962962961 0.002510416666666752 0.003601851851851839
0 0.6970729166666667 0.22276851851851853 0.002218750000000114 0.004287037037037033
0 0.6994895833333333 0.22053703703703703 0.00241145833333339 0.004287037037037033
0 0.7011770833333333 0.21736111111111112 0.0027031250000000284 0.003777777777777763
0 0.7033489583333333 0.22011111111111112 0.003572916666666733 0.003435185185185166
0 0.7060989583333334 0.2177037037037037 0.0030885416666665815 0.0030925925925925695
0 0.7050833333333333 0.2111851851851852 0.002218750000000114 0.003777777777777763
0 0.7104895833333333 0.21041666666666667 0.002218750000000114 0.002574074074074049
0 0.711984375 0.2120462962962963 0.0034739583333333714 0.004462962962962957
0 0.7100520833333334 0.21685185185185185 0.0023177083333332385 0.003777777777777763
0 0.711453125 0.22036111111111112 0.0029895833333332196 0.004287037037037033
0 0.71315625 0.21949074074074076 0.0016927083333333334 0.0031296296296296254
0 0.71471875 0.21900925925925926 0.0026458333333332956 0.002888888888888893
0 0.7175989583333333 0.2196759259259259 0.002578124999999905 0.003981481481481492
0 0.7202447916666667 0.22033333333333335 0.0023072916666665813 0.0021666666666666436
0 0.724515625 0.22148148148148147 0.002578124999999905 0.0030092592592592593
0 0.7266822916666666 0.21883333333333332 0.002578124999999905 0.0037407407407407597
0 0.7190885416666667 0.2015925925925926 0.0020364583333332574 0.0025277777777777946
0 0.7140052083333334 0.2024351851851852 0.002578124999999905 0.0037407407407407597
0 0.7214635416666667 0.20141666666666666 0.002578124999999905 0.002888888888888893
0 0.7208541666666667 0.20339814814814813 0.002442708333333362 0.0025277777777777946
0 0.7202083333333333 0.20719444444444446 0.001968750000000104 0.0031296296296296254
0 0.7228854166666667 0.20949074074074073 0.002171875000000038 0.0031296296296296254
0 0.7265833333333334 0.20219444444444445 0.002239583333333428 0.0037407407407407597
0 0.7278020833333334 0.2074351851851852 0.0026458333333332956 0.003370370370370358
0 0.729328125 0.2066574074074074 0.002578124999999905 0.0032499999999999916
0 0.731734375 0.2071388888888889 0.002104166666666648 0.0032499999999999916
0 0.7340729166666667 0.20888888888888887 0.002442708333333362 0.004824074074074055
0 0.7324114583333333 0.2109351851851852 0.0023749999999999718 0.003370370370370358
0 0.7296354166666668 0.19321296296296295 0.001557291666666553 0.0031296296296296254
0 0.7304114583333334 0.19599074074074072 0.0010833333333332953 0.0021666666666666436
0 0.7321770833333333 0.1932777777777778 0.002171875000000038 0.003499999999999975
0 0.7353645833333334 0.19375925925925924 0.0014895833333333996 0.0022870370370370622
0 0.7363125 0.1973148148148148 0.0013541666666666192 0.0024074074074074284
0 0.7314635416666667 0.20087037037037037 0.001968750000000104 0.003499999999999975
0 0.73390625 0.2015925925925926 0.002510416666666752 0.0049444444444444215
0 0.73875 0.20460185185185184 0.001895833333333267 0.0032499999999999916
0 0.7402447916666667 0.21617592592592594 0.0020364583333332574 0.0032499999999999916
0 0.7430572916666667 0.21925 0.002916666666666619 0.0024074074074074284
0 0.7454999999999999 0.2130462962962963 0.0030520833333333997 0.002768518518518527
0 0.7453645833333333 0.2159351851851852 0.003999999999999915 0.0025277777777777946
0 0.7561770833333333 0.2150925925925926 0.002171875000000038 0.003499999999999975
0 0.741125 0.1929722222222222 0.0020364583333332574 0.002888888888888893
0 0.7428906249999999 0.2021388888888889 0.001895833333333267 0.003370370370370358
0 0.7455989583333333 0.19942592592592592 0.0014895833333333996 0.003499999999999975
0 0.74871875 0.20623148148148146 0.0023072916666665813 0.004583333333333323
0 0.7512291666666666 0.2033425925925926 0.0017604166666667235 0.0026481481481481607
0 0.7534322916666666 0.20701851851851852 0.0023749999999999718 0.0025277777777777946
0 0.7572604166666667 0.2078611111111111 0.0023072916666665813 0.0020462962962962774
0 0.7346145833333334 0.1751388888888889 0.0017604166666667235 0.0031296296296296254
0 0.7368854166666666 0.1753148148148148 0.0023749999999999718 0.003499999999999975
0 0.7494999999999999 0.17712037037037037 0.0012864583333332292 0.001805555555555545
0 0.7555989583333333 0.176462962962963 0.002239583333333428 0.002888888888888893
0 0.7587552083333333 0.1868240740740741 0.001218750000000076 0.0026481481481481607
0 0.7649895833333333 0.19719444444444445 0.001218750000000076 0.001685185185185179
0 0.7674635416666666 0.19604629629629627 0.002239583333333428 0.002768518518518527
0 0.770484375 0.19894444444444445 0.0014895833333333996 0.002768518518518527
0 0.7731614583333334 0.19948148148148148 0.0023749999999999718 0.002888888888888893
0 0.7792656250000001 0.22172222222222224 0.0027812500000000758 0.003981481481481492
0 0.7851302083333334 0.24987037037037038 0.0037968749999999813 0.006027777777777769
0 0.8095364583333333 0.2617962962962963 0.001895833333333267 0.003370370370370358
0 0.8126874999999999 0.26349074074074075 0.0023749999999999718 0.002888888888888893
0 0.8162135416666667 0.2621574074074074 0.001557291666666553 0.002166666666666696
0 0.820453125 0.2617962962962963 0.002171875000000038 0.0043425925925926435
0 0.8259114583333333 0.2619166666666667 0.002510416666666752 0.003620370370370341
0 0.8279791666666667 0.26378703703703704 0.002578124999999905 0.003981481481481439
0 0.8546822916666666 0.3221388888888889 0.0038281249999999527 0.008111111111111102
0 0.9806145833333333 0.18549074074074076 0.0028854166666666477 0.0049444444444444215
0 0.9704114583333333 0.20801851851851852 0.0016510416666667045 0.004212962962962974
0 0.9719583333333334 0.2083888888888889 0.003296874999999962 0.004583333333333323
0 0.9844270833333333 0.18585185185185185 0.003505208333333343 0.004212962962962974
0 0.9788125 0.22212962962962962 0.0027812500000000758 0.005314814814814823
0 0.9821614583333333 0.22570370370370368 0.002677083333333267 0.0058611111111110965
0 0.9805625 0.2267037037037037 0.002578124999999905 0.005675925925925922
0 0.9778854166666666 0.2257962962962963 0.004635416666666714 0.0067777777777777715
0 0.9749479166666667 0.22505555555555556 0.004328124999999972 0.006046296296296271
0 0.9739687499999999 0.22817592592592592 0.0038125000000000854 0.0049444444444444215
0 0.97603125 0.23669444444444443 0.004020833333333229 0.0040277777777777985
0 0.98659375 0.23825 0.0037083333333332766 0.003481481481481473
0 0.9755677083333333 0.23211111111111113 0.003505208333333343 0.0032962962962962985
0 0.968609375 0.22570370370370368 0.0021614583333333806 0.0029351851851852
0 0.9679427083333334 0.23540740740740743 0.002677083333333267 0.004759259259259247
0 0.9620156249999999 0.2257962962962963 0.003401041666666771 0.004212962962962974
0 0.96459375 0.2249722222222222 0.0023697916666667613 0.0029351851851852
0 0.9662395833333334 0.22716666666666668 0.0029895833333332196 0.004398148148148148
0 0.9518645833333333 0.23220370370370372 0.003296874999999962 0.0049444444444444215
0 0.9533072916666666 0.22387037037037036 0.0024739583333333332 0.0058611111111110965
0 0.9530520833333332 0.2149814814814815 0.004020833333333229 0.005675925925925922
0 0.9424375 0.2267037037037037 0.004020833333333229 0.004583333333333323
0 0.9386770833333333 0.23458333333333334 0.0024739583333333332 0.003481481481481473
0 0.9358906250000001 0.23587037037037037 0.003505208333333343 0.005675925925925922
0 0.9222395833333333 0.2329351851851852 0.0027812500000000758 0.003111111111111124
0 0.9307916666666666 0.22469444444444445 0.001958333333333447 0.0027500000000000254
0 0.9336770833333333 0.2268888888888889 0.0021614583333333806 0.003111111111111124
0 0.9357395833333333 0.2268888888888889 0.003401041666666771 0.006407407407407422
0 0.934859375 0.22149074074074074 0.0028854166666666477 0.0040277777777777985
0 0.9407864583333333 0.20078703703703704 0.001958333333333447 0.005499999999999998
0 0.9505781249999999 0.2024351851851852 0.0031927083333333902 0.0036666666666666475
0 0.92290625 0.20399074074074075 0.0024739583333333332 0.0038425925925925715
0 0.9204843749999999 0.20939814814814817 0.0029895833333332196 0.0040277777777777985
0 0.9051302083333332 0.20930555555555558 0.0031927083333333902 0.004583333333333323
0 0.9134791666666667 0.20664814814814816 0.002578124999999905 0.004398148148148148
0 0.9129114583333333 0.19199074074074074 0.0020625000000000187 0.0032962962962962985
0 0.9162083333333333 0.19162962962962965 0.003505208333333343 0.0036666666666666475
0 0.9190416666666666 0.1924537037037037 0.002578124999999905 0.0038425925925925715
0 0.9213645833333334 0.19153703703703706 0.0030937500000000283 0.005314814814814823
0 0.897609375 0.2088425925925926 0.0029895833333332196 0.005129629629629649
0 0.8856041666666666 0.20737962962962964 0.0022656249999999526 0.0040277777777777985
0 0.8791145833333334 0.22323148148148148 0.0030937500000000283 0.0038425925925925715
0 0.8876666666666666 0.20857407407407408 0.002677083333333267 0.004212962962962974
0 0.90090625 0.18906481481481482 0.0021614583333333806 0.0058611111111110965
0 0.9059583333333333 0.18824074074074076 0.0023697916666667613 0.0027500000000000254
0 0.9051822916666666 0.19199074074074074 0.0028854166666666477 0.0029351851851852
0 0.9082239583333334 0.19199074074074074 0.003401041666666771 0.005129629629629649
0 0.8950833333333333 0.1844814814814815 0.0018541666666666383 0.0021944444444444485
0 0.897609375 0.18686111111111112 0.002578124999999905 0.0036666666666666475
0 0.8900364583333332 0.18951851851851853 0.0022656249999999526 0.003481481481481473
0 0.8652031250000001 0.1996851851851852 0.0022656249999999526 0.0029351851851852
0 0.8529375 0.22066666666666665 0.0018541666666666383 0.003111111111111124
0 0.8250104166666666 0.2176388888888889 0.0012343749999999432 0.0021944444444444485
0 0.82696875 0.21800925925925924 0.0020625000000000187 0.0029351851851852
0 0.822484375 0.21928703703703706 0.0021614583333333806 0.0032962962962962985
0 0.8243906249999999 0.22487962962962962 0.002677083333333267 0.003481481481481473
0 0.8268125000000001 0.22505555555555556 0.0023697916666667613 0.003111111111111124
0 0.828 0.2202962962962963 0.0024739583333333332 0.003481481481481473
0 0.8306770833333333 0.21800925925925924 0.0024739583333333332 0.0036666666666666475
0 0.834234375 0.21956481481481482 0.003401041666666771 0.0023796296296296235
0 0.8085260416666666 0.21599074074074076 0.002677083333333267 0.0040277777777777985
0 0.7584479166666667 0.16719444444444445 0.003411458333333428 0.002620370370370356
0 0.7642083333333333 0.16975925925925925 0.0028802083333334377 0.0017870370370370434
0 0.7675885416666667 0.16910185185185184 0.0021406250000000665 0.0030925925925925695
0 0.7716041666666666 0.16880555555555557 0.0025416666666667237 0.002018518518518525
0 0.7715677083333333 0.18082407407407405 0.00234375 0.005833333333333344
0 0.7739114583333334 0.18492592592592594 0.0018072916666665624 0.0033333333333333544
0 0.7758541666666667 0.18575925925925926 0.0014062499999999052 0.0030925925925925695
0 0.7781614583333333 0.1861759259259259 0.0014739583333332955 0.002740740740740722
0 0.7773958333333333 0.1882037037037037 0.0019427083333333427 0.003685185185185202
0 0.77759375 0.1819537037037037 0.00234375 0.0030925925925925695
0 0.7826145833333332 0.18302777777777776 0.002072916666666676 0.0023796296296296235
0 0.784921875 0.18772222222222223 0.0032135416666667044 0.0029722222222222034
0 0.7804739583333333 0.1956388888888889 0.002072916666666676 0.0033333333333333544
0 0.7836510416666667 0.1958148148148148 0.0018749999999999527 0.002740740740740722
0 0.786296875 0.19587962962962965 0.0018072916666665624 0.002851851851851837
0 0.7804739583333333 0.17641666666666667 0.00234375 0.0029722222222222034
0 0.78134375 0.17035185185185184 0.00220833333333322 0.002740740740740722
0 0.7816458333333334 0.17499074074074075 0.0021406250000000665 0.003685185185185202
0 0.7842187500000001 0.17564814814814814 0.0024791666666667805 0.0040462962962963004
0 0.7857916666666667 0.1726111111111111 0.002677083333333267 0.003925925925925934
0 0.7877031250000001 0.1852314814814815 0.002072916666666676 0.003212962962962988
0 0.7893749999999999 0.18403703703703703 0.0018072916666665624 0.003212962962962988
0 0.7911145833333334 0.18362037037037038 0.002744791666666657 0.0040462962962963004
0 0.7936614583333333 0.19010185185185186 0.002072916666666676 0.0034537037037037205
0 0.7928541666666666 0.19385185185185186 0.00234375 0.0040462962962963004
0 0.7981093749999999 0.1927222222222222 0.0021406250000000665 0.003685185185185202
0 0.7955677083333333 0.1878425925925926 0.00241145833333339 0.004407407407407399
0 0.7915520833333333 0.1801111111111111 0.00241145833333339 0.0029722222222222034
0 0.7904791666666667 0.17219444444444446 0.0016041666666666288 0.0033333333333333544
0 0.792453125 0.17130555555555554 0.0014062499999999052 0.003212962962962988
0 0.7944947916666667 0.17386111111111113 0.0018749999999999527 0.004759259259259247
0 0.796875 0.1744537037037037 0.0019427083333333427 0.0035740740740740867
0 0.7973750000000001 0.17207407407407407 0.00227604166666661 0.0016666666666666772
0 0.7993489583333333 0.17201851851851852 0.0026093750000001138 0.0022592592592592573
0 0.8017239583333333 0.17273148148148149 0.00241145833333339 0.002018518518518525
0 0.8000208333333333 0.1776111111111111 0.00220833333333322 0.0022592592592592573
0 0.8023958333333333 0.17594444444444446 0.002812500000000047 0.0034537037037037205
0 0.8059427083333334 0.17362037037037037 0.0018749999999999527 0.002620370370370356
0 0.8065104166666667 0.1771388888888889 0.0031458333333333143 0.0024999999999999896
0 0.8081510416666667 0.17969444444444443 0.0017395833333334091 0.0023796296296296235
0 0.8071458333333333 0.1716574074074074 0.0014739583333332955 0.0013055555555555787
0 0.8094583333333334 0.17374074074074072 0.002744791666666657 0.004518518518518515
0 0.8105260416666666 0.17552777777777778 0.002072916666666676 0.0023796296296296235
0 0.8119010416666667 0.1789814814814815 0.0017395833333334091 0.002851851851851837
0 0.8099583333333332 0.1785 0.0020104166666667328 0.0033333333333333544
0 0.811734375 0.1726111111111111 0.002072916666666676 0.0022592592592592573
0 0.8142083333333333 0.17600000000000002 0.0026093750000001138 0.002851851851851837
0 0.8150468750000001 0.18046296296296296 0.002942708333333381 0.004166666666666667
0 0.816484375 0.1739814814814815 0.0031458333333333143 0.004287037037037033
0 0.8208385416666667 0.17338888888888887 0.0031458333333333143 0.004287037037037033
0 0.8198333333333333 0.1760648148148148 0.003281250000000095 0.0051203703703703455
0 0.819734375 0.1791574074074074 0.00455208333333322 0.003685185185185202
0 0.8249531250000001 0.18094444444444444 0.0017395833333334091 0.003685185185185202
0 0.8252864583333334 0.17558333333333334 0.0032135416666667044 0.003925925925925934
0 0.8295364583333333 0.1758888888888889 0.0024791666666667805 0.004287037037037033
0 0.8275625000000001 0.1791574074074074 0.0030781249999999242 0.003925925925925934
0 0.8313124999999999 0.18356481481481482 0.0030781249999999242 0.0034537037037037205
0 0.83365625 0.1842777777777778 0.0018749999999999527 0.003212962962962988
0 0.8323489583333333 0.1779074074074074 0.003010416666666771 0.003805555555555568
0 0.8330208333333334 0.17451851851851852 0.002744791666666657 0.003212962962962988
0 0.8348958333333333 0.17725000000000002 0.0031458333333333143 0.002740740740740722
0 0.83646875 0.1804074074074074 0.00227604166666661 0.0035740740740740867
0 0.8366666666666667 0.18481481481481482 0.0025416666666667237 0.003805555555555568
0 0.8394791666666667 0.1842777777777778 0.002677083333333267 0.004166666666666667
0 0.8394479166666666 0.17868518518518517 0.0035468749999999715 0.007259259259259236
0 0.84309375 0.1779074074074074 0.003348958333333248 0.006185185185185191
0 0.845234375 0.1816574074074074 0.0020104166666667328 0.004638888888888881
0 0.843359375 0.18398148148148147 0.0037499999999999053 0.002851851851851837
0 0.8464062499999999 0.18457407407407408 0.003281250000000095 0.0054722222222222455
0 0.84828125 0.18582407407407406 0.002072916666666676 0.004166666666666667
0 0.8469114583333333 0.17695370370370372 0.0018749999999999527 0.0033333333333333544
0 0.8475104166666667 0.17969444444444443 0.002677083333333267 0.0035740740740740867
0 0.851125 0.17903703703703705 0.004286458333333343 0.004407407407407399
0 0.8513593749999999 0.18367592592592594 0.003010416666666771 0.005833333333333344
0 0.8540052083333334 0.1779074074074074 0.002812500000000047 0.0030925925925925695
0 0.8568177083333333 0.17969444444444443 0.0025416666666667237 0.004518518518518515
0 0.8554114583333334 0.18308333333333332 0.0020104166666667328 0.003212962962962988
0 0.8592916666666667 0.18058333333333335 0.00227604166666661 0.003685185185185202
0 0.8585885416666666 0.18469444444444444 0.0019427083333333427 0.0035740740740740867
0 0.8627083333333334 0.181 0.002942708333333381 0.0033333333333333544
0 0.8623072916666668 0.1851111111111111 0.003348958333333248 0.0034537037037037205
0 0.865484375 0.18558333333333335 0.0026093750000001138 0.003685185185185202
0 0.8670260416666667 0.1813611111111111 0.0028802083333334377 0.004287037037037033
0 0.8695 0.18433333333333335 0.0026093750000001138 0.003805555555555568
0 0.8681979166666667 0.18659259259259262 0.0021406250000000665 0.0033333333333333544
0 0.8702708333333333 0.18778703703703703 0.0038802083333332386 0.0040462962962963004
0 0.8723802083333333 0.18558333333333335 0.0024791666666667805 0.003925925925925934
0 0.8720104166666667 0.18183333333333332 0.00241145833333339 0.002620370370370356
0 0.87328125 0.18796296296296297 0.0018749999999999527 0.0034537037037037205
0 0.8756927083333333 0.18386111111111111 0.00241145833333339 0.003805555555555568
0 0.8794427083333333 0.1879074074074074 0.002677083333333267 0.004759259259259247
0 0.8774322916666667 0.18891666666666668 0.0018749999999999527 0.0034537037037037205
0 0.8787708333333334 0.18362037037037038 0.0032135416666667044 0.00523148148148146
0 0.88128125 0.18344444444444444 0.0018072916666665624 0.003925925925925934
0 0.8837604166666666 0.18308333333333332 0.003411458333333428 0.002740740740740722
0 0.8819166666666667 0.18688888888888888 0.0018749999999999527 0.003925925925925934
0 0.8837604166666666 0.18688888888888888 0.0018072916666665624 0.003212962962962988
0 0.8865052083333332 0.18575925925925926 0.002072916666666676 0.003805555555555568
0 0.8866354166666667 0.18992592592592594 0.0018072916666665624 0.0030925925925925695