0 0.15484895833333334 0.3942407407407407 0.010718750000000022 0.010750000000000013
0 0.16336458333333334 0.5200370370370371 0.0063177083333333306 0.008305555555555582
0 0.17326041666666667 0.5197962962962963 0.016213541666666664 0.01465740740740734
0 0.20582291666666666 0.512462962962963 0.012088541666666685 0.011722222222222299
0 0.23302604166666668 0.5161296296296296 0.01264062499999999 0.012212962962963014
0 0.26119270833333336 0.5022037037037037 0.007968749999999976 0.01465740740740734
0 0.186265625 0.37047222222222226 0.010234374999999988 0.008361111111111087
0 0.19483854166666664 0.3805462962962963 0.008572916666666685 0.009833333333333338
0 0.21585416666666665 0.36187037037037034 0.00912499999999999 0.00787037037037037
0 0.22125 0.3712037037037037 0.004979166666666638 0.008851851851851802
0 0.2453125 0.36236111111111113 0.009401041666666643 0.013768518518518522
0 0.23756770833333332 0.39825 0.011062500000000005 0.010814814814814768
0 0.23023958333333333 0.41938888888888887 0.013000000000000018 0.012787037037036986
0 0.24116145833333333 0.42676851851851855 0.011062500000000005 0.012787037037036986
0 0.364234375 0.5651666666666667 0.013828124999999976 0.01130555555555559
0 0.3690729166666667 0.5570555555555555 0.012442708333333385 0.014750000000000058
0 0.4106927083333333 0.6126111111111111 0.008848958333333339 0.014750000000000058
0 0.42825520833333336 0.6305648148148149 0.01576562499999999 0.01917592592592596
0 0.48868229166666666 0.5467314814814815 0.01161458333333331 0.014750000000000058
0 0.45453125 0.5150185185185185 0.007468749999999957 0.010324074074074159
0 0.27464062499999997 0.36310185185185184 0.0077135416666666385 0.010185185185185186
0 0.281796875 0.3709351851851852 0.008374999999999962 0.009398148148148128
0 0.288078125 0.37700925925925927 0.009031249999999958 0.010574074074074036
0 0.28455208333333337 0.36271296296296296 0.010354166666666723 0.00862037037037032
0 0.29898437499999997 0.3601666666666667 0.010135416666666685 0.009009259259259276
0 0.30041666666666667 0.37348148148148147 0.011234374999999967 0.014490740740740719
0 0.30195833333333333 0.34097222222222223 0.009031249999999958 0.010574074074074036
0 0.3046041666666667 0.31433333333333335 0.009031249999999958 0.009796296296296334
0 0.3222291666666666 0.31942592592592595 0.007270833333333352 0.006657407407407458
0 0.32817708333333334 0.3266759259259259 0.005510416666666629 0.009398148148148128
0 0.32443229166666665 0.35075925925925927 0.013000000000000018 0.010574074074074036
0 0.3212395833333333 0.37798148148148153 0.00969270833333328 0.012537037037037003
0 0.3102239583333333 0.3873888888888889 0.009255208333333324 0.012537037037037003
0 0.2951302083333333 0.41441666666666666 0.012119791666666657 0.010185185185185186
0 0.2868645833333333 0.4349722222222222 0.007052083333333315 0.012138888888888902
0 0.31771354166666665 0.42890740740740746 0.010578124999999971 0.01175000000000005
0 0.331921875 0.42224999999999996 0.013000000000000018 0.014101851851851869
0 0.3548385416666667 0.40089814814814817 0.009473958333333362 0.010574074074074036
0 0.36772916666666666 0.390712962962963 0.012338541666666696 0.015277777777777777
0 0.37631770833333333 0.39385185185185184 0.011895833333333291 0.017629629629629596
0 0.3679479166666667 0.36075 0.009255208333333324 0.010962962962962992
0 0.35990625 0.34625925925925927 0.009031249999999958 0.010185185185185186
0 0.34932812500000004 0.30121296296296296 0.006828124999999948 0.007833333333333367
0 0.3525260416666667 0.30983333333333335 0.008374999999999962 0.012537037037037003
0 0.3572604166666667 0.3162962962962963 0.00859375 0.008222222222222218
0 0.36320833333333336 0.30924074074074076 0.0077135416666666385 0.009796296296296334
0 0.38865625000000004 0.29690740740740745 0.011015625000000048 0.01331481481481481
0 0.33765104166666665 0.4661203703703704 0.0077135416666666385 0.01331481481481481
0 0.34228125 0.47571296296296295 0.008151041666666714 0.010574074074074088
0 0.35759375000000004 0.4855092592592593 0.011015625000000048 0.018407407407407508
0 0.36354166666666665 0.5017592592592592 0.011015625000000048 0.013314814814814916
0 0.3875572916666667 0.48726851851851855 0.011015625000000048 0.013314814814814916
0 0.37092187499999996 0.4559351851851852 0.009031249999999958 0.01175000000000005
0 0.3959270833333333 0.4249907407407407 0.005286458333333381 0.010185185185185186
0 0.39714062499999997 0.4361481481481482 0.011677083333333371 0.01292592592592596
0 0.4048541666666667 0.4537777777777778 0.009916666666666648 0.013712962962962913
0 0.41586979166666665 0.43751851851851853 0.01079687500000001 0.01331481481481481
0 0.425234375 0.4247962962962963 0.010135416666666685 0.012138888888888902
0 0.418734375 0.3977685185185185 0.00859375 0.009009259259259276
0 0.4195052083333334 0.40599074074074076 0.008374999999999962 0.009796296296296334
0 0.436140625 0.4298796296296296 0.009916666666666648 0.010574074074074036
0 0.43349479166666666 0.45084259259259263 0.009031249999999958 0.012537037037037003
0 0.44252604166666665 0.4494722222222222 0.009916666666666648 0.015277777777777777
0 0.4461614583333333 0.48609259259259263 0.011458333333333333 0.013314814814814916
0 0.44230729166666666 0.4937314814814815 0.010354166666666723 0.014490740740740825
0 0.45883333333333337 0.47434259259259254 0.011677083333333371 0.013314814814814863
0 0.45695833333333336 0.4416388888888889 0.00969270833333328 0.013712962962962913
0 0.46125520833333333 0.4245925925925926 0.00859375 0.01175000000000005
0 0.47029166666666666 0.4071666666666667 0.010354166666666723 0.012138888888888902
0 0.45751041666666664 0.38875925925925925 0.009916666666666648 0.012138888888888902
0 0.46213541666666663 0.3830740740740741 0.009916666666666648 0.01175000000000005
0 0.43702083333333336 0.3693703703703704 0.009031249999999958 0.016453703703703686
0 0.4479270833333333 0.3721111111111111 0.008374999999999962 0.018018518518518552
0 0.4565208333333333 0.34703703703703703 0.007489583333333391 0.010185185185185186
0 0.47888020833333333 0.3460648148148148 0.005510416666666629 0.011361111111111094
0 0.4937552083333333 0.35056481481481483 0.00969270833333328 0.01331481481481481
0 0.49606770833333336 0.37798148148148153 0.0077135416666666385 0.01175000000000005
0 0.502015625 0.3752407407407407 0.009916666666666648 0.015666666666666627
0 0.4815260416666666 0.401287037037037 0.006390624999999991 0.011361111111111094
0 0.49783333333333335 0.39502777777777776 0.00859375 0.009796296296296334
0 0.481859375 0.41833333333333333 0.010578124999999971 0.012537037037037003
0 0.48813541666666665 0.43477777777777776 0.01079687500000001 0.020370370370370372
0 0.486703125 0.45573148148148146 0.010578124999999971 0.015277777777777777
0 0.5008072916666666 0.47355555555555556 0.00969270833333328 0.010962962962962992
0 0.5111614583333333 0.48707407407407405 0.008812500000000037 0.012138888888888796
0 0.5165572916666666 0.44555555555555554 0.01079687500000001 0.012138888888888902
0 0.5290052083333333 0.43027777777777776 0.010578124999999971 0.011361111111111094
0 0.5203020833333334 0.3909074074074074 0.011234374999999967 0.01331481481481481
0 0.5208541666666666 0.37171296296296297 0.008812500000000037 0.015666666666666627
0 0.5323125 0.36995370370370373 0.008374999999999962 0.012138888888888902
0 0.5317604166666666 0.34958333333333336 0.009031250000000017 0.012138888888888902
0 0.547734375 0.3670185185185185 0.005729166666666666 0.010962962962962992
0 0.5405729166666667 0.4056018518518519 0.005510416666666629 0.011361111111111094
0 0.5558854166666667 0.4163703703703704 0.013218750000000057 0.017231481481481493
0 0.552359375 0.5391666666666666 0.006609375000000028 0.013712962962962913
0 0.5894895833333333 0.510962962962963 0.006828125000000066 0.01292592592592596
0 0.5713125 0.4128425925925926 0.008812500000000037 0.010185185185185186
0 0.574171875 0.40775 0.010578124999999971 0.01175000000000005
0 0.552359375 0.3474351851851852 0.005286458333333381 0.00862037037037032
0 0.5533541666666667 0.3174722222222222 0.004625000000000057 0.011361111111111094
0 0.573734375 0.35625 0.006609375000000028 0.009796296296296334
0 0.5764895833333333 0.36368518518518517 0.006828125000000066 0.010574074074074036
0 0.5799010416666667 0.3750462962962963 0.0096927083333334 0.010574074074074036
0 0.5747239583333333 0.3879722222222222 0.0077135416666666385 0.012138888888888902
0 0.5882760416666667 0.3691759259259259 0.008374999999999962 0.012138888888888902
0 0.5963177083333334 0.38366666666666666 0.007270833333333352 0.009796296296296334
0 0.6025989583333333 0.3918888888888889 0.007052083333333315 0.012138888888888902
0 0.6049114583333334 0.41382407407407407 0.009473958333333362 0.01292592592592596
0 0.6149375 0.43047222222222226 0.010578124999999971 0.015666666666666627
0 0.6083229166666667 0.43419444444444444 0.0096927083333334 0.014490740740740719
0 0.58684375 0.4255740740740741 0.006828125000000066 0.008222222222222218
0 0.6686927083333334 0.606537037037037 0.010135416666666685 0.019194444444444462
0 0.5906979166666667 0.3321574074074074 0.005729166666666666 0.00862037037037032
0 0.5884947916666667 0.32608333333333334 0.007052083333333315 0.009796296296296334
0 0.58915625 0.31296296296296294 0.006166666666666742 0.014101851851851869
0 0.5987395833333333 0.2784907407407407 0.0077135416666666385 0.00862037037037032
0 0.606671875 0.2798611111111111 0.006828125000000066 0.007444444444444411
0 0.6194531249999999 0.30787037037037035 0.005510416666666629 0.01175000000000005
0 0.6063437500000001 0.3207962962962963 0.005729166666666666 0.012537037037037003
0 0.6203333333333333 0.3037592592592593 0.0050677083333333425 0.013712962962962913
0 0.62 0.3321574074074074 0.006609375000000028 0.014101851851851869
0 0.6092083333333334 0.33940740740740744 0.006166666666666742 0.01292592592592596
0 0.61075 0.3582037037037037 0.008374999999999962 0.010574074074074036
0 0.6223177083333333 0.3527222222222222 0.007270833333333352 0.010574074074074036
0 0.6189010416666666 0.3787685185185185 0.007052083333333315 0.010962962962962992
0 0.6272708333333333 0.36760185185185185 0.006166666666666742 0.009796296296296334
0 0.646109375 0.2781018518518519 0.005510416666666629 0.007833333333333367
0 0.6496354166666667 0.2747777777777778 0.006828125000000066 0.009796296296296334
0 0.658671875 0.27223148148148146 0.005510416666666629 0.01175000000000005
0 0.6660520833333333 0.277712962962963 0.007932291666666676 0.01175000000000005
0 0.67178125 0.3055185185185185 0.004406250000000019 0.01175000000000005
0 0.6681458333333333 0.31080555555555556 0.006390624999999991 0.014490740740740719
0 0.6458906249999999 0.3031666666666667 0.004625000000000057 0.01331481481481481
0 0.65878125 0.32353703703703707 0.004848958333333305 0.014888888888888927
0 0.6471041666666667 0.33313888888888893 0.007489583333333391 0.013712962962962913
0 0.6560260416666667 0.3407777777777778 0.009031250000000076 0.010962962962962992
0 0.6396093749999999 0.34429629629629627 0.008812500000000037 0.01175000000000005
0 0.6508489583333333 0.35056481481481483 0.010578124999999971 0.014888888888888927
0 0.6464427083333334 0.37171296296296297 0.006166666666666742 0.007833333333333367
0 0.6442395833333333 0.38249074074074074 0.006166666666666742 0.010574074074074036
0 0.6496354166666667 0.39267592592592593 0.006390624999999991 0.011361111111111094
0 0.6393906250000001 0.4028611111111111 0.008374999999999962 0.011361111111111094
0 0.6511770833333334 0.4255740740740741 0.005947916666666705 0.014490740740740719
0 0.6510677083333333 0.4167592592592593 0.007489583333333391 0.010962962962962992
0 0.6445677083333333 0.4439814814814815 0.008151041666666714 0.010574074074074036
0 0.6625260416666666 0.4451574074074074 0.010135416666666685 0.012138888888888902
0 0.6577864583333334 0.3691759259259259 0.005510416666666629 0.010574074074074036
0 0.6641770833333334 0.3674074074074074 0.005947916666666705 0.012537037037037003
0 0.6756354166666667 0.35762037037037037 0.0050677083333333425 0.010185185185185186
0 0.6823541666666666 0.3668240740740741 0.004406250000000019 0.008222222222222218
0 0.6889635416666666 0.3760277777777778 0.007932291666666676 0.014101851851851869
0 0.667921875 0.3830740740740741 0.004187499999999981 0.010185185185185186
0 0.672109375 0.3860185185185185 0.005510416666666629 0.01292592592592596
0 0.6776197916666666 0.39443518518518517 0.009916666666666648 0.01175000000000005
0 0.6678125 0.40932407407407406 0.007932291666666676 0.012537037037037003
0 0.6807031250000001 0.40755555555555556 0.005510416666666629 0.008222222222222218
0 0.6857708333333333 0.4118703703703704 0.00859375 0.01292592592592596
0 0.689734375 0.42537962962962966 0.006828125000000066 0.01331481481481481
0 0.6780572916666666 0.44712037037037033 0.0077135416666666385 0.017629629629629596
0 0.685 0.43164814814814817 0.005286458333333381 0.012537037037037003
0 0.69403125 0.4040277777777778 0.005729166666666666 0.009009259259259276
0 0.6954635416666667 0.3965925925925926 0.004625000000000057 0.009009259259259276
0 0.6811458333333333 0.30669444444444444 0.006390624999999991 0.010185185185185186
0 0.6898489583333334 0.31413888888888886 0.004848958333333305 0.010962962962962992
0 0.6826875 0.32314814814814813 0.005947916666666705 0.012537037037037003
0 0.689515625 0.33587962962962964 0.008151041666666714 0.011361111111111094
0 0.6996510416666666 0.34664814814814815 0.006390624999999991 0.010962962962962992
0 0.709453125 0.3258888888888889 0.007052083333333315 0.01175000000000005
0 0.7223437500000001 0.3223611111111111 0.008151041666666714 0.01175000000000005
0 0.7049375 0.46219444444444446 0.006828125000000066 0.01331481481481481
0 0.7220156249999999 0.569324074074074 0.007489583333333391 0.017629629629629596
0 0.76365625 0.47218518518518515 0.006609375000000028 0.010574074074074036
0 0.7128697916666666 0.44378703703703704 0.004625000000000057 0.010962962962962992
0 0.7188177083333334 0.4359537037037037 0.004625000000000057 0.012537037037037003
0 0.7336927083333333 0.4232222222222222 0.007932291666666676 0.01292592592592596
0 0.757265625 0.42734259259259255 0.011015625000000048 0.017231481481481493
0 0.7152968749999999 0.4185277777777778 0.0077135416666666385 0.012138888888888902
0 0.7234479166666666 0.41088888888888886 0.009916666666666648 0.012537037037037003
0 0.7105572916666667 0.4036388888888889 0.007932291666666676 0.010574074074074036
0 0.70703125 0.390712962962963 0.004406250000000019 0.009009259259259276
0 0.7090156249999999 0.3805277777777778 0.007052083333333315 0.011361111111111094
0 0.7114375000000001 0.34958333333333336 0.007932291666666676 0.015277777777777777
0 0.7209114583333334 0.36075 0.007489583333333391 0.010962962962962992
0 0.7267499999999999 0.3589907407407407 0.0077135416666666385 0.01292592592592596
0 0.7314895833333334 0.3435185185185185 0.007052083333333315 0.009398148148148128
0 0.7326979166666666 0.32001851851851854 0.0037447916666666953 0.012537037037037003
0 0.748125 0.31649074074074074 0.004187499999999981 0.010962962962962992
0 0.7538541666666667 0.30767592592592596 0.005947916666666705 0.014490740740740719
0 0.7589166666666666 0.32295370370370374 0.005947916666666705 0.010574074074074036
0 0.7475729166666666 0.32961111111111113 0.011015625000000048 0.01292592592592596
0 0.7545104166666667 0.33881481481481485 0.007270833333333352 0.010185185185185186
0 0.7439374999999999 0.34527777777777774 0.005947916666666705 0.012138888888888902
0 0.7518697916666667 0.34253703703703703 0.006828125000000066 0.012138888888888902
0 0.7401927083333334 0.35839814814814813 0.007270833333333352 0.015666666666666627
0 0.7360052083333334 0.3670185185185185 0.009916666666666648 0.016453703703703686
0 0.7732395833333333 0.4054074074074074 0.006828125000000066 0.010962962962962992
0 0.7820520833333333 0.3999166666666667 0.009916666666666648 0.012537037037037003
0 0.765640625 0.34938888888888886 0.003963541666666733 0.012537037037037003
0 0.7730208333333334 0.3535 0.005947916666666705 0.01292592592592596
0 0.7779791666666667 0.3766111111111111 0.007932291666666676 0.01292592592592596
0 0.7874531250000001 0.3750462962962963 0.008374999999999962 0.011361111111111094
0 0.7712552083333333 0.3217777777777778 0.005510416666666629 0.009796296296296334
0 0.7777552083333333 0.3211851851851852 0.005729166666666666 0.009398148148148128
0 0.7735729166666666 0.33235185185185184 0.004406250000000019 0.011361111111111094
0 0.7954947916666666 0.30767592592592596 0.005947916666666705 0.009009259259259276
0 0.8119062499999999 0.3014074074074074 0.008812500000000037 0.012138888888888902
0 0.796265625 0.33352777777777776 0.004848958333333305 0.010574074074074036
0 0.7907552083333333 0.3484074074074074 0.007052083333333315 0.010574074074074036
0 0.7953854166666667 0.35604629629629625 0.007489583333333391 0.015666666666666627
0 0.8041979166666666 0.3411666666666667 0.007052083333333315 0.010185185185185186
0 0.8016614583333334 0.3670185185185185 0.009473958333333362 0.01175000000000005
0 0.8068385416666667 0.3805277777777778 0.009255208333333324 0.01292592592592596
0 0.7993489583333333 0.4054074074074074 0.007932291666666676 0.01331481481481481
0 0.8207187499999999 0.38875925925925925 0.006166666666666742 0.012138888888888902
0 0.83140625 0.39364814814814814 0.006828125000000066 0.010185185185185186
0 0.8149947916666667 0.35800925925925925 0.009255208333333324 0.012537037037037003
0 0.8147708333333333 0.3362685185185185 0.005729166666666666 0.013712962962962913
0 0.82909375 0.3145277777777778 0.007052083333333315 0.009398148148148128
0 0.8321770833333333 0.32725925925925925 0.006609375000000028 0.01292592592592596
0 0.8435260416666667 0.3198148148148148 0.007270833333333352 0.010574074074074036
0 0.8317395833333333 0.34175 0.006166666666666742 0.009796296296296334
0 0.8292031249999999 0.349787037037037 0.009031250000000076 0.012537037037037003
0 0.8236979166666667 0.3578148148148148 0.011677083333333371 0.009796296296296334
0 0.8257864583333333 0.36623148148148144 0.004848958333333305 0.014888888888888927
0 0.8386770833333334 0.3654537037037037 0.008151041666666714 0.010185185185185186
0 0.8506874999999999 0.36995370370370373 0.007052083333333315 0.01292592592592596
0 0.8599374999999999 0.3787685185185185 0.005729166666666666 0.010962962962962992
0 0.8700729166666666 0.3822962962962963 0.005729166666666666 0.010962962962962992
0 0.8587291666666667 0.4095185185185185 0.009916666666666648 0.013712962962962913
0 0.8521197916666666 0.41774074074074075 0.008151041666666714 0.012138888888888902
0 0.8690833333333334 0.5007777777777778 0.009473958333333362 0.012138888888888796
0 0.8556406249999999 0.33744444444444444 0.006828125000000066 0.008222222222222218
0 0.8576250000000001 0.35056481481481483 0.005947916666666705 0.007833333333333367
0 0.865890625 0.3468425925925926 0.005729166666666666 0.009009259259259276
0 0.8729375 0.3429259259259259 0.007932291666666676 0.011361111111111094
0 0.8800989583333333 0.33019444444444446 0.01079687500000001 0.014101851851851869
0 0.8883593750000001 0.34880555555555554 0.009255208333333324 0.01292592592592596
0 0.9373854166666666 0.3556574074074074 0.009916666666666648 0.01331481481481481
0 0.964375 0.3188425925925926 0.008374999999999962 0.01331481481481481
0 0.604984375 0.6539074074074074 0.009322916666666714 0.022703703703703688
0 0.627078125 0.684287037037037 0.01208333333333324 0.018407407407407508
0 0.6315677083333333 0.7149722222222222 0.013463541666666618 0.01963888888888892
0 0.6812760416666667 0.734 0.01208333333333324 0.01227777777777777
0 0.679203125 0.7560925925925926 0.01484375 0.01595370370370372
0 0.7815572916666667 0.8371018518518519 0.013119791666666695 0.027000000000000076
0 0.7016458333333334 0.6097222222222223 0.007250000000000038 0.016574074074074158
0 0.6947395833333334 0.6177037037037038 0.010010416666666562 0.015342592592592534
0 0.9469218749999999 0.15671296296296297 0.004385416666666705 0.00616666666666669
0 0.9449114583333333 0.16808333333333333 0.005114583333333419 0.00941666666666668
0 0.9517604166666668 0.16775925925925927 0.0031041666666666856 0.007472222222222216
0 0.9557812499999999 0.17246296296296296 0.00383854166666661 0.009740740740740723
0 0.9650052083333333 0.17668518518518517 0.0047499999999999435 0.007796296296296311
0 0.971859375 0.1786388888888889 0.006031249999999962 0.010388888888888914