0 0.8223958333333333 0.8206203703703704 0.013713541666666629 0.022009259259259242
0 0.7423593749999999 0.795675925925926 0.015213541666666686 0.02359259259259261
0 0.7400989583333334 0.7642037037037037 0.013838541666666752 0.02357407407407411
0 0.5289739583333333 0.7981296296296296 0.013239583333333312 0.024314814814814806
0 0.5458854166666666 0.7621944444444444 0.016651041666666564 0.0349722222222222
0 0.6955989583333333 0.6335092592592593 0.012223958333333229 0.02561111111111119
0 0.6149010416666666 0.5656111111111112 0.009312500000000057 0.013842592592592635
0 0.6199375 0.555074074074074 0.011942708333333248 0.016851851851851896
0 0.5820833333333333 0.551537037037037 0.008901041666666743 0.016722222222222173
0 0.58390625 0.5261018518518519 0.013708333333333418 0.02511111111111101
0 0.5682395833333334 0.5180370370370371 0.010854166666666743 0.02350925925925935
0 0.62971875 0.48891666666666667 0.015244791666666656 0.024194444444444546
0 0.6450833333333333 0.4976388888888889 0.01040625000000001 0.01735185185185186
0 0.6475416666666667 0.49169444444444443 0.009385416666666656 0.015999999999999976
0 0.6644791666666666 0.4591018518518518 0.007552083333333333 0.017555555555555588
0 0.9602031249999999 0.47775 0.014723958333333323 0.014601851851851835
0 0.9646822916666667 0.47038888888888886 0.013052083333333304 0.016185185185185202
0 0.7933854166666666 0.4039351851851852 0.013041666666666648 0.01313888888888894
0 0.9414947916666667 0.33167592592592593 0.009218749999999906 0.01895370370370373
0 0.9881666666666666 0.31233333333333335 0.00923958333333322 0.013453703703703678
0 0.97375 0.26254629629629633 0.009359374999999896 0.015472222222222255
0 0.9187291666666667 0.16904629629629628 0.00408854166666662 0.008333333333333333
0 0.9111197916666666 0.16696296296296295 0.004052083333333438 0.009499999999999991
0 0.8991145833333333 0.16339814814814815 0.007182291666666648 0.01169444444444444
0 0.8926875 0.159 0.004973958333333428 0.008833333333333353
0 0.897 0.15291666666666667 0.003989583333333257 0.008814814814814798
0 0.962359375 0.2682407407407407 0.006541666666666638 0.010333333333333304
0 0.9588385416666667 0.2526296296296296 0.003968749999999943 0.007944444444444483
0 0.9537239583333333 0.2590092592592593 0.004036458333333334 0.011537037037037071
0 0.9434322916666668 0.26151851851851854 0.007854166666666629 0.009111111111111141
0 0.8937708333333333 0.2700092592592593 0.007151041666666676 0.01045370370370367
0 0.8642239583333333 0.3004537037037037 0.008536458333333267 0.013703703703703662
0 0.8208749999999999 0.29337037037037034 0.005885416666666762 0.009296296296296263
0 0.8155677083333334 0.28044444444444444 0.007911458333333362 0.01130555555555559
0 0.8088489583333334 0.28912037037037036 0.006567708333333399 0.00862037037037032
0 0.8028385416666667 0.2941574074074074 0.008286458333333257 0.011370370370370345
0 0.79528125 0.29544444444444445 0.008281250000000047 0.010027777777777816
0 0.799265625 0.3171851851851852 0.005807291666666714 0.010527777777777782
0 0.7908802083333334 0.31755555555555554 0.006083333333333248 0.009796296296296334
0 0.7799739583333333 0.33743518518518517 0.009000000000000103 0.013407407407407423
0 0.7764166666666666 0.3443055555555556 0.00965624999999998 0.009499999999999991
0 0.7955364583333334 0.2873148148148148 0.006046875000000066 0.007944444444444483
0 0.7854010416666667 0.2741574074074074 0.007760416666666714 0.01044444444444442
0 0.775625 0.2687777777777777 0.007723958333333295 0.008981481481481524
0 0.7741510416666666 0.28109259259259256 0.007244791666666591 0.010629629629629647
0 0.771265625 0.2901944444444445 0.006140624999999981 0.010759259259259264
0 0.7720364583333333 0.3105277777777778 0.010177083333333314 0.015287037037037028
0 0.7660572916666666 0.32640740740740737 0.007276041666666563 0.007962962962962984
0 0.7579322916666666 0.32375 0.008427083333333248 0.010546296296296285
0 0.7391249999999999 0.3352685185185185 0.0075416666666666765 0.011027777777777747
0 0.7620729166666667 0.3062870370370371 0.0015000000000000568 0.012166666666666654
0 0.7667083333333333 0.30380555555555555 0.005713541666666562 0.010370370370370412
0 0.7656458333333334 0.29483333333333334 0.005348958333333324 0.011249999999999979
0 0.7617291666666667 0.26108333333333333 0.0076875000000001135 0.009703703703703721
0 0.7469895833333333 0.2646851851851852 0.007505208333333258 0.008490740740740703
0 0.75753125 0.30239814814814814 0.006432291666666619 0.011240740740740728
0 0.7562083333333334 0.283712962962963 0.004609374999999953 0.007074074074074062
0 0.7470520833333333 0.28941666666666666 0.004708333333333314 0.007259259259259289
0 0.7516875 0.30142592592592593 0.008000000000000066 0.010750000000000013
0 0.747 0.31778703703703703 0.007208333333333409 0.009777777777777727
0 0.7437864583333333 0.3083240740740741 0.005942708333333257 0.010388888888888914
0 0.74078125 0.2845 0.0031614583333334184 0.009157407407407395
0 0.7329322916666666 0.29467592592592595 0.0048437500000000945 0.008972222222222272
0 0.7370208333333333 0.29992592592592593 0.006838541666666724 0.00824074074074072
0 0.73125 0.3140648148148148 0.007661458333333353 0.011120370370370362
0 0.7230208333333333 0.3156203703703704 0.00872916666666678 0.01228703703703702
0 0.7248072916666667 0.33040740740740737 0.008307291666666572 0.012046296296296288
0 0.7095052083333333 0.33192592592592596 0.006984374999999924 0.012842592592592596
0 0.692546875 0.35108333333333336 0.009635416666666667 0.012240740740740766
0 0.6995885416666667 0.381712962962963 0.006239583333333343 0.01206481481481479
0 0.556390625 0.40512037037037035 0.01002083333333322 0.011009259259259246
0 0.5152604166666667 0.4195 0.007182291666666648 0.011425925925925956
0 0.20605208333333333 0.4125462962962963 0.008432291666666696 0.012629629629629617
0 0.21325520833333333 0.41317592592592595 0.010307291666666647 0.015287037037037028
0 0.19863541666666668 0.32366666666666666 0.009062499999999989 0.009361111111111124
0 0.22671354166666668 0.3059537037037037 0.007770833333333312 0.010407407407407416
0 0.23430729166666667 0.31198148148148147 0.008598958333333328 0.009564814814814852
0 0.24066145833333333 0.4080925925925926 0.011052083333333348 0.008212962962962967
0 0.26253645833333333 0.41268518518518515 0.00863020833333336 0.010101851851851822
0 0.2801197916666667 0.3939166666666667 0.006296874999999957 0.011157407407407366
0 0.26169270833333336 0.3427777777777778 0.010822916666666682 0.011129629629629613
0 0.2717916666666667 0.3492314814814815 0.010953124999999985 0.0158055555555556
0 0.2688333333333333 0.32815740740740745 0.009958333333333307 0.008805555555555547
0 0.25452604166666665 0.3073240740740741 0.009187499999999993 0.006972222222222197
0 0.24954166666666666 0.3024444444444444 0.010765624999999978 0.006916666666666692
0 0.27568229166666663 0.3036203703703704 0.006932291666666638 0.012490740740740748
0 0.30342708333333335 0.3523981481481481 0.0057604166666666385 0.007898148148148123
0 0.3141666666666667 0.3398981481481481 0.007291666666666667 0.01071296296296301
0 0.3324375 0.35108333333333336 0.009817708333333286 0.012935185185185211
0 0.34334375 0.3430185185185185 0.008291666666666704 0.014074074074074116
0 0.35155729166666666 0.3775 0.008677083333333375 0.013490740740740787
0 0.35619791666666667 0.38657407407407407 0.007677083333333338 0.01007407407407407
0 0.37076041666666665 0.44308333333333333 0.008765624999999963 0.01372222222222227
0 0.37443229166666664 0.43780555555555556 0.01005208333333331 0.011703703703703692
0 0.402296875 0.47081481481481485 0.005052083333333357 0.01403703703703706
0 0.4161770833333333 0.4809259259259259 0.004812500000000005 0.011222222222222121
0 0.47728125 0.43382407407407403 0.011104166666666634 0.013907407407407391
0 0.44949999999999996 0.4101944444444444 0.011270833333333386 0.010805555555555518
0 0.4357916666666667 0.39538888888888885 0.0077135416666666385 0.008018518518518489
0 0.44309375 0.38992592592592595 0.010598958333333287 0.011055555555555607
0 0.45178124999999997 0.3811111111111111 0.009473958333333362 0.010166666666666683
0 0.4737239583333333 0.3692407407407407 0.009109375000000005 0.009925925925925951
0 0.487515625 0.38050925925925927 0.009182291666666724 0.008972222222222272
0 0.49159895833333334 0.38975 0.008442708333333352 0.009694444444444469
0 0.4983958333333333 0.3613240740740741 0.009354166666666686 0.008962962962962917
0 0.5099427083333333 0.35050925925925924 0.007895833333333376 0.009879629629629592
0 0.5150677083333333 0.33581481481481484 0.004390625000000033 0.00926851851851851
0 0.506703125 0.3238240740740741 0.007625000000000052 0.00926851851851851
0 0.507109375 0.31050925925925926 0.006817708333333291 0.009499999999999991
0 0.5166875 0.3113240740740741 0.007901041666666704 0.009675925925925968
0 0.5223854166666667 0.30541666666666667 0.003921874999999986 0.00889814814814816
0 0.5118802083333333 0.2969259259259259 0.005031250000000043 0.009675925925925968
0 0.4834479166666667 0.2944722222222222 0.007250000000000038 0.008592592592592567
0 0.47256770833333334 0.2923425925925926 0.008421875000000039 0.008648148148148177
0 0.4536145833333334 0.2929074074074074 0.005854166666666672 0.006907407407407441
0 0.45720312500000004 0.3204074074074074 0.00845312500000001 0.010101851851851822
0 0.47027604166666664 0.32931481481481484 0.006265624999999986 0.009685185185185219
0 0.48452604166666663 0.32775000000000004 0.007786458333333357 0.010407407407407416
0 0.48420312499999996 0.3140462962962963 0.008765624999999963 0.010814814814814768
0 0.4885885416666667 0.3129074074074074 0.009447916666666719 0.012092592592592542
0 0.46996875 0.34211111111111114 0.007296874999999995 0.009314814814814764
0 0.4755364583333333 0.35135185185185186 0.00923437500000001 0.012990740740740716
0 0.4585 0.33509259259259255 0.007296874999999995 0.008481481481481453
0 0.45142187500000003 0.32139814814814816 0.006864583333333367 0.008722222222222185
0 0.2967447916666667 0.30383333333333334 0.006328125000000047 0.007731481481481502
0 0.29960416666666667 0.30927777777777776 0.0058125000000000425 0.007120370370370421
0 0.30552083333333335 0.31310185185185185 0.00891666666666661 0.01028703703703705
0 0.3083072916666667 0.30283333333333334 0.007750000000000057 0.010250000000000046
0 0.3159635416666667 0.30098148148148146 0.008130208333333281 0.010694444444444402
0 0.3171875 0.31010185185185185 0.006833333333333276 0.00889814814814816
0 0.324609375 0.3185925925925926 0.007234375000000052 0.009972222222222205
0 0.3330572916666667 0.3137407407407407 0.008817708333333367 0.011055555555555607
0 0.31964583333333335 0.2905185185185185 0.008473958333333325 0.008194444444444466
0 0.31783854166666664 0.26943518518518517 0.009484375000000019 0.008750000000000042
0 0.335265625 0.2733888888888889 0.007843749999999972 0.00802777777777774
0 0.3374479166666667 0.27852777777777776 0.008354166666666647 0.006342592592592614
0 0.3371875 0.2942314814814815 0.007255208333333366 0.011064814814814857
0 0.36899479166666665 0.29253703703703704 0.008552083333333372 0.005675925925925922
0 0.3749166666666667 0.30221296296296296 0.009640624999999995 0.011111111111111112
0 0.36330729166666664 0.32899074074074075 0.006640625 0.0128796296296296
0 0.37629687500000003 0.32655555555555554 0.007677083333333338 0.014157407407407374
0 0.38379166666666664 0.3260092592592592 0.007598958333333291 0.011972222222222176
0 0.37803125000000004 0.3677592592592593 0.007677083333333338 0.010324074074074053
0 0.3724739583333333 0.39393518518518517 0.00926562499999998 0.015472222222222255
0 0.39606250000000004 0.3895462962962963 0.010770833333333367 0.012203703703703658
0 0.39514062499999997 0.3459351851851852 0.007250000000000038 0.009805555555555585
0 0.4007864583333333 0.35424999999999995 0.0077916666666666854 0.010935185185185135
0 0.41383854166666667 0.3535277777777778 0.008479166666666652 0.011555555555555572
0 0.4121197916666667 0.3637962962962963 0.008223958333333314 0.011546296296296322
0 0.35640104166666664 0.25819444444444445 0.007614583333333276 0.007611111111111136
0 0.35878125 0.26687037037037037 0.007260416666666695 0.010768518518518514
0 0.36806770833333335 0.2659722222222222 0.00763020833333338 0.0064074074074073695
0 0.3693958333333333 0.2689259259259259 0.009130208333333318 0.006657407407407458
0 0.39053645833333334 0.25524074074074077 0.00866145833333339 0.008564814814814815
0 0.41661458333333334 0.32875925925925925 0.0067708333333333336 0.006648148148148102
0 0.41710416666666666 0.3330925925925926 0.007494791666666719 0.005620370370370417
0 0.4255833333333333 0.34534259259259265 0.006458333333333381 0.007379629629629655
0 0.43525520833333337 0.3503148148148148 0.007328124999999967 0.008712962962962933
0 0.431328125 0.36389814814814814 0.008249999999999957 0.008768518518518544
0 0.43839062500000003 0.3638703703703704 0.008281250000000047 0.010361111111111161
0 0.45340624999999996 0.35560185185185184 0.00713541666666669 0.009435185185185236
0 0.453203125 0.3469537037037037 0.008114583333333295 0.009787037037037084
0 0.4345364583333333 0.3074722222222222 0.007041666666666657 0.007620370370370388
0 0.44550520833333335 0.31055555555555553 0.007041666666666657 0.009675925925925968
0 0.53159375 0.2683888888888889 0.006265624999999986 0.010472222222222171
0 0.5269895833333333 0.2911944444444445 0.005635416666666633 0.008129629629629605
0 0.5314479166666666 0.3394444444444445 0.005296874999999979 0.01395370370370375
0 0.5463072916666667 0.3399351851851852 0.006218750000000028 0.007759259259259255
0 0.5482864583333333 0.3354537037037037 0.006880208333333352 0.009527777777777744
0 0.5486041666666667 0.31960185185185186 0.0053750000000000854 0.006749999999999966
0 0.5581041666666666 0.31252777777777774 0.006760416666666676 0.007583333333333384
0 0.5483072916666667 0.3010648148148148 0.004791666666666572 0.01632407407407407
0 0.5678072916666667 0.30904629629629626 0.00610937500000001 0.009953703703703704
0 0.5672812500000001 0.3169351851851852 0.005989583333333334 0.008750000000000042
0 0.5721875 0.3234814814814815 0.007807291666666553 0.010157407407407433
0 0.5632864583333334 0.3468333333333333 0.007182291666666648 0.008555555555555565
0 0.5731614583333333 0.339 0.005947916666666705 0.009222222222222257
0 0.5865208333333333 0.35706481481481483 0.00923437500000001 0.012685185185185228
0 0.592234375 0.3535185185185185 0.008765624999999963 0.01273148148148148
0 0.6098125 0.36060185185185184 0.0076458333333332485 0.01185185185185181
0 0.621015625 0.36089814814814813 0.006807291666666752 0.011685185185185189
0 0.6286197916666667 0.35878703703703707 0.004958333333333324 0.010481481481481527
0 0.61215625 0.3438703703703704 0.0076458333333332485 0.011972222222222176
0 0.6016197916666666 0.331 0.003635416666666676 0.010212962962962938
0 0.58765625 0.3150648148148148 0.007192708333333305 0.008333333333333333
0 0.5944739583333334 0.30721296296296297 0.008088541666666772 0.01028703703703705
0 0.5914270833333333 0.29724999999999996 0.007614583333333276 0.011037037037037
0 0.58175 0.3024444444444444 0.007755208333333267 0.009407407407407378
0 0.575703125 0.2895277777777778 0.0048437500000000945 0.010240740740740691
0 0.5622552083333333 0.2783981481481482 0.0054947916666667615 0.008314814814814832
0 0.5605416666666667 0.28336111111111106 0.003734375000000038 0.009092592592592638
0 0.5582812500000001 0.2689259259259259 0.005072916666666553 0.009351851851851873
0 0.5748020833333333 0.2441388888888889 0.005479166666666657 0.009759259259259226
0 0.5816458333333333 0.24509259259259258 0.0039791666666666005 0.007009259259259305
0 0.5805416666666667 0.2546759259259259 0.001786458333333248 0.007851851851851869
0 0.5808229166666667 0.2662407407407408 0.007026041666666553 0.009314814814814764
0 0.5860364583333334 0.26154629629629633 0.0050416666666665815 0.009935185185185201
0 0.58571875 0.28284259259259265 0.003234375000000019 0.008194444444444466
0 0.5763020833333333 0.27473148148148147 0.004083333333333409 0.010648148148148148
0 0.6094322916666666 0.2445925925925926 0.006046875000000066 0.008342592592592584
0 0.6147864583333333 0.24182407407407408 0.006208333333333371 0.0084722222222222
0 0.625109375 0.24067592592592593 0.006932291666666638 0.009509259259259242
0 0.6130625 0.26249074074074075 0.005343750000000114 0.008814814814814798
0 0.61846875 0.2776296296296296 0.005651041666666619 0.008111111111111102
0 0.6133958333333334 0.2850462962962963 0.006187500000000057 0.011611111111111077
0 0.6090572916666667 0.2927314814814815 0.005953124999999915 0.008324074074074083
0 0.6099010416666667 0.31024999999999997 0.0033281249999999336 0.005379629629629579
0 0.6091145833333333 0.3164814814814815 0.007052083333333315 0.010833333333333375
0 0.612984375 0.32658333333333334 0.008692708333333361 0.01228703703703702
0 0.6208333333333333 0.30789814814814814 0.00610937500000001 0.00866666666666668
0 0.6144270833333334 0.2957592592592593 0.006937500000000085 0.009370370370370374
0 0.6216979166666667 0.290712962962963 0.007374999999999924 0.011379629629629595
0 0.6246041666666666 0.30775 0.0038125000000000854 0.008703703703703682
0 0.6256822916666667 0.3172129629629629 0.005031249999999924 0.010629629629629647
0 0.6248385416666667 0.33546296296296296 0.004281249999999895 0.010805555555555518
0 0.630578125 0.32008333333333333 0.004994791666666743 0.007379629629629655
0 0.63346875 0.3297314814814815 0.008203125 0.014342592592592601
0 0.6394791666666666 0.3374166666666667 0.006869791666666695 0.009388888888888875
0 0.6382135416666667 0.3436203703703704 0.0031614583333334184 0.013851851851851886
0 0.648875 0.33358333333333334 0.007380208333333371 0.01372222222222227
0 0.6427395833333333 0.31546296296296295 0.006348958333333362 0.009129629629629642
0 0.6413072916666667 0.30744444444444446 0.006348958333333362 0.010250000000000046
0 0.6343593750000001 0.3012592592592593 0.00436458333333339 0.010037037037037067
0 0.63128125 0.27040740740740743 0.003911458333333447 0.012981481481481465
0 0.634875 0.2645740740740741 0.004916666666666695 0.00964814814814811
0 0.6452239583333333 0.2662777777777778 0.005552083333333258 0.010398148148148165
0 0.651046875 0.27265740740740746 0.004453125000000095 0.010148148148148182
0 0.641671875 0.27802777777777776 0.003046874999999953 0.010240740740740691
0 0.6493020833333334 0.2855740740740741 0.00677604166666678 0.0076574074074073906
0 0.6550156250000001 0.2944814814814815 0.004661458333333239 0.009824074074074087
0 0.6542864583333333 0.3714166666666667 0.004244791666666714 0.011731481481481443
0 0.6410364583333333 0.34903703703703703 0.0037604166666665626 0.008972222222222272
0 0.6602395833333333 0.35903703703703704 0.003963541666666733 0.011018518518518497
0 0.6578958333333333 0.3429814814814815 0.008223958333333314 0.011509259259259212
0 0.6656510416666667 0.3537037037037037 0.006817708333333409 0.012027777777777787
0 0.6711458333333333 0.3476018518518519 0.007260416666666695 0.008574074074074066
0 0.6683333333333333 0.3389537037037037 0.008203125 0.010796296296296267
0 0.6611770833333334 0.33373148148148146 0.004901041666666591 0.010009259259259209
0 0.6592447916666667 0.3251851851851852 0.005291666666666591 0.009583333333333355
0 0.6610572916666667 0.31675 0.004197916666666638 0.010620370370370396
0 0.6629479166666666 0.29183333333333333 0.005765625000000085 0.007527777777777774
0 0.6642604166666667 0.2955648148148148 0.005296875000000038 0.006324074074074112
0 0.6687135416666667 0.2804814814814815 0.006421874999999962 0.009814814814814835
0 0.6790677083333333 0.27546296296296297 0.006333333333333258 0.009435185185185236
0 0.6872239583333334 0.2727962962962963 0.0031458333333333143 0.008101851851851851
0 0.680828125 0.2901666666666667 0.005151041666666601 0.009194444444444397
0 0.6769479166666666 0.30014814814814816 0.0037239583333333807 0.010490740740740778
0 0.6713802083333333 0.30121296296296296 0.00735416666666661 0.012944444444444462
0 0.6833906249999999 0.304962962962963 0.005828125000000029 0.01045370370370367
0 0.6866249999999999 0.3093148148148148 0.007609375000000067 0.0054907407407406945
0 0.6899791666666667 0.30198148148148146 0.005406250000000057 0.011509259259259212
0 0.6957447916666666 0.2922314814814815 0.004625000000000057 0.009657407407407361
0 0.702453125 0.2818333333333333 0.006687500000000076 0.007472222222222269
0 0.6995052083333333 0.27102777777777776 0.004838541666666648 0.009564814814814852
0 0.7064270833333333 0.26331481481481483 0.007364583333333267 0.009194444444444397
0 0.70865625 0.2758148148148148 0.0038489583333332672 0.010814814814814768
0 0.7054895833333333 0.2917314814814815 0.005755208333333428 0.008990740740740775
0 0.710703125 0.28944444444444445 0.007250000000000038 0.011064814814814857
0 0.7131927083333333 0.29700925925925925 0.003916666666666657 0.011537037037037071
0 0.7173645833333333 0.2996111111111111 0.004427083333333333 0.011583333333333326
0 0.7198125 0.2785925925925926 0.0059062500000000755 0.013361111111111065
0 0.7245364583333332 0.27419444444444446 0.006578125000000057 0.009092592592592638