0 0.29683333333333334 0.9418148148148148 0.00536458333333331 0.017296296296296355
0 0.30320312499999996 0.7471296296296296 0.007380208333333371 0.013120370370370438
0 0.31158854166666666 0.7462407407407408 0.008052083333333352 0.014907407407407322
0 0.3473125 0.6672314814814815 0.005031250000000043 0.015500000000000009
0 0.3499947916666667 0.6344351851851853 0.0097291666666667 0.011925925925926027
0 0.33977083333333336 0.5319999999999999 0.005239583333333305 0.012250000000000016
0 0.3652708333333334 0.5883611111111111 0.00827083333333339 0.010296296296296196
0 0.36085937500000004 0.5959537037037037 0.008822916666666696 0.012740740740740733
0 0.39421875 0.567037037037037 0.004963541666666653 0.0117592592592593
0 0.6115885416666667 0.7145555555555556 0.006338541666666705 0.008824074074074048
0 0.25485416666666666 0.35274074074074074 0.003536458333333314 0.005027777777777732
0 0.2575677083333333 0.35630555555555554 0.004239583333333326 0.0029351851851851475
0 0.27182291666666664 0.3336851851851852 0.0040052083333333615 0.006287037037037003
0 0.32967708333333334 0.45433333333333337 0.005656249999999948 0.01131481481481484
0 0.3447552083333333 0.4557962962962963 0.004713541666666643 0.009212962962963004
0 0.37857291666666665 0.4597777777777778 0.004479166666666619 0.00544444444444444
0 0.392359375 0.44951851851851854 0.0070677083333333 0.01088888888888888
0 0.3286145833333334 0.3686574074074074 0.006833333333333276 0.010055555555555568
0 0.34452083333333333 0.37263888888888885 0.00518229166666669 0.00963888888888886
0 0.34640625 0.38939814814814816 0.006124999999999995 0.010472222222222171
0 0.36490625 0.39337962962962963 0.005421875000000043 0.005861111111111149
0 0.3619583333333333 0.39924074074074073 0.005656249999999948 0.006703703703703712
0 0.37197395833333335 0.41201851851851856 0.004479166666666619 0.007120370370370421
0 0.37562500000000004 0.4157962962962963 0.0028281250000000333 0.00544444444444444
0 0.3791614583333333 0.41788888888888887 0.004713541666666643 0.007120370370370421
0 0.3685572916666667 0.36153703703703705 0.0037708333333333383 0.005861111111111149
0 0.37586458333333334 0.36216666666666664 0.005656249999999948 0.007120370370370421
0 0.367734375 0.34625 0.004479166666666619 0.006287037037037003
0 0.37786458333333334 0.3500185185185185 0.0040052083333333615 0.008796296296296297
0 0.3817552083333334 0.3498055555555556 0.004239583333333385 0.007537037037037024
0 0.39447916666666666 0.3703333333333333 0.003296874999999962 0.003351851851851856
0 0.40696875 0.37515740740740744 0.0028281250000000333 0.006287037037037003
0 0.39518749999999997 0.37515740740740744 0.003296874999999962 0.007120370370370421
0 0.39400520833333336 0.3596574074074074 0.00518229166666669 0.008796296296296297
0 0.39907291666666667 0.3567222222222222 0.0049479166666666664 0.006287037037037003
0 0.4044947916666667 0.3602870370370371 0.005421875000000043 0.009212962962963004
0 0.4029635416666667 0.34352777777777777 0.006124999999999995 0.010055555555555568
0 0.431828125 0.35755555555555557 0.005890624999999971 0.00544444444444444
0 0.43984375 0.3686574074074074 0.003062500000000057 0.005861111111111149
0 0.4401927083333333 0.3655185185185185 0.004713541666666643 0.00544444444444444
0 0.4471458333333333 0.36991666666666667 0.0049479166666666664 0.008379629629629588
0 0.45409895833333336 0.3831111111111111 0.006124999999999995 0.008796296296296297
0 0.44549479166666667 0.35253703703703704 0.0049479166666666664 0.00544444444444444
0 0.45221354166666666 0.34938888888888886 0.004239583333333385 0.0041851851851851685
0 0.4545677083333333 0.3556759259259259 0.00518229166666669 0.006703703703703712
0 0.4545677083333333 0.3644722222222222 0.0037708333333333383 0.006703703703703712
0 0.4676458333333333 0.3636388888888889 0.0025937500000000097 0.003351851851851856
0 0.46353125 0.35683333333333334 0.002223958333333324 0.0032592592592592426
0 0.4700052083333333 0.35904629629629625 0.002614583333333324 0.0044166666666666495
0 0.47229687499999995 0.3614907407407408 0.002749999999999986 0.0051203703703703455
0 0.4743229166666667 0.3516018518518519 0.004447916666666648 0.0044166666666666495
0 0.47890625 0.34858333333333336 0.003661458333333319 0.0030277777777777608
0 0.519859375 0.3586944444444444 0.002354166666666657 0.004648148148148131
0 0.3867864583333333 0.3115925925925926 0.0028802083333333193 0.005351851851851826
0 0.3983697916666667 0.31182407407407403 0.005104166666666643 0.007212962962962929
0 0.4085104166666667 0.29845370370370367 0.003661458333333319 0.0051203703703703455
0 0.41511458333333334 0.3017037037037037 0.003270833333333319 0.004648148148148131
0 0.4218541666666667 0.29798148148148146 0.0028802083333333193 0.0037222222222222053
0 0.42636979166666666 0.3113611111111111 0.002223958333333324 0.0030277777777777608
0 0.43330208333333337 0.31252777777777774 0.004317708333333314 0.006277777777777753
0 0.426890625 0.3215925925925926 0.0030104166666666526 0.0044166666666666495
0 0.4257135416666667 0.33671296296296294 0.0024843749999999905 0.0044166666666666495
0 0.4306875 0.33532407407407405 0.003531249999999986 0.004888888888888864
0 0.4243385416666667 0.2820462962962963 0.002354166666666657 0.003953703703703687
0 0.42780729166666664 0.2811203703703704 0.0014374999999999952 0.003490740740740724
0 0.43533333333333335 0.2808888888888889 0.002614583333333324 0.005351851851851826
0 0.43101562499999996 0.28158333333333335 0.002354166666666657 0.004888888888888864
0 0.43009895833333334 0.2890277777777778 0.002354166666666657 0.003490740740740724
0 0.42990104166666665 0.2945 0.003531249999999986 0.0051203703703703455
0 0.4344166666666667 0.29775 0.0020937499999999906 0.0032592592592592426
0 0.43638020833333335 0.2956574074074074 0.002614583333333324 0.004648148148148131
0 0.44069791666666663 0.2991481481481481 0.002614583333333324 0.0041851851851851685
0 0.4458645833333333 0.30275 0.0048437499999999765 0.006277777777777753
0 0.4440989583333333 0.31426851851851856 0.0034010416666666525 0.0037222222222222053
0 0.4444895833333333 0.3174074074074074 0.003661458333333319 0.003490740740740724
0 0.44606250000000003 0.3232222222222222 0.0020937499999999906 0.003953703703703687
0 0.44396874999999997 0.3343888888888889 0.0034010416666666525 0.004888888888888864
0 0.4491354166666667 0.3153148148148148 0.003270833333333319 0.003953703703703687
0 0.45521875 0.32589814814814816 0.003140624999999986 0.006981481481481448
0 0.45646354166666664 0.3196203703703704 0.004057291666666647 0.0041851851851851685
0 0.45940624999999996 0.3136851851851852 0.004708333333333314 0.005814814814814789
0 0.45986458333333335 0.30833333333333335 0.003270833333333319 0.004888888888888864
0 0.46713020833333335 0.3085648148148148 0.0034010416666666525 0.0044166666666666495
0 0.46581770833333336 0.3146203703703704 0.004708333333333314 0.0076759259259258925
0 0.46405208333333337 0.3271759259259259 0.003270833333333319 0.004888888888888864
0 0.4713177083333333 0.32263888888888886 0.0039270833333333146 0.005583333333333308
0 0.47413020833333336 0.3207777777777778 0.0048437499999999765 0.006046296296296271
0 0.47628645833333333 0.3183425925925926 0.004708333333333314 0.006749999999999966
0 0.45822916666666663 0.2908888888888889 0.003140624999999986 0.004888888888888864
0 0.44619270833333335 0.2790277777777778 0.003140624999999986 0.003490740740740724
0 0.465953125 0.2750740740740741 0.0039270833333333146 0.009999999999999959
0 0.47059375 0.2749537037037037 0.0037968749999999813 0.006046296296296271
0 0.47452083333333334 0.2821666666666667 0.004057291666666647 0.006981481481481448
0 0.47229687499999995 0.29333333333333333 0.004578124999999981 0.0037222222222222053
0 0.48060416666666667 0.28798148148148145 0.002354166666666657 0.004648148148148131
0 0.48054166666666664 0.27949074074074076 0.004317708333333314 0.006749999999999966
0 0.4885885416666667 0.2820462962962963 0.0028802083333333193 0.006277777777777753
0 0.49428125 0.28600925925925924 0.0024843749999999905 0.0044166666666666495
0 0.49349479166666665 0.3026388888888889 0.0024843749999999905 0.0037222222222222053
0 0.49990625000000005 0.2987962962962963 0.0037968749999999813 0.004888888888888864
0 0.5190104166666667 0.30414814814814817 0.002749999999999986 0.005814814814814789
0 0.5181614583333334 0.2950740740740741 0.002614583333333324 0.004888888888888864
0 0.5141041666666667 0.3046111111111111 0.004447916666666648 0.005814814814814789
0 0.5115520833333334 0.28798148148148145 0.003270833333333319 0.0037222222222222053
0 0.5112916666666666 0.278212962962963 0.003270833333333319 0.0037222222222222053
0 0.5091979166666667 0.2741388888888889 0.002223958333333324 0.003490740740740724
0 0.5088020833333333 0.268212962962963 0.003531249999999986 0.0037222222222222053
0 0.47072916666666664 0.256462962962963 0.002223958333333324 0.005351851851851826
0 0.47301562500000005 0.25658333333333333 0.0034010416666666525 0.0037222222222222053
0 0.4790989583333333 0.25762962962962965 0.0024843749999999905 0.003490740740740724
0 0.48459895833333333 0.2562314814814815 0.0019635416666666573 0.003953703703703687
0 0.489375 0.2523888888888889 0.0034010416666666525 0.004648148148148131
0 0.48296354166666666 0.2684444444444445 0.002614583333333324 0.0041851851851851685
0 0.49434374999999997 0.27367592592592593 0.0028802083333333193 0.004888888888888864
0 0.5281666666666667 0.25925000000000004 0.003531249999999986 0.004888888888888864
0 0.523984375 0.2700740740740741 0.002223958333333324 0.0023240740740740656
0 0.512796875 0.261 0.0020937499999999906 0.0051203703703703455
0 0.51809375 0.25472222222222224 0.0024843749999999905 0.0027870370370370284
0 0.5298697916666667 0.24692592592592594 0.004317708333333314 0.0044166666666666495
0 0.5384427083333333 0.24180555555555552 0.003401041666666771 0.0044166666666666495
0 0.5597031250000001 0.28344444444444444 0.0027500000000001044 0.0030277777777777608
0 0.5816197916666667 0.28612037037037036 0.0020937499999999906 0.0032592592592592426
0 0.582015625 0.2896111111111111 0.002354166666666657 0.0027870370370370284
0 0.5878333333333334 0.29053703703703704 0.0024843749999999905 0.0027870370370370284
0 0.5882291666666667 0.28635185185185186 0.0027500000000001044 0.0041851851851851685
0 0.5860052083333334 0.2970555555555556 0.0027500000000001044 0.004648148148148131
0 0.558984375 0.29833333333333334 0.003401041666666771 0.0044166666666666495
0 0.57259375 0.35718518518518516 0.0036614583333334375 0.00861111111111107
0 0.5773020833333333 0.35927777777777775 0.004187499999999981 0.007212962962962929
0 0.6556666666666667 0.39962037037037035 0.002218750000000114 0.00425000000000003
0 0.657203125 0.397037037037037 0.0039270833333333146 0.005157407407407453
0 0.661640625 0.40325925925925926 0.002901041666666752 0.007888888888888872
0 0.666078125 0.39764814814814814 0.00358333333333339 0.005157407407407453
0 0.6691510416666666 0.3961296296296296 0.0039270833333333146 0.0063703703703703665
0 0.6721354166666667 0.3962777777777778 0.003755208333333352 0.00727777777777779
0 0.7954843749999999 0.5041666666666667 0.0068489583333333805 0.01217592592592601
0 0.8578125 0.3590555555555555 0.0037187499999999335 0.005370370370370328
0 0.8627447916666667 0.369787037037037 0.004062500000000095 0.005370370370370328
0 0.866578125 0.3695833333333333 0.004531249999999905 0.003305555555555602
0 0.8670416666666667 0.3671018518518519 0.003135416666666657 0.0037129629629629544
0 0.8644895833333333 0.35739814814814813 0.004062500000000095 0.006194444444444495
0 0.8682031250000001 0.35358333333333336 0.0047604166666666 0.0047499999999999955
0 0.8675052083333333 0.3605 0.0047604166666666 0.004546296296296267
0 0.87290625 0.36112037037037037 0.006734374999999915 0.005777777777777786
0 0.8751718749999999 0.37557407407407406 0.0047604166666666 0.00743518518518516
0 0.8828958333333333 0.37784259259259256 0.008130208333333399 0.008259259259259221
0 0.8687291666666667 0.37453703703703706 0.005807291666666714 0.006611111111111099
0 0.8601354166666667 0.36565740740740743 0.004411458333333229 0.004953703703703725
0 0.46308333333333335 0.2220462962962963 0.0013229166666666478 0.001342592592592582
0 0.47983333333333333 0.22196296296296297 0.0011354166666667 0.0015185185185185059
0 0.48181770833333337 0.22465740740740742 0.0022708333333332814 0.002185185185185198
0 0.484421875 0.21094444444444443 0.0025572916666667094 0.0026944444444444676
0 0.49042708333333335 0.2122037037037037 0.0013229166666666478 0.002185185185185198
0 0.49241666666666667 0.21531481481481482 0.0020833333333333333 0.003361111111111107
0 0.49501562499999996 0.21321296296296297 0.0025572916666667094 0.002861111111111088
0 0.520140625 0.2508148148148148 0.0020833333333333333 0.002694444444444415
0 0.531921875 0.25165740740740744 0.0014218750000000095 0.003703703703703704
0 0.5087864583333334 0.2273425925925926 0.00397395833333339 0.0042037037037037225
0 0.5143229166666666 0.23147222222222222 0.0035000000000000144 0.00471296296296294
0 0.5018802083333334 0.21119444444444443 0.003218750000000033 0.003194444444444434
0 0.50509375 0.21212037037037038 0.002651041666666624 0.003361111111111107
0 0.50334375 0.21666666666666667 0.0016093749999999574 0.003703703703703704
0 0.5056145833333333 0.2175925925925926 0.002744791666666657 0.004546296296296319
0 0.5060885416666667 0.2299537037037037 0.0014218750000000095 0.0026944444444444676
0 0.5078854166666666 0.2111111111111111 0.0029322916666667236 0.0026944444444444676
0 0.5127135416666666 0.21329629629629632 0.003125 0.002351851851851871
0 0.510203125 0.21691666666666667 0.0015156250000000425 0.003537037037037031
0 0.5138958333333333 0.21523148148148147 0.0035937500000000474 0.003537037037037031
0 0.5173020833333334 0.2128796296296296 0.0017031249999999905 0.0042037037037037225
0 0.521609375 0.2110277777777778 0.003880208333333357 0.002861111111111088
0 0.5215104166666666 0.21893518518518518 0.004067708333333305 0.005555555555555556
0 0.5191927083333333 0.22280555555555556 0.003786458333333324 0.004546296296296319
0 0.5250625 0.23238888888888887 0.002651041666666624 0.0042037037037037225
0 0.5262447916666667 0.22970370370370372 0.0014218750000000095 0.0015185185185185059
0 0.5329635416666666 0.22861111111111113 0.0029322916666667236 0.0030277777777777608
0 0.5377395833333334 0.2291111111111111 0.0020833333333333333 0.005722222222222228
0 0.5256770833333333 0.21825925925925926 0.004067708333333305 0.004546296296296319
0 0.5272864583333333 0.21514814814814817 0.0017968750000000237 0.0030277777777777608
0 0.525484375 0.21187037037037038 0.003125 0.0042037037037037225
0 0.53040625 0.2130462962962963 0.00482812499999999 0.005212962962962959
0 0.5293177083333334 0.21918518518518518 0.0030260416666666383 0.005722222222222228
0 0.5366979166666667 0.2195277777777778 0.003406249999999981 0.005379629629629632
0 0.5360364583333334 0.21137037037037038 0.00397395833333339 0.0042037037037037225
0 0.5416197916666667 0.2137222222222222 0.004354166666666733 0.007907407407407427
0 0.5463020833333334 0.21187037037037038 0.0029322916666667236 0.0025277777777777946
0 0.5464947916666667 0.2159074074074074 0.0029322916666667236 0.003194444444444434
0 0.5446927083333333 0.22187962962962962 0.002744791666666657 0.005379629629629632
0 0.5516041666666667 0.22171296296296295 0.0029322916666667236 0.003703703703703704
0 0.552359375 0.21784259259259262 0.003499999999999896 0.006055555555555574
0 0.5533541666666667 0.21069444444444446 0.002458333333333229 0.003870370370370377
0 0.5568541666666668 0.2181759259259259 0.0049218749999999055 0.011777777777777804
0 0.564375 0.21296296296296297 0.006338541666666705 0.00403703703703705
0 0.56740625 0.2197777777777778 0.0029322916666667236 0.007231481481481484
0 0.5632395833333333 0.22196296296296297 0.006718750000000048 0.006898148148148138
0 0.5706197916666667 0.22616666666666665 0.0016093750000000758 0.002861111111111088
0 0.5721822916666667 0.21910185185185185 0.0011354166666665813 0.0015185185185185059
0 0.574171875 0.21961111111111112 0.0017031249999999905 0.0025277777777777946
0 0.5709062500000001 0.2145648148148148 0.001229166666666733 0.0015185185185185059
0 0.57265625 0.2255 0.0017031249999999905 0.002185185185185198
0 0.5774791666666667 0.21523148148148147 0.0011354166666665813 0.0025277777777777946
0 0.5781458333333334 0.22305555555555556 0.0022708333333334 0.00471296296296294
0 0.5806510416666666 0.22280555555555556 0.0016093750000000758 0.003537037037037031
0 0.5855729166666667 0.22305555555555556 0.002557291666666591 0.00403703703703705
0 0.5815989583333334 0.2161574074074074 0.001229166666666733 0.0026944444444444676
0 0.5821666666666666 0.22457407407407406 0.0016093750000000758 0.001009259259259236
0 0.582828125 0.22717592592592592 0.0014218750000000095 0.0008425925925926158
0 0.5850989583333334 0.22608333333333333 0.002177083333333248 0.001009259259259236
0 0.582640625 0.2235648148148148 0.0010416666666666667 0.001009259259259236
0 0.5861406250000001 0.21632407407407406 0.0010416666666666667 0.0030277777777777608
0 0.5892604166666667 0.21918518518518518 0.0019895833333334187 0.004370370370370396
0 0.589828125 0.21708333333333332 0.0014218750000000095 0.003537037037037031
0 0.5921979166666667 0.22011111111111112 0.003125 0.002861111111111088
0 0.5971614583333333 0.21910185185185185 0.0022708333333334 0.002861111111111088
0 0.594515625 0.22322222222222224 0.00397395833333339 0.002351851851851871
0 0.5979687499999999 0.22583333333333333 0.0023645833333333145 0.003870370370370377
0 0.6024635416666667 0.21716666666666665 0.0020833333333333333 0.001685185185185179
0 0.60321875 0.22128703703703703 0.002458333333333229 0.002185185185185198
0 0.600046875 0.21860185185185185 0.0017968749999999053 0.0025277777777777946
0 0.6006666666666667 0.2231388888888889 0.0022708333333334 0.004879629629629613
0 0.60340625 0.22474074074074074 0.0013229166666666478 0.003361111111111107
0 0.6087552083333333 0.2190185185185185 0.0023645833333333145 0.003361111111111107
0 0.6095572916666666 0.22945370370370372 0.0022708333333334 0.0026944444444444676
0 0.6074322916666667 0.22221296296296297 0.004447916666666648 0.005379629629629632
0 0.6119739583333333 0.21994444444444444 0.0023645833333333145 0.003870370370370377
0 0.6114999999999999 0.22457407407407406 0.0023645833333333145 0.00403703703703705
0 0.611875 0.22869444444444445 0.0023645833333333145 0.003537037037037031
0 0.6137708333333334 0.22785185185185186 0.002557291666666591 0.0042037037037037225
0 0.6156614583333333 0.22439814814814815 0.0038802083333332386 0.005379629629629632
0 0.6211979166666667 0.22439814814814815 0.0026510416666667425 0.00403703703703705
0 0.6200625 0.22146296296296297 0.0020833333333333333 0.002861111111111088
0 0.6282916666666666 0.22423148148148148 0.0022708333333334 0.004370370370370396
0 0.6261666666666666 0.22844444444444445 0.0017968749999999053 0.00403703703703705
0 0.625359375 0.22439814814814815 0.0022708333333334 0.003703703703703704
0 0.623703125 0.23003703703703704 0.0029322916666667236 0.003194444444444434
0 0.615 0.24198148148148146 0.002744791666666657 0.00420370370370367
0 0.6276302083333333 0.28049999999999997 0.0028385416666665718 0.004879629629629613
0 0.654171875 0.2820185185185185 0.0033125000000000663 0.004879629629629613
0 0.6384166666666666 0.2523240740740741 0.0026510416666667425 0.00403703703703705
0 0.640734375 0.25266666666666665 0.003125 0.0047129629629629926
0 0.6497239583333333 0.2530833333333333 0.003499999999999896 0.004879629629629613
0 0.6560677083333334 0.25266666666666665 0.002557291666666591 0.003361111111111107
0 0.6604635416666667 0.2531666666666667 0.002458333333333229 0.003703703703703704
0 0.6376145833333333 0.22221296296296297 0.002177083333333248 0.0030277777777777608
0 0.640265625 0.22247222222222224 0.002557291666666591 0.003870370370370377
0 0.6466510416666666 0.2231388888888889 0.003218749999999915 0.003870370370370377
0 0.6413072916666667 0.22810185185185183 0.0023645833333333145 0.006388888888888868
0 0.6444270833333333 0.22725925925925924 0.0038802083333332386 0.003361111111111107
0 0.649203125 0.229787037037037 0.0020833333333333333 0.003703703703703704
0 0.6531302083333334 0.22725925925925924 0.0017968749999999053 0.004370370370370396
0 0.6567291666666667 0.22717592592592592 0.0016093750000000758 0.002861111111111088
0 0.6606562500000001 0.22675925925925927 0.0017031249999999905 0.0030277777777777608
0 0.6638697916666667 0.22768518518518518 0.0017031249999999905 0.0042037037037037225
0 0.6667604166666667 0.2273425925925926 0.0016093750000000758 0.005555555555555556
0 0.6739947916666666 0.24408333333333335 0.0035937500000000474 0.005379629629629579
0 0.674515625 0.2496388888888889 0.0036927083333334093 0.004370370370370396
0 0.676171875 0.25981481481481483 0.003406249999999981 0.0028611111111111406
0 0.6841197916666667 0.2378611111111111 0.0013229166666666478 0.0030277777777777608
0 0.6888072916666667 0.23853703703703705 0.0016093750000000758 0.0030277777777777608
0 0.6831302083333333 0.24063888888888887 0.0029322916666667236 0.003870370370370324
0 0.7003958333333333 0.27167592592592593 0.002458333333333229 0.003703703703703704
0 0.6967083333333334 0.290425925925926 0.003786458333333324 0.003870370370370324
0 0.7058385416666667 0.2757962962962963 0.002744791666666657 0.00420370370370367
0 0.70990625 0.2760462962962963 0.0019895833333334187 0.005379629629629579
0 0.7126041666666667 0.2785648148148148 0.0020833333333333333 0.005722222222222176
0 0.7181875000000001 0.2785648148148148 0.002458333333333229 0.006388888888888868
0 0.7194635416666666 0.2869814814814815 0.002744791666666657 0.004370370370370396
0 0.709953125 0.25863888888888886 0.002458333333333229 0.002185185185185198
0 0.7129322916666666 0.25981481481481483 0.003125 0.00420370370370367
0 0.7141145833333333 0.24290740740740738 0.003406249999999981 0.004370370370370396
0 0.6955729166666667 0.2126296296296296 0.0026510416666667425 0.0030277777777777608
0 0.6979843750000001 0.21321296296296297 0.0016093750000000758 0.0025277777777777946
0 0.7008697916666667 0.2141388888888889 0.0026510416666667425 0.0030277777777777608
0 0.7034739583333334 0.2122037037037037 0.002557291666666591 0.003870370370370377
0 0.7296822916666666 0.2614074074074074 0.002557291666666591 0.0030277777777777608
0 0.7278854166666666 0.27512037037037035 0.002744791666666657 0.00420370370370367
0 0.7304375000000001 0.2832777777777778 0.0036927083333334093 0.0047129629629629926
0 0.7401875 0.28764814814814815 0.003499999999999896 0.004370370370370396
0 0.7339895833333333 0.27259259259259255 0.0028385416666665718 0.003870370370370324
0 0.7380572916666667 0.27066666666666667 0.0035937500000000474 0.0047129629629629926
0 0.7412239583333334 0.27141666666666664 0.002557291666666591 0.00420370370370367
0 0.7450572916666667 0.27066666666666667 0.0035937500000000474 0.005379629629629579
0 0.7496458333333333 0.2708333333333333 0.005583333333333229 0.005722222222222176
0 0.74203125 0.27528703703703705 0.0026510416666667425 0.0031944444444444867
0 0.762609375 0.2795740740740741 0.0017968749999999053 0.002694444444444415
0 0.7569791666666668 0.2844537037037037 0.0035937500000000474 0.0030277777777777608
0 0.7596302083333334 0.28597222222222224 0.003218749999999915 0.005379629629629579