0 0.6304270833333334 0.9572685185185185 0.013567708333333428 0.0239351851851851
0 0.38509895833333335 0.7805740740740741 0.008557291666666699 0.01972222222222218
0 0.40811458333333334 0.759287037037037 0.009557291666666618 0.019379629629629688
0 0.5730989583333332 0.756537037037037 0.0069583333333334 0.018277777777777785
0 0.571734375 0.7827685185185185 0.0076458333333332485 0.019879629629629653
0 0.6391510416666667 0.790138888888889 0.010385416666666696 0.020379629629629623
0 0.5614375 0.6668333333333333 0.007385416666666581 0.018351851851851793
0 0.5022864583333333 0.6058888888888889 0.009343750000000029 0.016999999999999908
0 0.5083489583333333 0.5970833333333333 0.010203124999999957 0.01820370370370378
0 0.473421875 0.6022037037037037 0.007807291666666672 0.016666666666666666
0 0.46918750000000004 0.5809351851851852 0.006296874999999957 0.01684259259259264
0 0.47799479166666664 0.5741851851851852 0.00610937500000001 0.014611111111111085
0 0.531171875 0.5578055555555556 0.00869791666666669 0.012861111111111203
0 0.54571875 0.5647777777777778 0.005989583333333334 0.01412037037037037
0 0.5584427083333333 0.535712962962963 0.0046979166666666575 0.011472222222222314
0 0.8682395833333333 0.8554259259259259 0.021432291666666714 0.017500000000000085
0 0.8116875 0.5432314814814815 0.009796874999999972 0.011148148148148114
0 0.8171822916666667 0.5378796296296297 0.009859374999999915 0.010583333333333392
0 0.8611302083333333 0.5136388888888889 0.009453125000000047 0.010324074074074159
0 0.8789427083333333 0.5270185185185184 0.008953125000000029 0.007898148148148123
0 0.8802395833333333 0.5349166666666667 0.009609374999999904 0.015203703703703771
0 0.9178229166666667 0.5270555555555556 0.010109374999999924 0.011879629629629563
0 0.8937395833333334 0.5082037037037037 0.0037656250000000094 0.013083333333333435
0 0.9004895833333334 0.4850925925925926 0.006453124999999934 0.009018518518518526
0 0.9057604166666666 0.4820092592592593 0.006359375000000019 0.007527777777777879
0 0.9108697916666666 0.4625925925925926 0.007140625000000019 0.012657407407407369
0 0.9116875 0.3983333333333333 0.007322916666666638 0.010601851851851894
0 0.9203281249999999 0.40299074074074076 0.006765624999999886 0.009259259259259259
0 0.8714583333333333 0.41353703703703704 0.0056666666666667235 0.011824074074074058
0 0.8720052083333333 0.44657407407407407 0.006369791666666676 0.01288888888888885
0 0.8203072916666667 0.43237962962962967 0.004703125000000104 0.012083333333333291
0 0.7951093749999999 0.37951851851851853 0.0032708333333334376 0.0060555555555555215
0 0.8345625 0.37773148148148145 0.007390625000000028 0.0128611111111111
0 0.8408333333333334 0.3761111111111111 0.007161458333333333 0.0128611111111111
0 0.8473333333333334 0.38158333333333333 0.0053750000000000854 0.00862037037037032
0 0.85684375 0.3793148148148148 0.0056927083333332485 0.010574074074074036
0 0.8473802083333334 0.37396296296296294 0.008213541666666657 0.00986111111111109
0 0.8508645833333334 0.37096296296296294 0.005604166666666781 0.00846296296296295
0 0.812515625 0.29562962962962963 0.0035885416666666 0.0084537037037037
0 0.8178385416666667 0.2963425925925926 0.0019218750000000284 0.006064814814814773
0 0.8209583333333333 0.2947777777777778 0.004645833333333372 0.006925925925925943
0 0.8169739583333333 0.28649074074074077 0.005578125000000019 0.007944444444444483
0 0.8301093749999999 0.29938888888888887 0.0036562499999999907 0.007777777777777757
0 0.8374322916666667 0.3005833333333333 0.004255208333333371 0.00942592592592588
0 0.7617552083333333 0.40407407407407403 0.006427083333333409 0.010694444444444402
0 0.6845625 0.4837592592592593 0.00912499999999999 0.011527777777777819
0 0.7245885416666666 0.3971111111111111 0.0048958333333333805 0.008185185185185215
0 0.7226354166666666 0.3885092592592592 0.006062499999999933 0.010574074074074036
0 0.7165104166666667 0.395537037037037 0.006692708333333286 0.00862037037037032
0 0.7100104166666666 0.3983888888888889 0.008234374999999971 0.0084722222222222
0 0.7037916666666667 0.3999537037037037 0.007531250000000019 0.006620370370370349
0 0.7027187500000001 0.39249074074074075 0.006473958333333248 0.009435185185185236
0 0.6998020833333333 0.4170185185185185 0.004999999999999952 0.0071296296296296715
0 0.692078125 0.41670370370370374 0.004671874999999896 0.007740740740740754
0 0.6725989583333334 0.4384444444444444 0.008010416666666723 0.009749999999999974
0 0.6739010416666668 0.4325833333333333 0.0057343750000001135 0.008953703703703665
0 0.6979635416666666 0.3825 0.004395833333333362 0.0076759259259258925
0 0.6903541666666667 0.37874074074074077 0.007119791666666705 0.008361111111111087
0 0.6865416666666667 0.38837037037037037 0.007692708333333324 0.008481481481481453
0 0.6814791666666667 0.3948888888888889 0.004999999999999952 0.007398148148148156
0 0.6790260416666667 0.37175925925925923 0.007015624999999896 0.010351851851851805
0 0.6652291666666666 0.37521296296296297 0.006083333333333248 0.006305555555555505
0 0.6749062499999999 0.39819444444444446 0.0059583333333333615 0.007629629629629638
0 0.6692864583333333 0.3901388888888889 0.007270833333333352 0.012351851851851881
0 0.6702447916666666 0.40358333333333335 0.002786458333333286 0.004268518518518531
0 0.6664010416666667 0.40568518518518515 0.004067708333333305 0.005750000000000034
0 0.671046875 0.4101018518518519 0.007151041666666676 0.010481481481481527
0 0.67053125 0.42291666666666666 0.006125000000000114 0.012185185185185157
0 0.663484375 0.42041666666666666 0.006692708333333286 0.011055555555555607
0 0.6550208333333334 0.41494444444444445 0.004588541666666638 0.007629629629629638
0 0.6462135416666667 0.42873148148148144 0.008546874999999924 0.010379629629629664
0 0.6338906249999999 0.4253425925925926 0.007223958333333277 0.01088888888888888
0 0.6343229166666667 0.41287037037037033 0.0047604166666666 0.009629629629629608
0 0.6399635416666667 0.41224074074074074 0.003734375000000038 0.009740740740740723
0 0.6431666666666668 0.39646296296296296 0.003734375000000038 0.008249999999999971
0 0.6456822916666667 0.4011574074074074 0.005437500000000028 0.010824074074074125
0 0.6518177083333333 0.40808333333333335 0.004380208333333258 0.010083333333333321
0 0.6576666666666667 0.4024166666666667 0.0032604166666667803 0.008314814814814832
0 0.6612083333333333 0.40281481481481485 0.004192708333333428 0.008657407407407428
0 0.6595104166666667 0.39546296296296296 0.0056666666666667235 0.008537037037037062
0 0.6529010416666666 0.38941666666666663 0.0039791666666666005 0.00829629629629633
0 0.5961510416666667 0.4394074074074074 0.005307291666666695 0.010314814814814803
0 0.5991302083333333 0.46752777777777776 0.005140624999999943 0.01050000000000003
0 0.616 0.42380555555555555 0.005026041666666714 0.009620370370370357
0 0.6257083333333333 0.4019537037037037 0.005473958333333447 0.006027777777777769
0 0.6309791666666666 0.4027222222222222 0.004744791666666733 0.009759259259259226
0 0.6339791666666666 0.38173148148148145 0.0030416666666667424 0.0065833333333333455
0 0.63678125 0.3879074074074074 0.004166666666666667 0.0074814814814815195
0 0.6396822916666667 0.38184259259259257 0.004515625000000038 0.009592592592592606
0 0.6263854166666667 0.37192592592592594 0.0034895833333332387 0.0056666666666666705
0 0.6177135416666667 0.3780555555555556 0.002567708333333248 0.007148148148148173
0 0.6255833333333333 0.3814166666666667 0.004453125000000095 0.007787037037037007
0 0.62475 0.3949444444444445 0.004833333333333438 0.009787037037037084
0 0.6293802083333334 0.39460185185185187 0.004104166666666724 0.007768518518518506
0 0.6225208333333333 0.3874814814814815 0.007046875000000104 0.007611111111111136
0 0.6144322916666667 0.39608333333333334 0.004958333333333324 0.009787037037037084
0 0.6052968750000001 0.40263888888888894 0.004338541666666629 0.009212962962963004
0 0.597703125 0.405287037037037 0.003890624999999896 0.006768518518518468
0 0.59390625 0.40224074074074073 0.0055885416666666765 0.013435185185185177
0 0.5984895833333332 0.39055555555555554 0.0038333333333333995 0.00829629629629633
0 0.607125 0.38087037037037036 0.0029062499999999622 0.007157407407407424
0 0.60271875 0.3847777777777778 0.008473958333333325 0.01147222222222221
0 0.5898489583333333 0.385037037037037 0.005260416666666619 0.009092592592592638
0 0.58540625 0.4018703703703704 0.006692708333333286 0.00904629629629628
0 0.5815 0.3965740740740741 0.005281249999999934 0.011666666666666688
0 0.573890625 0.39483333333333337 0.005125000000000076 0.007731481481481502
0 0.5755885416666667 0.41132407407407406 0.005317708333333352 0.008370370370370337
0 0.5742083333333333 0.4185833333333333 0.0032031250000000475 0.009009259259259276
0 0.5738229166666666 0.4238888888888889 0.0037187499999999335 0.009342592592592623
0 0.57903125 0.43239814814814814 0.006119791666666667 0.013268518518518556
0 0.5777187500000001 0.44208333333333333 0.006692708333333286 0.01212962962962965
0 0.5722864583333334 0.4375925925925926 0.007046875000000104 0.009407407407407378
0 0.5695625 0.44516666666666665 0.004807291666666676 0.011342592592592593
0 0.5640208333333334 0.4526851851851852 0.004614583333333399 0.012259259259259268
0 0.56453125 0.4351111111111111 0.009489583333333228 0.010370370370370412
0 0.5636822916666666 0.4250277777777777 0.005546875000000047 0.013444444444444427
0 0.5578489583333333 0.42992592592592593 0.004833333333333438 0.008203703703703717
0 0.5541822916666667 0.4288703703703704 0.003531250000000104 0.009740740740740723
0 0.5523854166666666 0.43644444444444447 0.0050677083333333425 0.008824074074074048
0 0.548671875 0.43277777777777776 0.0036458333333333334 0.013907407407407391
0 0.5420989583333333 0.44308333333333333 0.0043697916666666 0.010138888888888932
0 0.53740625 0.4485 0.005979166666666676 0.009805555555555585
0 0.5297135416666666 0.44958333333333333 0.01068749999999999 0.011722222222222193
0 0.5142291666666667 0.44530555555555557 0.006276041666666643 0.012546296296296253
0 0.5205104166666666 0.44297222222222227 0.0075677083333333195 0.01126851851851848
0 0.4756927083333334 0.48000925925925925 0.007380208333333371 0.008111111111111102
0 0.5295156249999999 0.43571296296296297 0.0019843749999999714 0.008379629629629588
0 0.5305520833333333 0.43262962962962964 0.006187499999999998 0.010537037037037032
0 0.5380052083333333 0.4275925925925926 0.006661458333333314 0.010370370370370412
0 0.532671875 0.4135740740740741 0.004968749999999981 0.006490740740740733
0 0.5356197916666667 0.41955555555555557 0.004770833333333317 0.006611111111111099
0 0.543546875 0.40653703703703703 0.004291666666666553 0.008499999999999954
0 0.5335520833333334 0.4083888888888889 0.004166666666666667 0.00887962962962966
0 0.545890625 0.40475 0.0031979166666666003 0.00705555555555556
0 0.5437916666666667 0.4136944444444445 0.005088541666666657 0.010814814814814768
0 0.5494791666666666 0.4156574074074074 0.0026874999999999243 0.007462962962962913
0 0.5495885416666667 0.42412037037037037 0.00579166666666661 0.009342592592592623
0 0.56040625 0.41221296296296295 0.004666666666666685 0.009222222222222257
0 0.5623281250000001 0.40585185185185185 0.006869791666666695 0.0065462962962963426
0 0.5570104166666667 0.4001851851851852 0.003406249999999981 0.00705555555555556
0 0.5644739583333334 0.38443518518518516 0.0031927083333333902 0.008351851851851834
0 0.5734479166666666 0.38993518518518516 0.004499999999999934 0.007046296296296309
0 0.5731770833333333 0.3733796296296296 0.0047239583333334185 0.007666666666666641
0 0.5763489583333333 0.3796759259259259 0.00482291666666678 0.00890740740740741
0 0.5628072916666667 0.37389814814814815 0.003067708333333267 0.01006481481481482
0 0.5578749999999999 0.3780555555555556 0.002812500000000047 0.007444444444444411
0 0.554203125 0.3504259259259259 0.006046875000000066 0.006861111111111082
0 0.5508385416666666 0.35403703703703704 0.006369791666666676 0.007777777777777757
0 0.54525 0.35341666666666666 0.004479166666666619 0.010564814814814786
0 0.5411770833333333 0.3557222222222222 0.004296875 0.008796296296296297
0 0.5434218749999999 0.3728425925925926 0.005312499999999905 0.011194444444444474
0 0.5436614583333333 0.38366666666666666 0.0035520833333334187 0.007768518518518506
0 0.5498333333333334 0.39235185185185184 0.007505208333333258 0.009611111111111107
0 0.5405364583333333 0.38873148148148146 0.0085208333333334 0.009925925925925951
0 0.538375 0.3929814814814815 0.006380208333333333 0.009499999999999991
0 0.5408385416666667 0.39842592592592596 0.00816666666666658 0.007166666666666675
0 0.5225104166666666 0.4233148148148148 0.0048437499999999765 0.010935185185185135
0 0.5143020833333334 0.4114351851851852 0.006416666666666634 0.0076759259259258925
0 0.5202135416666667 0.40497222222222223 0.005083333333333329 0.008444444444444449
0 0.5194739583333333 0.39705555555555555 0.006005208333333319 0.010805555555555518
0 0.5133229166666667 0.3886759259259259 0.004765625000000048 0.008175925925925963
0 0.5080520833333334 0.37833333333333335 0.004802083333333347 0.006638888888888851
0 0.505375 0.37306481481481485 0.005999999999999991 0.009768518518518477
0 0.5140729166666667 0.37237962962962967 0.0040312500000000044 0.007092592592592563
0 0.518546875 0.35686111111111113 0.004656250000000028 0.007425925925925909
0 0.5120729166666667 0.35605555555555557 0.007348958333333281 0.009018518518518526
0 0.5026510416666666 0.3934351851851852 0.004578124999999981 0.00949074074074074
0 0.5096510416666666 0.4014074074074074 0.004812500000000005 0.007212962962962929
0 0.5030989583333334 0.40944444444444444 0.008036458333333366 0.009981481481481456
0 0.500265625 0.4180185185185185 0.005249999999999962 0.008324074074074083
0 0.49457812500000004 0.41075 0.002598958333333338 0.006768518518518468
0 0.4969322916666667 0.4290925925925926 0.004994791666666624 0.009407407407407378
0 0.4925572916666667 0.43624999999999997 0.007276041666666681 0.012185185185185157
0 0.4887135416666667 0.4064814814814815 0.0042604166666667 0.009611111111111107
0 0.49288020833333335 0.38773148148148145 0.005354166666666652 0.007212962962962929
0 0.49768229166666667 0.38502777777777775 0.0068229166666666195 0.009592592592592606
0 0.4899114583333333 0.3779074074074074 0.005833333333333357 0.012620370370370367
0 0.47831250000000003 0.40078703703703705 0.005578125000000019 0.014166666666666624
0 0.47929166666666667 0.41368518518518516 0.0046510416666667 0.007166666666666675
0 0.47648958333333336 0.42610185185185184 0.0076874999999999956 0.0051203703703703455
0 0.47472395833333336 0.43094444444444446 0.006093750000000024 0.007981481481481485
0 0.42878645833333334 0.48830555555555555 0.006859375000000038 0.010592592592592643
0 0.40425520833333334 0.5036666666666667 0.01008854166666661 0.011231481481481582
0 0.33724479166666665 0.534537037037037 0.007557291666666662 0.015101851851851802
0 0.326140625 0.5286944444444445 0.0038906250000000143 0.012537037037037003
0 0.31208854166666666 0.5025185185185186 0.008156250000000042 0.009749999999999974
0 0.3085625 0.5072129629629629 0.007864583333333286 0.011046296296296356
0 0.19910416666666667 0.47850925925925925 0.0073281250000000265 0.009212962962963004
0 0.21719270833333332 0.485962962962963 0.009296875000000012 0.011407407407407349
0 0.1755364583333333 0.4828333333333334 0.010593750000000016 0.010833333333333375
0 0.168984375 0.48412037037037037 0.008598958333333328 0.009962962962962955
0 0.46841666666666665 0.37530555555555556 0.004812500000000005 0.010777777777777765
0 0.4615572916666667 0.3916851851851852 0.005197916666666676 0.010092592592592571
0 0.45865625 0.4003611111111111 0.00781770833333333 0.009351851851851873
0 0.4564010416666667 0.4066666666666667 0.006494791666666681 0.012194444444444407
0 0.45924479166666665 0.42998148148148146 0.005072916666666672 0.01087962962962963
0 0.44513020833333333 0.42657407407407405 0.009036458333333285 0.01073148148148151
0 0.4442291666666666 0.41848148148148145 0.008489583333333309 0.010175925925925934
0 0.4426979166666667 0.40753703703703703 0.00919270833333338 0.011148148148148114
0 0.44534375 0.39690740740740743 0.005078125 0.012185185185185157
0 0.44106770833333336 0.43796296296296294 0.01068749999999999 0.012749999999999984
0 0.43119270833333334 0.44465740740740745 0.007505208333333376 0.012907407407407458
0 0.4215052083333333 0.4622222222222222 0.009989583333333366 0.011064814814814857
0 0.42109375 0.4685648148148148 0.007989583333333291 0.011203703703703724
0 0.40915625 0.4535092592592593 0.008031250000000038 0.011768518518518551
0 0.3899635416666667 0.46155555555555555 0.010036458333333324 0.006259259259259251
0 0.3813958333333333 0.469712962962963 0.007411458333333343 0.012805555555555594
0 0.3741614583333333 0.47267592592592594 0.006661458333333314 0.01263888888888892
0 0.38210416666666663 0.4865833333333333 0.008822916666666696 0.013074074074073972
0 0.34125 0.4681111111111111 0.010250000000000033 0.010990740740740745
0 0.32246874999999997 0.47271296296296295 0.006416666666666634 0.011824074074074058
0 0.3184895833333333 0.4798240740740741 0.007473958333333286 0.009314814814814764
0 0.3089010416666667 0.4709351851851852 0.005947916666666705 0.010361111111111161
0 0.3031770833333333 0.46190740740740743 0.008635416666666628 0.01395370370370375
0 0.324921875 0.4517314814814815 0.009463541666666705 0.012000000000000033
0 0.338703125 0.43189814814814814 0.005036458333333371 0.006342592592592614
0 0.3481510416666667 0.43883333333333335 0.008885416666666639 0.00850925925925931
0 0.35746354166666666 0.43712962962962965 0.003984375000000048 0.011231481481481478
0 0.36108854166666665 0.4447962962962963 0.007578124999999976 0.012472222222222247
0 0.372671875 0.44789814814814816 0.009182291666666724 0.012398148148148136
0 0.3817291666666666 0.4488055555555555 0.009255208333333324 0.010027777777777816
0 0.37100520833333334 0.4313425925925926 0.004734374999999957 0.007462962962962913
0 0.37804166666666666 0.4360833333333334 0.005020833333333386 0.010379629629629664
0 0.36240104166666665 0.42391666666666666 0.005088541666666657 0.007666666666666641
0 0.36157812500000003 0.4194907407407408 0.005947916666666705 0.006064814814814773
0 0.39186458333333335 0.43280555555555555 0.006937499999999967 0.005925925925925905
0 0.396140625 0.44183333333333336 0.00866145833333339 0.010027777777777816
0 0.41205729166666666 0.4376851851851852 0.005989583333333334 0.009407407407407378
0 0.4062135416666666 0.4313796296296296 0.006473958333333366 0.008092592592592601
0 0.3964739583333333 0.4257685185185185 0.006744791666666691 0.007462962962962913
0 0.39570833333333333 0.41503703703703704 0.010234375000000047 0.009407407407407378
0 0.38190625 0.4035648148148148 0.009604166666666695 0.0065462962962963426
0 0.39384375 0.4094259259259259 0.008078124999999995 0.014351851851851852
0 0.40862499999999996 0.41974074074074075 0.009104166666666675 0.013240740740740699
0 0.42015625 0.42203703703703704 0.0048697916666666195 0.010037037037037067
0 0.424171875 0.40998148148148145 0.006635416666666671 0.01045370370370367
0 0.4283854166666667 0.4099074074074074 0.006885416666666681 0.010324074074074053
0 0.42013541666666665 0.3909166666666667 0.007656250000000023 0.007444444444444411
0 0.4273645833333333 0.39725925925925926 0.009552083333333291 0.012212962962963014
0 0.4033333333333333 0.3927222222222222 0.006192708333333385 0.007333333333333295
0 0.2278802083333333 0.43189814814814814 0.010135416666666685 0.009129629629629642
0 0.2389166666666667 0.4378611111111111 0.0076197916666666645 0.014638888888888838
0 0.23311458333333332 0.4658796296296296 0.005427083333333312 0.012111111111111149
0 0.208140625 0.39669444444444446 0.006088541666666695 0.0056296296296296676
0 0.21019791666666665 0.4029351851851852 0.007041666666666657 0.007546296296296275
0 0.22813541666666665 0.39655555555555555 0.008447916666666682 0.005907407407407403
0 0.23452604166666668 0.39902777777777776 0.011385416666666674 0.008101851851851851
0 0.24411458333333333 0.3983333333333333 0.009776041666666657 0.009499999999999991
0 0.23644791666666667 0.4175 0.008171875000000028 0.010185185185185186
0 0.25987499999999997 0.43701851851851853 0.008890625000000025 0.009342592592592623
0 0.27075520833333333 0.4282777777777778 0.008703125000000018 0.008009259259259239
0 0.28633854166666667 0.4372685185185185 0.008510416666666624 0.010944444444444491
0 0.2975729166666667 0.43071296296296296 0.006828124999999948 0.01288888888888885
0 0.315390625 0.4194907407407408 0.006088541666666695 0.008842592592592551
0 0.32815625 0.4198425925925926 0.005270833333333277 0.009546296296296245
0 0.33481770833333335 0.42039814814814813 0.007625000000000052 0.011212962962962975
0 0.3299010416666667 0.39937962962962964 0.008447916666666682 0.006537037037036986
0 0.3264270833333333 0.3909814814814815 0.008718750000000004 0.005907407407407403
0 0.3461875 0.36156481481481484 0.006843750000000052 0.006166666666666637
0 0.33203645833333334 0.3739074074074074 0.007703124999999981 0.010777777777777765
0 0.325015625 0.3706944444444445 0.008406250000000053 0.008824074074074048
0 0.3174114583333333 0.3679814814814815 0.006364583333333348 0.0128611111111111
0 0.29702604166666663 0.3760277777777778 0.009494791666666676 0.004435185185185151
0 0.2790104166666667 0.3721944444444445 0.0051354166666666146 0.007916666666666624
0 0.28206770833333333 0.38937962962962963 0.006864583333333367 0.01050925925925928
0 0.29918229166666666 0.3924074074074074 0.007536458333333347 0.00932407407407412
0 0.29216145833333335 0.40750000000000003 0.0082395833333333 0.01050925925925928
0 0.28428125000000004 0.4111296296296296 0.005963541666666691 0.008842592592592551
0 0.27718750000000003 0.40467592592592594 0.005255208333333291 0.007092592592592563
0 0.2794010416666667 0.3978148148148148 0.0066250000000000146 0.007750000000000004
0 0.27147916666666666 0.3983055555555556 0.009208333333333367 0.009388888888888875
0 0.26198958333333333 0.3976018518518519 0.0063177083333333306 0.005944444444444407
0 0.26010937500000003 0.4041944444444444 0.00685416666666665 0.009462962962962989
0 0.26540104166666667 0.40617592592592594 0.0064635416666666504 0.008981481481481524