0 0.37811458333333337 0.6728796296296297 0.007057291666666643 0.007027777777777702
0 0.38117708333333333 0.6666296296296297 0.005359374999999981 0.011000000000000102
0 0.39845312499999996 0.6713425925925925 0.005265624999999948 0.00906481481481478
0 0.37830208333333337 0.678425925925926 0.0077135416666666385 0.004898148148148114
0 0.395640625 0.6404074074074074 0.003854166666666714 0.011703703703703796
0 0.40784895833333334 0.631962962962963 0.007927083333333347 0.009870370370370446
0 0.41888020833333334 0.6205185185185185 0.007468749999999957 0.009074074074074031
0 0.4311770833333333 0.6128981481481481 0.005057291666666686 0.008805555555555547
0 0.449765625 0.6239907407407407 0.004208333333333296 0.013972222222222146
0 0.43141666666666667 0.6060925925925926 0.007833333333333314 0.0060555555555555215
0 0.42155729166666667 0.6088796296296296 0.004380208333333376 0.008231481481481574
0 0.43259375 0.5995833333333332 0.007770833333333371 0.005953703703703762
0 0.417171875 0.588324074074074 0.0074583333333333 0.007574074074074133
0 0.4252083333333333 0.5858888888888889 0.004380208333333376 0.008138888888888855
0 0.4515885416666666 0.560962962962963 0.004979166666666638 0.006546296296296238
0 0.46242187500000004 0.5733981481481482 0.004859374999999962 0.009666666666666717
0 0.46580208333333334 0.5258148148148148 0.003109375000000014 0.009675925925925968
0 0.9657395833333333 0.32616666666666666 0.00408854166666662 0.00887962962962966
0 0.4760885416666667 0.38737962962962963 0.0023125000000000285 0.005833333333333291
0 0.49077604166666666 0.37675 0.003328125000000052 0.007444444444444411
0 0.503796875 0.39387037037037037 0.003406249999999981 0.005620370370370417
0 0.50584375 0.39191666666666664 0.0027552083333333144 0.006435185185185227
0 0.5088541666666667 0.3954814814814815 0.0029791666666666807 0.004722222222222243
0 0.5093802083333333 0.39187037037037037 0.0037500000000000237 0.005361111111111078
0 0.5214270833333333 0.39055555555555554 0.003661458333333319 0.006361111111111115
0 0.5158958333333333 0.4214907407407407 0.0022812500000000567 0.010824074074074125
0 0.5197499999999999 0.4240833333333333 0.0041770833333333235 0.007638888888888889
0 0.5235208333333333 0.4233240740740741 0.0027395833333333287 0.00684259259259258
0 0.5281770833333334 0.4227777777777778 0.0023802083333333 0.006000000000000017
0 0.5322083333333334 0.4224907407407408 0.0021614583333333806 0.006175925925925888
0 0.5345520833333333 0.42179629629629634 0.0022812500000000567 0.006009259259259268
0 0.51690625 0.43682407407407403 0.0037500000000000237 0.008148148148148106
0 0.5137395833333334 0.43945370370370374 0.0037656250000000094 0.007925925925925876
0 0.5396249999999999 0.44185185185185183 0.004135416666666695 0.006944444444444444
0 0.5564739583333334 0.4651018518518519 0.005135416666666733 0.006129629629629634
0 0.553921875 0.46826851851851853 0.004546875000000009 0.005370370370370328
0 0.5567552083333334 0.44065740740740744 0.003739583333333248 0.006879629629629584
0 0.5640364583333334 0.4404166666666666 0.005703124999999905 0.006398148148148119
0 0.5310781250000001 0.3825462962962963 0.00639062500000005 0.004694444444444491
0 0.5361718750000001 0.3827129629629629 0.004276041666666686 0.003861111111111073
0 0.57940625 0.4258425925925926 0.0039791666666666005 0.005564814814814806
0 0.5885833333333333 0.4386574074074074 0.005473958333333447 0.00522222222222221
0 0.589453125 0.4109259259259259 0.004171875000000114 0.008314814814814832
0 0.5868645833333334 0.40547222222222223 0.003083333333333371 0.005944444444444407
0 0.5818645833333334 0.35410185185185183 0.003640624999999886 0.006749999999999966
0 0.6079635416666667 0.39173148148148146 0.002744791666666657 0.00986111111111109
0 0.6201666666666666 0.39442592592592596 0.002734375 0.005944444444444407
0 0.62409375 0.38831481481481483 0.0049218749999999055 0.006138888888888885
0 0.6280520833333333 0.3979814814814815 0.003989583333333257 0.005703703703703674
0 0.6335416666666667 0.39969444444444446 0.003916666666666657 0.005240740740740712
0 0.6340625000000001 0.32557407407407407 0.002828124999999915 0.00947222222222224
0 0.6594635416666667 0.3142037037037037 0.002218750000000114 0.003703703703703704
0 0.6772135416666667 0.30062037037037037 0.0024791666666667805 0.004564814814814768
0 0.6808541666666666 0.2961388888888889 0.0050416666666665815 0.008194444444444466
0 0.6887447916666667 0.28725925925925927 0.004057291666666647 0.007962962962962984
0 0.6985416666666667 0.29360185185185184 0.003854166666666714 0.006101851851851882
0 0.6796458333333334 0.2785925925925926 0.004729166666666629 0.005861111111111149
0 0.68521875 0.25846296296296295 0.00390625 0.005768518518518536
0 0.711796875 0.26560185185185187 0.002328124999999896 0.004111111111111162
0 0.7152968749999999 0.26871296296296293 0.002942708333333381 0.006277777777777753
0 0.7197604166666667 0.25199074074074074 0.005703124999999905 0.006824074074074078
0 0.7216041666666667 0.2447777777777778 0.003963541666666733 0.0053333333333333245
0 0.7247968749999999 0.24421296296296297 0.002828124999999915 0.005074074074074091
0 0.7223333333333334 0.23425 0.003338541666666591 0.007185185185185176
0 0.7146041666666666 0.23149074074074072 0.004140624999999906 0.0054722222222222455
0 0.7404791666666667 0.24271296296296296 0.002619791666666771 0.004722222222222243
0 0.7396458333333332 0.24766666666666667 0.0029270833333332764 0.0047499999999999955
0 0.7538489583333334 0.23841666666666667 0.007041666666666657 0.004222222222222198
0 0.7587239583333333 0.23902777777777776 0.0037135416666667235 0.006101851851851855
0 0.7590833333333333 0.23437962962962963 0.0035781249999999433 0.0036296296296296445
0 0.7566614583333333 0.23031481481481483 0.0028697916666667804 0.0069351851851851935
0 0.7519114583333334 0.23010185185185184 0.0025468749999999337 0.005824074074074093
0 0.7560312499999999 0.2147777777777778 0.0032604166666667803 0.004240740740740726
0 0.7640208333333334 0.21736111111111112 0.004807291666666676 0.006305555555555557
0 0.7728229166666666 0.2422037037037037 0.004458333333333305 0.005398148148148186
0 0.777703125 0.24360185185185182 0.002406249999999943 0.0031944444444444867
0 0.77759375 0.2495462962962963 0.0032499999999998862 0.00361111111111109
0 0.7839739583333334 0.24262962962962964 0.003406249999999981 0.0051388888888888465
0 0.77809375 0.23871296296296296 0.004645833333333372 0.006388888888888868
0 0.7864687499999999 0.23912037037037037 0.003515625 0.0044166666666666495
0 0.7935833333333334 0.24274074074074076 0.002578124999999905 0.005731481481481532
0 0.7966041666666667 0.24321296296296296 0.004916666666666695 0.005175925925925955
0 0.8123177083333334 0.2375 0.0033906250000001136 0.004694444444444465
0 0.8095989583333334 0.2378611111111111 0.0022552083333332953 0.0040092592592592706
0 0.8077708333333333 0.23955555555555558 0.004140624999999906 0.003407407407407361
0 0.8032083333333334 0.23981481481481481 0.0023333333333333426 0.005814814814814789
0 0.7992604166666666 0.22741666666666668 0.0030052083333333237 0.004537037037037016
0 0.8009114583333333 0.22996296296296298 0.0035937500000000474 0.0029629629629629524
0 0.8047916666666667 0.23017592592592592 0.003234375000000019 0.0030092592592592593
0 0.8060208333333333 0.22749999999999998 0.0023333333333333426 0.004194444444444419
0 0.8088177083333333 0.22921296296296298 0.0040312499999998865 0.004101851851851858
0 0.8105156250000001 0.22498148148148148 0.002614583333333324 0.003851851851851875
0 0.8119427083333334 0.22192592592592594 0.002890625000000095 0.003481481481481473
0 0.8129947916666667 0.21705555555555556 0.004536458333333352 0.005824074074074093
0 0.77628125 0.21085185185185185 0.0040989583333332765 0.002888888888888893
0 0.7937708333333333 0.20525925925925925 0.003187499999999943 0.004851851851851861
0 0.7975625 0.20462962962962963 0.0018593750000000854 0.003768518518518512
0 0.7998125 0.20568518518518517 0.003395833333333324 0.004583333333333323
0 0.8037604166666666 0.20599074074074075 0.0031093749999998956 0.004453703703703705
0 0.7959270833333334 0.2092037037037037 0.002619791666666771 0.003657407407407397
0 0.7925677083333333 0.21187037037037038 0.0023645833333333145 0.002888888888888893
0 0.7985677083333333 0.2127777777777778 0.0025520833333333806 0.003777777777777763
0 0.8015208333333333 0.21178703703703702 0.0025885416666665624 0.003648148148148146
0 0.8036510416666667 0.21433333333333332 0.0026979166666665816 0.003361111111111107
0 0.8045520833333334 0.21639814814814815 0.0032499999999998862 0.004157407407407416
0 0.8075781249999999 0.2194259259259259 0.0034895833333332387 0.0037314814814814563
0 0.8020937499999999 0.21701851851851853 0.003130208333333447 0.004703703703703689
0 0.819546875 0.21400925925925926 0.0033177083333332763 0.003685185185185202
0 0.8165937499999999 0.22003703703703703 0.0034791666666665814 0.004842592592592609
0 0.8218177083333333 0.21938888888888888 0.0032499999999998862 0.004694444444444438
0 0.8242916666666668 0.21324074074074076 0.0036666666666666475 0.004194444444444419
0 0.8266979166666667 0.21557407407407406 0.003062500000000057 0.005212962962962959
0 0.8262864583333334 0.21994444444444444 0.0033750000000000095 0.004175925925925917
0 0.8285 0.22175925925925927 0.004567708333333324 0.003499999999999975
0 0.831546875 0.2220462962962963 0.002812500000000047 0.005203703703703708
0 0.8372447916666667 0.2237962962962963 0.0026510416666667425 0.0039722222222222416
0 0.8430468750000001 0.22275925925925927 0.004067708333333305 0.006499999999999983
0 0.8582864583333334 0.22175925925925927 0.0039791666666666005 0.007814814814814813
0 0.8625052083333333 0.21851851851851853 0.004338541666666629 0.006351851851851865
0 0.8738333333333334 0.2202037037037037 0.0031406250000001043 0.0057037037037037264
0 0.8756979166666666 0.21167592592592593 0.002630208333333428 0.004703703703703689
0 0.8711458333333333 0.21156481481481482 0.002895833333333305 0.003694444444444453
0 0.8700677083333334 0.2074351851851852 0.0024843749999999905 0.004842592592592609
0 0.8668072916666667 0.21137037037037038 0.0032760416666666476 0.004314814814814838
0 0.8643385416666667 0.20398148148148149 0.0014947916666666098 0.0038425925925925715
0 0.8619322916666667 0.20837037037037037 0.003067708333333267 0.003055555555555566
0 0.8557864583333333 0.20793518518518517 0.0022656249999999526 0.0035648148148148357
0 0.8523802083333333 0.21438888888888888 0.002000000000000076 0.002592592592592603
0 0.8504322916666667 0.21110185185185187 0.004322916666666761 0.0035462962962962813
0 0.8492968750000001 0.21446296296296297 0.0016510416666667045 0.002444444444444432
0 0.8473229166666666 0.21027777777777779 0.0026979166666665816 0.004620370370370379
0 0.8437812499999999 0.21155555555555555 0.0017031249999999905 0.0032592592592592426
0 0.843421875 0.2061759259259259 0.0024218750000000473 0.004351851851851841
0 0.8404843750000001 0.2131111111111111 0.002942708333333381 0.0021944444444444485
0 0.8358854166666667 0.21032407407407408 0.0038229166666667426 0.003805555555555568
0 0.83359375 0.2050925925925926 0.003072916666666714 0.0037870370370370137
0 0.830125 0.20725000000000002 0.0022031250000000093 0.0032592592592592426
0 0.8364999999999999 0.2056388888888889 0.0018645833333332954 0.0044166666666666495
0 0.8401197916666666 0.20571296296296296 0.0036718750000000948 0.004509259259259263
0 0.8484999999999999 0.20180555555555554 0.0009479166666667519 0.0018703703703703536
0 0.8476510416666667 0.19744444444444445 0.003989583333333257 0.003694444444444453
0 0.8487083333333333 0.20391666666666666 0.002578124999999905 0.0037870370370370137
0 0.851578125 0.20477777777777778 0.002328124999999896 0.003648148148148146
0 0.8507552083333334 0.19774074074074074 0.0025416666666667237 0.004972222222222227
0 0.8538802083333333 0.20074074074074075 0.002322916666666686 0.004916666666666669
0 0.8584166666666667 0.19772222222222222 0.0015416666666666855 0.003907407407407432
0 0.858484375 0.20621296296296296 0.0019166666666665813 0.005787037037037037
0 0.8575677083333333 0.18018518518518517 0.002505208333333305 0.004583333333333323
0 0.8779479166666667 0.18166666666666664 0.0036927083333334093 0.003472222222222222
0 0.8796041666666666 0.1921388888888889 0.002406249999999943 0.003518518518518529
0 0.883078125 0.20330555555555554 0.0016874999999998864 0.00361111111111109
0 0.8888125 0.20124999999999998 0.0016093750000000758 0.0034259259259259156
0 0.8938906249999999 0.20500000000000002 0.003015624999999981 0.0038333333333333205
0 0.8981875 0.2268425925925926 0.0036927083333334093 0.004620370370370379
0 0.9019270833333334 0.25251851851851853 0.0037708333333332194 0.003083333333333371
0 0.9027864583333333 0.25619444444444445 0.004984375000000085 0.003407407407407361
0 0.9256354166666667 0.26390740740740737 0.0024322916666667045 0.004083333333333304
0 0.9284166666666667 0.2656759259259259 0.0033802083333332195 0.004435185185185151
0 0.9349270833333333 0.2658148148148148 0.002864583333333333 0.0026666666666666622
0 0.9393333333333334 0.2658888888888889 0.003505208333333343 0.0028148148148147813
0 0.943203125 0.2660092592592593 0.002916666666666619 0.0028425925925926387
0 0.9472291666666667 0.2677037037037037 0.003291666666666752 0.0030462962962962627
0 0.933328125 0.22201851851851853 0.0049218749999999055 0.00403703703703705
0 0.9487395833333333 0.22608333333333333 0.002796874999999943 0.0035555555555555323
0 0.9490989583333334 0.23032407407407407 0.0037708333333332194 0.004999999999999979
0 0.9524583333333333 0.2311851851851852 0.0034270833333332955 0.005074074074074091
0 0.9533333333333334 0.22406481481481483 0.004197916666666638 0.0031388888888888764
0 0.95521875 0.2270925925925926 0.004666666666666685 0.003499999999999975
0 0.9586041666666667 0.2253611111111111 0.00415625000000001 0.004481481481481459
0 0.9622135416666667 0.22605555555555554 0.0028072916666666003 0.003999999999999994
0 0.980359375 0.22847222222222222 0.004182291666666771 0.005379629629629632
0 0.9975937500000001 0.2081111111111111 0.0022656249999999526 0.0021111111111110858
0 0.8826145833333333 0.17260185185185184 0.002682291666666714 0.003490740740740724
0 0.8921927083333333 0.17464814814814816 0.0028072916666666003 0.002574074074074049
0 0.896546875 0.17430555555555555 0.003031250000000085 0.0032592592592592426
0 0.8950364583333333 0.18421296296296294 0.002348958333333447 0.0035648148148148357
0 0.8941822916666666 0.18821296296296297 0.0029062499999999622 0.0036203703703703936
0 0.8965104166666666 0.19007407407407406 0.0014895833333333996 0.002342592592592567
0 0.9006041666666668 0.19266666666666668 0.002328124999999896 0.004342592592592591
0 0.9024947916666667 0.18737037037037038 0.0028802083333334377 0.0032870370370370475
0 0.9035520833333333 0.20083333333333334 0.0019166666666665813 0.0036666666666666475
0 0.9076041666666667 0.20148148148148148 0.002744791666666657 0.0033796296296296087
0 0.9099635416666667 0.20233333333333334 0.003010416666666771 0.0032592592592592426
0 0.9081718750000001 0.19322222222222224 0.002505208333333305 0.0022870370370370622
0 0.9080208333333334 0.18876851851851853 0.0026874999999999243 0.0031388888888888764
0 0.906203125 0.1803611111111111 0.0037708333333332194 0.0031296296296296254
0 0.9068854166666667 0.17575925925925925 0.002328124999999896 0.004138888888888914
0 0.910484375 0.1816296296296296 0.0034947916666666855 0.0036203703703703936
0 0.9178489583333334 0.17769444444444443 0.003453125000000057 0.004129629629629611
0 0.917828125 0.1860925925925926 0.002000000000000076 0.002564814814814798
0 0.92003125 0.19368518518518518 0.0015520833333333428 0.0032037037037036848
0 0.9181145833333333 0.19692592592592592 0.0016458333333332575 0.002564814814814798
0 0.9168593749999999 0.1998888888888889 0.002614583333333324 0.0038981481481481293
0 0.9129270833333333 0.19025925925925924 0.0021874999999999052 0.002712962962962969
0 0.9128802083333334 0.17801851851851852 0.00241145833333339 0.00433333333333334
0 0.9226093750000001 0.19869444444444445 0.002526041666666619 0.003685185185185202
0 0.9229479166666666 0.17937037037037037 0.0036145833333333616 0.006916666666666692
0 0.927046875 0.17827777777777776 0.002744791666666657 0.004249999999999977
0 0.9280729166666667 0.1839537037037037 0.0031927083333333902 0.005240740740740764
0 0.93078125 0.183 0.0037239583333333807 0.0045555555555555705
0 0.9302239583333333 0.1783611111111111 0.0022291666666667707 0.004407407407407399
0 0.93546875 0.17882407407407408 0.003083333333333371 0.004101851851851858
0 0.9343229166666667 0.18273148148148147 0.004130208333333248 0.007305555555555543
0 0.9361354166666668 0.1852962962962963 0.0032760416666666476 0.004638888888888881
0 0.9380729166666666 0.18937037037037038 0.0025885416666665624 0.0021574074074073926
0 0.9388072916666667 0.18397222222222223 0.0036145833333333616 0.002601851851851854
0 0.94065625 0.18222222222222223 0.0028333333333333617 0.003638888888888895
0 0.9418854166666667 0.1853425925925926 0.003010416666666771 0.0037962962962963176
0 0.9437447916666667 0.18748148148148147 0.0033072916666666194 0.006666666666666656
0 0.9407239583333333 0.1793888888888889 0.002968749999999905 0.0038888888888888784
0 0.9447395833333334 0.1819259259259259 0.006171874999999953 0.003499999999999975
0 0.9461875000000001 0.17875925925925926 0.0035416666666667615 0.002981481481481507
0 0.9511197916666667 0.17894444444444443 0.0033906250000001136 0.00212962962962964
0 0.9522604166666666 0.18210185185185185 0.003046874999999953 0.003388888888888912
0 0.9492083333333333 0.18183333333333332 0.002640625000000085 0.0044166666666666495
0 0.9509479166666667 0.1841759259259259 0.0033177083333332763 0.0044166666666666495
0 0.9481770833333333 0.1868240740740741 0.002338541666666553 0.0033148148148148
0 0.95540625 0.18855555555555553 0.001723958333333305 0.0030370370370370117
0 0.9560364583333333 0.18585185185185185 0.003395833333333324 0.004018518518518495
0 0.9611197916666666 0.18366666666666667 0.0029374999999999337 0.0037129629629629544
0 0.9608177083333334 0.19020370370370368 0.0028854166666666477 0.003064814814814817
0 0.9688333333333333 0.1923425925925926 0.0043125000000001044 0.003212962962962988
0 0.9670885416666667 0.18525 0.003338541666666591 0.006509259259259234
0 0.9708645833333333 0.18538888888888888 0.003687499999999962 0.003999999999999994
0 0.9745520833333334 0.18400925925925926 0.0028541666666666763 0.002898148148148144
0 0.9753802083333334 0.18778703703703703 0.004140624999999906 0.0024999999999999896
0 0.9757447916666667 0.19196296296296295 0.002890625000000095 0.003638888888888895
0 0.98125 0.19321296296296295 0.002291666666666714 0.004083333333333356
0 0.97946875 0.18464814814814814 0.0024218750000000473 0.001962962962962967
0 0.9793593749999999 0.18853703703703703 0.003786458333333324 0.003814814814814819
0 0.98240625 0.18574074074074073 0.004666666666666685 0.0028425925925925862
0 0.9833697916666666 0.18862962962962962 0.004614583333333399 0.003268518518518493
0 0.9837604166666666 0.19261111111111112 0.003942708333333419 0.0049259259259259195
0 0.987625 0.18633333333333335 0.0028385416666665718 0.0023611111111111215
0 0.9891666666666666 0.18738888888888888 0.0035416666666667615 0.004111111111111109
0 0.988375 0.19141666666666665 0.0031458333333333143 0.0021574074074073926
0 0.992515625 0.18805555555555556 0.0034739583333333714 0.0026666666666666622
0 0.9921822916666667 0.1927962962962963 0.0027187499999998957 0.0023333333333333166
0 0.994890625 0.19330555555555556 0.0019635416666666573 0.002601851851851854
0 0.9967864583333333 0.18869444444444444 0.0030885416666665815 0.0049444444444444215
0 0.9973958333333334 0.193 0.0034427083333333996 0.0020740740740740823
0 0.9574479166666666 0.1826851851851852 0.0037499999999999053 0.00543518518518519