0 0.23233854166666665 0.8497777777777777 0.008578125000000015 0.015250000000000026
0 0.270796875 0.7618703703703704 0.0036666666666666475 0.006518518518518485
0 0.27198958333333334 0.7695185185185186 0.00678124999999999 0.005537037037037054
0 0.2759270833333333 0.7613796296296296 0.0036666666666666475 0.006185185185185244
0 0.2776666666666667 0.7509537037037036 0.003114583333333343 0.004231481481481423
0 0.27938541666666666 0.7445370370370371 0.0022031250000000093 0.005083333333333342
0 0.28471874999999996 0.7443425925925926 0.0036302083333333477 0.005083333333333342
0 0.301171875 0.7435555555555555 0.0037395833333333664 0.005481481481481549
0 0.25621875 0.6863333333333334 0.002749999999999986 0.008018518518518595
0 0.26023958333333336 0.6836944444444444 0.004182291666666653 0.007046296296296203
0 0.3006197916666667 0.6214074074074074 0.0037968749999999813 0.011250000000000085
0 0.309265625 0.5884166666666667 0.0059062499999999575 0.010249999999999941
0 0.3220572916666667 0.5523055555555556 0.007869791666666615 0.006499999999999983
0 0.32416666666666666 0.5479351851851851 0.008151041666666714 0.004249999999999924
0 0.35284375 0.5316851851851853 0.0059062499999999575 0.008250000000000075
0 0.3056770833333333 0.5020462962962964 0.005171875000000033 0.00980555555555548
0 0.29809375 0.43200925925925926 0.004135416666666695 0.007666666666666641
0 0.31740104166666666 0.4313981481481482 0.002760416666666643 0.007046296296296309
0 0.34515625 0.43937037037037036 0.00344791666666661 0.008277777777777828
0 0.3573125 0.4304814814814815 0.004312499999999986 0.011953703703703675
0 0.3428333333333333 0.39752777777777776 0.0029322916666667236 0.008583333333333316
0 0.34867708333333336 0.3998055555555556 0.002182291666666695 0.007027777777777807
0 0.34643229166666667 0.40077777777777773 0.0020416666666667046 0.004120370370370412
0 0.344796875 0.39423148148148146 0.0039531249999999575 0.006537037037036986
0 0.3353229166666667 0.3863611111111111 0.003541666666666643 0.006787037037037075
0 0.33784375 0.38030555555555556 0.003135416666666657 0.004361111111111145
0 0.321359375 0.37363888888888885 0.0028593750000000047 0.005574074074074057
0 0.3076666666666667 0.35753703703703704 0.003541666666666643 0.006296296296296254
0 0.3192447916666667 0.36165740740740737 0.005447916666666686 0.00726851851851854
0 0.34717708333333336 0.3516018518518519 0.00408854166666662 0.005574074074074057
0 0.3463645833333333 0.3381574074074074 0.0046302083333333854 0.0053333333333333245
0 0.35481250000000003 0.3518425925925926 0.005177083333333362 0.007990740740740736
0 0.35460416666666666 0.34082407407407406 0.0039531249999999575 0.006787037037037075
0 0.35910416666666667 0.3409444444444445 0.0055885416666666765 0.007509259259259272
0 0.3687916666666667 0.3627592592592592 0.0022395833333333096 0.005175925925925955
0 0.37741145833333334 0.3630555555555556 0.003135416666666657 0.008564814814814815
0 0.377859375 0.3711203703703704 0.004703124999999986 0.005574074074074057
0 0.36806249999999996 0.3672314814814815 0.002354166666666657 0.007370370370370404
0 0.3686770833333333 0.3469259259259259 0.004927083333333352 0.008564814814814815
0 0.37293229166666664 0.3469259259259259 0.005598958333333333 0.008166666666666713
0 0.38122395833333333 0.35080555555555554 0.00358333333333339 0.006768518518518468
0 0.3769635416666667 0.33468518518518514 0.004703124999999986 0.006768518518518468
0 0.4060833333333333 0.34453703703703703 0.003359375000000024 0.005777777777777786
0 0.408265625 0.35658333333333336 0.0028020833333333903 0.0063703703703703665
0 0.41022916666666664 0.3544907407407408 0.004479166666666619 0.0041851851851851685
0 0.4159375 0.3581759259259259 0.003807291666666638 0.007166666666666675
0 0.42220833333333335 0.3702222222222222 0.004255208333333371 0.006175925925925888
0 0.4240052083333333 0.35389814814814813 0.004703124999999986 0.005777777777777786
0 0.4203645833333333 0.3428425925925926 0.004145833333333352 0.004777777777777748
0 0.423890625 0.3456296296296296 0.004255208333333371 0.007166666666666675
0 0.4276979166666666 0.3401574074074074 0.004255208333333371 0.006972222222222197
0 0.43363541666666666 0.3463333333333333 0.002463541666666676 0.0041851851851851685
0 0.43677083333333333 0.35230555555555554 0.002463541666666676 0.004583333333333376
0 0.43772395833333333 0.34912037037037036 0.002354166666666657 0.0037870370370370666
0 0.4396875 0.34867592592592594 0.002328125000000014 0.0028425925925926387
0 0.44110937499999997 0.3511944444444445 0.002692708333333371 0.004527777777777765
0 0.444125 0.34162037037037035 0.0030572916666666097 0.005824074074074041
0 0.44881770833333334 0.3390370370370371 0.0037083333333332766 0.0040092592592592975
0 0.4033489583333333 0.3270555555555556 0.002046875000000033 0.003472222222222222
0 0.40753125 0.3272222222222222 0.004276041666666686 0.0051203703703703455
0 0.4199895833333333 0.32507407407407407 0.0026041666666666665 0.0051203703703703455
0 0.4215677083333333 0.3144166666666667 0.003531249999999986 0.004629629629629629
0 0.42844270833333337 0.31797222222222227 0.0037187500000000523 0.004787037037036999
0 0.43327604166666667 0.31037037037037035 0.0029739583333333523 0.004129629629629664
0 0.43559895833333334 0.3165648148148148 0.0022291666666666523 0.003962962962962938
0 0.43839062500000003 0.3184722222222222 0.0022291666666666523 0.003472222222222222
0 0.4430364583333333 0.31409259259259265 0.002046875000000033 0.0036388888888888426
0 0.44749479166666667 0.3135092592592592 0.0026041666666666665 0.004787037037036999
0 0.45237499999999997 0.31053703703703706 0.003625000000000019 0.005787037037037037
0 0.4410833333333333 0.30797222222222226 0.002786458333333286 0.005944444444444407
0 0.4429895833333333 0.3070648148148148 0.002322916666666686 0.0037962962962963176
0 0.4410833333333333 0.30276851851851855 0.002416666666666719 0.00446296296296301
0 0.44429166666666664 0.3044259259259259 0.0028802083333333193 0.00446296296296301
0 0.4342552083333333 0.30169444444444443 0.0034374999999999527 0.003962962962962938
0 0.43532291666666667 0.30541666666666667 0.00408854166666662 0.005787037037037037
0 0.40516145833333334 0.3123518518518518 0.0028802083333333193 0.0051203703703703455
0 0.3942447916666667 0.2940185185185185 0.002786458333333286 0.0031388888888888764
0 0.38559895833333335 0.29294444444444445 0.003343750000000038 0.0036388888888888426
0 0.40181770833333336 0.2924444444444444 0.0032552083333333335 0.006277777777777753
0 0.404328125 0.3055833333333333 0.001765625000000052 0.0051203703703703455
0 0.4100885416666667 0.30491666666666667 0.0028802083333333193 0.0031388888888888764
0 0.4019114583333333 0.2778240740740741 0.0025104166666666335 0.004787037037036999
0 0.4054895833333333 0.27691666666666664 0.0026041666666666665 0.004953703703703725
0 0.4092083333333333 0.27757407407407403 0.00408854166666662 0.003962962962962938
0 0.413109375 0.2763333333333333 0.0039010416666666716 0.004129629629629664
0 0.42658854166666665 0.2740185185185185 0.0031614583333333 0.00446296296296301
0 0.40679166666666666 0.2840185185185185 0.0031614583333333 0.002972222222222256
0 0.4065572916666667 0.2901296296296296 0.0028802083333333193 0.005944444444444407
0 0.4114375 0.2921944444444444 0.0026041666666666665 0.004129629629629664
0 0.41288020833333333 0.28988888888888886 0.002692708333333371 0.0037962962962963176
0 0.41696875 0.29318518518518516 0.0021354166666666193 0.005453703703703691
0 0.42152083333333334 0.29756481481481484 0.004182291666666653 0.004629629629629629
0 0.42007812499999997 0.30714814814814817 0.0031614583333333 0.0036388888888888426
0 0.42258854166666665 0.30921296296296297 0.0039010416666666716 0.00446296296296301
0 0.42756249999999996 0.3073148148148148 0.003812499999999967 0.005944444444444407
0 0.43494791666666666 0.2869907407407407 0.0039010416666666716 0.0069351851851851935
0 0.44740625 0.2883148148148148 0.004645833333333372 0.0069351851851851935
0 0.4429427083333334 0.27270370370370367 0.007437499999999986 0.006444444444444478
0 0.4439166666666667 0.26889814814814816 0.0032552083333333335 0.005453703703703691
0 0.44809895833333335 0.2708055555555556 0.0032552083333333335 0.006611111111111099
0 0.4517239583333333 0.2783148148148148 0.0034374999999999527 0.005453703703703691
0 0.45521354166666667 0.2828611111111111 0.002786458333333286 0.004629629629629629
0 0.4556302083333333 0.2741018518518518 0.0030677083333333854 0.004953703703703725
0 0.4590208333333334 0.27584259259259264 0.0026041666666666665 0.004129629629629664
0 0.464921875 0.2793888888888889 0.0030677083333333854 0.003962962962962938
0 0.464921875 0.27485185185185185 0.004927083333333352 0.006111111111111132
0 0.46952604166666667 0.2812962962962963 0.0022291666666666523 0.005787037037037037
0 0.47338020833333333 0.2942592592592593 0.0030677083333333854 0.004953703703703725
0 0.46733854166666666 0.2964907407407407 0.003625000000000019 0.005453703703703691
0 0.48573958333333334 0.29798148148148146 0.0032552083333333335 0.0051203703703703455
0 0.4890416666666667 0.29962962962962963 0.003343750000000038 0.006777777777777824
0 0.4922447916666667 0.2968240740740741 0.0032552083333333335 0.004787037037036999
0 0.48634374999999996 0.28252777777777777 0.003343750000000038 0.004296296296296283
0 0.493734375 0.28864814814814815 0.004739583333333286 0.006611111111111099
0 0.45000520833333335 0.25452777777777774 0.0018593749999999667 0.0037962962962963176
0 0.452796875 0.2536203703703704 0.002786458333333286 0.0036388888888888426
0 0.4561875 0.25452777777777774 0.0021354166666666193 0.006111111111111132
0 0.4599947916666667 0.2518796296296296 0.0021354166666666193 0.0037962962962963176
0 0.46273958333333337 0.25427777777777777 0.0022291666666666523 0.004296296296296283
0 0.4686875 0.2501481481481482 0.0029739583333333523 0.004296296296296283
0 0.459765625 0.2652685185185185 0.0031614583333333 0.005453703703703691
0 0.46366666666666667 0.26535185185185184 0.003343750000000038 0.004953703703703725
0 0.47180208333333334 0.2711296296296296 0.003812499999999967 0.005620370370370417
0 0.47626041666666663 0.25865740740740745 0.0030677083333333854 0.004129629629629664
0 0.4843958333333333 0.2699722222222222 0.0018593749999999667 0.004629629629629629
0 0.48792708333333334 0.27443518518518517 0.0029739583333333523 0.004953703703703725
0 0.4840677083333333 0.2644444444444445 0.001765625000000052 0.0031388888888888764
0 0.48592708333333334 0.2629537037037037 0.001953125 0.003472222222222222
0 0.48769270833333334 0.25775 0.003625000000000019 0.004629629629629629
0 0.4969427083333333 0.26749999999999996 0.0022291666666666523 0.005620370370370417
0 0.49661458333333336 0.25328703703703703 0.0028802083333333193 0.004629629629629629
0 0.5047916666666666 0.25600925925925927 0.0025104166666666335 0.0051203703703703455
0 0.5052604166666667 0.25419444444444445 0.003812499999999967 0.003472222222222222
0 0.5078125 0.24973148148148147 0.0026041666666666665 0.0031388888888888764
0 0.5093489583333334 0.24626851851851855 0.0025104166666666335 0.004787037037036999
0 0.5303072916666667 0.291787037037037 0.0018593749999999667 0.004296296296296283
0 0.5568385416666667 0.28079629629629627 0.002322916666666686 0.0031388888888888764
0 0.5563281250000001 0.28500925925925924 0.0024166666666666004 0.0036388888888888426
0 0.5372291666666666 0.2788981481481481 0.003067708333333267 0.003305555555555602
0 0.5594895833333333 0.2908796296296296 0.003901041666666553 0.005787037037037037
0 0.5623229166666667 0.2844351851851852 0.0038125000000000854 0.004787037037036999
0 0.5606510416666667 0.28203703703703703 0.003994791666666705 0.0023148148148148147
0 0.5404791666666667 0.3471388888888889 0.003994791666666705 0.00726851851851854
0 0.5459166666666667 0.3484537037037037 0.0037187499999999335 0.00726851851851854
0 0.5986614583333334 0.27724074074074073 0.003625000000000019 0.005287037037037071
0 0.6246822916666667 0.27749074074074076 0.0043697916666666 0.006777777777777824
0 0.6111979166666667 0.3819814814814815 0.002526041666666619 0.005611111111111061
0 0.6146041666666666 0.3790648148148148 0.002776041666666629 0.004268518518518531
0 0.6153645833333333 0.38546296296296295 0.002776041666666629 0.004935185185185223
0 0.6222447916666667 0.37951851851851853 0.0029062499999999622 0.005166666666666705
0 0.62546875 0.37873148148148145 0.0017656249999999337 0.00403703703703705
0 0.6285624999999999 0.3801851851851852 0.0029062499999999622 0.0047129629629629926
0 0.7276875 0.4794074074074074 0.006302083333333286 0.009027777777777777
0 0.538375 0.6557407407407407 0.008583333333333342 0.019499999999999948
0 0.3754947916666667 0.3068148148148148 0.004526041666666695 0.00764814814814814
0 0.36463020833333337 0.3054074074074074 0.004526041666666695 0.008851851851851802
0 0.832796875 0.3647870370370371 0.003505208333333343 0.005583333333333308
0 0.82965625 0.365 0.0037447916666666953 0.005583333333333308
0 0.824640625 0.36371296296296296 0.0038645833333333713 0.0060185185185185185
0 0.8181145833333333 0.3625277777777777 0.003625000000000019 0.005796296296296288
0 0.8163020833333333 0.3556574074074074 0.0033854166666666668 0.006231481481481498
0 0.8144270833333334 0.3583425925925926 0.004229166666666609 0.005157407407407453
0 0.8103802083333334 0.35801851851851857 0.004348958333333286 0.005370370370370328
0 0.8092916666666666 0.3549074074074074 0.0038645833333333713 0.004296296296296283
0 0.809171875 0.3503981481481482 0.003625000000000019 0.005583333333333308
0 0.8138854166666667 0.34587962962962965 0.0031406250000001043 0.004296296296296283
0 0.8160000000000001 0.34932407407407406 0.003505208333333343 0.0030092592592592593
0 0.8181145833333333 0.35157407407407404 0.002901041666666752 0.002361111111111069
0 0.8226458333333333 0.3527592592592593 0.003505208333333343 0.004296296296296283
0 0.8233125 0.35061111111111115 0.003625000000000019 0.004296296296296283
0 0.8183541666666667 0.34749074074074077 0.0031406250000001043 0.0036481481481481985
0 0.8175104166666666 0.34341666666666665 0.003625000000000019 0.004509259259259263
0 0.7250104166666667 0.28117592592592594 0.003234375000000019 0.004638888888888881
0 0.7292343750000001 0.28248148148148144 0.0029218750000000663 0.0035185185185184764
0 0.7084791666666667 0.28331481481481485 0.003130208333333447 0.003703703703703704
0 0.6988854166666666 0.2787685185185185 0.001666666666666572 0.003898148148148182
0 0.7009687499999999 0.2820185185185185 0.0018749999999999527 0.0025925925925925505
0 0.7130729166666666 0.26749074074074075 0.002322916666666686 0.0026296296296296593
0 0.7155729166666667 0.26787037037037037 0.0015520833333333428 0.002379629629629676
0 0.7183541666666666 0.26805555555555555 0.0027500000000001044 0.0030092592592592593
0 0.7100416666666667 0.2687407407407407 0.0014791666666667425 0.0026296296296296593
0 0.7052864583333334 0.26887037037037037 0.0012708333333333619 0.0026296296296296593
0 0.7066250000000001 0.2677407407407408 0.0016927083333333334 0.0021296296296295877
0 0.707328125 0.27112037037037034 0.0012708333333333619 0.0026296296296296593
0 0.69996875 0.27199999999999996 0.0026093750000001138 0.002879629629629642
0 0.7015156250000001 0.25960185185185186 0.0033125000000000663 0.004129629629629664
0 0.6869322916666667 0.2743148148148148 0.002890625000000095 0.004509259259259263
0 0.6868593749999999 0.2825185185185185 0.002322916666666686 0.0051388888888888465
0 0.6812239583333334 0.27500925925925923 0.0020416666666667046 0.004638888888888881
0 0.6786875 0.2721296296296296 0.0033125000000000663 0.005388888888888935
0 0.6756927083333333 0.2730648148148148 0.002395833333333286 0.0037592592592592088
0 0.6714687500000001 0.26792592592592596 0.0033802083333332195 0.0040092592592592975
0 0.6668177083333333 0.2853425925925926 0.0028177083333332576 0.005259259259259213
0 0.682421875 0.25540740740740736 0.0020416666666667046 0.002509259259259293
0 0.6847135416666668 0.25715740740740745 0.0018333333333333238 0.0032592592592592426
0 0.688796875 0.2414351851851852 0.002395833333333286 0.002379629629629676
0 0.6498020833333332 0.2570925925925926 0.001901041666666714 0.0036296296296295916
0 0.6494114583333332 0.2478888888888889 0.0025364583333332765 0.0040092592592592975
0 0.6488854166666667 0.24225 0.004578124999999981 0.0032592592592592426
0 0.6577291666666666 0.23849074074074073 0.0028177083333332576 0.0022592592592593098
0 0.660015625 0.23617592592592593 0.0017604166666667235 0.0018796296296296044
0 0.6650208333333333 0.23692592592592593 0.001619791666666733 0.0021296296296296137
0 0.6740729166666667 0.2125 0.0022552083333332953 0.0033796296296296087
0 0.678125 0.21419444444444447 0.002463541666666676 0.00250925925925924
0 0.6801302083333333 0.21193518518518517 0.0019739583333333146 0.00425925925925928
0 0.6349687500000001 0.25151851851851853 0.002677083333333267 0.0030092592592592593
0 0.6260208333333334 0.2515833333333333 0.002677083333333267 0.0038796296296296803
0 0.6314791666666667 0.25139814814814815 0.002890625000000095 0.00425925925925928
0 0.6157343750000001 0.25013888888888886 0.0022552083333332953 0.002759259259259276
0 0.626125 0.2286574074074074 0.001901041666666714 0.0031296296296296254
0 0.6287708333333334 0.2259074074074074 0.0021145833333333047 0.0033796296296296087
0 0.6305989583333333 0.22439814814814815 0.003239583333333229 0.0043796296296296465
0 0.6339114583333333 0.22615740740740742 0.0022552083333332953 0.0033796296296296087
0 0.6374010416666667 0.2260277777777778 0.002463541666666676 0.0038796296296296274
0 0.6394062500000001 0.2264722222222222 0.0016927083333333334 0.0035092592592592784
0 0.6420520833333333 0.22765740740740742 0.0017604166666667235 0.0043796296296296465
0 0.6219687500000001 0.2264722222222222 0.001619791666666733 0.0030092592592592593
0 0.6244010416666667 0.22239814814814815 0.0022552083333332953 0.002879629629629642
0 0.6191510416666667 0.2210185185185185 0.002322916666666686 0.0031296296296296254
0 0.6185885416666667 0.22489814814814812 0.0017604166666667235 0.004638888888888881
0 0.6170729166666666 0.2268425925925926 0.0018333333333333238 0.00250925925925924
0 0.6158020833333333 0.23028703703703704 0.002395833333333286 0.004129629629629611
0 0.6164375 0.22308333333333333 0.0025364583333332765 0.0035092592592592784
0 0.60646875 0.22296296296296297 0.0017604166666667235 0.0032592592592592426
0 0.600375 0.2289074074074074 0.0014114583333333522 0.00212962962962964
0 0.6043906250000001 0.2281574074074074 0.0021145833333333047 0.002879629629629642
0 0.5926614583333334 0.2415 0.002463541666666676 0.0030092592592592593
0 0.5882916666666667 0.2279074074074074 0.0020416666666667046 0.0026296296296296063
0 0.5906510416666666 0.2270925925925926 0.0019739583333333146 0.0030092592592592593
0 0.5938229166666668 0.22346296296296297 0.002395833333333286 0.00425925925925928
0 0.5930833333333333 0.22778703703703704 0.001901041666666714 0.0026296296296296063
0 0.5968854166666666 0.22496296296296298 0.0017604166666667235 0.0022592592592592573
0 0.5976614583333333 0.22151851851851853 0.0017604166666667235 0.0033796296296296087
0 0.5992135416666666 0.22389814814814815 0.0020416666666667046 0.0026296296296296063
0 0.6011145833333333 0.22214814814814815 0.001901041666666714 0.0043796296296296465
0 0.6029791666666667 0.22358333333333333 0.0022552083333332953 0.0040092592592592445
0 0.5939270833333333 0.2180740740740741 0.002182291666666695 0.0037592592592592612
0 0.5912864583333334 0.2197685185185185 0.0018333333333333238 0.004638888888888881
0 0.5880416666666667 0.21832407407407406 0.0028177083333332576 0.0032592592592592426
0 0.5900520833333334 0.22371296296296297 0.002182291666666695 0.004759259259259247
0 0.5863541666666666 0.22201851851851853 0.002395833333333286 0.004129629629629611
0 0.5823385416666667 0.21775925925925926 0.0021145833333333047 0.002879629629629642
0 0.5793437499999999 0.21832407407407406 0.0020416666666667046 0.00250925925925924
0 0.58046875 0.2212037037037037 0.001619791666666733 0.00250925925925924
0 0.5830052083333332 0.22208333333333333 0.0020416666666667046 0.0030092592592592593
0 0.5813177083333334 0.22414814814814815 0.0017604166666667235 0.002879629629629642
0 0.5795885416666666 0.22414814814814815 0.0019739583333333146 0.002879629629629642
0 0.5726145833333334 0.21988888888888888 0.0022552083333332953 0.0018796296296296044
0 0.5738489583333333 0.2183888888888889 0.0020416666666667046 0.0038796296296296274
0 0.5762760416666667 0.21951851851851853 0.0016927083333333334 0.002879629629629642
0 0.574234375 0.22289814814814815 0.0022552083333332953 0.00212962962962964
0 0.5764895833333333 0.2245925925925926 0.0021145833333333047 0.0030092592592592593
0 0.5654947916666667 0.22158333333333333 0.0014114583333333522 0.00250925925925924
0 0.5754322916666667 0.2263425925925926 0.0018333333333333238 0.0022592592592592573
0 0.5678229166666667 0.22058333333333333 0.0021145833333333047 0.0030092592592592593
0 0.56940625 0.21757407407407406 0.002322916666666686 0.0037592592592592612
0 0.5672239583333333 0.21750925925925926 0.002182291666666695 0.0038796296296296274
0 0.5653541666666667 0.21738888888888888 0.0012708333333333619 0.0023796296296296235
0 0.57078125 0.21694444444444447 0.0022552083333332953 0.0032592592592592426
0 0.546015625 0.2203888888888889 0.001901041666666714 0.0023796296296296235
0 0.547 0.21738888888888888 0.001619791666666733 0.0023796296296296235
0 0.5487968750000001 0.22258333333333333 0.0016927083333333334 0.00425925925925928
0 0.549046875 0.2189537037037037 0.0011979166666667613 0.002000000000000023
0 0.5525677083333334 0.2188240740740741 0.001901041666666714 0.002759259259259276
0 0.5541510416666667 0.2190185185185185 0.0019739583333333146 0.002879629629629642
0 0.5594374999999999 0.2192037037037037 0.0016927083333333334 0.00250925925925924
0 0.5607760416666667 0.2210185185185185 0.0016927083333333334 0.00212962962962964
0 0.5603177083333333 0.22283333333333333 0.003031250000000085 0.0022592592592592573
0 0.562890625 0.22327777777777777 0.0018333333333333238 0.002879629629629642
0 0.564125 0.22489814814814812 0.002463541666666676 0.0031296296296296254
0 0.5617968750000001 0.22702777777777777 0.002182291666666695 0.00212962962962964
0 0.5594010416666666 0.2260925925925926 0.0020416666666667046 0.0032592592592592426
0 0.5576041666666666 0.22502777777777777 0.0019739583333333146 0.0031296296296296254
0 0.5567604166666666 0.22089814814814815 0.002958333333333248 0.0043796296296296465
0 0.5553854166666666 0.22402777777777777 0.001901041666666714 0.0033796296296296087
0 0.5534479166666666 0.22565740740740742 0.0019739583333333146 0.002879629629629642
0 0.5517604166666668 0.22552777777777777 0.0021145833333333047 0.0036296296296296445
0 0.5549635416666666 0.21481481481481482 0.0027500000000001044 0.0032592592592592426
0 0.557921875 0.21431481481481482 0.0014791666666667425 0.0022592592592592573
0 0.5619062499999999 0.21575925925925926 0.0019739583333333146 0.002879629629629642
0 0.5592968749999999 0.21582407407407408 0.0019739583333333146 0.0032592592592592426
0 0.5615885416666667 0.21800925925925924 0.0026093750000001138 0.0033796296296296087
0 0.56578125 0.21512962962962964 0.0014114583333333522 0.0036296296296296445
0 0.5520416666666667 0.21431481481481482 0.0019739583333333146 0.00250925925925924
0 0.5165989583333334 0.22615740740740742 0.0012708333333333619 0.0036296296296296445
0 0.5177968749999999 0.23003703703703704 0.0016927083333333334 0.0038796296296296274
0 0.5185729166666666 0.23391666666666666 0.0022552083333332953 0.005138888888888899
0 0.5260416666666666 0.23855555555555555 0.0022552083333332953 0.0043796296296296465
0 0.5178697916666667 0.2414351851851852 0.0016927083333333334 0.0043796296296296465
0 0.5261822916666666 0.22358333333333333 0.0018333333333333238 0.005009259259259283
0 0.5289270833333333 0.21325 0.0018333333333333238 0.005138888888888899
0 0.5278385416666667 0.21675925925925926 0.002322916666666686 0.005388888888888882
0 0.5271666666666667 0.21876851851851853 0.0026770833333333854 0.0036296296296296445
0 0.5330520833333333 0.22001851851851853 0.002750000000000045 0.002879629629629642
0 0.5345677083333332 0.22183333333333335 0.0028177083333333166 0.002759259259259276
0 0.5366093749999999 0.22089814814814815 0.002677083333333267 0.0038796296296296274
0 0.542421875 0.2270925925925926 0.001901041666666714 0.0035092592592592784
0 0.5441145833333334 0.22214814814814815 0.003453125000000057 0.0036296296296296445
0 0.546859375 0.22414814814814815 0.001619791666666733 0.0036296296296296445
0 0.5390052083333334 0.2253425925925926 0.002395833333333286 0.0040092592592592445
0 0.542703125 0.22139814814814815 0.0027500000000001044 0.004129629629629611
0 0.5416093750000001 0.21951851851851853 0.0025364583333332765 0.0038796296296296274
0 0.5411874999999999 0.21425925925925926 0.0021145833333333047 0.0031296296296296254
0 0.543796875 0.213 0.0022552083333332953 0.004638888888888881
0 0.5473177083333333 0.2124351851851852 0.0025364583333332765 0.0030092592592592593
0 0.5477395833333334 0.21487962962962961 0.0019739583333333146 0.0023796296296296235
0 0.5365052083333333 0.212 0.0014791666666667425 0.002879629629629642
0 0.5400989583333333 0.21725925925925924 0.0033125000000000663 0.005388888888888882
0 0.5372083333333334 0.21800925925925924 0.0031718750000000757 0.004888888888888864
0 0.5318177083333333 0.21406481481481482 0.0019739583333333146 0.00250925925925924
0 0.5345989583333334 0.21694444444444447 0.001901041666666714 0.0040092592592592445
0 0.5336875 0.21375 0.0020416666666667046 0.0033796296296296087
0 0.5328072916666666 0.2105 0.0021145833333333047 0.0033796296296296087
0 0.52815625 0.2116851851851852 0.0015520833333333428 0.004759259259259247
0 0.5234010416666667 0.21268518518518517 0.002463541666666676 0.0032592592592592426
0 0.5225885416666667 0.21494444444444444 0.002817708333333376 0.002759259259259276
0 0.5178697916666667 0.2184537037037037 0.0019739583333333146 0.00250925925925924
0 0.5183958333333334 0.2115 0.001901041666666714 0.0026296296296296063
0 0.520015625 0.2126296296296296 0.002182291666666695 0.0026296296296296063
0 0.5145572916666666 0.21362962962962964 0.0021145833333333047 0.0023796296296296235
0 0.51571875 0.21569444444444444 0.003312499999999948 0.0015000000000000042
0 0.5129375 0.2185740740740741 0.0019739583333333146 0.002759259259259276
0 0.5127239583333333 0.2210185185185185 0.0018333333333333238 0.0031296296296296254
0 0.5077239583333334 0.21663888888888888 0.0021145833333333047 0.00212962962962964
0 0.5100104166666667 0.21800925925925924 0.002182291666666695 0.0026296296296296063
0 0.5126197916666667 0.22797222222222224 0.0009166666666666619 0.00425925925925928
0 0.490109375 0.2279074074074074 0.003098958333333357 0.0031296296296296254
0 0.4946875 0.23135185185185186 0.003380208333333338 0.0037592592592592612
0 0.49592187499999996 0.2488240740740741 0.0009166666666666619 0.0038796296296296803
0 0.4911979166666667 0.23554629629629628 0.001197916666666643 0.0031296296296296254
0 0.5045885416666667 0.2346111111111111 0.001197916666666643 0.0017499999999999875
0 0.5048333333333334 0.23185185185185186 0.0021145833333333047 0.004509259259259263
0 0.506171875 0.2281574074074074 0.002395833333333286 0.0026296296296296063
0 0.5007447916666666 0.2225185185185185 0.0026770833333333854 0.0031296296296296254
0 0.5038125 0.2180740740740741 0.0026093749999999954 0.0035092592592592784
0 0.5051510416666667 0.2121296296296296 0.0020416666666667046 0.0043796296296296465
0 0.509234375 0.21275000000000002 0.002182291666666695 0.002879629629629642
0 0.5117708333333334 0.21231481481481482 0.0020416666666667046 0.0022592592592592573
0 0.5029322916666666 0.21112037037037037 0.002395833333333286 0.0031296296296296254
0 0.5011666666666666 0.21131481481481482 0.0029583333333333666 0.0022592592592592573
0 0.49965625 0.21437962962962964 0.0020416666666667046 0.002879629629629642
0 0.49655208333333334 0.21400925925925926 0.002749999999999986 0.002879629629629642
0 0.4929270833333333 0.21112037037037037 0.0019739583333333146 0.0031296296296296254
0 0.4937708333333333 0.21462962962962964 0.000984375000000052 0.0036296296296296445
0 0.4921875 0.2180740740740741 0.002322916666666686 0.00250925925925924
0 0.4894375 0.21187962962962964 0.0016197916666666145 0.0018796296296296044
0 0.48714583333333333 0.213 0.0016927083333333334 0.0023796296296296235
0 0.4853177083333333 0.21131481481481482 0.0021145833333333047 0.002759259259259276
0 0.4887708333333334 0.21369444444444444 0.0018333333333333238 0.0030092592592592593
0 0.48848437499999997 0.2173240740740741 0.0019739583333333146 0.005009259259259283
0 0.4863385416666667 0.2176388888888889 0.002463541666666676 0.004888888888888864
0 0.4867239583333333 0.22922222222222222 0.0021145833333333047 0.005009259259259283
0 0.4832708333333333 0.2270925925925926 0.002395833333333286 0.004759259259259247
0 0.46287500000000004 0.2217685185185185 0.0017604166666667235 0.002879629629629642
0 0.4642135416666667 0.22402777777777777 0.001901041666666714 0.002879629629629642
0 0.44497916666666665 0.22221296296296297 0.0016197916666666145 0.0030092592592592593
0 0.4434270833333333 0.22258333333333333 0.002182291666666695 0.0032592592592592426
0 0.4680520833333333 0.21081481481481482 0.0021145833333333047 0.0032592592592592426
0 0.47418229166666664 0.2124351851851852 0.0015520833333333428 0.0017499999999999875
0 0.47548958333333335 0.21481481481481482 0.001901041666666714 0.002759259259259276
0 0.47883333333333333 0.21218518518518517 0.0016927083333333334 0.0022592592592592573
0 0.4791875 0.21075000000000002 0.0025364583333332765 0.002879629629629642