0 0.07870833333333334 0.9295925925925926 0.015255208333333345 0.018444444444444513
0 0.08755729166666668 0.9116944444444445 0.011593749999999995 0.01626851851851846
0 0.12416666666666668 0.906 0.020744791666666658 0.01573148148148149
0 0.16946875 0.8967777777777778 0.020437500000000004 0.01898148148148148
0 0.20485937499999998 0.8718333333333333 0.010067708333333354 0.01681481481481489
0 0.16138541666666667 0.80675 0.010374999999999978 0.01789814814814808
0 0.18853645833333335 0.7188888888888889 0.011593749999999995 0.01681481481481489
0 0.20256770833333335 0.7286481481481482 0.010984375000000017 0.012472222222222247
0 0.23398958333333333 0.7302777777777778 0.015255208333333315 0.013555555555555649
0 0.28310937500000005 0.7489907407407407 0.014645833333333276 0.014101851851851869
0 0.28463541666666664 0.7595648148148149 0.013421874999999991 0.013555555555555649
0 0.27609375 0.9477592592592594 0.011593749999999995 0.027657407407407412
0 0.36944270833333337 0.9190185185185185 0.014031250000000028 0.01898148148148148
0 0.38363020833333333 0.8875648148148149 0.013119791666666695 0.01573148148148149
0 0.46706770833333333 0.9125092592592593 0.014031250000000028 0.01789814814814808
0 0.4635625 0.9268796296296296 0.017390625000000052 0.018444444444444513
0 0.49727083333333333 0.9285092592592592 0.012203125000000033 0.018444444444444513
0 0.4836927083333334 0.8010555555555555 0.014338541666666652 0.01518518518518527
0 0.5085572916666666 0.8677685185185186 0.011593749999999995 0.01518518518518527
0 0.520609375 0.8051203703703703 0.011895833333333291 0.014648148148148089
0 0.5471510416666666 0.8078333333333334 0.01128645833333337 0.011388888888888846
0 0.5460833333333334 0.8173240740740741 0.012203124999999915 0.013018518518518468
0 0.5601145833333334 0.8230185185185185 0.013421874999999991 0.01681481481481489
0 0.5479114583333333 0.8398333333333333 0.009151041666666752 0.020064814814814882
0 0.4928489583333333 0.7549537037037037 0.003963541666666614 0.013018518518518468
0 0.5018489583333333 0.7698703703703704 0.006098958333333352 0.013555555555555649
0 0.53540625 0.7400462962962963 0.010375000000000039 0.01681481481481489
0 0.53921875 0.7216018518518519 0.014947916666666632 0.021148148148148072
0 0.4312239583333334 0.6806574074074074 0.011895833333333291 0.011935185185185278
0 0.3032447916666667 0.7104814814814815 0.010984374999999958 0.019527777777777703
0 0.27959895833333337 0.6760462962962963 0.014947916666666691 0.020064814814814882
0 0.2884479166666667 0.672787037037037 0.010067708333333295 0.013555555555555649
0 0.272125 0.6380833333333333 0.012812499999999982 0.012472222222222247
0 0.1436875 0.6006574074074075 0.012812500000000011 0.012472222222222247
0 0.16840104166666667 0.5767962962962964 0.00976041666666667 0.011388888888888846
0 0.170078125 0.5906203703703704 0.014338541666666652 0.01518518518518527
0 0.22194270833333332 0.6033703703703703 0.013729166666666674 0.014648148148148089
0 0.25595833333333334 0.49354629629629626 0.008541666666666654 0.007592592592592635
0 0.26419270833333336 0.4848611111111111 0.006098958333333352 0.006509259259259234
0 0.28509375 0.4254722222222222 0.005796875000000057 0.007046296296296309
0 0.29226041666666663 0.4170740740740741 0.006098958333333352 0.011935185185185172
0 0.3102604166666667 0.4148981481481481 0.005489583333333314 0.007592592592592635
0 0.3006510416666667 0.4197777777777778 0.008848958333333339 0.00867592592592593
0 0.31910937500000003 0.41191666666666665 0.004270833333333357 0.008138888888888855
0 0.30751562499999996 0.4525925925925926 0.006713541666666719 0.010305555555555552
0 0.3102604166666667 0.47130555555555553 0.009151041666666634 0.013018518518518468
0 0.3270416666666666 0.46805555555555556 0.006098958333333352 0.007592592592592635
0 0.326734375 0.4751018518518519 0.007322916666666638 0.011935185185185226
0 0.337109375 0.4428333333333333 0.008541666666666715 0.009222222222222257
0 0.34396875 0.4818796296296296 0.005796875000000057 0.009222222222222257
0 0.34763020833333336 0.4881203703703703 0.008848958333333339 0.008675925925925825
0 0.33573437500000003 0.5073703703703704 0.007015625000000014 0.009222222222222257
0 0.316359375 0.5841111111111111 0.011593749999999995 0.013018518518518468
0 0.33329166666666665 0.5759814814814814 0.0082395833333333 0.011935185185185278
0 0.3474791666666667 0.5765185185185185 0.009151041666666634 0.009759259259259226
0 0.35586979166666666 0.5700092592592593 0.010067708333333295 0.010842592592592626
0 0.36639583333333337 0.6098796296296296 0.010375000000000039 0.011388888888888846
0 0.3938489583333334 0.5781481481481481 0.00976041666666667 0.010842592592592626
0 0.41459375 0.5881851851851851 0.009151041666666634 0.011388888888888846
0 0.4214583333333334 0.6006574074074075 0.009458333333333376 0.014648148148148089
0 0.3580052083333333 0.4940833333333333 0.005796875000000057 0.0043425925925926435
0 0.363953125 0.5005925925925926 0.009151041666666634 0.008675925925925825
0 0.393546875 0.5157777777777778 0.009151041666666634 0.011935185185185278
0 0.45364583333333336 0.5635092592592593 0.006713541666666719 0.010842592592592626
0 0.461421875 0.5624166666666667 0.010067708333333295 0.011935185185185278
0 0.36477604166666666 0.3772870370370371 0.0037968749999999813 0.008194444444444466
0 0.3683020833333333 0.3741481481481481 0.0037968749999999813 0.004824074074074107
0 0.3799635416666666 0.3801759259259259 0.0037968749999999813 0.005305555555555572
0 0.38457291666666665 0.3862037037037037 0.004880208333333276 0.006749999999999966
0 0.3748125 0.39560185185185187 0.005968750000000019 0.005305555555555572
0 0.37766145833333337 0.39054629629629634 0.006239583333333343 0.007712962962963
0 0.3684375 0.41633333333333333 0.005151041666666719 0.008194444444444466
0 0.36952083333333335 0.4450277777777778 0.006239583333333343 0.010611111111111144
0 0.401796875 0.44887962962962963 0.006239583333333343 0.010611111111111144
0 0.40667708333333336 0.4430925925925926 0.00678124999999999 0.00867592592592593
0 0.4003072916666667 0.4028333333333333 0.007052083333333315 0.008194444444444466
0 0.39948958333333334 0.38282407407407404 0.005968750000000019 0.00963888888888886
0 0.400171875 0.3604074074074074 0.005151041666666719 0.009157407407407395
0 0.4068125 0.3601666666666667 0.004880208333333276 0.00963888888888886
0 0.41196875 0.3968055555555556 0.004880208333333276 0.00867592592592593
0 0.41779687499999996 0.4211574074074074 0.004067708333333305 0.011092592592592609
0 0.42675 0.3951203703703704 0.00678124999999999 0.008194444444444466
0 0.432578125 0.40597222222222223 0.00813541666666661 0.011574074074074073
0 0.43230729166666665 0.37174074074074076 0.004338541666666629 0.007712962962963
0 0.44926041666666666 0.412 0.005697916666666695 0.012055555555555538
0 0.4455989583333333 0.4761203703703704 0.009765625 0.012055555555555538
0 0.47041145833333337 0.47226851851851853 0.006239583333333343 0.008194444444444466
0 0.475703125 0.45587037037037037 0.005968750000000019 0.009157407407407395
0 0.49495833333333333 0.4966111111111111 0.007052083333333315 0.009638888888888964
0 0.5074322916666667 0.4753981481481481 0.0075937499999999625 0.009638888888888912
0 0.5307552083333333 0.45828703703703705 0.004338541666666629 0.01012962962962968
0 0.5341458333333333 0.46141666666666664 0.00678124999999999 0.00963888888888886
0 0.5730677083333333 0.39560185185185187 0.005421874999999924 0.013018518518518468
0 0.58034375 0.39202777777777775 0.004229166666666609 0.004453703703703653
0 0.5821458333333334 0.39578703703703705 0.005953124999999915 0.005287037037037071
0 0.5916197916666667 0.39425925925925925 0.00610937500000001 0.006685185185185211
0 0.5848854166666667 0.40525925925925926 0.007359375000000057 0.0080740740740741
0 0.5970208333333333 0.40803703703703703 0.0056406249999999625 0.008629629629629676
0 0.60015625 0.4257222222222222 0.0062656250000001044 0.006685185185185211
0 0.5989791666666666 0.4396388888888889 0.005166666666666705 0.008351851851851834
0 0.6092395833333334 0.443537037037037 0.008145833333333267 0.008351851851851834
0 0.7234739583333333 0.8693703703703703 0.0034791666666665814 0.01324999999999995
0 0.8009635416666666 0.8503888888888889 0.015395833333333305 0.015898148148148217
0 0.8297708333333333 0.8353703703703704 0.009437499999999942 0.012361111111111028
0 0.7542864583333333 0.28505555555555556 0.004187499999999981 0.00544444444444444
0 0.7511458333333334 0.28906481481481483 0.002739583333333447 0.0037222222222222053
0 0.7277916666666666 0.34275925925925926 0.002739583333333447 0.005157407407407453
0 0.7554166666666667 0.29078703703703707 0.002901041666666752 0.00544444444444444
0 0.7626614583333333 0.3185555555555556 0.004187499999999981 0.006009259259259268
0 0.7695104166666666 0.35306481481481483 0.004994791666666743 0.008018518518518489
0 0.77490625 0.29665740740740737 0.005156250000000047 0.009166666666666646
0 0.7778854166666667 0.3181296296296296 0.004671874999999896 0.006870370370370332
0 0.7894791666666666 0.3292962962962963 0.004671874999999896 0.006870370370370332
0 0.7975364583333333 0.3301574074074074 0.004994791666666743 0.006870370370370332
0 0.802125 0.324712962962963 0.004510416666666591 0.008018518518518489
0 0.8105 0.33616666666666667 0.0035416666666667615 0.005731481481481532
0 0.8107447916666667 0.32944444444444443 0.004026041666666676 0.006009259259259268
0 0.8163020833333333 0.32958333333333334 0.0038645833333333713 0.004583333333333376
0 0.819359375 0.3449074074074074 0.0035416666666667615 0.0065833333333333455
0 0.8264479166666666 0.3441851851851852 0.0035416666666667615 0.005731481481481532
0 0.827734375 0.3371759259259259 0.005156250000000047 0.0065833333333333455
0 0.8303125 0.3313055555555556 0.004833333333333438 0.005731481481481532
0 0.8293489583333333 0.30324074074074076 0.0035416666666667615 0.005731481481481532
0 0.8379635416666668 0.3049537037037037 0.005317708333333352 0.006870370370370332
0 0.8326458333333334 0.3066759259259259 0.004671874999999896 0.003435185185185219
0 0.8307135416666667 0.3108240740740741 0.005317708333333352 0.0065833333333333455
0 0.8515729166666667 0.31712962962962965 0.004833333333333438 0.0065833333333333455
0 0.8525416666666668 0.3126851851851852 0.008374999999999962 0.004583333333333376
0 0.8122708333333333 0.30510185185185185 0.0038645833333333713 0.00544444444444444
0 0.7055625 0.2977962962962963 0.003703125000000066 0.006296296296296254
0 0.6823697916666667 0.3441851851851852 0.0024166666666666004 0.005157407407407453
0 0.682453125 0.21089814814814817 0.0035416666666667615 0.002574074074074049
0 0.6909062499999999 0.20975 0.004348958333333286 0.0037222222222222053
0 0.6906666666666667 0.21275925925925926 0.0022552083333332953 0.003435185185185166
0 0.6953385416666666 0.21375925925925926 0.0032239583333333616 0.0037222222222222053
0 0.7006510416666667 0.2159074074074074 0.0019322916666666857 0.004583333333333323
0 0.7109583333333334 0.24969444444444447 0.0035416666666667615 0.008592592592592567
0 0.7177239583333334 0.25026851851851856 0.0038645833333333713 0.006296296296296254
0 0.6801979166666666 0.2512685185185185 0.004187499999999981 0.008305555555555582
0 0.66940625 0.2534166666666667 0.0035416666666667615 0.004583333333333376
0 0.6753645833333334 0.258 0.0035416666666667615 0.005157407407407453
0 0.6727864583333333 0.2640092592592593 0.004187499999999981 0.005731481481481532
0 0.6702083333333333 0.26558333333333334 0.0038645833333333713 0.004870370370370362
0 0.6615104166666667 0.26901851851851855 0.004510416666666591 0.006009259259259268
0 0.6528125 0.27875925925925926 0.0038645833333333713 0.007157407407407424
0 0.6487083333333333 0.28047222222222223 0.004671874999999896 0.00544444444444444
0 0.6332447916666666 0.27617592592592594 0.003703125000000066 0.007731481481481502
0 0.6173802083333333 0.27832407407407406 0.004187499999999981 0.006296296296296254
0 0.61303125 0.27847222222222223 0.005473958333333447 0.008305555555555582
0 0.6196354166666667 0.24196296296296296 0.002578124999999905 0.0040092592592592975
0 0.6251927083333333 0.24840740740740738 0.003062500000000057 0.004870370370370362
0 0.6375937500000001 0.25885185185185183 0.003062500000000057 0.005731481481481532
0 0.6375937500000001 0.23437037037037037 0.0020937499999999906 0.0037222222222222053
0 0.64596875 0.23537962962962963 0.003062500000000057 0.005157407407407401
0 0.648546875 0.23451851851851852 0.0033802083333332195 0.005157407407407401
0 0.65225 0.23423148148148148 0.0033802083333332195 0.005157407407407401
0 0.6518489583333333 0.2360925925925926 0.004187499999999981 0.003722222222222232
0 0.6564374999999999 0.23394444444444445 0.0014479166666667709 0.00573148148148148
0 0.5740989583333334 0.2320648148148148 0.0048958333333333805 0.0056481481481481695
0 0.568734375 0.23512037037037037 0.002911458333333409 0.005175925925925929
0 0.5672812500000001 0.2633611111111111 0.002911458333333409 0.005175925925925955
0 0.5786666666666667 0.23617592592592593 0.00397395833333339 0.0049444444444444475
0 0.5776718750000001 0.24324074074074073 0.0033072916666666194 0.00447222222222226
0 0.5830989583333334 0.24241666666666667 0.003046874999999953 0.005175925925925955
0 0.5841614583333333 0.2315925925925926 0.0027812500000000758 0.003768518518518512
0 0.5903802083333333 0.23324074074074075 0.0027812500000000758 0.004240740740740726
0 0.59309375 0.23382407407407407 0.0026458333333332956 0.003055555555555566
0 0.5920364583333334 0.23735185185185184 0.002911458333333409 0.002120370370370363
0 0.592234375 0.2407685185185185 0.003572916666666733 0.004703703703703742
0 0.597 0.2382962962962963 0.004635416666666714 0.006351851851851865
0 0.5997135416666667 0.23629629629629628 0.00397395833333339 0.004703703703703715
0 0.6046770833333334 0.23641666666666666 0.0027812500000000758 0.006351851851851839
0 0.532640625 0.22758333333333333 0.0021770833333333663 0.002898148148148144
0 0.533453125 0.23203703703703704 0.004244791666666714 0.005611111111111114
0 0.5386770833333333 0.22903703703703704 0.002286458333333267 0.0030925925925925695
0 0.5385677083333333 0.23736111111111113 0.002067708333333229 0.008120370370370354
0 0.5358489583333333 0.23464814814814813 0.0027187499999998957 0.004638888888888881
0 0.5385677083333333 0.24528703703703705 0.0031562499999999716 0.006574074074074095
0 0.5422135416666667 0.2386111111111111 0.003046874999999953 0.005611111111111087
0 0.542703125 0.23164814814814816 0.0035885416666666 0.005611111111111114
0 0.54575 0.23667592592592593 0.0027187499999998957 0.004833333333333359
0 0.5499375000000001 0.23271296296296298 0.0026093750000001138 0.00425925925925928
0 0.5524427083333333 0.23087962962962963 0.0032656249999999903 0.004453703703703705
0 0.5557604166666666 0.2378425925925926 0.002286458333333267 0.004064814814814802
0 0.5577187499999999 0.23542592592592593 0.0033750000000000095 0.005027777777777758
0 0.5603854166666667 0.23910185185185187 0.003046874999999953 0.00425925925925928
0 0.5638697916666667 0.23832407407407405 0.0032656249999999903 0.005027777777777758
0 0.56109375 0.24480555555555555 0.004244791666666714 0.005611111111111061
0 0.5569583333333333 0.24470370370370367 0.005546875000000047 0.006574074074074095
0 0.550703125 0.24287037037037038 0.0036979166666666194 0.005611111111111061
0 0.5480885416666667 0.23551851851851854 0.003916666666666657 0.006000000000000017
0 0.5248020833333333 0.2329074074074074 0.003046874999999953 0.003870370370370377
0 0.5285572916666667 0.23764814814814816 0.004463541666666634 0.006000000000000017
0 0.520015625 0.23020370370370372 0.0036979166666666194 0.003481481481481473
0 0.5195260416666667 0.23503703703703702 0.0031562499999999716 0.005416666666666662
0 0.5161510416666667 0.2340648148148148 0.003807291666666638 0.005805555555555539
0 0.5128333333333334 0.24393518518518517 0.0034843750000000282 0.005805555555555539
0 0.5097343750000001 0.24576851851851853 0.0033750000000000095 0.004064814814814802
0 0.5077760416666667 0.24035185185185184 0.002937500000000052 0.004453703703703653
0 0.5059270833333334 0.23880555555555558 0.0022864583333333855 0.004453703703703679
0 0.5104427083333333 0.23900000000000002 0.003046874999999953 0.005611111111111087
0 0.5090781249999999 0.23262037037037037 0.002505208333333305 0.004064814814814802
0 0.511421875 0.23310185185185187 0.0026093749999999954 0.005027777777777784
0 0.512453125 0.2303888888888889 0.0033750000000000095 0.005027777777777784
0 0.506578125 0.22933333333333333 0.002718750000000014 0.004064814814814802
0 0.5059270833333334 0.2332962962962963 0.0022864583333333855 0.0030925925925925695
0 0.49879687500000003 0.2295185185185185 0.0034843750000000282 0.004453703703703705
0 0.5003229166666666 0.23155555555555557 0.0015208333333333712 0.003481481481481473
0 0.4994479166666667 0.23774074074074072 0.0032656249999999903 0.005805555555555539
0 0.50309375 0.24112962962962964 0.004677083333333343 0.003287037037036995
0 0.503203125 0.2456759259259259 0.0033750000000000095 0.005027777777777732
0 0.5027708333333334 0.2547685185185185 0.0022864583333333855 0.00425925925925928
0 0.5035833333333334 0.23416666666666666 0.0021770833333333663 0.0036759259259259514
0 0.4859583333333333 0.23068518518518516 0.0028281250000000333 0.004453703703703705
0 0.4892239583333333 0.22894444444444442 0.003046874999999953 0.00522222222222221
0 0.48775520833333336 0.23232407407407407 0.002718750000000014 0.0027037037037037186
0 0.4930833333333334 0.2333888888888889 0.002505208333333305 0.007157407407407424
0 0.49052604166666663 0.23580555555555555 0.0028281250000000333 0.005027777777777784
0 0.48971354166666664 0.24248148148148146 0.0035885416666667186 0.004833333333333359
0 0.48742708333333334 0.24432407407407408 0.0031562499999999716 0.003870370370370324
0 0.48459895833333333 0.24480555555555555 0.0031562499999999716 0.005611111111111061
0 0.49504166666666666 0.23958333333333334 0.003807291666666638 0.004064814814814802
0 0.498578125 0.2432592592592593 0.0028281250000000333 0.004833333333333359
0 0.49743750000000003 0.24480555555555555 0.002937500000000052 0.004064814814814802
0 0.47224479166666666 0.22246296296296295 0.003046874999999953 0.005027777777777784
0 0.475890625 0.22362037037037036 0.002505208333333305 0.003481481481481473
0 0.4800833333333333 0.2245925925925926 0.0032656249999999903 0.005416666666666688
0 0.48296354166666666 0.22149074074074074 0.0035885416666667186 0.00425925925925928
0 0.4863385416666667 0.2219814814814815 0.002718750000000014 0.004064814814814802
0 0.48323958333333333 0.23774074074074072 0.003046874999999953 0.005805555555555539
0 0.48122395833333337 0.23377777777777778 0.002937500000000052 0.006379629629629617
0 0.47790625000000003 0.23629629629629628 0.0034843750000000282 0.004833333333333359
0 0.4798072916666667 0.24112962962962964 0.002718750000000014 0.004453703703703653
0 0.4768177083333333 0.24171296296296296 0.0032656249999999903 0.004453703703703653
0 0.47556770833333334 0.24064814814814814 0.002937500000000052 0.00425925925925928
0 0.4724114583333333 0.2336851851851852 0.002937500000000052 0.0061944444444444425
0 0.4660989583333333 0.2521574074074074 0.0035885416666667186 0.006000000000000017
0 0.46397916666666666 0.22729629629629627 0.0021770833333333663 0.003870370370370377
0 0.46669791666666666 0.22681481481481483 0.0028281250000000333 0.006768518518518521
0 0.46669791666666666 0.23299999999999998 0.004135416666666695 0.00522222222222221
0 0.46251041666666665 0.23687037037037037 0.0031562499999999716 0.002898148148148144
0 0.46653645833333335 0.23716666666666666 0.002937500000000052 0.0038703703703703504
0 0.46125520833333333 0.2404537037037037 0.0034843750000000282 0.003870370370370324
0 0.45396875 0.2375462962962963 0.003046874999999953 0.0061944444444444685
0 0.456359375 0.23358333333333334 0.0028281250000000333 0.006000000000000017
0 0.4593541666666667 0.2333888888888889 0.004244791666666714 0.007935185185185205
0 0.44651041666666663 0.2272037037037037 0.0022864583333333855 0.004453703703703705
0 0.44988541666666665 0.22749074074074074 0.0033750000000000095 0.003870370370370377
0 0.45146354166666663 0.2303888888888889 0.002395833333333286 0.00425925925925928
0 0.44651041666666663 0.23310185185185187 0.0022864583333333855 0.003481481481481473
0 0.44254166666666667 0.22990740740740742 0.0015208333333333712 0.0032870370370370475
0 0.43764583333333335 0.2258425925925926 0.0028281250000000333 0.004833333333333359
0 0.438734375 0.2336851851851852 0.0015208333333333712 0.00425925925925928
0 0.44014583333333335 0.2314537037037037 0.0021770833333333663 0.005611111111111114
0 0.44270312500000003 0.23649074074074072 0.0018489583333333097 0.004833333333333333
0 0.44721875 0.2414166666666667 0.003046874999999953 0.004638888888888881
0 0.44346875 0.2432592592592593 0.002937500000000052 0.004453703703703653
0 0.44749479166666667 0.24974074074074076 0.0035885416666667186 0.006574074074074095
0 0.43845833333333334 0.25022222222222223 0.0035885416666667186 0.006000000000000017
0 0.43389062500000003 0.25883333333333336 0.0035885416666667186 0.005027777777777732
0 0.4423229166666667 0.2861018518518519 0.004354166666666615 0.009287037037037012
0 0.45271354166666666 0.2922962962962963 0.002505208333333305 0.005027777777777732
0 0.46174479166666665 0.28117592592592594 0.004677083333333343 0.006768518518518468
0 0.4705625 0.2780740740740741 0.004026041666666676 0.0036759259259259514
0 0.4614739583333333 0.31105555555555553 0.0026093749999999954 0.006574074074074095
0 0.4646822916666667 0.29684259259259255 0.0031562499999999716 0.007157407407407424
0 0.45249999999999996 0.31599074074074074 0.002718750000000014 0.006379629629629617
0 0.46348958333333334 0.31976851851851856 0.0031562499999999716 0.005416666666666688
0 0.45902604166666666 0.33001851851851854 0.004026041666666676 0.005027777777777732
0 0.4480885416666667 0.35255555555555557 0.005874999999999986 0.00522222222222221
0 0.47268229166666664 0.3841851851851852 0.006312499999999943 0.007740740740740754
0 0.5116927083333334 0.38969444444444445 0.006635416666666671 0.00793518518518523
0 0.4660989583333333 0.3460740740740741 0.004244791666666714 0.007351851851851903
0 0.47578125 0.32575925925925925 0.0048958333333333805 0.006194444444444495
0 0.48736979166666666 0.3263425925925926 0.004354166666666615 0.006194444444444495
0 0.3539479166666667 0.36466666666666664 0.00283854166666669 0.003601851851851839
0 0.3626666666666667 0.32922222222222225 0.0027031250000000284 0.004324074074074036
0 0.36503125000000003 0.33342592592592596 0.004729166666666629 0.007453703703703661
0 0.363953125 0.3268148148148148 0.003651041666666662 0.00625
0 0.3669895833333333 0.3287407407407408 0.003786458333333324 0.006731481481481465
0 0.372265625 0.3270555555555556 0.004593749999999967 0.007685185185185143
0 0.385578125 0.32128703703703704 0.00283854166666669 0.00625
0 0.3963229166666667 0.3133611111111111 0.00567708333333338 0.00625
0 0.43627604166666667 0.24587037037037038 0.00344791666666661 0.0058703703703704
0 0.4257135416666667 0.23704629629629628 0.002463541666666676 0.004166666666666667
0 0.43070833333333336 0.2385740740740741 0.0020937499999999906 0.00548148148148147
0 0.435765625 0.2405462962962963 0.003083333333333371 0.004601851851851877
0 0.4278125 0.24876851851851853 0.0032031250000000475 0.003944444444444436
0 0.426515625 0.2547962962962963 0.004067708333333305 0.006351851851851865
0 0.4150520833333333 0.2638888888888889 0.002588541666666681 0.006138888888888885
0 0.4184427083333333 0.26257407407407407 0.0032031250000000475 0.007453703703703661
0 0.4186875 0.2574259259259259 0.002463541666666676 0.004601851851851877
0 0.426765625 0.22914814814814813 0.0020937499999999906 0.005481481481481496
0 0.431140625 0.2327685185185185 0.001723958333333305 0.005259259259259266
0 0.43453125 0.22871296296296295 0.0020937499999999906 0.0037222222222222053
0 0.4179479166666667 0.2295925925925926 0.0019739583333333146 0.004166666666666667
0 0.419921875 0.2363888888888889 0.0046875 0.007231481481481458
0 0.40580208333333334 0.23616666666666666 0.0020937499999999906 0.00548148148148147
0 0.40864062500000004 0.23671296296296299 0.0035729166666666145 0.003944444444444462
0 0.40913541666666664 0.2295925925925926 0.0018489583333333097 0.002851851851851837
0 0.41141666666666665 0.23978703703703705 0.003453125000000057 0.003064814814814764
0 0.4066666666666666 0.24997222222222223 0.004067708333333305 0.005481481481481444
0 0.3811458333333333 0.26016666666666666 0.0028333333333333617 0.005694444444444423
0 0.3876822916666667 0.2615925925925926 0.004312499999999986 0.005916666666666654
0 0.3820729166666667 0.2539166666666667 0.0029583333333333666 0.005037037037037087
0 0.386265625 0.2529351851851852 0.003453125000000057 0.007009259259259305
0 0.39119270833333336 0.25183333333333335 0.0029583333333333666 0.005259259259259213
0 0.3964947916666667 0.2540277777777778 0.0032031250000000475 0.006138888888888885
0 0.40241666666666664 0.25819444444444445 0.0027135416666666857 0.004824074074074107
0 0.386140625 0.2389074074074074 0.0029583333333333666 0.005694444444444423
0 0.38940625 0.23704629629629628 0.0038229166666666242 0.00548148148148147
0 0.39248958333333334 0.24427777777777776 0.003083333333333371 0.005037037037037087
0 0.39464583333333336 0.23474074074074075 0.0029583333333333666 0.004824074074074055
0 0.39816145833333333 0.23704629629629628 0.0035729166666666145 0.005916666666666654
0 0.39840625 0.2318888888888889 0.002588541666666681 0.006138888888888885
0 0.39557291666666666 0.2210462962962963 0.0035729166666666145 0.004601851851851877
0 0.3978541666666667 0.22553703703703704 0.003453125000000057 0.003944444444444436
0 0.38903645833333333 0.22399999999999998 0.0028333333333333617 0.003944444444444436
0 0.382625 0.2235648148148148 0.003328125000000052 0.0043796296296296465
0 0.3809635416666667 0.22696296296296298 0.0032031250000000475 0.005037037037037035
0 0.37455208333333334 0.22444444444444445 0.0036979166666666194 0.0026296296296296063
0 0.3754739583333333 0.22970370370370372 0.0028333333333333617 0.004824074074074055
0 0.3779427083333333 0.23342592592592593 0.004312499999999986 0.005694444444444423
0 0.3781875 0.2375925925925926 0.0038229166666666242 0.00525925925925924
0 0.3739322916666667 0.23408333333333334 0.00419270833333331 0.005259259259259266
0 0.3688177083333333 0.23112962962962963 0.003083333333333371 0.005037037037037035
0 0.37214583333333334 0.23791666666666667 0.004067708333333305 0.00548148148148147
0 0.36740104166666665 0.22257407407407406 0.003453125000000057 0.004166666666666667
0 0.3665364583333333 0.22630555555555557 0.004437499999999991 0.004166666666666667
0 0.36203645833333337 0.22860185185185183 0.005057291666666686 0.005694444444444423
0 0.3550729166666667 0.2295925925925926 0.0032031250000000475 0.005481481481481496
0 0.35907812499999997 0.2303611111111111 0.0035729166666666145 0.0043796296296296465
0 0.35821354166666663 0.23825 0.0028333333333333617 0.00525925925925924
0 0.36209895833333333 0.23671296296296296 0.003453125000000057 0.0035092592592592784
0 0.36462500000000003 0.23879629629629628 0.0038229166666666242 0.005037037037037061
0 0.3371302083333333 0.22827777777777777 0.002588541666666681 0.0037222222222222053
0 0.3465625 0.22991666666666666 0.0022187499999999955 0.003064814814814817
0 0.33775 0.23353703703703704 0.004312499999999986 0.004601851851851877
0 0.33571354166666667 0.2374814814814815 0.0022187499999999955 0.0037222222222222053
0 0.311921875 0.2510740740740741 0.0036979166666666194 0.005037037037037087
0 0.31938020833333336 0.2508518518518519 0.004562499999999995 0.005037037037037087
0 0.3317083333333333 0.25030555555555556 0.0035729166666666145 0.005259259259259213
0 0.336578125 0.2530462962962963 0.0027135416666666857 0.004601851851851877