0 0.2922083333333333 0.8628240740740741 0.005947916666666705 0.016518518518518443
0 0.281984375 0.8538981481481481 0.00631770833333339 0.022472222222222206
0 0.3332864583333333 0.7527777777777778 0.010036458333333324 0.01586111111111121
0 0.3329166666666667 0.7200648148148148 0.007807291666666672 0.015203703703703771
0 0.34536979166666665 0.6738055555555555 0.010411458333333339 0.016518518518518443
0 0.35317708333333336 0.6658703703703703 0.01115104166666671 0.015203703703703771
0 0.392953125 0.6272037037037037 0.006692708333333286 0.011898148148148064
0 0.6427812500000001 0.8205277777777777 0.008921875000000056 0.0099166666666667
0 0.3295677083333333 0.58425 0.007807291666666672 0.01453703703703708
0 0.24086458333333333 0.37562962962962965 0.0033750000000000095 0.00317592592592588
0 0.24205729166666667 0.38145370370370374 0.002182291666666695 0.0049444444444444735
0 0.24423958333333334 0.37333333333333335 0.0033750000000000095 0.004231481481481528
0 0.2621041666666667 0.3500462962962963 0.004963541666666653 0.006351851851851865
0 0.3210520833333333 0.3915092592592592 0.004963541666666653 0.008824074074074048
0 0.33752604166666667 0.3964444444444445 0.004963541666666653 0.006703703703703712
0 0.33763020833333335 0.41585185185185186 0.007145833333333348 0.010231481481481439
0 0.32026041666666666 0.4878425925925926 0.004963541666666653 0.010231481481481439
0 0.33534375 0.4966574074074074 0.005359374999999981 0.008824074074074048
0 0.3759375 0.4975462962962963 0.006750000000000019 0.009879629629629696
0 0.3902291666666667 0.4818425925925926 0.008338541666666663 0.010231481481481439
0 0.3554895833333333 0.4239722222222222 0.005161458333333376 0.006703703703703712
0 0.36908854166666666 0.44213888888888886 0.004567708333333324 0.009175925925925896
0 0.3725625 0.4379074074074074 0.004765625000000048 0.00705555555555556
0 0.37355208333333334 0.4439074074074074 0.004765625000000048 0.01270370370370373
0 0.376234375 0.44549074074074074 0.002182291666666695 0.010231481481481439
0 0.36164583333333333 0.41885185185185186 0.00436458333333339 0.0056481481481481695
0 0.3595625 0.3809166666666667 0.004963541666666653 0.0052962962962963215
0 0.36809375 0.3812685185185185 0.005359374999999981 0.010231481481481439
0 0.3653177083333333 0.36150925925925925 0.004567708333333324 0.008120370370370354
0 0.37186458333333333 0.36698148148148146 0.004963541666666653 0.0084722222222222
0 0.37702604166666664 0.3666296296296296 0.004567708333333324 0.0056481481481481695
0 0.3901302083333333 0.37545370370370373 0.004166666666666667 0.007759259259259255
0 0.3901302083333333 0.3897407407407408 0.004567708333333324 0.007407407407407408
0 0.39121875 0.3955648148148148 0.005557291666666704 0.009175925925925896
0 0.40739583333333335 0.39874074074074073 0.0037708333333333383 0.009879629629629592
0 0.39846354166666664 0.3703333333333333 0.0037708333333333383 0.006000000000000017
0 0.39885937499999996 0.3745648148148148 0.005359374999999981 0.010231481481481439
0 0.40293229166666666 0.35957407407407405 0.004765625000000048 0.009879629629629592
0 0.43121354166666664 0.37245370370370373 0.004166666666666667 0.009527777777777744
0 0.44699479166666667 0.37333333333333335 0.00436458333333339 0.009175925925925896
0 0.4435208333333333 0.38603703703703707 0.006947916666666624 0.006351851851851865
0 0.44163541666666667 0.389212962962963 0.005557291666666704 0.0084722222222222
0 0.4508645833333333 0.3897407407407408 0.004166666666666667 0.007407407407407408
0 0.45810937500000004 0.40562037037037035 0.005161458333333376 0.010231481481481439
0 0.45820833333333333 0.3839166666666667 0.004166666666666667 0.00705555555555556
0 0.452453125 0.36980555555555555 0.0037708333333333383 0.006351851851851865
0 0.4578125 0.374037037037037 0.004166666666666667 0.009879629629629592
0 0.4674375 0.37527777777777777 0.0023802083333333 0.0052962962962963215
0 0.4717083333333333 0.38145370370370374 0.0033750000000000095 0.007759259259259255
0 0.474484375 0.37880555555555556 0.0033750000000000095 0.0038796296296296803
0 0.47686458333333337 0.3810925925925926 0.0033750000000000095 0.006351851851851865
0 0.4804375 0.36980555555555555 0.004963541666666653 0.00705555555555556
0 0.4842135416666667 0.36733333333333335 0.006151041666666638 0.0084722222222222
0 0.42367187500000003 0.3505740740740741 0.004567708333333324 0.006703703703703712
0 0.4291302083333333 0.35198148148148145 0.003968749999999943 0.006000000000000017
0 0.38705208333333335 0.3241111111111111 0.003177083333333286 0.006000000000000017
0 0.39459375 0.32569444444444445 0.004765625000000048 0.007759259259259255
0 0.4087864583333333 0.3075277777777778 0.005359374999999981 0.008824074074074048
0 0.41285416666666663 0.3142314814814815 0.003968749999999943 0.0052962962962963215
0 0.42178645833333334 0.3071666666666667 0.003968749999999943 0.007407407407407408
0 0.43240625 0.32675925925925925 0.0033750000000000095 0.0049444444444444735
0 0.42396875 0.3378703703703704 0.003968749999999943 0.006703703703703712
0 0.44322395833333333 0.3500462962962963 0.0035729166666666145 0.006351851851851865
0 0.44322395833333333 0.32799074074074075 0.003968749999999943 0.0038796296296296803
0 0.44530729166666666 0.3329259259259259 0.004963541666666653 0.007407407407407408
0 0.449078125 0.33116666666666666 0.005359374999999981 0.006703703703703712
0 0.44838541666666665 0.3412222222222222 0.003968749999999943 0.00705555555555556
0 0.45930208333333333 0.3408703703703704 0.0035729166666666145 0.009175925925925896
0 0.4565208333333333 0.3336388888888889 0.004765625000000048 0.006703703703703712
0 0.4594010416666666 0.32675925925925925 0.005755208333333309 0.007759259259259255
0 0.467734375 0.33028703703703705 0.006947916666666624 0.011296296296296339
0 0.46756770833333333 0.3423796296296296 0.0019583333333333284 0.006666666666666709
0 0.46984895833333334 0.34600925925925924 0.002937500000000052 0.006962962962962946
0 0.47490625000000003 0.33382407407407405 0.003916666666666657 0.006962962962962946
0 0.4790677083333333 0.3328148148148148 0.00603645833333329 0.007833333333333367
0 0.46397916666666666 0.32091666666666663 0.005218749999999991 0.0049259259259259724
0 0.47099479166666663 0.32178703703703704 0.0048958333333333805 0.005509259259259301
0 0.44888541666666665 0.31366666666666665 0.005057291666666686 0.005509259259259301
0 0.44415625 0.31048148148148147 0.0034270833333332955 0.005509259259259301
0 0.42575520833333336 0.2916759259259259 0.0022291666666666523 0.005703703703703674
0 0.4291041666666667 0.2898148148148148 0.0025104166666666335 0.005953703703703657
0 0.43349479166666666 0.28994444444444445 0.004041666666666662 0.006194444444444495
0 0.4455572916666667 0.28845370370370366 0.003625000000000019 0.006194444444444495
0 0.43830729166666665 0.2901944444444445 0.004463541666666634 0.005203703703703708
0 0.43182291666666667 0.2989907407407408 0.003208333333333376 0.005453703703703691
0 0.43223958333333334 0.30580555555555555 0.004322916666666643 0.006694444444444461
0 0.43726041666666665 0.308287037037037 0.0029270833333332764 0.005703703703703674
0 0.43970312500000003 0.30506481481481484 0.0025104166666666335 0.004212962962962921
0 0.4599895833333333 0.30035185185185187 0.002651041666666624 0.004212962962962921
0 0.4627135416666667 0.3030833333333333 0.003625000000000019 0.005703703703703674
0 0.47644791666666664 0.30283333333333334 0.004604166666666624 0.006194444444444495
0 0.47121875 0.2805185185185185 0.005020833333333386 0.006694444444444461
0 0.47575 0.28362037037037036 0.004604166666666624 0.006944444444444444
0 0.47972395833333337 0.2910555555555555 0.00390625 0.006944444444444444
0 0.4853020833333333 0.29700925925925925 0.0027916666666666146 0.005453703703703691
0 0.4848854166666667 0.2862222222222222 0.0027916666666666146 0.003222222222222239
0 0.48711458333333335 0.28882407407407407 0.0027916666666666146 0.0049629629629629754
0 0.49457812500000004 0.2896944444444444 0.0034843750000000282 0.005203703703703708
0 0.49373958333333334 0.29353703703703704 0.004322916666666643 0.006444444444444478
0 0.5004322916666667 0.29514814814814816 0.004322916666666643 0.0047129629629629926
0 0.4984791666666667 0.3122592592592593 0.003208333333333376 0.006194444444444495
0 0.5223958333333333 0.30568518518518517 0.003625000000000019 0.005953703703703657
0 0.5065000000000001 0.3102685185185185 0.0033489583333333665 0.006194444444444495
0 0.5230260416666667 0.3159722222222222 0.0037656250000000094 0.007685185185185143
0 0.5206562499999999 0.3162222222222222 0.004880208333333276 0.007185185185185176
0 0.518421875 0.2967592592592593 0.005437500000000028 0.00446296296296301
0 0.5287447916666667 0.3147314814814815 0.0037656250000000094 0.00867592592592593
0 0.5144479166666667 0.2754351851851852 0.0027916666666666146 0.005953703703703657
0 0.5180729166666667 0.2873425925925926 0.003625000000000019 0.006444444444444478
0 0.50078125 0.28200925925925924 0.0033489583333333665 0.006194444444444495
0 0.4877447916666667 0.27593518518518517 0.002651041666666624 0.00446296296296301
0 0.49136979166666667 0.2775462962962963 0.002651041666666624 0.006194444444444495
0 0.47533333333333333 0.26291666666666663 0.004041666666666662 0.006194444444444495
0 0.5203072916666667 0.2650277777777778 0.001953125 0.0049629629629629754
0 0.521140625 0.2702314814814815 0.0030677083333333854 0.006944444444444444
0 0.5329270833333334 0.2764351851851852 0.002651041666666683 0.0049629629629629754
0 0.5666041666666667 0.2924259259259259 0.004182291666666771 0.008185185185185215
0 0.5686979166666667 0.3071759259259259 0.002791666666666733 0.0049629629629629754
0 0.59421875 0.30853703703703705 0.004182291666666771 0.0047129629629629926
0 0.5902447916666667 0.3002314814814815 0.0034843750000000282 0.003962962962962938
0 0.5900312499999999 0.2963888888888889 0.003348958333333248 0.004212962962962921
0 0.595265625 0.29650925925925925 0.0037656250000000094 0.0024814814814814352
0 0.5969374999999999 0.3001111111111111 0.0051614583333332575 0.0047129629629629926
0 0.581875 0.37845370370370374 0.004322916666666761 0.005703703703703674
0 0.5879427083333333 0.37845370370370374 0.005296875000000038 0.009175925925925896
0 0.6399583333333333 0.29080555555555554 0.005020833333333267 0.008925925925925914
0 0.8422968750000001 0.5504629629629629 0.007187500000000095 0.014148148148148123
0 0.6795989583333333 0.43118518518518517 0.003135416666666657 0.0065833333333333455
0 0.6798125 0.4265 0.0032760416666666476 0.005324074074074074
0 0.6855156250000001 0.43334259259259256 0.0035625000000000756 0.007851851851851869
0 0.6876510416666667 0.42877777777777776 0.002994791666666667 0.006333333333333363
0 0.69071875 0.423962962962963 0.004562500000000113 0.006333333333333363
0 0.6954166666666667 0.4265 0.003989583333333257 0.008361111111111087
0 0.89234375 0.37933333333333336 0.003739583333333248 0.0056296296296296676
0 0.8960104166666666 0.38239814814814815 0.005322916666666563 0.004092592592592555
0 0.899390625 0.3895648148148148 0.004026041666666676 0.0035833333333333377
0 0.9043541666666666 0.3857222222222222 0.006760416666666676 0.005111111111111094
0 0.89925 0.3748518518518518 0.0046041666666667425 0.005370370370370328
0 0.9042135416666667 0.37293518518518515 0.0047499999999999435 0.005111111111111094
0 0.90234375 0.3771574074074074 0.005322916666666563 0.007416666666666658
0 0.9098229166666666 0.38162962962962965 0.006187500000000057 0.008694444444444432
0 0.9127708333333333 0.3978796296296296 0.004026041666666676 0.006398148148148119
0 0.9226302083333333 0.39902777777777776 0.007338541666666742 0.009203703703703754
0 0.9057968750000001 0.3958333333333333 0.00560937499999999 0.008953703703703665
0 0.7114010416666667 0.30010185185185184 0.003010416666666771 0.005814814814814789
0 0.7172239583333333 0.2794074074074074 0.0031406250000001043 0.0044166666666666495
0 0.7225208333333334 0.2845185185185185 0.003531250000000104 0.005814814814814789
0 0.7282760416666666 0.28382407407407406 0.003791666666666771 0.005814814814814789
0 0.7269687499999999 0.2853333333333334 0.003010416666666771 0.0041851851851851685
0 0.7307604166666667 0.2873148148148148 0.0032708333333334376 0.005814814814814789
0 0.7353385416666666 0.28650000000000003 0.003791666666666771 0.005583333333333308
0 0.73821875 0.2963796296296296 0.004057291666666647 0.0076759259259258925
0 0.742140625 0.28417592592592594 0.003010416666666771 0.0032592592592592426
0 0.7488125 0.29103703703703704 0.002744791666666657 0.0044166666666666495
0 0.7584270833333334 0.29650000000000004 0.002614583333333324 0.005583333333333308
0 0.7756927083333333 0.2934722222222222 0.0031406250000001043 0.005583333333333308
0 0.7800104166666666 0.28685185185185186 0.0036614583333334375 0.006277777777777753
0 0.7634635416666666 0.2854537037037037 0.002223958333333324 0.0044166666666666495
0 0.7506458333333333 0.27928703703703706 0.0032708333333334376 0.0041851851851851685
0 0.7567239583333334 0.2781296296296296 0.0031406250000001043 0.006046296296296271
0 0.75940625 0.27847222222222223 0.003791666666666771 0.005814814814814789
0 0.7683020833333334 0.27871296296296294 0.007192708333333305 0.007212962962962929
0 0.7641822916666666 0.2785925925925926 0.0036614583333334375 0.006509259259259234
0 0.746 0.2675462962962963 0.0036614583333334375 0.004879629629629613
0 0.7257916666666666 0.2655740740740741 0.003791666666666771 0.0037222222222222053
0 0.7285364583333334 0.26637962962962963 0.002223958333333324 0.003953703703703687
0 0.7281458333333333 0.24719444444444447 0.0024843749999999905 0.0027870370370370284
0 0.7299739583333333 0.24871296296296297 0.003010416666666771 0.003953703703703687
0 0.6692135416666667 0.2894074074074074 0.0028802083333334377 0.006740740740740716
0 0.6501197916666667 0.2565 0.003401041666666771 0.006046296296296271
0 0.6522760416666666 0.2577777777777778 0.003531250000000104 0.006277777777777753
0 0.6607760416666667 0.25882407407407404 0.004578124999999981 0.006509259259259234
0 0.6692812499999999 0.2589444444444445 0.004057291666666647 0.004879629629629613
0 0.6729427083333334 0.2589444444444445 0.003791666666666771 0.006277777777777753
0 0.68903125 0.2561481481481481 0.0024843749999999905 0.003953703703703687
0 0.6913229166666667 0.26708333333333334 0.0031406250000001043 0.005351851851851826
0 0.6876614583333333 0.2495277777777778 0.0031406250000001043 0.0051203703703703455
0 0.6965885416666667 0.24564814814814817 0.0026666666666666098 0.003435185185185219
0 0.7019635416666666 0.24271296296296296 0.003125 0.004083333333333304
0 0.7097291666666667 0.21624074074074073 0.0015625 0.003101851851851873
0 0.7129010416666667 0.2172222222222222 0.00202083333333339 0.0037592592592592612
0 0.71584375 0.21705555555555556 0.003125 0.0037592592592592612
0 0.7201145833333332 0.21534259259259259 0.003401041666666771 0.003916666666666684
0 0.6811458333333333 0.23102777777777778 0.0024791666666667805 0.003592592592592588
0 0.6782968749999999 0.23126851851851854 0.0024791666666667805 0.003101851851851873
0 0.672875 0.23028703703703704 0.0021145833333333047 0.004083333333333356
0 0.6688333333333334 0.23086111111111113 0.0019322916666666857 0.003916666666666684
0 0.6657083333333333 0.22923148148148148 0.003031250000000085 0.002611111111111105
0 0.6619375000000001 0.2336388888888889 0.003031250000000085 0.003268518518518493
0 0.6536666666666666 0.23004629629629628 0.004135416666666695 0.003592592592592588
0 0.6547239583333333 0.23519444444444443 0.002390625000000076 0.003759259259259235
0 0.6493020833333334 0.2272685185185185 0.002390625000000076 0.0022870370370370622
0 0.6514166666666666 0.22555555555555554 0.002572916666666695 0.0037592592592592612
0 0.6584947916666667 0.2268611111111111 0.0034947916666666855 0.003435185185185166
0 0.6249479166666667 0.24728703703703703 0.003125 0.004407407407407399
0 0.6346458333333334 0.23478703703703704 0.0021145833333333047 0.00523148148148146
0 0.6368489583333333 0.23282407407407407 0.0026666666666666098 0.004898148148148167
0 0.638734375 0.2275925925925926 0.0027552083333333144 0.0045740740740740716
0 0.6368958333333333 0.22833333333333333 0.003125 0.005722222222222228
0 0.6265572916666666 0.22889814814814816 0.004317708333333314 0.00523148148148146
0 0.6306927083333334 0.22775925925925924 0.003031250000000085 0.002611111111111105
0 0.63175 0.22587962962962962 0.0034947916666666855 0.004407407407407399
0 0.621640625 0.23241666666666666 0.0022031250000000093 0.0037592592592592612
0 0.6243489583333334 0.2321666666666667 0.0024791666666667805 0.004249999999999977
0 0.619296875 0.2321666666666667 0.003218749999999915 0.003592592592592588
0 0.6211354166666666 0.22767592592592592 0.0026666666666666098 0.0037592592592592612
0 0.6220052083333333 0.22318518518518518 0.0033072916666666194 0.004249999999999977
0 0.6182395833333333 0.22220370370370368 0.0034947916666666855 0.0045740740740740716
0 0.6156197916666667 0.2254722222222222 0.004135416666666695 0.00523148148148146
0 0.6125885416666667 0.228 0.003218749999999915 0.005722222222222228
0 0.6100156250000001 0.2257962962962963 0.0026666666666666098 0.0045740740740740716
0 0.6113020833333334 0.22171296296296295 0.0048697916666666195 0.00587962962962965
0 0.6065208333333333 0.22277777777777777 0.0024791666666667805 0.003101851851851873
0 0.6065677083333333 0.2286574074074074 0.002390625000000076 0.002453703703703683
0 0.6016510416666667 0.22277777777777777 0.002848958333333229 0.004407407407407399
0 0.6039947916666667 0.22653703703703704 0.003125 0.004407407407407399
0 0.6098281249999999 0.2323333333333333 0.003401041666666771 0.004898148148148167
0 0.48475 0.2592962962962963 0.0028489583333333474 0.003916666666666684
0 0.4858958333333333 0.26312962962962966 0.003125 0.005388888888888935
0 0.4896197916666667 0.2615 0.0026666666666666098 0.005388888888888935
0 0.49440104166666665 0.25872222222222224 0.0037656250000000094 0.004407407407407399
0 0.509515625 0.26787037037037037 0.0027552083333333144 0.006694444444444461
0 0.5285416666666667 0.25643518518518515 0.0022031250000000093 0.004740740740740745
0 0.5254635416666666 0.2606851851851852 0.0026666666666666098 0.0037592592592592088
0 0.5186614583333333 0.2810185185185185 0.002479166666666662 0.006537037037036986
0 0.5332291666666666 0.2647685185185185 0.0034947916666666855 0.004083333333333304
0 0.5351145833333334 0.26402777777777775 0.003218749999999915 0.003592592592592588
0 0.5358958333333333 0.2663981481481481 0.002390625000000076 0.0037592592592592088
0 0.5408541666666667 0.2558611111111111 0.0018385416666667708 0.005555555555555556
0 0.5363541666666667 0.25177777777777777 0.002390625000000076 0.003592592592592588
0 0.5461406249999999 0.24752777777777776 0.003031250000000085 0.003592592592592588
0 0.5568020833333333 0.2459722222222222 0.0026666666666666098 0.004740740740740745
0 0.5431562499999999 0.23812962962962964 0.00202083333333339 0.004407407407407399
0 0.5310208333333333 0.23903703703703705 0.0016562500000000331 0.003268518518518493
0 0.5199479166666666 0.24000925925925923 0.002479166666666662 0.003916666666666684
0 0.5088281250000001 0.2321666666666667 0.0034010416666666525 0.004249999999999977
0 0.5112187499999999 0.23397222222222222 0.0026666666666666098 0.003916666666666684
0 0.5125052083333334 0.2314351851851852 0.0028489583333333474 0.005388888888888882
0 0.5151249999999999 0.23241666666666666 0.003125 0.0063703703703703665
0 0.5178802083333334 0.2351111111111111 0.0023906249999999575 0.003592592592592588
0 0.5205 0.2351111111111111 0.003218750000000033 0.003592592592592588
0 0.46769791666666666 0.22661111111111112 0.0027552083333333144 0.005555555555555556
0 0.48341666666666666 0.22474074074074074 0.0022031250000000093 0.0037592592592592612
0 0.48543749999999997 0.22743518518518518 0.0027552083333333144 0.003916666666666684
0 0.4876875 0.21362962962962964 0.0037656250000000094 0.00506481481481484
0 0.494671875 0.21632407407407406 0.0017447916666666194 0.0022870370370370622
0 0.4973854166666667 0.21844444444444444 0.0023906249999999575 0.002611111111111105
0 0.49972916666666667 0.21558333333333335 0.002479166666666662 0.003435185185185166
0 0.504234375 0.21378703703703703 0.0021145833333333047 0.004407407407407399
0 0.509609375 0.21501851851851853 0.00202083333333339 0.004249999999999977
0 0.507265625 0.21387037037037035 0.002296875000000043 0.006537037037037039
0 0.5069895833333333 0.22024074074074076 0.0028489583333333474 0.004898148148148167
0 0.5105260416666667 0.22057407407407406 0.003125 0.00523148148148146
0 0.511953125 0.21329629629629632 0.0026666666666666098 0.005388888888888882
0 0.5151249999999999 0.2175462962962963 0.003677083333333305 0.008333333333333333
0 0.5210520833333333 0.21575 0.0048697916666666195 0.008009259259259239
0 0.5269791666666667 0.21427777777777776 0.0034947916666666855 0.00506481481481484
0 0.5229322916666667 0.22555555555555554 0.0034947916666666855 0.004083333333333356
0 0.525046875 0.22089814814814815 0.0023906249999999575 0.0045740740740740716
0 0.52753125 0.22024074074074076 0.0018385416666666524 0.004249999999999977
0 0.5333177083333334 0.23282407407407407 0.0022031250000000093 0.0045740740740740716
0 0.5394322916666667 0.2321666666666667 0.003031250000000085 0.004249999999999977
0 0.5304270833333333 0.2214722222222222 0.003218750000000033 0.004407407407407399
0 0.5445781249999999 0.2315185185185185 0.0022968749999999244 0.007185185185185176
0 0.5303333333333333 0.2146851851851852 0.0021145833333333047 0.005555555555555556
0 0.5326770833333333 0.2172222222222222 0.00202083333333339 0.002777777777777778
0 0.5338229166666667 0.21248148148148147 0.0021145833333333047 0.004407407407407399
0 0.5366302083333333 0.2164814814814815 0.0034947916666666855 0.006537037037037039
0 0.5347916666666667 0.22098148148148147 0.003677083333333305 0.007027777777777754
0 0.541453125 0.21460185185185185 0.0039531250000000755 0.006046296296296271
0 0.5420052083333334 0.22089814814814815 0.004317708333333314 0.006537037037037039
0 0.546875 0.21599074074074076 0.0037656250000000094 0.007185185185185176
0 0.54921875 0.2225277777777778 0.0034947916666666855 0.004249999999999977
0 0.550921875 0.22571296296296298 0.004317708333333314 0.00506481481481484
0 0.55225 0.2195925925925926 0.0034947916666666855 0.005555555555555556
0 0.5543177083333333 0.21632407407407406 0.0017447916666666194 0.003268518518518493
0 0.5525260416666666 0.2147685185185185 0.003677083333333305 0.004740740740740745
0 0.5581354166666667 0.22489814814814812 0.0033072916666666194 0.005722222222222228
0 0.5580416666666667 0.21893518518518518 0.004781249999999915 0.007185185185185176
0 0.5596510416666667 0.2143611111111111 0.0026666666666666098 0.004898148148148167
0 0.5636927083333333 0.21387037037037035 0.004317708333333314 0.00523148148148146
0 0.5651666666666666 0.2194259259259259 0.003218749999999915 0.005555555555555556
0 0.5633750000000001 0.2217962962962963 0.003859374999999924 0.0063703703703703665
0 0.5635572916666667 0.22972222222222222 0.0033072916666666194 0.004898148148148167
0 0.5683333333333334 0.23126851851851854 0.003125 0.00506481481481484
0 0.5684270833333334 0.22391666666666668 0.0033072916666666194 0.00506481481481484
0 0.5705416666666667 0.21632407407407406 0.0049635416666667705 0.006212962962962944
0 0.574171875 0.2193425925925926 0.0039531250000000755 0.006694444444444461
0 0.5723802083333334 0.22237037037037036 0.002942708333333381 0.00523148148148146
0 0.5721510416666666 0.228 0.0063437499999999146 0.008333333333333333
0 0.5754114583333333 0.22677777777777777 0.0033072916666666194 0.004249999999999977
0 0.5777083333333334 0.22898148148148148 0.0034947916666666855 0.004740740740740745
0 0.58046875 0.23012962962962963 0.003859374999999924 0.007027777777777754
0 0.5822135416666666 0.22440740740740742 0.006432291666666619 0.00735185185185185
0 0.5806041666666667 0.21844444444444444 0.002848958333333229 0.003592592592592588
0 0.585796875 0.2243240740740741 0.0016562499999999147 0.006861111111111135
0 0.58671875 0.2177962962962963 0.0022031250000000093 0.003268518518518493
0 0.5909895833333334 0.21910185185185185 0.0024791666666667805 0.003268518518518493
0 0.5939322916666666 0.22073148148148147 0.003218749999999915 0.006537037037037039
0 0.5985260416666667 0.2211388888888889 0.0024791666666667805 0.004083333333333356
0 0.5972395833333334 0.22596296296296295 0.0021145833333333047 0.003268518518518493
0 0.5881875 0.23077777777777778 0.0022031250000000093 0.0037592592592592612
0 0.588046875 0.2278425925925926 0.0024791666666667805 0.002777777777777778
0 0.5884166666666667 0.2254722222222222 0.0022968749999999244 0.003592592592592588
0 0.591265625 0.2275925925925926 0.002848958333333229 0.0045740740740740716
0 0.5903489583333333 0.23094444444444442 0.003031250000000085 0.004740740740740745
0 0.5937916666666666 0.2293148148148148 0.0034947916666666855 0.005388888888888882
0 0.5939791666666667 0.22661111111111112 0.004229166666666609 0.004249999999999977
0 0.6507760416666667 0.23148148148148148 0.0018906250000000568 0.003925925925925934
0 0.6524010416666666 0.2353981481481481 0.0028385416666665718 0.005416666666666662