0 0.31995312499999995 0.8254537037037037 0.013916666666666681 0.019037037037036988
0 0.32530729166666666 0.8115 0.015348958333333348 0.010148148148148182
0 0.35421875 0.8314814814814815 0.009635416666666667 0.01586111111111121
0 0.36545833333333333 0.8584444444444445 0.01356249999999998 0.019037037037036988
0 0.34904166666666664 0.8806574074074074 0.01356249999999998 0.02284259259259266
0 0.347078125 0.9028611111111111 0.01463020833333329 0.02284259259259266
0 0.3956145833333334 0.8314814814814815 0.013916666666666681 0.019666666666666676
0 0.41060416666666666 0.9022222222222221 0.013203124999999953 0.015231481481481523
0 0.4211354166666667 0.9041296296296296 0.012135416666666643 0.019037037037036988
0 0.4198854166666666 0.9491759259259258 0.016776041666666686 0.02030555555555551
0 0.49982812499999996 0.9450555555555555 0.01463020833333329 0.019666666666666676
0 0.5426562500000001 0.9701111111111111 0.015348958333333228 0.01776851851851857
0 0.6324166666666666 0.9377592592592592 0.014276041666666591 0.015231481481481523
0 0.6388385416666666 0.9561574074074075 0.017130208333333268 0.02030555555555551
0 0.6010104166666667 0.8359259259259259 0.014276041666666591 0.02093518518518509
0 0.5610364583333334 0.8054722222222221 0.015703125000000047 0.024740740740740765
0 0.3858020833333333 0.7274259259259259 0.008567708333333358 0.013324074074074167
0 0.401328125 0.7252037037037037 0.010348958333333276 0.01776851851851857
0 0.4634270833333333 0.7750185185185186 0.013916666666666681 0.018398148148148045
0 0.3426197916666667 0.6424074074074073 0.005708333333333353 0.010787037037037121
0 0.34136979166666664 0.6557314814814815 0.007494791666666719 0.013324074074074167
0 0.3531458333333333 0.6516111111111111 0.008921875000000056 0.015231481481481523
0 0.364390625 0.6690555555555556 0.010708333333333304 0.018398148148148045
0 0.36778125 0.6611296296296296 0.011062500000000005 0.016499999999999942
0 0.475203125 0.6747685185185185 0.01463020833333329 0.009518518518518494
0 0.47823958333333333 0.5891111111111111 0.007854166666666629 0.012055555555555538
0 0.48555208333333333 0.6081481481481481 0.011776041666666615 0.01712962962962963
0 0.504828125 0.567861111111111 0.00678124999999999 0.012685185185185228
0 0.5255260416666666 0.5202685185185185 0.009635416666666667 0.01776851851851857
0 0.47698958333333336 0.5224907407407408 0.008921875000000056 0.013324074074074167
0 0.48019791666666667 0.5091666666666667 0.010348958333333276 0.01712962962962963
0 0.34921875 0.5231296296296296 0.006067708333333381 0.01712962962962963
0 0.36688541666666663 0.5136111111111111 0.009994791666666695 0.01712962962962963
0 0.4094947916666667 0.43314814814814817 0.004010416666666691 0.010305555555555552
0 0.4221979166666667 0.43909259259259265 0.005348958333333324 0.009509259259259242
0 0.4193020833333333 0.42324074074074075 0.006239583333333343 0.011092592592592609
0 0.44114583333333335 0.4311666666666667 0.00713541666666669 0.008722222222222185
0 0.4500625 0.42918518518518517 0.008026041666666709 0.008722222222222185
0 0.4743645833333333 0.4727777777777778 0.003567708333333286 0.012685185185185228
0 0.46544791666666663 0.42185185185185187 0.004010416666666691 0.009111111111111141
0 0.46990625 0.4266111111111111 0.004906250000000038 0.013870370370370387
0 0.47536458333333337 0.4062037037037037 0.004682291666666671 0.011888888888888918
0 0.194046875 0.3758796296296296 0.005125000000000017 0.005944444444444407
0 0.19739062500000001 0.37627777777777777 0.006020833333333305 0.009111111111111141
0 0.194828125 0.3348703703703704 0.006687500000000016 0.007925925925925876
0 0.21633854166666666 0.3243611111111111 0.006911458333333324 0.007527777777777774
0 0.22246875 0.3243611111111111 0.007578124999999976 0.006740740740740716
0 0.21879166666666666 0.3725185185185185 0.006020833333333305 0.011092592592592609
0 0.230828125 0.3766759259259259 0.0064635416666666504 0.008324074074074083
0 0.23561979166666666 0.35903703703703704 0.003567708333333345 0.0071296296296296715
0 0.23595312499999999 0.3324907407407407 0.002895833333333305 0.006342592592592614
0 0.23873958333333334 0.34378703703703706 0.00713541666666669 0.010703703703703653
0 0.25066666666666665 0.3483425925925926 0.004682291666666671 0.007925925925925876
0 0.26359895833333336 0.3453703703703704 0.00557291666666669 0.007527777777777774
0 0.26515625000000004 0.3423981481481482 0.006020833333333305 0.005546296296296304
0 0.25702083333333337 0.32971296296296293 0.005348958333333324 0.006342592592592614
0 0.253453125 0.32614814814814813 0.004458333333333305 0.008722222222222185
0 0.25010937499999997 0.32475925925925925 0.004458333333333305 0.008324074074074083
0 0.24531770833333333 0.3223796296296296 0.006020833333333305 0.005944444444444407
0 0.26548958333333333 0.3229814814814815 0.004010416666666691 0.005546296296296304
0 0.2580260416666667 0.3231759259259259 0.004682291666666671 0.005148148148148098
0 0.2698385416666667 0.3273333333333333 0.004234375000000057 0.0071296296296296715
0 0.27418750000000003 0.32535185185185184 0.005348958333333324 0.007925925925925876
0 0.26527083333333334 0.3089074074074074 0.005796874999999997 0.005944444444444407
0 0.28165104166666666 0.3148518518518519 0.005124999999999958 0.006740740740740716
0 0.27596875 0.319212962962963 0.005796875000000057 0.007527777777777774
0 0.28644270833333335 0.3196111111111111 0.006687499999999957 0.008324074074074083
0 0.2832135416666667 0.3301111111111111 0.005124999999999958 0.007925925925925876
0 0.27842187500000004 0.3326851851851852 0.005348958333333324 0.007527777777777774
0 0.28165104166666666 0.3453703703703704 0.00557291666666669 0.008324074074074083
0 0.288671875 0.3416018518518519 0.00713541666666669 0.011888888888888918
0 0.2958072916666667 0.3083148148148148 0.005348958333333324 0.008722222222222185
0 0.30059895833333333 0.30574074074074076 0.006911458333333324 0.00990740740740745
0 0.30895833333333333 0.3089074074074074 0.005796875000000057 0.008324074074074083
0 0.318765625 0.30137962962962966 0.005796875000000057 0.008324074074074083
0 0.311859375 0.3178240740740741 0.008468749999999995 0.008722222222222185
0 0.31497916666666664 0.32535185185185184 0.006239583333333343 0.011092592592592609
0 0.30572916666666666 0.3356574074074074 0.00557291666666669 0.009509259259259242
0 0.31375 0.33744444444444444 0.006020833333333305 0.013074074074074078
0 0.317765625 0.3370462962962963 0.005124999999999958 0.011490740740740711
0 0.3107447916666667 0.3534907407407407 0.005348958333333324 0.0071296296296296715
0 0.30171354166666664 0.3637962962962963 0.006020833333333305 0.009509259259259242
0 0.30271875000000004 0.3836111111111111 0.006239583333333343 0.0071296296296296715
0 0.29959895833333333 0.38757407407407407 0.005796875000000057 0.0071296296296296715
0 0.30706249999999996 0.39371296296296293 0.0037916666666666524 0.009111111111111141
0 0.31754166666666667 0.39569444444444446 0.00735416666666661 0.008324074074074083
0 0.308734375 0.36914814814814817 0.005796875000000057 0.005944444444444407
0 0.3109635416666666 0.3729074074074074 0.006687499999999957 0.0071296296296296715
0 0.31330729166666665 0.36934259259259256 0.006020833333333305 0.007925925925925876
0 0.32556770833333337 0.36419444444444443 0.006911458333333324 0.007925925925925876
0 0.32556770833333337 0.33843518518518517 0.0037916666666666524 0.005546296296296304
0 0.323671875 0.3441759259259259 0.004458333333333305 0.013074074074074078
0 0.32946875000000003 0.34437962962962965 0.0031197916666666713 0.007925925925925876
0 0.336265625 0.3340740740740741 0.005124999999999958 0.007925925925925876
0 0.33927604166666664 0.33664814814814814 0.003567708333333286 0.006740740740740716
0 0.347078125 0.3388333333333333 0.004906250000000038 0.005546296296296304
0 0.34518229166666664 0.34437962962962965 0.0037916666666666524 0.006342592592592614
0 0.350421875 0.34120370370370373 0.004010416666666691 0.006342592592592614
0 0.34908333333333336 0.34853703703703703 0.004458333333333305 0.006740740740740716
0 0.35387500000000005 0.3489351851851852 0.003343750000000038 0.005944444444444407
0 0.35120312499999995 0.3677592592592593 0.004234375000000057 0.011092592592592609
0 0.356328125 0.36438888888888893 0.00557291666666669 0.008324074074074083
0 0.35700000000000004 0.3748888888888889 0.005124999999999958 0.009509259259259242
0 0.36290625 0.35983333333333334 0.00713541666666669 0.009509259259259242
0 0.34897395833333333 0.3251574074074074 0.004682291666666671 0.008324074074074083
0 0.36022916666666666 0.3251574074074074 0.004010416666666691 0.006740740740740716
0 0.35965624999999996 0.3324537037037037 0.002994791666666667 0.005324074074074074
0 0.361859375 0.3322962962962963 0.002817708333333376 0.006268518518518501
0 0.36273958333333334 0.33731481481481485 0.004229166666666609 0.008138888888888855
0 0.36001041666666667 0.3426388888888889 0.005463541666666671 0.010018518518518565
0 0.3790364583333333 0.37567592592592597 0.0033489583333333665 0.009083333333333284
0 0.372078125 0.3857037037037037 0.005286458333333381 0.007833333333333367
0 0.369875 0.3435740740740741 0.004052083333333319 0.005638888888888918
0 0.3709322916666667 0.34075925925925926 0.004052083333333319 0.005638888888888918
0 0.37084374999999997 0.31946296296296295 0.005286458333333381 0.008768518518518544
0 0.37454166666666666 0.3329259259259259 0.0031718749999999573 0.0075185185185185225
0 0.38088541666666664 0.33449074074074076 0.004229166666666609 0.006888888888888939
0 0.377890625 0.3429537037037037 0.005286458333333381 0.008768518518518544
0 0.376390625 0.35234259259259254 0.005463541666666671 0.010018518518518565
0 0.3881979166666667 0.3562592592592593 0.006869791666666695 0.007203703703703678
0 0.38687499999999997 0.36268518518518517 0.007401041666666686 0.008768518518518544
0 0.39225 0.3484259259259259 0.00475520833333339 0.004074074074074053
0 0.383265625 0.3268240740740741 0.004406250000000019 0.006574074074074095
0 0.3876666666666667 0.32666666666666666 0.005109374999999972 0.009398148148148128
0 0.38335416666666666 0.3171111111111111 0.0031718749999999573 0.0034444444444444696
0 0.38564062499999996 0.3215 0.004229166666666609 0.005953703703703657
0 0.3925989583333333 0.321962962962963 0.004406250000000019 0.004388888888888897
0 0.39735937499999996 0.32587962962962963 0.002994791666666667 0.005953703703703657
0 0.39639062500000005 0.3366851851851852 0.0035260416666666574 0.00500925925925923
0 0.3971822916666667 0.34420370370370373 0.0058125000000000425 0.008768518518518544
0 0.4032604166666667 0.3305740740740741 0.004932291666666681 0.007203703703703678
0 0.40678125 0.30927777777777776 0.005286458333333381 0.006574074074074095
0 0.40871875 0.31930555555555556 0.0031718749999999573 0.006574074074074095
0 0.4090729166666666 0.3249444444444444 0.005286458333333381 0.007833333333333367
0 0.41030729166666663 0.33699999999999997 0.0038750000000000286 0.006888888888888939
0 0.4210520833333333 0.3385648148148148 0.004932291666666681 0.009398148148148128
0 0.42598437499999997 0.3665925925925926 0.005635416666666633 0.0084537037037037
0 0.42034895833333336 0.3208703703703704 0.0035260416666666574 0.004694444444444491
0 0.4217552083333333 0.32384259259259257 0.005286458333333381 0.006268518518518501
0 0.4229010416666667 0.3091203703703704 0.00475520833333339 0.012527777777777752
0 0.4241354166666667 0.32995370370370375 0.004406250000000019 0.007833333333333367
0 0.4297708333333333 0.3244722222222222 0.004406250000000019 0.008138888888888855
0 0.43065625 0.33575 0.005463541666666671 0.008138888888888855
0 0.437875 0.34028703703703705 0.004406250000000019 0.006574074074074095
0 0.43822916666666667 0.33120370370370367 0.002291666666666714 0.007833333333333367
0 0.44095833333333334 0.32619444444444445 0.0031718749999999573 0.009712962962962972
0 0.43303125 0.3085 0.0031718749999999573 0.008138888888888855
0 0.434 0.31460185185185185 0.0033489583333333665 0.005324074074074074
0 0.4379635416666667 0.30709259259259264 0.0035260416666666574 0.006574074074074095
0 0.438140625 0.313037037037037 0.004578124999999981 0.007833333333333367
0 0.43822916666666667 0.3208703703703704 0.006166666666666624 0.009712962962962972
0 0.44157812500000004 0.31115740740740744 0.0033489583333333665 0.006574074074074095
0 0.4488020833333334 0.31774074074074077 0.005463541666666671 0.009712962962962972
0 0.44475 0.32102777777777775 0.002291666666666714 0.006888888888888939
0 0.4482708333333333 0.3254074074074074 0.00475520833333339 0.0075185185185185225
0 0.4560208333333333 0.31930555555555556 0.004052083333333319 0.004694444444444491
0 0.45584895833333333 0.324 0.00475520833333339 0.006574074074074095
0 0.45558333333333334 0.32791666666666663 0.005635416666666633 0.006888888888888939
0 0.45276562499999995 0.3332407407407407 0.004932291666666681 0.008138888888888855
0 0.459546875 0.3352777777777778 0.002640624999999967 0.006574074074074095
0 0.46078125000000003 0.34764814814814815 0.0033489583333333665 0.006888888888888939
0 0.459015625 0.3424814814814815 0.002640624999999967 0.006574074074074095
0 0.46139583333333334 0.33997222222222223 0.002817708333333376 0.006574074074074095
0 0.463421875 0.34576851851851853 0.0036979166666666194 0.006268518518518501
0 0.4671197916666667 0.34874074074074074 0.006520833333333324 0.006574074074074095
0 0.47196875 0.34028703703703705 0.0038750000000000286 0.006574074074074095
0 0.465890625 0.33684259259259264 0.005109374999999972 0.007833333333333367
0 0.4684427083333333 0.3313611111111111 0.004229166666666609 0.006268518518518501
0 0.46518229166666664 0.32635185185185184 0.002640624999999967 0.008138888888888855
0 0.46289583333333334 0.32635185185185184 0.002640624999999967 0.008138888888888855
0 0.4495052083333333 0.2972222222222222 0.0019375000000000143 0.005638888888888918
0 0.45373437499999997 0.29737962962962966 0.002994791666666667 0.004694444444444491
0 0.46650520833333337 0.29409259259259257 0.004229166666666609 0.006888888888888939
0 0.4756666666666666 0.2939351851851852 0.006343750000000033 0.005953703703703657
0 0.47425520833333334 0.3081851851851852 0.0021145833333333047 0.004388888888888897
0 0.4693229166666667 0.31178703703703703 0.0017604166666667235 0.0034444444444444696
0 0.4717291666666667 0.31563888888888886 0.002640624999999967 0.0037129629629629544
0 0.47250000000000003 0.3191574074074074 0.0028593750000000047 0.005675925925925922
0 0.471234375 0.32443518518518516 0.0023125000000000285 0.005675925925925922
0 0.474203125 0.324537037037037 0.0020885416666666617 0.004305555555555535
0 0.4721666666666666 0.3296203703703704 0.002640624999999967 0.0058703703703704
0 0.4745885416666667 0.3308888888888889 0.001979166666666643 0.006064814814814773
0 0.47805729166666666 0.33675925925925926 0.0016510416666667045 0.00527777777777782
0 0.48064062500000004 0.3363703703703703 0.0022031250000000093 0.005675925925925922
0 0.4844947916666667 0.34791666666666665 0.0024218750000000473 0.004888888888888864
0 0.48911458333333335 0.34468518518518515 0.0024218750000000473 0.006648148148148102
0 0.49659895833333334 0.34361111111111114 0.001979166666666643 0.00527777777777782
0 0.5057291666666667 0.34253703703703703 0.003083333333333371 0.004694444444444491
0 0.507546875 0.36121296296296296 0.0036302083333333477 0.004500000000000013
0 0.47920833333333335 0.3178888888888889 0.004182291666666653 0.006648148148148102
0 0.4828958333333333 0.32091666666666663 0.0034114583333333098 0.00527777777777782
0 0.48702083333333335 0.3265925925925926 0.0035208333333333285 0.005675925925925922
0 0.48179687499999996 0.32766666666666666 0.0031927083333333902 0.006648148148148102
0 0.484328125 0.3334351851851852 0.0012083333333333002 0.00527777777777782
0 0.4863645833333334 0.3320648148148148 0.0022031250000000093 0.007240740740740787
0 0.4830052083333333 0.3112314814814815 0.0020885416666666617 0.003916666666666684
0 0.4853177083333333 0.3136759259259259 0.0016510416666667045 0.006453703703703729
0 0.4888385416666667 0.3082962962962963 0.004291666666666671 0.007824074074074117
0 0.5000052083333333 0.3076111111111111 0.003963541666666614 0.005675925925925922
0 0.4967083333333333 0.30917592592592597 0.0024218750000000473 0.00527777777777782
0 0.4937916666666667 0.31837037037037036 0.002968750000000024 0.00684259259259258
0 0.4967083333333333 0.32091666666666663 0.003083333333333371 0.007629629629629638
0 0.501 0.3186666666666667 0.0037395833333333664 0.0058703703703704
0 0.4948385416666667 0.3248333333333333 0.002640624999999967 0.0029351851851851475
0 0.494671875 0.3290370370370371 0.002531249999999948 0.0058703703703704
0 0.4931875 0.3342222222222222 0.0035208333333333285 0.004111111111111162
0 0.4940104166666667 0.33891666666666664 0.002531249999999948 0.004888888888888864
0 0.48080729166666664 0.34097222222222223 0.002749999999999986 0.005083333333333342
0 0.5071614583333334 0.3127962962962963 0.003083333333333371 0.006259259259259251
0 0.5132656250000001 0.31328703703703703 0.0031927083333333902 0.004500000000000013
0 0.5071614583333334 0.3186666666666667 0.004182291666666653 0.004305555555555535
0 0.5056197916666666 0.3243425925925926 0.00440104166666669 0.006259259259259251
0 0.5148645833333333 0.32414814814814813 0.005723958333333338 0.0058703703703704
0 0.5206927083333334 0.3334351851851852 0.0048437499999999765 0.007240740740740787
0 0.5210781250000001 0.31084259259259256 0.004729166666666629 0.0058703703703704
0 0.5237760416666667 0.30927777777777776 0.00440104166666669 0.00743518518518516
0 0.5283958333333333 0.31925000000000003 0.0033020833333332906 0.007046296296296309
0 0.5328541666666667 0.3214074074074074 0.0034114583333333098 0.008212962962962967
0 0.5359895833333332 0.3232685185185185 0.003739583333333248 0.009583333333333355
0 0.530875 0.30771296296296297 0.004291666666666671 0.0058703703703704
0 0.533625 0.30898148148148147 0.0029687499999999645 0.00527777777777782
0 0.5332916666666666 0.3033148148148148 0.004510416666666709 0.006064814814814773
0 0.5408333333333334 0.3082962962962963 0.0022031250000000093 0.0058703703703704
0 0.545453125 0.30957407407407406 0.003520833333333447 0.008407407407407445
0 0.5384635416666667 0.318962962962963 0.0038489583333332672 0.004888888888888864
0 0.5367604166666666 0.3115277777777778 0.0048437500000000945 0.00684259259259258
0 0.5494166666666668 0.3221851851851852 0.0015416666666666855 0.005083333333333342
0 0.5484218750000001 0.31935185185185183 0.003302083333333409 0.006453703703703729
0 0.5466614583333332 0.3266851851851852 0.003739583333333248 0.005481481481481444
0 0.5425364583333334 0.3266851851851852 0.0018697916666667424 0.007046296296296309
0 0.543859375 0.33431481481481484 0.004510416666666591 0.005083333333333342
0 0.55178125 0.3375462962962963 0.0036302083333332293 0.007240740740740787
0 0.5525520833333334 0.32404629629629633 0.0038489583333332672 0.005675925925925922
0 0.5563489583333333 0.32012962962962965 0.002640625000000085 0.00684259259259258
0 0.5572812500000001 0.3133888888888889 0.004729166666666629 0.006259259259259251
0 0.56003125 0.3205277777777778 0.002968749999999905 0.00684259259259258
0 0.558109375 0.3251203703703704 0.003083333333333371 0.005481481481481444
0 0.5575572916666667 0.32923148148148146 0.003083333333333371 0.003916666666666684
0 0.5629479166666667 0.3319722222222222 0.004401041666666572 0.0058703703703704
0 0.5679010416666667 0.33382407407407405 0.003083333333333371 0.006064814814814773
0 0.565921875 0.3405740740740741 0.002640625000000085 0.006648148148148102
0 0.5612447916666666 0.34175 0.006270833333333314 0.009777777777777727
0 0.5785729166666667 0.36854629629629626 0.0048437500000000945 0.007824074074074117
0 0.5644895833333333 0.3176851851851852 0.00461979166666661 0.0058703703703704
0 0.5651510416666666 0.32316666666666666 0.003083333333333371 0.007046296296296309
0 0.5694427083333333 0.3236574074074074 0.00461979166666661 0.007629629629629638
0 0.5726302083333333 0.3152407407407407 0.00461979166666661 0.004500000000000013
0 0.5732395833333332 0.3063425925925926 0.004291666666666553 0.0058703703703704
0 0.57521875 0.3186666666666667 0.005390624999999953 0.00743518518518516
0 0.5811614583333333 0.3162222222222222 0.004510416666666591 0.006453703703703729
0 0.5846822916666666 0.3139722222222222 0.004729166666666629 0.006259259259259251
0 0.5834166666666667 0.3034074074074074 0.00572395833333322 0.006648148148148102
0 0.5909531250000001 0.3073240740740741 0.0031927083333333902 0.005083333333333342
0 0.5960156249999999 0.30888888888888894 0.003411458333333428 0.005083333333333342
0 0.5846822916666666 0.330212962962963 0.004291666666666553 0.00861111111111107
0 0.5929895833333333 0.3275648148148148 0.005062499999999896 0.008018518518518489
0 0.5990416666666667 0.3163240740740741 0.00461979166666661 0.007046296296296309
0 0.5992604166666666 0.32072222222222224 0.004182291666666771 0.007240740740740787
0 0.6039375 0.31935185185185183 0.004291666666666553 0.005675925925925922
0 0.6079010416666667 0.317 0.004291666666666553 0.004500000000000013
0 0.6129583333333334 0.3127962962962963 0.0067135416666666 0.009000000000000025
0 0.6168125 0.3172962962962963 0.005390624999999953 0.00861111111111107
0 0.6428333333333334 0.32258333333333333 0.00461979166666661 0.0058703703703704
0 0.6746354166666666 0.33675925925925926 0.003739583333333248 0.004888888888888864
0 0.660109375 0.39837962962962964 0.005281249999999934 0.009194444444444397
0 0.6645677083333333 0.3955462962962963 0.0067135416666666 0.007824074074074117
0 0.7028072916666667 0.3809722222222222 0.006161458333333296 0.009194444444444397
0 0.7134791666666668 0.3900648148148148 0.0048437500000000945 0.005083333333333342
0 0.7114427083333333 0.3931944444444444 0.0060520833333332765 0.00861111111111107
0 0.7050052083333332 0.3725648148148148 0.005942708333333257 0.007240740740740787
0 0.7266302083333334 0.38449074074074074 0.0038489583333332672 0.009194444444444397
0 0.7161197916666667 0.3443888888888889 0.004182291666666771 0.007629629629629638
0 0.7278385416666667 0.3631666666666667 0.0031927083333333902 0.007240740740740787
0 0.7335052083333333 0.36238888888888887 0.005062499999999896 0.008018518518518489
0 0.7241510416666667 0.32775925925925925 0.005062499999999896 0.007240740740740787
0 0.7403854166666667 0.35094444444444445 0.005171874999999914 0.006648148148148102
0 0.7543593749999999 0.320037037037037 0.0038489583333332672 0.007046296296296309
0 0.7602447916666667 0.3215 0.005499999999999972 0.007629629629629638
0 0.7006041666666667 0.3066388888888889 0.003302083333333409 0.008018518518518489
0 0.7050052083333332 0.30604629629629626 0.003083333333333371 0.007629629629629638
0 0.7066041666666667 0.30321296296296296 0.0040729166666667515 0.006648148148148102
0 0.7083072916666667 0.3004722222222222 0.005062499999999896 0.008212962962962967
0 0.691359375 0.3025277777777778 0.003739583333333248 0.005675925925925922
0 0.69334375 0.30624074074074076 0.004182291666666771 0.007240740740740787
0 0.6719427083333334 0.3057592592592593 0.0040729166666667515 0.007046296296296309
0 0.6961510416666666 0.2554814814814815 0.003411458333333428 0.006259259259259251
0 0.6993385416666666 0.24912037037037038 0.002968749999999905 0.006064814814814773
0 0.7018697916666666 0.25577777777777777 0.0038489583333332672 0.006064814814814773
0 0.7067135416666667 0.25558333333333333 0.0031927083333333902 0.004888888888888864
0 0.7121041666666666 0.25792592592592595 0.0031927083333333902 0.004888888888888864
0 0.7204114583333333 0.25910185185185186 0.005281249999999934 0.007240740740740787
0 0.9111979166666667 0.9706296296296296 0.01691145833333323 0.024425925925926028
0 0.8310364583333333 0.9393055555555556 0.015854166666666693 0.02192592592592588
0 0.7889322916666667 0.9126851851851853 0.016208333333333276 0.02630555555555563
0 0.7575677083333333 0.8948333333333333 0.014093749999999971 0.018166666666666567
0 0.758625 0.8625740740740742 0.014093749999999971 0.017537037037037087
0 0.777125 0.8635092592592593 0.013036458333333438 0.020675925925925858
0 0.7936875000000001 0.8691481481481481 0.01726562500000005 0.024425925925926028
0 0.8842552083333334 0.5528148148148148 0.009848958333333258 0.01864814814814824
0 0.9681562499999999 0.5485833333333333 0.004765625000000048 0.012425925925925993
0 0.9848385416666667 0.5723055555555556 0.008895833333333296 0.0169444444444444
0 0.9984583333333333 0.5146851851851852 0.003083333333333371 0.00903703703703703
0 0.95703125 0.5047962962962963 0.004130208333333248 0.012990740740740716
0 0.9614791666666667 0.5135555555555555 0.00540104166666661 0.014685185185185093
0 0.799625 0.42327777777777775 0.006552083333333295 0.009527777777777744
0 0.8355520833333333 0.39275 0.007343749999999953 0.009879629629629592
0 0.8815052083333333 0.41550925925925924 0.006354166666666572 0.010231481481481439
0 0.8821979166666666 0.40475 0.006947916666666743 0.009175925925925896
0 0.8855729166666666 0.4135648148148148 0.004166666666666667 0.007759259259259255