0 0.18997916666666667 0.9367777777777778 0.011515625000000007 0.02408333333333343
0 0.2986875 0.9536296296296297 0.010838541666666639 0.016861111111111146
0 0.3335677083333334 0.9060648148148148 0.01693229166666666 0.018064814814814808
0 0.09177083333333333 0.5881944444444445 0.011515625000000007 0.015657407407407484
0 0.10294791666666667 0.5960185185185186 0.008125000000000012 0.016861111111111146
0 0.108703125 0.568324074074074 0.011515625000000007 0.01444444444444436
0 0.148328125 0.5201574074074073 0.008125000000000012 0.009629629629629714
0 0.14866666666666667 0.5123333333333334 0.00880729166666665 0.013240740740740699
0 0.21980729166666665 0.6355277777777778 0.007822916666666657 0.012518518518518502
0 0.23154166666666667 0.7182685185185186 0.006260416666666657 0.011129629629629613
0 0.24777604166666667 0.647 0.007432291666666657 0.011824074074074058
0 0.2933385416666667 0.6866296296296296 0.006260416666666657 0.014601851851851835
0 0.2802395833333333 0.7071481481481482 0.007432291666666657 0.013907407407407391
0 0.30038020833333334 0.7540833333333333 0.005473958333333329 0.020166666666666642
0 0.30800520833333334 0.7464351851851851 0.005864583333333328 0.00903703703703703
0 0.30859375 0.7658981481481482 0.006260416666666657 0.014601851851851835
0 0.313484375 0.7704166666666666 0.008213541666666657 0.016685185185185167
0 0.2579427083333333 0.5861574074074074 0.008213541666666657 0.013907407407407391
0 0.2769114583333333 0.5889444444444444 0.013296874999999986 0.016685185185185167
0 0.2978385416666667 0.5555648148148148 0.013687499999999986 0.01529629629629628
0 0.30800520833333334 0.5510462962962963 0.007432291666666657 0.014601851851851835
0 0.31445833333333334 0.532962962962963 0.005473958333333329 0.010425925925925918
0 0.3285416666666666 0.55 0.009385416666666656 0.009731481481481473
0 0.3240416666666667 0.5652962962962963 0.008213541666666657 0.009731481481481473
0 0.33753645833333334 0.5614722222222223 0.007041666666666657 0.011824074074074058
0 0.334015625 0.6059722222222222 0.007041666666666657 0.013212962962962945
0 0.33128124999999997 0.6132777777777778 0.009385416666666656 0.01529629629629628
0 0.37528124999999996 0.6212777777777778 0.005083333333333329 0.011824074074074058
0 0.461328125 0.6449166666666667 0.0066510416666666575 0.017379629629629613
0 0.38368749999999996 0.5659907407407407 0.007822916666666657 0.011129629629629613
0 0.41771874999999997 0.578861111111111 0.009385416666666656 0.00903703703703703
0 0.4364895833333333 0.5917222222222221 0.005473958333333329 0.0069537037037036955
0 0.43179687499999997 0.5979814814814816 0.007041666666666657 0.011129629629629613
0 0.448421875 0.6000648148148149 0.007432291666666657 0.008342592592592584
0 0.43433854166666663 0.5569537037037037 0.008994791666666658 0.011129629629629613
0 0.45976041666666667 0.559037037037037 0.007432291666666657 0.012518518518518502
0 0.4609375 0.5833796296296296 0.005864583333333328 0.0069537037037036955
0 0.47534375 0.5634537037037036 0.005286458333333381 0.00892592592592602
0 0.4847239583333333 0.5686203703703704 0.0034374999999999527 0.005166666666666599
0 0.48670833333333335 0.5662685185185186 0.005286458333333381 0.007981481481481381
0 0.49106770833333335 0.5740185185185186 0.008192708333333344 0.009398148148148232
0 0.4827447916666667 0.5766018518518519 0.0031718749999999573 0.007981481481481381
0 0.4926510416666667 0.5448981481481482 0.005546875000000047 0.01314814814814819
0 0.49912500000000004 0.5373796296296296 0.00845312500000001 0.00657407407407399
0 0.371765625 0.523287037037037 0.005286458333333381 0.0075185185185184175
0 0.3725625 0.5293888888888889 0.009510416666666662 0.0075185185185184175
0 0.37757812500000004 0.5052037037037037 0.006869791666666695 0.007046296296296203
0 0.3861666666666667 0.5113055555555556 0.005020833333333386 0.00892592592592602
0 0.4078333333333333 0.5007407407407407 0.0060781250000000375 0.008453703703703805
0 0.44852604166666665 0.5052037037037037 0.0029062499999999622 0.007046296296296203
0 0.4737604166666667 0.51225 0.0036979166666666194 0.003287037037036995
0 0.474421875 0.5188240740740742 0.005020833333333386 0.00892592592592602
0 0.45764062499999997 0.47278703703703706 0.0058125000000000425 0.005166666666666652
0 0.459625 0.4793703703703704 0.0060781250000000375 0.00892592592592602
0 0.46411458333333333 0.4638611111111111 0.0060781250000000375 0.00986111111111109
0 0.4819479166666667 0.46574074074074073 0.007395833333333357 0.007981481481481485
0 0.4882916666666667 0.46691666666666665 0.007395833333333357 0.012212962962963014
0 0.34151562500000004 0.454 0.0060781250000000375 0.008925925925925914
0 0.35023437500000004 0.4500092592592593 0.005020833333333386 0.0084537037037037
0 0.3681979166666667 0.4368518518518519 0.005020833333333386 0.006574074074074095
0 0.37890104166666666 0.49533333333333335 0.0058125000000000425 0.007046296296296203
0 0.39092187500000003 0.4598703703703704 0.009249999999999996 0.009398148148148128
0 0.4119322916666667 0.4687962962962963 0.005286458333333381 0.006574074074074095
0 0.41787500000000005 0.47795370370370377 0.003963541666666614 0.007046296296296203
0 0.4247447916666667 0.4796018518518519 0.0060781250000000375 0.008453703703703805
0 0.43597395833333336 0.4803055555555556 0.0058125000000000425 0.00892592592592602
0 0.38365625 0.4159537037037037 0.006869791666666695 0.008925925925925914
0 0.38894270833333333 0.4128981481481482 0.007395833333333357 0.010333333333333304
0 0.40902083333333333 0.38237037037037036 0.005286458333333381 0.011277777777777732
0 0.413515625 0.37578703703703703 0.004229166666666609 0.0075185185185185225
0 0.42501041666666667 0.3767314814814815 0.005546875000000047 0.0084537037037037
0 0.41814062500000004 0.37696296296296294 0.005020833333333386 0.007981481481481485
0 0.4320104166666667 0.3746111111111111 0.0036979166666666194 0.007981481481481485
0 0.41787500000000005 0.39739814814814817 0.005020833333333386 0.006574074074074095
0 0.4158958333333333 0.40820370370370374 0.005286458333333381 0.0084537037037037
0 0.4252708333333333 0.4110185185185185 0.003963541666666614 0.006574074074074095
0 0.42778125 0.40702777777777777 0.005286458333333381 0.006111111111111132
0 0.4346510416666666 0.4173611111111111 0.0036979166666666194 0.007981481481481485
0 0.442578125 0.426287037037037 0.006869791666666695 0.010805555555555518
0 0.45697916666666666 0.42980555555555555 0.0034374999999999527 0.0028148148148147813
0 0.4589635416666667 0.4366203703703704 0.0036979166666666194 0.006111111111111132
0 0.45328124999999997 0.45494444444444443 0.005020833333333386 0.004231481481481528
0 0.4536770833333333 0.4593981481481481 0.0058125000000000425 0.0075185185185185225
0 0.44508854166666667 0.45775925925925925 0.005546875000000047 0.007046296296296309
0 0.4342552083333333 0.45423148148148146 0.005546875000000047 0.0075185185185185225
0 0.44759895833333335 0.3943425925925926 0.005286458333333381 0.007046296296296309
0 0.4592291666666667 0.3985740740740741 0.004229166666666609 0.007046296296296309
0 0.4770625 0.40209259259259256 0.0060781250000000375 0.0075185185185185225
0 0.48076041666666663 0.3999814814814815 0.0060781250000000375 0.007981481481481485
0 0.46847395833333333 0.36733333333333335 0.004229166666666609 0.006574074074074095
0 0.47191145833333337 0.3652222222222222 0.0036979166666666194 0.007046296296296309
0 0.4691354166666667 0.35606481481481483 0.0060781250000000375 0.0075185185185185225
0 0.476796875 0.3579351851851852 0.005020833333333386 0.0037592592592592088
0 0.477984375 0.36263888888888884 0.004229166666666609 0.005638888888888918
0 0.4844583333333333 0.37649074074074074 0.003963541666666614 0.007046296296296309
0 0.481421875 0.38119444444444445 0.004229166666666609 0.007046296296296309
0 0.49040625000000004 0.3877685185185185 0.005286458333333381 0.008925925925925914
0 0.48670833333333335 0.36239814814814814 0.0031718749999999573 0.003287037037036995
0 0.49353645833333337 0.3718796296296296 0.003463541666666714 0.007333333333333295
0 0.504265625 0.37246296296296294 0.003463541666666714 0.004990740740740728
0 0.5038541666666666 0.3793611111111111 0.0033020833333332906 0.006453703703703729
0 0.5135052083333334 0.3852314814814815 0.0024739583333333332 0.004694444444444491
0 0.5068229166666667 0.41837962962962966 0.004291666666666671 0.0058703703703704
0 0.5288541666666666 0.4106111111111111 0.004458333333333305 0.006157407407407387
0 0.5223385416666667 0.41500925925925924 0.00461979166666661 0.006749999999999966
0 0.5314947916666667 0.4255740740740741 0.0041250000000000375 0.007925925925925876
0 0.5387604166666667 0.42483333333333334 0.0061041666666665625 0.007037037037037058
0 0.555015625 0.4204351851851852 0.004953125000000114 0.008805555555555547
0 0.5390052083333334 0.3871388888888889 0.004291666666666553 0.004990740740740728
0 0.5370260416666667 0.37041666666666667 0.00461979166666661 0.007925925925925876
0 0.4934583333333334 0.3491388888888889 0.004291666666666671 0.007629629629629638
0 0.49840625000000005 0.34928703703703706 0.0036302083333333477 0.006749999999999966
0 0.5120208333333334 0.3598518518518518 0.0061041666666666805 0.007925925925925876
0 0.47422916666666665 0.3277222222222222 0.0037968749999999813 0.004694444444444491
0 0.47365104166666666 0.3240555555555556 0.002968750000000024 0.005574074074074057
0 0.47678645833333333 0.3234722222222222 0.0023125000000000285 0.003814814814814819
0 0.48008854166666665 0.322 0.0036302083333333477 0.005574074074074057
0 0.4885885416666667 0.3246388888888889 0.0024739583333333332 0.004398148148148148
0 0.4903177083333333 0.32053703703703706 0.00461979166666661 0.005574074074074057
0 0.4984895833333333 0.319212962962963 0.003135416666666657 0.006453703703703729
0 0.5287760416666667 0.3467962962962963 0.004291666666666671 0.0058703703703704
0 0.54503125 0.3508981481481482 0.003463541666666714 0.00527777777777782
0 0.5295989583333334 0.3277222222222222 0.0036302083333333477 0.0058703703703704
0 0.5495677083333333 0.33138888888888884 0.0036302083333332293 0.005574074074074057
0 0.543296875 0.32933333333333337 0.00461979166666661 0.006749999999999966
0 0.543625 0.3211203703703704 0.004291666666666553 0.00850925925925931
0 0.54271875 0.3136388888888889 0.0041250000000000375 0.00527777777777782
0 0.5446145833333333 0.30512962962962964 0.002968749999999905 0.0058703703703704
0 0.5493229166666667 0.3020555555555556 0.0037968749999999813 0.005574074074074057
0 0.5500624999999999 0.32728703703703704 0.00461979166666661 0.007333333333333295
0 0.555015625 0.3297777777777778 0.003958333333333286 0.0058703703703704
0 0.5619479166666667 0.33946296296296297 0.003958333333333286 0.008212962962962967
0 0.58703125 0.37363888888888885 0.002968749999999905 0.004990740740740728
0 0.6112083333333334 0.40488888888888885 0.0041250000000000375 0.004111111111111162
0 0.6277968749999999 0.41149074074074077 0.0036302083333332293 0.007333333333333295
0 0.6349739583333334 0.41559259259259257 0.005776041666666743 0.006749999999999966
0 0.6206979166666666 0.3831759259259259 0.004291666666666553 0.00527777777777782
0 0.6240833333333333 0.3799444444444444 0.004786458333333362 0.00527777777777782
0 0.6277968749999999 0.38375925925925924 0.003958333333333286 0.004111111111111162
0 0.6320052083333334 0.37789814814814815 0.0037968749999999813 0.004694444444444491
0 0.624578125 0.3900740740740741 0.005776041666666743 0.006749999999999966
0 0.6338177083333334 0.3905092592592593 0.004786458333333362 0.007629629629629638
0 0.6576666666666667 0.29031481481481486 0.003958333333333286 0.006157407407407387
0 0.5790260416666667 0.2914907407407407 0.0024739583333333332 0.003814814814814819
0 0.5637604166666667 0.29588888888888887 0.004291666666666553 0.004398148148148148
0 0.5663177083333333 0.30424999999999996 0.0037968749999999813 0.008805555555555547
0 0.643875 0.5859259259259259 0.006015625000000095 0.008907407407407307
0 0.6487604166666666 0.5796851851851851 0.007270833333333352 0.010694444444444402
0 0.8748333333333334 0.7407592592592592 0.005765625000000085 0.009361111111111018
0 0.8783437500000001 0.7599166666666667 0.005265625000000066 0.014703703703703806
0 0.8874895833333334 0.7576944444444444 0.004010416666666572 0.006685185185185211
0 0.897015625 0.7723981481481482 0.008020833333333382 0.013814814814814882
0 0.8854843750000001 0.7485555555555556 0.007015624999999896 0.013370370370370421
0 0.8884947916666667 0.7389722222222223 0.008020833333333382 0.013814814814814882
0 0.7000937500000001 0.36430555555555555 0.004916666666666695 0.010194444444444437
0 0.7394114583333333 0.36430555555555555 0.0043697916666666 0.006314814814814861
0 0.7575677083333333 0.3271759259259259 0.004093750000000066 0.006796296296296325
0 0.78596875 0.38177777777777777 0.005187500000000019 0.009222222222222257
0 0.7991927083333333 0.32166666666666666 0.0033125000000000663 0.005324074074074074
0 0.8028177083333333 0.32180555555555557 0.003942708333333419 0.006731481481481465
0 0.7931979166666667 0.34478703703703706 0.004255208333333371 0.00560185185185181
0 0.80565625 0.3536203703703704 0.005520833333333286 0.006444444444444478
0 0.81440625 0.35053703703703704 0.00567708333333338 0.005324074074074074
0 0.8121197916666667 0.3561388888888889 0.006151041666666638 0.005324074074074074
0 0.8174010416666667 0.35838888888888887 0.005989583333333334 0.0047685185185184975
0 0.8185833333333333 0.3561388888888889 0.005520833333333286 0.0047685185185184975
0 0.8199270833333333 0.3522222222222222 0.00567708333333338 0.006444444444444478
0 0.8202395833333332 0.3208240740740741 0.005046875000000029 0.009250000000000008
0 0.8300989583333334 0.33694444444444444 0.002994791666666667 0.004481481481481511
0 0.8431041666666667 0.3373611111111111 0.00220833333333322 0.001962962962962967
0 0.848703125 0.3410092592592593 0.003625000000000019 0.0025185185185185436
0 0.8358541666666667 0.3603425925925926 0.004416666666666676 0.0036481481481481985
0 0.8508333333333333 0.3456296296296296 0.0031510416666667616 0.004481481481481511
0 0.8249739583333333 0.3548796296296296 0.004729166666666629 0.004481481481481511
0 0.827890625 0.36903703703703705 0.006151041666666638 0.009250000000000008
0 0.8408177083333332 0.3632870370370371 0.004255208333333371 0.00560185185185181
0 0.8518541666666667 0.36412962962962964 0.005203124999999887 0.005046296296296339
0 0.8548541666666666 0.3712777777777778 0.005833333333333238 0.007009259259259305
0 0.8656510416666666 0.3639907407407407 0.003468749999999924 0.00420370370370367
0 0.8764531249999999 0.35067592592592595 0.004255208333333371 0.005046296296296339
0 0.8739322916666666 0.3541759259259259 0.002682291666666714 0.0036481481481481985
0 0.859265625 0.34030555555555553 0.004255208333333371 0.005046296296296339
0 0.8606874999999999 0.34450925925925924 0.004572916666666771 0.003925925925925934
0 0.8637604166666667 0.34170370370370373 0.002520833333333409 0.006731481481481465
0 0.8673072916666666 0.3418425925925926 0.004890624999999934 0.007009259259259305
0 0.7905989583333334 0.2863425925925926 0.00220833333333322 0.0036481481481481985
0 0.7946197916666667 0.28900925925925924 0.002682291666666714 0.00560185185185181
0 0.7429791666666666 0.2937685185185185 0.003786458333333324 0.006731481481481465
0 0.7221666666666666 0.30974999999999997 0.003468749999999924 0.005046296296296339
0 0.7253958333333334 0.30904629629629626 0.003625000000000019 0.005888888888888902
0 0.7445572916666666 0.3035833333333333 0.0040989583333332765 0.005046296296296339
0 0.7498385416666667 0.28437962962962965 0.0023645833333333145 0.0036481481481481985
0 0.75196875 0.28830555555555554 0.004416666666666676 0.00420370370370367
0 0.7578802083333334 0.2833981481481481 0.004572916666666771 0.006731481481481465
0 0.7738854166666667 0.24401851851851855 0.002520833333333409 0.0036481481481481985
0 0.7767239583333333 0.24681481481481482 0.003468749999999924 0.0025185185185185436
0 0.7791666666666667 0.2475185185185185 0.002994791666666667 0.003361111111111107
0 0.785 0.2434537037037037 0.003942708333333419 0.005888888888888902
0 0.7063177083333334 0.27078703703703705 0.003625000000000019 0.005046296296296339
0 0.70221875 0.2758333333333333 0.002052083333333362 0.003925925925925934
0 0.7083697916666666 0.2810185185185185 0.002052083333333362 0.0025185185185185436
0 0.7153854166666667 0.2633611111111111 0.00220833333333322 0.003083333333333371
0 0.7208229166666666 0.2653240740740741 0.004255208333333371 0.0047685185185184975
0 0.7254791666666667 0.26475925925925925 0.00220833333333322 0.0036481481481481985
0 0.7308385416666667 0.2657407407407407 0.0006302083333333523 0.00560185185185181
0 0.733203125 0.2679814814814815 0.00220833333333322 0.003925925925925934
0 0.7359635416666667 0.2653240740740741 0.002682291666666714 0.005324074074074074
0 0.7066354166666666 0.3065277777777778 0.002682291666666714 0.005888888888888902
0 0.6975677083333333 0.30666666666666664 0.0040989583333332765 0.005046296296296339
0 0.6930729166666667 0.30666666666666664 0.003942708333333419 0.005046296296296339
0 0.6531041666666667 0.25704629629629633 0.002520833333333409 0.003361111111111107
0 0.6509739583333333 0.2626574074074074 0.0033125000000000663 0.003925925925925934
0 0.6557708333333333 0.26289814814814816 0.002994791666666667 0.00420370370370367
0 0.657015625 0.2561203703703704 0.0021614583333333806 0.0038425925925925715
0 0.6597135416666667 0.2596388888888889 0.0022291666666667707 0.0037129629629629544
0 0.6596041666666667 0.26443518518518516 0.0030208333333334282 0.004351851851851894
0 0.6490260416666668 0.27 0.0033125000000000663 0.004481481481481511
0 0.653203125 0.2696851851851852 0.002447916666666572 0.004092592592592555
0 0.6568333333333333 0.27051851851851855 0.0028072916666666003 0.003962962962962938
0 0.66309375 0.26482407407407405 0.0049635416666667705 0.004601851851851877
0 0.6689947916666666 0.2616851851851852 0.0026614583333333997 0.0042222222222221715
0 0.6721614583333333 0.2587407407407407 0.0019427083333333427 0.0034537037037037205
0 0.6730989583333333 0.26993518518518517 0.0035260416666666574 0.005370370370370328
0 0.6756197916666667 0.26289814814814816 0.003958333333333286 0.0051203703703703455
0 0.6836041666666667 0.25983333333333336 0.003239583333333229 0.0038425925925925715
0 0.69184375 0.2609166666666667 0.0025885416666665624 0.003962962962962938
0 0.6900468750000001 0.26661111111111113 0.003739583333333248 0.004601851851851877
0 0.6941458333333334 0.2663518518518519 0.002734375 0.005370370370370328
0 0.7008385416666666 0.2642407407407407 0.002734375 0.004481481481481511
0 0.6089739583333333 0.2599722222222222 0.0019947916666666287 0.005916666666666654
0 0.612296875 0.2598240740740741 0.0018281250000001137 0.0029537037037037544
0 0.61171875 0.26351851851851854 0.0021614583333333806 0.0038425925925925715
0 0.612296875 0.26825 0.0024947916666666478 0.0035462962962963343
0 0.615625 0.2691388888888889 0.0021614583333333806 0.0029537037037037544
0 0.6232395833333333 0.2665462962962963 0.0020781249999998865 0.004287037037037033
0 0.61725 0.26596296296296296 0.0022447916666666384 0.003694444444444453
0 0.6145052083333333 0.2644814814814815 0.0030781249999999242 0.005175925925925955
0 0.6092239583333333 0.24976851851851853 0.0024947916666666478 0.004138888888888914
0 0.6114270833333334 0.2538333333333333 0.002578124999999905 0.003694444444444453
0 0.615375 0.253537037037037 0.0018281250000001137 0.0028055555555555303
0 0.6173333333333333 0.2519814814814815 0.0019114583333333713 0.0035462962962963343
0 0.6190364583333333 0.2545 0.0019947916666666287 0.0032499999999999916
0 0.6166666666666667 0.2560555555555556 0.0020781249999998865 0.003101851851851873
0 0.619078125 0.2616666666666667 0.002911458333333409 0.004879629629629613
0 0.6221979166666666 0.25324074074074077 0.0024947916666666478 0.003694444444444453
0 0.62190625 0.2560555555555556 0.0030781249999999242 0.003990740740740691
0 0.6261093750000001 0.2572314814814815 0.002994791666666667 0.006657407407407458
0 0.6291875 0.2536851851851852 0.0024947916666666478 0.0033981481481481102
0 0.6317239583333334 0.2562685185185185 0.0030781249999999242 0.0038425925925925715
0 0.6349687500000001 0.2572314814814815 0.002744791666666657 0.0033981481481481102
0 0.637875 0.25553703703703706 0.00241145833333339 0.004435185185185151
0 0.6394583333333334 0.2533888888888889 0.003411458333333428 0.003990740740740691
0 0.6451145833333333 0.25516666666666665 0.00241145833333339 0.003990740740740691
0 0.6480677083333333 0.2526481481481482 0.0034947916666666855 0.0028055555555555303
0 0.6484427083333333 0.2617407407407408 0.0019114583333333713 0.0029537037037037544
0 0.6305989583333333 0.26196296296296295 0.0019947916666666287 0.003990740740740691
0 0.63296875 0.262037037037037 0.0030781249999999242 0.004138888888888914
0 0.6318072916666666 0.26713888888888887 0.0020781249999998865 0.005768518518518536
0 0.635046875 0.26758333333333334 0.0019114583333333713 0.003990740740740691
0 0.6363385416666667 0.2634444444444444 0.0031614583333334184 0.004879629629629613
0 0.6399166666666667 0.265 0.002328124999999896 0.004138888888888914
0 0.64025 0.2609351851851852 0.0024947916666666478 0.0033981481481481102
0 0.6420781249999999 0.25863888888888886 0.0019947916666666287 0.0029537037037037544
0 0.64378125 0.258712962962963 0.00241145833333339 0.0033981481481481102
0 0.6451145833333333 0.262037037037037 0.002744791666666657 0.0032499999999999916
0 0.641953125 0.2644074074074074 0.0035781249999999433 0.0035462962962963343
0 0.58684375 0.24429629629629626 0.0024947916666666478 0.004138888888888914
0 0.5876770833333332 0.2498425925925926 0.0019947916666666287 0.004879629629629613
0 0.5880520833333333 0.25375925925925924 0.0014166666666665625 0.005324074074074074
0 0.585640625 0.2559074074074074 0.0019114583333333713 0.0025185185185185436
0 0.5883020833333333 0.2598240740740741 0.0022447916666666384 0.0032499999999999916
0 0.5891354166666667 0.2641851851851852 0.00241145833333339 0.004287037037037033
0 0.5826875 0.2704722222222222 0.0024947916666666478 0.004138888888888914
0 0.591421875 0.2645555555555556 0.002994791666666667 0.004138888888888914
0 0.5964947916666666 0.2752777777777778 0.0014947916666666098 0.003101851851851873
0 0.5932916666666667 0.26151851851851854 0.003244791666666676 0.003694444444444453
0 0.595078125 0.2661111111111111 0.0019947916666666287 0.004287037037037033
0 0.592375 0.25715740740740745 0.0035781249999999433 0.0062129629629629965
0 0.5910885416666667 0.2520555555555556 0.0034947916666666855 0.004583333333333376
0 0.5912968749999999 0.2467314814814815 0.0030781249999999242 0.005472222222222193
0 0.59375 0.24925 0.0019947916666666287 0.003101851851851873
0 0.5961197916666666 0.24917592592592594 0.00241145833333339 0.0038425925925925715
0 0.5987395833333333 0.25153703703703706 0.0026614583333333997 0.0038425925925925715
0 0.6027760416666667 0.24999074074074074 0.00241145833333339 0.005175925925925955
0 0.6049375 0.2553888888888889 0.002744791666666657 0.004435185185185151
0 0.6061875000000001 0.26433333333333336 0.003911458333333447 0.005768518518518536
0 0.6052291666666666 0.2678055555555556 0.0034947916666666855 0.004435185185185151
0 0.6011510416666667 0.26403703703703707 0.0031614583333334184 0.0033981481481481102
0 0.5991145833333333 0.26596296296296296 0.0030781249999999242 0.004583333333333376
0 0.6014010416666667 0.25760185185185186 0.004489583333333277 0.006509259259259234
0 0.572203125 0.26787962962962963 0.0021614583333333806 0.0033981481481481102
0 0.5699583333333333 0.2611574074074074 0.0031614583333334184 0.004138888888888914
0 0.5712499999999999 0.25782407407407404 0.0020781249999998865 0.003990740740740691
0 0.5720833333333334 0.2513148148148148 0.002911458333333409 0.005768518518518536
0 0.573828125 0.2539074074074074 0.003244791666666676 0.0035462962962963343
0 0.5756979166666666 0.25782407407407404 0.0031614583333334184 0.004287037037037033
0 0.5786510416666667 0.2615925925925926 0.003244791666666676 0.0047314814814814945
0 0.5799427083333334 0.2576759259259259 0.0026614583333333997 0.0033981481481481102
0 0.5763645833333333 0.24658333333333335 0.0021614583333333806 0.003990740740740691
0 0.5808125000000001 0.2445925925925926 0.0035781249999999433 0.005620370370370417
0 0.5791510416666666 0.24858333333333335 0.0019114583333333713 0.006805555555555577
0 0.5773645833333333 0.2531666666666667 0.0019947916666666287 0.0047314814814814945
0 0.5809791666666667 0.25375925925925924 0.0035781249999999433 0.006805555555555577
0 0.5833541666666666 0.2541296296296296 0.0021614583333333806 0.006361111111111115
0 0.563640625 0.2626296296296296 0.0026614583333333997 0.0035462962962963343
0 0.5609322916666667 0.2596759259259259 0.002911458333333409 0.004435185185185151
0 0.5567760416666666 0.26625925925925925 0.00241145833333339 0.004879629629629613
0 0.5572760416666667 0.2713611111111111 0.0030781249999999242 0.005027777777777732
0 0.5639270833333333 0.25242592592592594 0.0022447916666666384 0.004138888888888914
0 0.5658020833333333 0.24925 0.0024947916666666478 0.006361111111111115
0 0.5684635416666667 0.24858333333333335 0.0026614583333333997 0.005620370370370417
0 0.5383072916666667 0.2695092592592592 0.00241145833333339 0.003990740740740691
0 0.5433020833333334 0.2746111111111111 0.002744791666666657 0.0029537037037037544
0 0.540265625 0.2746851851851852 0.0024947916666666478 0.004287037037037033
0 0.5405989583333334 0.27978703703703706 0.002828124999999915 0.005916666666666654
0 0.5506614583333334 0.26987962962962964 0.002328124999999896 0.0029537037037037544
0 0.5556927083333334 0.28008333333333335 0.0019114583333333713 0.004138888888888914
0 0.5300729166666667 0.2831111111111111 0.003244791666666676 0.006064814814814773
0 0.4780052083333333 0.2621111111111111 0.004406250000000019 0.006064814814814773
0 0.48307812499999997 0.24362962962962964 0.0029114583333332907 0.005472222222222193
0 0.487734375 0.2489537037037037 0.0025781250000000235 0.004879629629629613
0 0.49468229166666666 0.24643518518518517 0.003328125000000052 0.004287037037037033
0 0.4991302083333334 0.24348148148148147 0.0025781250000000235 0.003694444444444453
0 0.499171875 0.2513148148148148 0.0026614583333332813 0.006064814814814773
0 0.5038697916666667 0.2457777777777778 0.0025781250000000235 0.0047314814814814945
0 0.5039947916666666 0.253537037037037 0.002328125000000014 0.004879629629629613
0 0.50853125 0.25472222222222224 0.003911458333333328 0.005175925925925955
0 0.5073645833333333 0.2467314814814815 0.0035781249999999433 0.005472222222222193
0 0.5103177083333333 0.2526481481481482 0.0024947916666666478 0.003990740740740691
0 0.510859375 0.2733518518518519 0.0030781250000000426 0.0069537037037036955
0 0.5148541666666666 0.2755 0.00241145833333339 0.004435185185185151
0 0.5168489583333333 0.26869444444444446 0.002744791666666657 0.0047314814814814945
0 0.52059375 0.2711388888888889 0.003911458333333328 0.009018518518518526
0 0.5154322916666667 0.25361111111111106 0.0037447916666666953 0.005916666666666654
0 0.5094427083333334 0.24103703703703702 0.0030781250000000426 0.0047314814814814945
0 0.5109010416666666 0.24570370370370373 0.002994791666666667 0.004879629629629613
0 0.5133958333333334 0.246 0.0038281249999999527 0.004287037037037033
0 0.5182187500000001 0.2503611111111111 0.0031614583333333 0.005620370370370417
0 0.5198020833333333 0.24843518518518518 0.003328125000000052 0.005324074074074074
0 0.5215885416666667 0.2448148148148148 0.004572916666666652 0.005768518518518536
0 0.5270364583333333 0.24377777777777776 0.0031614583333333 0.003101851851851873
0 0.527328125 0.24724999999999997 0.002744791666666657 0.004435185185185151
0 0.5266614583333333 0.25487037037037036 0.0025781250000000235 0.004879629629629613
0 0.5255 0.2616666666666667 0.0029114583333332907 0.004879629629629613
0 0.532734375 0.24259259259259258 0.0030781250000000426 0.005472222222222193
0 0.5313645833333334 0.24828703703703703 0.0028281250000000333 0.004138888888888914
0 0.5325260416666667 0.2556111111111111 0.002328124999999955 0.005175925925925955
0 0.5361458333333334 0.2533148148148148 0.0037447916666666953 0.006509259259259234
0 0.5400989583333333 0.2481388888888889 0.002994791666666667 0.006509259259259234
0 0.5364375 0.24288888888888888 0.0019947916666666287 0.003101851851851873
0 0.5416354166666667 0.2431111111111111 0.003411458333333428 0.005324074074074074
0 0.5458385416666667 0.24724999999999997 0.0024947916666666478 0.005620370370370417
0 0.5435104166666667 0.25146296296296294 0.0026614583333333997 0.006657407407407458
0 0.54159375 0.25612962962962965 0.0049895833333332956 0.005916666666666654
0 0.5499114583333333 0.25212962962962965 0.002328124999999896 0.004138888888888914
0 0.550453125 0.2559814814814815 0.003244791666666676 0.004138888888888914
0 0.5509947916666668 0.24288888888888888 0.0019947916666666287 0.0033981481481481102
0 0.5529479166666668 0.24724999999999997 0.0035781249999999433 0.006805555555555577
0 0.5573177083333333 0.2445925925925926 0.0024947916666666478 0.004435185185185151
0 0.5596041666666667 0.2504351851851852 0.0030781249999999242 0.005472222222222193
0 0.5570677083333333 0.2553888888888889 0.0019947916666666287 0.0038425925925925715
0 0.5604375 0.25531481481481483 0.0030781249999999242 0.004287037037037033