0 0.04255208333333334 0.9088333333333333 0.009843750000000004 0.024703703703703762
0 0.17136979166666666 0.9489722222222223 0.010421874999999995 0.026759259259259344
0 0.17976562499999998 0.9783055555555555 0.012156250000000016 0.019555555555555455
0 0.18844791666666666 0.9808796296296295 0.00752604166666669 0.02264814814814818
0 0.1846875 0.9252962962962964 0.0046302083333333265 0.01647222222222219
0 0.15284375 0.8403796296296296 0.006947916666666683 0.03190740740740744
0 0.17947395833333332 0.801787037037037 0.010421874999999995 0.024703703703703762
0 0.110578125 0.7426018518518518 0.01736979166666668 0.023675925925925868
0 0.05963020833333333 0.7292222222222222 0.015052083333333336 0.017500000000000085
0 0.005208333333333333 0.5282407407407408 0.010416666666666666 0.013888888888888888
0 0.10594791666666666 0.6242407407407407 0.010421874999999995 0.021611111111111036
0 0.1351875 0.6288703703703703 0.013317708333333345 0.018527777777777768
0 0.21366145833333333 0.5824537037037036 0.010468750000000011 0.01607407407407398
0 0.22056250000000002 0.5718796296296296 0.008088541666666652 0.011842592592592559
0 0.23769270833333334 0.5871018518518519 0.00713541666666669 0.01691666666666665
0 0.24435416666666668 0.5748333333333334 0.009994791666666695 0.011000000000000102
0 0.2669583333333333 0.5841388888888889 0.008567708333333358 0.011000000000000102
0 0.22745833333333335 0.646324074074074 0.004760416666666659 0.01691666666666665
0 0.23769270833333334 0.6623981481481481 0.01189583333333335 0.030453703703703795
0 0.2538697916666667 0.5431111111111111 0.009041666666666674 0.011842592592592559
0 0.3140677083333333 0.6040185185185185 0.011421875000000033 0.02199074074074074
0 0.32715104166666664 0.6826944444444444 0.008088541666666652 0.02875925925925921
0 0.3733125 0.6209444444444444 0.009041666666666615 0.01691666666666665
0 0.393296875 0.6048703703703704 0.010942708333333329 0.01691666666666665
0 0.418515625 0.6387037037037037 0.008088541666666652 0.01691666666666665
0 0.4239895833333333 0.6361666666666667 0.008567708333333358 0.013537037037036936
0 0.44040625 0.6450555555555555 0.00713541666666669 0.014379629629629605
0 0.45944270833333334 0.7254166666666667 0.009041666666666615 0.02791666666666675
0 0.46134375 0.6188240740740741 0.011895833333333291 0.01607407407407398
0 0.4925104166666667 0.6120555555555556 0.007614583333333276 0.011000000000000102
0 0.5013177083333333 0.5951388888888889 0.008088541666666652 0.00592592592592601
0 0.496796875 0.6010648148148148 0.006661458333333314 0.01607407407407398
0 0.5060729166666667 0.6040185185185185 0.008088541666666652 0.011842592592592559
0 0.4851354166666667 0.5879444444444445 0.004281250000000014 0.010148148148148182
0 0.460390625 0.5854074074074074 0.011895833333333291 0.01691666666666665
0 0.4791875 0.5393055555555556 0.010468749999999952 0.01607407407407398
0 0.47847395833333334 0.5528425925925926 0.009994791666666695 0.012685185185185228
0 0.5091666666666667 0.5596111111111111 0.006661458333333314 0.009305555555555513
0 0.5186875 0.5486111111111112 0.013322916666666629 0.011000000000000102
0 0.6033854166666667 0.638287037037037 0.005708333333333353 0.009305555555555513
0 0.28713541666666664 0.4365833333333333 0.010906250000000029 0.012037037037037037
0 0.31195833333333334 0.4208703703703704 0.007145833333333348 0.008694444444444432
0 0.3136510416666667 0.4292314814814815 0.009026041666666628 0.013370370370370421
0 0.3418541666666667 0.4446111111111111 0.008276041666666718 0.013370370370370421
0 0.3096979166666667 0.5004351851851853 0.007895833333333376 0.01002777777777771
0 0.3125208333333333 0.5097962962962963 0.010531250000000015 0.016712962962962923
0 0.331890625 0.5151388888888889 0.012411458333333295 0.014037037037037113
0 0.3354635416666667 0.5311851851851851 0.007520833333333362 0.008694444444444538
0 0.3354635416666667 0.5372037037037036 0.007520833333333362 0.011370370370370345
0 0.3666770833333333 0.5064537037037037 0.012036458333333281 0.008694444444444538
0 0.36949479166666666 0.4656666666666667 0.007895833333333376 0.011370370370370345
0 0.37231770833333333 0.48372222222222216 0.008276041666666718 0.008694444444444538
0 0.3807760416666667 0.482712962962963 0.01015625 0.012037037037037037
0 0.365546875 0.38610185185185186 0.006015624999999977 0.0060185185185185185
0 0.37382291666666667 0.38310185185185186 0.003760416666666681 0.010694444444444402
0 0.4063541666666667 0.4442685185185185 0.01015625 0.011370370370370345
0 0.41726041666666663 0.44260185185185186 0.006395833333333319 0.010694444444444402
0 0.42854166666666665 0.4449444444444445 0.007145833333333348 0.011370370370370345
0 0.4347447916666667 0.4422685185185185 0.0067708333333333336 0.01270370370370373
0 0.4292916666666667 0.46599999999999997 0.0056406249999999625 0.010694444444444402
0 0.44959895833333335 0.5151388888888889 0.007145833333333348 0.011370370370370345
0 0.45768749999999997 0.4506203703703704 0.0067708333333333336 0.009361111111111124
0 0.4593802083333333 0.4629907407407407 0.0056406249999999625 0.010027777777777816
0 0.46201041666666665 0.4700092592592593 0.007145833333333348 0.012037037037037037
0 0.4936041666666667 0.4516296296296296 0.008651041666666614 0.011370370370370345
0 0.5030052083333333 0.45196296296296296 0.01015625 0.012037037037037037
0 0.4010885416666667 0.3449907407407407 0.004890625000000052 0.012037037037037037
0 0.40616145833333334 0.3409814814814815 0.005265624999999948 0.008018518518518489
0 0.41274479166666667 0.34699074074074077 0.004890625000000052 0.012037037037037037
0 0.420640625 0.3429814814814815 0.0056406249999999625 0.012037037037037037
0 0.4298541666666667 0.3413148148148148 0.004510416666666709 0.008694444444444432
0 0.41180729166666663 0.36471296296296296 0.003760416666666681 0.010027777777777816
0 0.409171875 0.3794166666666666 0.004510416666666709 0.008694444444444432
0 0.419703125 0.38443518518518516 0.005265624999999948 0.006685185185185211
0 0.4229010416666667 0.3790833333333334 0.004135416666666695 0.005351851851851826
0 0.431578125 0.3883888888888889 0.004135416666666695 0.005351851851851826
0 0.43963541666666667 0.36371296296296296 0.0067708333333333336 0.008018518518518489
0 0.44485416666666666 0.3953333333333333 0.004890625000000052 0.008018518518518489
0 0.43218229166666666 0.4055277777777778 0.006755208333333347 0.008583333333333316
0 0.4411614583333333 0.39969444444444446 0.007338541666666624 0.00926851851851851
0 0.46345833333333336 0.36794444444444446 0.00482812499999999 0.006175925925925888
0 0.459984375 0.4130833333333333 0.0059843750000000044 0.009953703703703704
0 0.47861458333333334 0.32109259259259254 0.004635416666666714 0.007203703703703678
0 0.47484895833333335 0.32126851851851856 0.0032812499999999765 0.006175925925925888
0 0.4774583333333334 0.33225 0.0038593750000000425 0.008925925925925914
0 0.48035416666666664 0.33138888888888884 0.005020833333333386 0.007898148148148123
0 0.47688020833333333 0.34855555555555556 0.004250000000000043 0.008583333333333316
0 0.4849895833333333 0.3231574074074074 0.0038593750000000425 0.008583333333333316
0 0.48740104166666665 0.3295 0.0036666666666666475 0.006175925925925888
0 0.5003385416666667 0.3281296296296296 0.004052083333333319 0.00824074074074072
0 0.5089270833333334 0.3397962962962963 0.005020833333333386 0.0102962962962963
0 0.49531770833333333 0.3428888888888889 0.007145833333333348 0.008925925925925914
0 0.505546875 0.3554166666666667 0.004052083333333319 0.006518518518518485
0 0.490875 0.3706944444444445 0.005213541666666662 0.007555555555555526
0 0.4843125 0.37377777777777776 0.006755208333333347 0.00824074074074072
0 0.5164583333333334 0.3940277777777778 0.005406250000000057 0.00824074074074072
0 0.5383697916666667 0.39025925925925925 0.00521354166666678 0.009611111111111107
0 0.5480260416666667 0.40999074074074077 0.004052083333333438 0.00926851851851851
0 0.5637604166666667 0.4010648148148148 0.0061770833333334 0.007898148148148123
0 0.5860572916666666 0.3923148148148148 0.002895833333333305 0.007555555555555526
0 0.5903072916666667 0.394712962962963 0.006369791666666676 0.009611111111111107
0 0.5485052083333334 0.38664814814814813 0.006562499999999953 0.010638888888888897
0 0.5211875 0.3387685185185185 0.005213541666666662 0.0054907407407406945
0 0.5220572916666667 0.3456388888888889 0.006562499999999953 0.008925925925925914
0 0.5333489583333333 0.3526666666666667 0.004052083333333378 0.007203703703703678
0 0.5675260416666668 0.3569629629629629 0.004442708333333437 0.006861111111111082
0 0.561828125 0.3363703703703703 0.005406250000000057 0.009611111111111107
0 0.5300677083333334 0.32366666666666666 0.00482812499999999 0.0054907407407406945
0 0.5513072916666667 0.31097222222222226 0.004442708333333437 0.004805555555555606
0 0.5709010416666668 0.31113888888888885 0.003859374999999924 0.008583333333333316
0 0.60575 0.34323148148148147 0.007916666666666572 0.0102962962962963
0 0.48315104166666667 0.28471296296296295 0.0036666666666666475 0.005148148148148098
0 0.4855677083333333 0.2881388888888889 0.0034739583333333714 0.006518518518518485
0 0.48884895833333336 0.28419444444444447 0.0034739583333333714 0.004805555555555606
0 0.48942708333333335 0.2877962962962963 0.004635416666666714 0.005148148148148098
0 0.49657291666666664 0.28419444444444447 0.004635416666666714 0.007555555555555526
0 0.502265625 0.2843703703703704 0.0032812499999999765 0.006518518518518485
0 0.515296875 0.278537037037037 0.0027031250000000284 0.006518518518518485
0 0.506515625 0.3130277777777778 0.004442708333333319 0.008925925925925914
0 0.5131770833333333 0.3126851851851852 0.0038593750000000425 0.00824074074074072
0 0.5584479166666667 0.2864259259259259 0.003281250000000095 0.006518518518518485
0 0.5702291666666667 0.28522222222222227 0.004442708333333437 0.0054907407407406945
0 0.571 0.2958703703703704 0.004442708333333437 0.009611111111111107
0 0.575921875 0.2896851851851852 0.004635416666666714 0.007555555555555526
0 0.5830677083333333 0.29294444444444445 0.004249999999999924 0.007898148148148123
0 0.5949375 0.29947222222222225 0.004052083333333438 0.007203703703703678
0 0.5698385416666666 0.2589722222222222 0.00482812499999999 0.006518518518518485
0 0.5689739583333334 0.26531481481481484 0.0027031250000000284 0.004805555555555606
0 0.575921875 0.27596296296296297 0.004249999999999924 0.009611111111111107
0 0.5722552083333333 0.2690925925925926 0.0023177083333332385 0.0054907407407406945
0 0.5874114583333333 0.2581111111111111 0.003281250000000095 0.003435185185185219
0 0.5955208333333334 0.26154629629629633 0.002124999999999962 0.004805555555555606
0 0.5999583333333334 0.2548518518518519 0.003281250000000095 0.005833333333333291
0 0.6532447916666667 0.3533611111111111 0.00482812499999999 0.007203703703703678
0 0.6622239583333334 0.36227777777777775 0.004635416666666714 0.007203703703703678
0 0.6719739583333334 0.3629722222222222 0.0059843749999998865 0.008583333333333316
0 0.6598124999999999 0.38012962962962965 0.00521354166666678 0.008583333333333316
0 0.6646354166666666 0.3863055555555555 0.006369791666666676 0.01132407407407409
0 0.6733229166666667 0.3919722222222222 0.008302083333333361 0.00824074074074072
0 0.6625156249999999 0.3487222222222222 0.006369791666666676 0.004805555555555606
0 0.6634791666666667 0.35318518518518516 0.007145833333333229 0.006861111111111082
0 0.6706197916666666 0.35061111111111115 0.007531250000000019 0.009953703703703704
0 0.7201093749999999 0.6456481481481481 0.009020833333333419 0.016037037037036978
0 0.7299947916666666 0.6401018518518518 0.010057291666666638 0.0135648148148149
0 0.47142708333333333 0.22460185185185186 0.002598958333333338 0.003592592592592588
0 0.484640625 0.2240925925925926 0.0039010416666666716 0.004620370370370379
0 0.49380729166666665 0.20830555555555555 0.0028854166666666477 0.006416666666666673
0 0.4926510416666667 0.21408333333333335 0.003177083333333286 0.004620370370370379
0 0.4982135416666667 0.2113888888888889 0.0033229166666667235 0.005388888888888882
0 0.5041302083333333 0.2084351851851852 0.0021666666666667095 0.003592592592592588
0 0.5124322916666667 0.20958333333333332 0.001734374999999962 0.0043611111111110925
0 0.5157552083333333 0.2106111111111111 0.002598958333333338 0.003851851851851875
0 0.5170520833333333 0.21523148148148147 0.0028854166666666477 0.005907407407407403
0 0.5143125000000001 0.21651851851851853 0.003463541666666714 0.0043611111111110925
0 0.5201614583333334 0.2084351851851852 0.003609375000000033 0.006157407407407387
0 0.5237708333333333 0.20599074074074075 0.002744791666666657 0.007444444444444464
0 0.5231927083333333 0.2121574074074074 0.0039010416666666716 0.0069351851851851935
0 0.5229010416666667 0.21459259259259258 0.0039010416666666716 0.006675925925925907
0 0.5237708333333333 0.23550925925925928 0.002744791666666657 0.008472222222222228
0 0.5296145833333333 0.23012037037037036 0.0023125000000000285 0.005388888888888882
0 0.5324322916666666 0.23050925925925925 0.003031250000000026 0.0056481481481481695
0 0.5307708333333333 0.23808333333333334 0.00461979166666661 0.0069351851851851935
0 0.5408072916666666 0.23307407407407407 0.0033229166666667235 0.007185185185185176
0 0.5364010416666667 0.2325648148148148 0.0011562499999998959 0.006157407407407387
0 0.5269427083333333 0.21446296296296297 0.0021666666666667095 0.0028240740740740847
0 0.5280260416666667 0.21702777777777776 0.0028854166666666477 0.0028240740740740847
0 0.52896875 0.21163888888888888 0.0039010416666666716 0.005388888888888882
0 0.5301197916666667 0.20650925925925925 0.004187499999999981 0.005388888888888882
0 0.5356093749999999 0.20727777777777778 0.0033229166666667235 0.0043611111111110925
0 0.5358229166666667 0.21112962962962964 0.003463541666666714 0.004879629629629613
0 0.538640625 0.21780555555555556 0.004187499999999981 0.0069351851851851935
0 0.5389270833333334 0.22332407407407406 0.004187499999999981 0.006675925925925907
0 0.5440572916666666 0.2175462962962963 0.0028854166666666477 0.005907407407407403
0 0.5429739583333333 0.20727777777777778 0.002744791666666657 0.0033333333333333544
0 0.5482447916666667 0.20791666666666667 0.0023125000000000285 0.003592592592592588
0 0.5494687500000001 0.20535185185185184 0.0018749999999999527 0.003592592592592588
0 0.55178125 0.20663888888888887 0.0036093749999999147 0.004111111111111109
0 0.547015625 0.21446296296296297 0.002744791666666657 0.006416666666666673
0 0.55040625 0.21664814814814815 0.0028854166666666477 0.007185185185185176
0 0.5543802083333333 0.2169074074074074 0.005630208333333305 0.004111111111111109
0 0.5589999999999999 0.22075 0.0033229166666667235 0.006157407407407387
0 0.551921875 0.23050925925925925 0.0033229166666667235 0.0056481481481481695
0 0.55084375 0.2414166666666667 0.0028854166666666477 0.00641666666666662
0 0.558640625 0.23538888888888887 0.0023125000000000285 0.004620370370370353
0 0.5576979166666667 0.24051851851851852 0.0021666666666665907 0.005129629629629596
0 0.557265625 0.20971296296296296 0.003031250000000085 0.005129629629629649
0 0.564125 0.23500000000000001 0.00202083333333339 0.005388888888888909
0 0.5638385416666666 0.21485185185185185 0.003177083333333286 0.008731481481481488
0 0.5670833333333333 0.2199814814814815 0.002744791666666657 0.004620370370370379
0 0.5705520833333334 0.2314074074074074 0.0036093749999999147 0.005388888888888882
0 0.5750260416666666 0.2396203703703704 0.003901041666666553 0.006416666666666647
0 0.5785625 0.23127777777777778 0.0028854166666666477 0.0056481481481481695
0 0.5776979166666667 0.22768518518518518 0.0025989583333332197 0.0056481481481481695
0 0.5804427083333333 0.22267592592592594 0.003755208333333352 0.004879629629629613
0 0.5708385416666667 0.21921296296296297 0.002453125000000019 0.004620370370370379
0 0.5736562500000001 0.2149814814814815 0.00404166666666678 0.006416666666666673
0 0.5769010416666667 0.21150925925925926 0.002744791666666657 0.006675925925925907
0 0.5795052083333334 0.20971296296296296 0.0036093749999999147 0.004620370370370379
0 0.57575 0.2188240740740741 0.003031250000000085 0.005907407407407403
0 0.580078125 0.21433333333333332 0.0033229166666667235 0.007703703703703697
0 0.5864322916666667 0.20997222222222223 0.002744791666666657 0.003592592592592588
0 0.5874427083333333 0.21612962962962962 0.0021666666666665907 0.004620370370370379
0 0.584125 0.21985185185185185 0.003031250000000085 0.005388888888888882
0 0.5847031250000001 0.22614814814814815 0.0033229166666667235 0.005129629629629649
0 0.5899010416666666 0.22473148148148148 0.0036093749999999147 0.005388888888888882
0 0.5902604166666666 0.23114814814814813 0.004333333333333419 0.007444444444444464
0 0.5894635416666667 0.2121574074074074 0.0021666666666665907 0.0033333333333333544
0 0.5904062499999999 0.21625925925925926 0.003463541666666714 0.0028240740740740847
0 0.591703125 0.21947222222222224 0.0023125000000000285 0.004620370370370379
0 0.5955312500000001 0.21562037037037038 0.002744791666666657 0.003592592592592588
0 0.5958177083333334 0.22203703703703706 0.003031250000000085 0.0056481481481481695
0 0.59834375 0.21792592592592594 0.003177083333333286 0.0056481481481481695
0 0.602171875 0.21767592592592594 0.0018749999999999527 0.0030833333333333186
0 0.6049166666666667 0.21408333333333335 0.003031250000000085 0.004620370370370379
0 0.6078749999999999 0.2127962962962963 0.0028854166666666477 0.006157407407407387
0 0.6088854166666666 0.21818518518518518 0.004333333333333419 0.006675925925925907
0 0.6024583333333333 0.2235740740740741 0.002744791666666657 0.0056481481481481695
0 0.6046979166666666 0.23423148148148148 0.0028854166666666477 0.004879629629629613
0 0.61603125 0.20984259259259258 0.002744791666666657 0.0043611111111110925
0 0.6232500000000001 0.20946296296296296 0.004473958333333409 0.004620370370370379
0 0.6205104166666667 0.21792592592592594 0.0033229166666667235 0.0056481481481481695
0 0.6120625000000001 0.2187037037037037 0.003463541666666714 0.0056481481481481695
0 0.615890625 0.22614814814814815 0.003901041666666553 0.008212962962962967
0 0.6178385416666666 0.2217777777777778 0.003177083333333286 0.007185185185185176
0 0.6227447916666667 0.22691666666666666 0.00461979166666661 0.009240740740740758
0 0.626140625 0.21818518518518518 0.005343750000000114 0.006675925925925907
0 0.631484375 0.2193425925925926 0.003901041666666553 0.007444444444444464
0 0.6283802083333333 0.22871296296296295 0.00461979166666661 0.006675925925925907
0 0.6336458333333332 0.22909259259259257 0.003031250000000085 0.0069351851851851935
0 0.6376927083333332 0.22909259259259257 0.002744791666666657 0.0043611111111110925
0 0.63509375 0.2167777777777778 0.0018749999999999527 0.0043611111111110925
0 0.6405052083333334 0.21844444444444444 0.003177083333333286 0.006675925925925907
0 0.6397135416666667 0.22525 0.005921874999999943 0.00898148148148147
0 0.646859375 0.21792592592592594 0.00202083333333339 0.004111111111111109
0 0.6455625 0.22126851851851853 0.0028854166666666477 0.003592592592592588
0 0.6455625 0.2288425925925926 0.005776041666666743 0.011037037037037052
0 0.6492447916666666 0.22499074074074074 0.002744791666666657 0.0028240740740740847
0 0.6519114583333334 0.2307685185185185 0.0028854166666666477 0.005129629629629649
0 0.6505416666666667 0.22024074074074076 0.003031250000000085 0.005129629629629649
0 0.6319895833333333 0.23885185185185184 0.00202083333333339 0.005907407407407403
0 0.6532135416666667 0.21818518518518518 0.0023125000000000285 0.0030833333333333186
0 0.6564635416666668 0.22024074074074076 0.002744791666666657 0.003592592592592588
0 0.6590625 0.22512037037037036 0.003901041666666553 0.003592592592592588
0 0.6588437500000001 0.21780555555555556 0.00202083333333339 0.0028240740740740847
0 0.6618020833333333 0.22049999999999997 0.0021666666666665907 0.003592592592592588
0 0.66396875 0.22626851851851854 0.0018749999999999527 0.004879629629629613
0 0.66721875 0.22216666666666665 0.003177083333333286 0.003851851851851875
0 0.6667864583333334 0.22652777777777777 0.0025989583333332197 0.0033333333333333544
0 0.6729947916666668 0.22062962962962962 0.003463541666666714 0.004879629629629613
0 0.6735 0.23050925925925925 0.002453125000000019 0.007703703703703697
0 0.67046875 0.2328148148148148 0.002744791666666657 0.006157407407407387
0 0.6758802083333334 0.2248611111111111 0.003755208333333352 0.005129629629629649
0 0.6792760416666667 0.2288425925925926 0.002453125000000019 0.003851851851851875
0 0.6794895833333333 0.22319444444444445 0.0023125000000000285 0.0023148148148148147
0 0.6806458333333333 0.21973148148148147 0.003177083333333286 0.0056481481481481695
0 0.6833906249999999 0.2199814814814815 0.00202083333333339 0.006157407407407387
0 0.6827395833333333 0.22742592592592592 0.0033229166666667235 0.005129629629629649
0 0.6859895833333333 0.22742592592592592 0.003463541666666714 0.004111111111111109
0 0.6898854166666666 0.2237037037037037 0.0028854166666666477 0.005388888888888882
0 0.6929895833333333 0.22203703703703706 0.0036093749999999147 0.004620370370370379
0 0.6916927083333333 0.23307407407407407 0.003031250000000085 0.0056481481481481695
0 0.696890625 0.2335925925925926 0.0036093749999999147 0.006157407407407387
0 0.6860625 0.23230555555555554 0.0033229166666667235 0.007703703703703697
0 0.6964583333333334 0.2516851851851852 0.003901041666666553 0.009499999999999991
0 0.6977552083333334 0.22473148148148148 0.0033229166666667235 0.003851851851851875
0 0.6941458333333334 0.22768518518518518 0.002744791666666657 0.003592592592592588
0 0.698046875 0.22999074074074072 0.004187499999999981 0.006157407407407387
0 0.7020885416666667 0.22974074074074075 0.0036093749999999147 0.006157407407407387
0 0.7090208333333333 0.22639814814814813 0.004187499999999981 0.005129629629629649
0 0.7147239583333334 0.22383333333333333 0.003755208333333352 0.004111111111111109
0 0.7182604166666666 0.22794444444444445 0.003031250000000085 0.008212962962962967
0 0.714578125 0.2335925925925926 0.003755208333333352 0.006157407407407387
0 0.7182604166666666 0.2346111111111111 0.002744791666666657 0.0056481481481481695
0 0.7269947916666666 0.22473148148148148 0.003177083333333286 0.005907407407407403
0 0.7340729166666667 0.2255 0.00461979166666661 0.0043611111111110925
0 0.7378958333333333 0.23166666666666666 0.004187499999999981 0.0069351851851851935
0 0.7336354166666667 0.23166666666666666 0.003463541666666714 0.006416666666666673
0 0.74121875 0.22935185185185183 0.003901041666666553 0.006416666666666673
0 0.7469947916666667 0.2296111111111111 0.002744791666666657 0.003851851851851875
0 0.7378229166666667 0.2679814814814815 0.004333333333333419 0.004620370370370379
0 0.7435260416666666 0.2691388888888889 0.004765625000000048 0.0069351851851851935
0 0.757390625 0.26773148148148146 0.0033229166666667235 0.006157407407407387
0 0.7569583333333333 0.23628703703703705 0.003031250000000085 0.0038518518518518485
0 0.7567395833333334 0.24283333333333332 0.0028854166666666477 0.003592592592592588
0 0.7760885416666666 0.2717037037037037 0.007218750000000066 0.007953703703703734
0 0.7677864583333334 0.3285648148148148 0.003901041666666553 0.009240740740740758
0 0.7654010416666667 0.24783333333333335 0.003463541666666714 0.004361111111111145
0 0.7752916666666666 0.2310185185185185 0.003031250000000085 0.004111111111111109
0 0.7814322916666666 0.23012037037037036 0.00461979166666661 0.0033333333333333544
0 0.7860520833333333 0.23037962962962963 0.003755208333333352 0.004879629629629613
0 0.7915364583333333 0.23269444444444445 0.003755208333333352 0.005388888888888882
0 0.7953645833333333 0.2314074074074074 0.002744791666666657 0.004879629629629613
0 0.796734375 0.26425925925925925 0.004333333333333419 0.005388888888888935
0 0.8032343750000001 0.2583611111111111 0.003463541666666714 0.005388888888888935
0 0.8059010416666667 0.2480925925925926 0.003901041666666553 0.004879629629629613
0 0.8103802083333334 0.2547685185185185 0.005343750000000114 0.007444444444444411
0 0.81803125 0.24655555555555553 0.0033229166666667235 0.004879629629629613
0 0.8234479166666666 0.290962962962963 0.003177083333333286 0.007953703703703734
0 0.8171666666666667 0.3303611111111111 0.005052083333333238 0.008731481481481436
0 0.8618541666666667 0.3478148148148148 0.005776041666666743 0.008731481481481436
0 0.8400520833333334 0.2120277777777778 0.003177083333333286 0.005129629629629649
0 0.8502291666666667 0.21049074074074076 0.004187499999999981 0.004111111111111109
0 0.850734375 0.21664814814814815 0.003177083333333286 0.002564814814814798
0 0.8539114583333334 0.2169074074074074 0.004333333333333419 0.006157407407407387
0 0.865609375 0.25219444444444444 0.003755208333333352 0.00641666666666662
0 0.8549947916666666 0.2506574074074074 0.005630208333333305 0.0069351851851851935
0 0.8752083333333334 0.2873611111111111 0.003901041666666553 0.005907407407407403
0 0.8814895833333334 0.28775 0.003463541666666714 0.003592592592592588
0 0.8909479166666666 0.28492592592592597 0.004473958333333409 0.0056481481481481695
0 0.874703125 0.3131666666666667 0.004911458333333248 0.006157407407407387
0 0.9069010416666666 0.298787037037037 0.006062499999999933 0.00770370370370375
0 0.9025729166666667 0.3150833333333333 0.004911458333333248 0.0084722222222222
0 0.8962916666666667 0.3231759259259259 0.004473958333333409 0.00770370370370375
0 0.8997552083333333 0.3230462962962963 0.004187499999999981 0.005388888888888935
0 0.9050260416666667 0.3254814814814815 0.00404166666666678 0.005129629629629596
0 0.90646875 0.32278703703703704 0.005197916666666676 0.004879629629629613
0 0.9203333333333333 0.3224074074074074 0.005197916666666676 0.00770370370370375
0 0.926109375 0.32663888888888887 0.005484375000000105 0.0084722222222222
0 0.93253125 0.3281759259259259 0.005343750000000114 0.005388888888888935
0 0.9318802083333334 0.33164814814814814 0.005484375000000105 0.008212962962962967
0 0.9219895833333334 0.3379351851851852 0.007942708333333333 0.0084722222222222
0 0.9459583333333333 0.33524074074074073 0.004765625000000048 0.006675925925925959
0 0.954984375 0.33049074074074075 0.005776041666666743 0.00641666666666662
0 0.9351302083333334 0.3048240740740741 0.004187499999999981 0.005388888888888935
0 0.951015625 0.31200925925925926 0.005343750000000114 0.007953703703703734
0 0.95765625 0.30572222222222223 0.005921874999999943 0.006157407407407387
0 0.9653072916666667 0.308287037037037 0.004765625000000048 0.006675925925925959
0 0.9695677083333333 0.3094444444444444 0.006062499999999933 0.007953703703703734
0 0.9813333333333334 0.31778703703703703 0.006208333333333371 0.0056481481481481695
0 0.9914427083333333 0.3222777777777778 0.004187499999999981 0.0084722222222222