0 0.13889062500000002 0.9213796296296296 0.013145833333333337 0.016768518518518426
0 0.15103645833333335 0.899787037037037 0.015718749999999972 0.013212962962962945
0 0.16747395833333334 0.8675277777777778 0.01200520833333331 0.01777777777777782
0 0.242921875 0.8957222222222222 0.01657812500000002 0.018287037037037036
0 0.34694791666666663 0.9701574074074074 0.010859374999999952 0.020833333333333332
0 0.38795833333333335 0.8256111111111111 0.016859374999999944 0.015240740740740775
0 0.39153125 0.816212962962963 0.01143229166666669 0.013722222222222163
0 0.42782291666666666 0.8068148148148149 0.015432291666666724 0.018287037037037036
0 0.436828125 0.7936018518518518 0.015718750000000035 0.01930555555555547
0 0.46040625 0.8764166666666666 0.014291666666666696 0.021342592592592552
0 0.4829791666666667 0.8088425925925925 0.01657812499999996 0.021342592592592552
0 0.5394270833333333 0.8045277777777777 0.009999999999999905 0.015749999999999993
0 0.557 0.8248518518518518 0.014291666666666696 0.022861111111111162
0 0.6117291666666667 0.9752314814814815 0.01629166666666677 0.02896296296296315
0 0.577578125 0.7539722222222222 0.008000000000000066 0.01422222222222213
0 0.585578125 0.7483796296296297 0.014859375000000103 0.01422222222222213
0 0.47383854166666667 0.6782685185185185 0.013718749999999957 0.020324074074074116
0 0.5109895833333333 0.6033333333333334 0.010286458333333333 0.016768518518518426
0 0.5348541666666667 0.5751296296296297 0.01228645833333335 0.013212962962962945
0 0.53628125 0.6091759259259258 0.01114583333333338 0.01625925925925921
0 0.5738645833333333 0.643462962962963 0.009718749999999924 0.015749999999999993
0 0.589296875 0.616537037037037 0.008000000000000066 0.010666666666666649
0 0.613015625 0.5675092592592592 0.007432291666666657 0.015240740740740775
0 0.6194479166666667 0.5708148148148149 0.007145833333333229 0.013722222222222163
0 0.6723177083333333 0.5342314814814815 0.009999999999999905 0.016768518518518426
0 0.68103125 0.5385555555555556 0.008000000000000066 0.011175925925925867
0 0.674890625 0.5108611111111111 0.01114583333333338 0.014731481481481557
0 0.6197291666666668 0.4788518518518518 0.009432291666666733 0.010666666666666649
0 0.6304479166666667 0.47529629629629633 0.006859375000000038 0.0045740740740741245
0 0.6274479166666667 0.469712962962963 0.005999999999999991 0.007620370370370388
0 0.6374479166666667 0.46843518518518523 0.007718750000000085 0.008129629629629605
0 0.6373072916666668 0.4839351851851852 0.008000000000000066 0.01270370370370373
0 0.652453125 0.48824999999999996 0.009145833333333304 0.01422222222222213
0 0.5371406249999999 0.49637962962962967 0.005999999999999991 0.00711111111111117
0 0.5409947916666666 0.5032407407407408 0.012005208333333428 0.010666666666666649
0 0.5398541666666666 0.4671666666666667 0.008572916666666685 0.011685185185185189
0 0.5078437499999999 0.4613240740740741 0.006859375000000038 0.00609259259259263
0 0.42968229166666666 0.4984166666666666 0.007718749999999967 0.010157407407407433
0 0.437828125 0.48724074074074075 0.007999999999999948 0.009148148148148249
0 0.4501145833333334 0.4844444444444445 0.007999999999999948 0.010666666666666649
0 0.45626041666666667 0.4496388888888889 0.007145833333333348 0.010157407407407433
0 0.46340625 0.41864814814814816 0.004859374999999962 0.007111111111111065
0 0.4715520833333333 0.49993518518518515 0.007999999999999948 0.011175925925925867
0 0.4916979166666666 0.5057777777777778 0.007718749999999967 0.009657407407407467
0 0.4608333333333333 0.5222962962962964 0.009432291666666615 0.012194444444444511
0 0.4549739583333333 0.5588703703703705 0.01200520833333331 0.012194444444444511
0 0.45126041666666666 0.5664907407407407 0.01143229166666669 0.015240740740740775
0 0.2836458333333333 0.6625185185185185 0.012859375000000029 0.01422222222222213
0 0.29221874999999997 0.6488055555555556 0.013432291666666648 0.015240740740740775
0 0.34566145833333334 0.6170462962962963 0.010572916666666644 0.01270370370370373
0 0.36638020833333335 0.6086666666666667 0.007999999999999948 0.008129629629629605
0 0.36766666666666664 0.6208611111111111 0.008859374999999996 0.012194444444444511
0 0.393671875 0.62975 0.01114583333333338 0.013722222222222163
0 0.39338541666666665 0.6556574074074074 0.010000000000000024 0.014731481481481557
0 0.39795833333333336 0.6736944444444445 0.010000000000000024 0.013212962962962945
0 0.41925 0.6495648148148148 0.009145833333333304 0.011685185185185085
0 0.42710937499999996 0.6554074074074074 0.010000000000000024 0.011175925925925867
0 0.3333697916666667 0.5842777777777778 0.008859374999999996 0.00711111111111117
0 0.29507812499999997 0.5474444444444444 0.009432291666666615 0.009657407407407467
0 0.30121875000000004 0.5342314814814815 0.006859375000000038 0.011685185185185085
0 0.314796875 0.5347407407407407 0.007145833333333348 0.011685185185185085
0 0.32222395833333334 0.5271203703703703 0.008286458333333377 0.008638888888888821
0 0.33565625000000004 0.5212777777777778 0.00657291666666661 0.013212962962962945
0 0.357234375 0.5769074074074073 0.01143229166666669 0.01270370370370373
0 0.3978177083333333 0.564212962962963 0.010286458333333333 0.01270370370370373
0 0.376953125 0.4643703703703704 0.006859375000000038 0.009148148148148143
0 0.386671875 0.5266111111111111 0.010859374999999952 0.011685185185185085
0 0.38052604166666665 0.4598055555555555 0.008286458333333377 0.008129629629629605
0 0.39610416666666665 0.4653888888888889 0.007432291666666657 0.010157407407407433
0 0.39638541666666666 0.47987037037037034 0.009145833333333304 0.009657407407407467
0 0.3951041666666667 0.4874907407407407 0.007718749999999967 0.011685185185185085
0 0.40353125 0.47402777777777777 0.007432291666666657 0.009148148148148143
0 0.4196770833333333 0.46818518518518515 0.008859374999999996 0.013722222222222216
0 0.41310416666666666 0.43566666666666665 0.00657291666666661 0.008638888888888927
0 0.42139583333333336 0.43719444444444444 0.005999999999999991 0.010666666666666649
0 0.35375520833333335 0.3971296296296296 0.003286458333333305 0.0075185185185185225
0 0.35997916666666663 0.4013055555555556 0.0035260416666666574 0.009185185185185147
0 0.36068229166666665 0.39399999999999996 0.0025833333333333524 0.008768518518518544
0 0.3649114583333333 0.40047222222222223 0.0030520833333332813 0.009185185185185147
0 0.36972916666666666 0.394212962962963 0.0046979166666666575 0.006685185185185211
0 0.3817083333333333 0.3727037037037037 0.005635416666666633 0.016287037037037065
0 0.38769791666666664 0.36664814814814817 0.005874999999999986 0.008351851851851834
0 0.4251614583333333 0.32008333333333333 0.005166666666666705 0.00793518518518523
0 0.4271614583333333 0.32676851851851857 0.003994791666666705 0.005425925925925938
0 0.43890625 0.33199074074074075 0.004932291666666681 0.006685185185185211
0 0.4463020833333333 0.320712962962963 0.003760416666666681 0.006685185185185211
0 0.4548802083333333 0.3157037037037037 0.00540104166666661 0.006685185185185211
0 0.46297916666666666 0.31507407407407406 0.0046979166666666575 0.007101851851851814
0 0.46157291666666667 0.3309444444444445 0.0046979166666666575 0.008768518518518544
0 0.4633333333333333 0.3520277777777778 0.0025833333333333524 0.006685185185185211
0 0.4623958333333333 0.36330555555555555 0.005874999999999986 0.008351851851851834
0 0.4669739583333333 0.372287037037037 0.005166666666666705 0.01044444444444442
0 0.467328125 0.38752777777777775 0.006343750000000033 0.0075185185185185225
0 0.47602083333333334 0.40088888888888885 0.004463541666666634 0.009185185185185147
0 0.48435937500000004 0.37812962962962965 0.006578125000000057 0.009601851851851856
0 0.4943385416666667 0.3708240740740741 0.004932291666666681 0.013361111111111065
0 0.7121822916666667 0.32210185185185186 0.005119791666666628 0.010009259259259209
0 0.7230572916666667 0.3837407407407407 0.004348958333333286 0.009555555555555602
0 0.7500572916666666 0.30594444444444446 0.005630208333333305 0.005916666666666654
0 0.7583749999999999 0.31413888888888886 0.004864583333333409 0.01046296296296292
0 0.7625937500000001 0.3134537037037037 0.004093750000000066 0.010009259259259209
0 0.7780781250000001 0.31732407407407404 0.005885416666666762 0.01046296296296292
0 0.784859375 0.35280555555555554 0.005630208333333305 0.011370370370370345
0 0.7917708333333333 0.3493981481481482 0.00767708333333322 0.011824074074074058
0 0.77065625 0.3803333333333333 0.004864583333333409 0.010916666666666634
0 0.8034114583333333 0.39011111111111113 0.004348958333333286 0.008648148148148177
0 0.8154375 0.3614537037037037 0.00383854166666661 0.007731481481481502
0 0.8264427083333333 0.3607685185185185 0.00383854166666661 0.005462962962962942
0 0.8297395833333333 0.3633425925925926 0.0038229166666667426 0.005611111111111061
0 0.831984375 0.36083333333333334 0.004656250000000028 0.005907407407407403
0 0.8321510416666666 0.3284722222222222 0.0033229166666667235 0.005611111111111061
0 0.8445364583333334 0.32537037037037037 0.005151041666666601 0.007685185185185143
0 0.8494375000000001 0.3269907407407407 0.003989583333333257 0.006203703703703746
0 0.85434375 0.3269907407407407 0.006817708333333409 0.009157407407407395
0 0.8669739583333332 0.33940740740740744 0.006151041666666638 0.006796296296296325
0 0.8689687500000001 0.3336388888888889 0.006817708333333409 0.006499999999999983
0 0.8505208333333333 0.33408333333333334 0.006484374999999905 0.008574074074074066
0 0.8373854166666667 0.3532962962962963 0.0034895833333332387 0.006796296296296325
0 0.83871875 0.3727962962962963 0.0034895833333332387 0.007981481481481485
0 0.8408802083333333 0.3589074074074074 0.00415625000000001 0.008574074074074066
0 0.8451145833333332 0.3600925925925926 0.003989583333333257 0.007388888888888906
0 0.8476927083333333 0.35580555555555554 0.0038229166666667426 0.006499999999999983
0 0.8580833333333333 0.36112962962962963 0.004322916666666761 0.005314814814814823
0 0.8608281249999999 0.3665925925925926 0.005484375000000105 0.009157407407407395
0 0.8682239583333333 0.38181481481481483 0.0036562499999999907 0.008861111111111158
0 0.8740416666666667 0.38107407407407407 0.005317708333333352 0.009749999999999974
0 0.6017760416666668 0.2620925925925926 0.003135416666666657 0.003898148148148182
0 0.6134479166666666 0.2698888888888889 0.0026614583333333997 0.0033425925925926053
0 0.6070208333333333 0.3065185185185185 0.003291666666666752 0.0064074074074073695
0 0.6115677083333334 0.3055462962962963 0.004859374999999962 0.007796296296296259
0 0.6284114583333333 0.2849351851851852 0.00344791666666661 0.007240740740740787
0 0.632875 0.29830555555555555 0.004229166666666609 0.00947222222222224
0 0.6431354166666666 0.3054074074074074 0.005953124999999915 0.005851851851851898
0 0.6487760416666667 0.30456481481481484 0.00689583333333322 0.0080740740740741
0 0.6474427083333333 0.2928703703703704 0.004859374999999962 0.0052962962962963215
0 0.6248854166666666 0.25262037037037033 0.0014114583333333522 0.0027870370370370284
0 0.6306822916666667 0.25512962962962965 0.003291666666666752 0.003898148148148182
0 0.6353020833333333 0.25346296296296295 0.004385416666666705 0.007240740740740787
0 0.6326406250000001 0.2522037037037037 0.0028177083333332576 0.0075185185185185225
0 0.6415677083333333 0.25123148148148144 0.006578125000000057 0.008916666666666663
0 0.6550416666666667 0.27435185185185185 0.003135416666666657 0.005574074074074057
0 0.663109375 0.28618518518518515 0.00610937500000001 0.008638888888888927
0 0.6671875 0.28005555555555556 0.003916666666666657 0.0064074074074073695
0 0.6660104166666667 0.26725 0.00344791666666661 0.0075185185185185225
0 0.6932708333333333 0.26390740740740737 0.0037604166666665626 0.005851851851851898
0 0.6983645833333333 0.26529629629629625 0.003291666666666752 0.005851851851851898
0 0.6516770833333333 0.2217037037037037 0.002348958333333447 0.004453703703703705
0 0.65653125 0.21962037037037035 0.002348958333333447 0.00250925925925924
0 0.656765625 0.2218425925925926 0.0028177083333332576 0.00250925925925924
0 0.66209375 0.2237962962962963 0.0028177083333332576 0.0052962962962963215
0 0.6696927083333333 0.2258888888888889 0.0029791666666665623 0.005009259259259283
0 0.674078125 0.2268611111111111 0.004229166666666609 0.005851851851851846
0 0.5049114583333333 0.2501111111111111 0.0030937500000000283 0.0032592592592592426
0 0.5057135416666667 0.25460185185185186 0.0033229166666667235 0.0052962962962963215
0 0.51053125 0.26030555555555557 0.0030937500000000283 0.004888888888888864
0 0.505484375 0.2613240740740741 0.0033229166666667235 0.0069351851851851935
0 0.5124791666666667 0.2527685185185185 0.002864583333333333 0.004888888888888864
0 0.5155208333333333 0.2534814814814815 0.0029791666666666807 0.003870370370370324
0 0.5136822916666667 0.2580648148148148 0.004588541666666638 0.004481481481481511
0 0.5182135416666667 0.26061111111111107 0.005390624999999953 0.008361111111111087
0 0.5210781250000001 0.267037037037037 0.0033229166666667235 0.0052962962962963215
0 0.5254947916666667 0.252462962962963 0.002291666666666714 0.003870370370370324
0 0.5227447916666667 0.25266666666666665 0.002749999999999986 0.004277777777777782
0 0.530828125 0.2593888888888889 0.002864583333333333 0.005092592592592593
0 0.5234895833333334 0.26020370370370366 0.004703124999999986 0.006314814814814861
0 0.5314010416666667 0.267037037037037 0.002406249999999943 0.005703703703703674
0 0.5241770833333333 0.2720277777777778 0.004932291666666681 0.007546296296296275
0 0.5527864583333333 0.28955555555555557 0.0029791666666665623 0.006314814814814861
0 0.5346666666666666 0.2679537037037037 0.005046875000000029 0.0034629629629629715
0 0.5398854166666667 0.26866666666666666 0.0026354166666666384 0.004888888888888864
0 0.5332916666666666 0.2556203703703704 0.0029791666666666807 0.002444444444444432
0 0.5350104166666667 0.2604074074074074 0.0034374999999999527 0.006722222222222214
0 0.5378229166666666 0.26061111111111107 0.0033229166666667235 0.005092592592592593
0 0.5410885416666668 0.26 0.004359374999999943 0.007546296296296275
0 0.5449322916666667 0.25602777777777774 0.0033229166666667235 0.004481481481481511
0 0.5489427083333334 0.25134259259259256 0.0030937500000000283 0.0052962962962963215
0 0.553875 0.2575555555555556 0.0037812500000001135 0.005092592592592593
0 0.5582864583333333 0.252462962962963 0.0029791666666665623 0.005092592592592593
0 0.5565677083333332 0.2662222222222222 0.004359374999999943 0.0052962962962963215
0 0.5631041666666667 0.2647962962962963 0.004359374999999943 0.006518518518518485
0 0.5648802083333333 0.2525648148148148 0.0033229166666667235 0.004481481481481511
0 0.568265625 0.2540925925925926 0.002291666666666714 0.0034629629629629715
0 0.5699270833333333 0.2605092592592593 0.0026354166666666384 0.0036666666666667004
0 0.5752552083333333 0.2582685185185185 0.005505208333333418 0.006111111111111132
0 0.5815625 0.25612962962962965 0.0029791666666665623 0.006314814814814861
0 0.4453020833333333 0.24525 0.003244791666666676 0.004814814814814857
0 0.4486614583333333 0.24862037037037035 0.002598958333333338 0.004999999999999979
0 0.45829166666666665 0.2423611111111111 0.0030312499999999667 0.00403703703703705
0 0.46083854166666666 0.24294444444444444 0.002708333333333357 0.00403703703703705
0 0.46890104166666663 0.2526574074074074 0.001734374999999962 0.0034629629629629715
0 0.47734375 0.2538148148148148 0.004546875000000009 0.0038518518518518225
0 0.48594791666666665 0.25487037037037036 0.004656250000000028 0.004425925925925901
0 0.492875 0.25400925925925927 0.0040052083333333615 0.0038518518518518225
0 0.49108854166666666 0.25958333333333333 0.0021666666666667095 0.004620370370370379
0 0.4969375 0.25660185185185186 0.002812500000000047 0.004425925925925901
0 0.49606770833333336 0.2617962962962963 0.002812500000000047 0.005583333333333308
0 0.486921875 0.26411111111111113 0.003786458333333324 0.006351851851851865
0 0.4805885416666667 0.26362962962962966 0.002598958333333338 0.005768518518518536
0 0.4824322916666667 0.268537037037037 0.003463541666666714 0.006731481481481465
0 0.48497395833333334 0.2728611111111111 0.003786458333333324 0.004999999999999979
0 0.4856770833333333 0.28258333333333335 0.003244791666666676 0.004425925925925901
0 0.48757291666666663 0.26987962962962964 0.003140624999999986 0.004814814814814857
0 0.47415104166666666 0.2574722222222222 0.003140624999999986 0.004999999999999979
0 0.47404166666666664 0.2638240740740741 0.0020572916666666903 0.005768518518518536
0 0.47615104166666666 0.2674722222222222 0.0030312499999999667 0.005388888888888935
0 0.4789114583333333 0.2735370370370371 0.003140624999999986 0.006351851851851865
0 0.46440624999999996 0.2559259259259259 0.004656250000000028 0.0076944444444443936
0 0.46489583333333334 0.2621851851851852 0.0038958333333333427 0.007120370370370421
0 0.469984375 0.26825 0.004114583333333381 0.006157407407407387
0 0.46722395833333336 0.27075000000000005 0.002708333333333357 0.004231481481481528
0 0.460890625 0.26728703703703705 0.004114583333333381 0.005388888888888935
0 0.4585104166666667 0.27228703703703705 0.0023802083333333 0.005768518518518536
0 0.46240625 0.2718055555555556 0.0023802083333333 0.006351851851851865
0 0.4564010416666667 0.26131481481481483 0.002489583333333319 0.010777777777777765
0 0.440703125 0.26391666666666663 0.002489583333333319 0.0036574074074074495
0 0.44741666666666663 0.25852777777777775 0.003354166666666695 0.004425925925925901
0 0.45239583333333333 0.2624722222222223 0.002921874999999948 0.005388888888888935
0 0.4494166666666667 0.26689814814814816 0.003463541666666714 0.009620370370370357
0 0.45391145833333335 0.2686296296296296 0.003354166666666695 0.010777777777777765
0 0.4403229166666666 0.2843148148148148 0.005843750000000014 0.007509259259259272
0 0.44465625000000003 0.26632407407407405 0.002812500000000047 0.004999999999999979
0 0.435671875 0.253712962962963 0.0036822916666666337 0.005962962962963014
0 0.43588541666666664 0.2607407407407408 0.004114583333333381 0.006157407407407387
0 0.43929687500000003 0.25506481481481486 0.003140624999999986 0.005194444444444457
0 0.422734375 0.2543888888888889 0.004223958333333281 0.004999999999999979
0 0.42311458333333335 0.25910185185185186 0.003244791666666676 0.003268518518518493
0 0.4231666666666667 0.2653611111111111 0.003786458333333324 0.005768518518518536
0 0.427875 0.2654537037037037 0.0021666666666667095 0.005583333333333308
0 0.4295572916666667 0.26939814814814816 0.0035729166666666145 0.005768518518518536
0 0.4315572916666667 0.2647777777777778 0.003244791666666676 0.0034629629629629715
0 0.4290677083333333 0.25852777777777775 0.006494791666666681 0.008277777777777828
0 0.4112604166666667 0.2567962962962963 0.003140624999999986 0.00403703703703705
0 0.4165104166666667 0.2617037037037037 0.0021666666666667095 0.005388888888888935
0 0.4187291666666667 0.253712962962963 0.004223958333333281 0.007509259259259272
0 0.4073645833333333 0.25217592592592597 0.0022708333333332814 0.0036574074074074495
0 0.4043333333333334 0.25631481481481483 0.0040052083333333615 0.0038518518518518225
0 0.4023333333333333 0.2571851851851852 0.0038958333333333427 0.004425925925925901
0 0.3985989583333333 0.2598703703703704 0.003354166666666695 0.006351851851851865
0 0.40346875 0.2609351851851852 0.0020572916666666903 0.004999999999999979
0 0.40601041666666665 0.2616111111111111 0.0019479166666666714 0.005194444444444457
0 0.41034375 0.2609351851851852 0.0023802083333333 0.0065462962962963426
0 0.4126666666666667 0.2664166666666667 0.0018385416666666524 0.0021203703703703367
0 0.4136458333333334 0.2703611111111111 0.0040052083333333615 0.004999999999999979
0 0.4142395833333333 0.2795 0.004114583333333381 0.006351851851851865
0 0.4090989583333334 0.28151851851851856 0.004656250000000028 0.007314814814814794
0 0.40541666666666665 0.2934537037037037 0.004437499999999991 0.007314814814814794
0 0.388640625 0.28835185185185186 0.0035729166666666145 0.005194444444444457
0 0.38939583333333333 0.2975925925925926 0.002489583333333319 0.010972222222222243
0 0.39378124999999997 0.2803703703703704 0.0030312499999999667 0.004231481481481528
0 0.39378124999999997 0.2855648148148148 0.004760416666666719 0.005768518518518536
0 0.39870833333333333 0.26728703703703705 0.0022708333333332814 0.0038518518518518225
0 0.40011458333333333 0.26939814814814816 0.0048697916666666195 0.004231481481481528
0 0.40260416666666665 0.27555555555555555 0.005953125000000033 0.0076944444444443936
0 0.39134375 0.25775925925925924 0.0022708333333332814 0.00403703703703705
0 0.39296875 0.26237962962962963 0.0018385416666666524 0.005583333333333308
0 0.390046875 0.26709259259259255 0.0020572916666666903 0.003083333333333371
0 0.38875 0.2709351851851852 0.0018385416666666524 0.004620370370370379
0 0.38571875 0.2689166666666667 0.002489583333333319 0.00403703703703705
0 0.3807916666666667 0.2662222222222222 0.0038958333333333427 0.005194444444444457
0 0.37700520833333334 0.2664166666666667 0.002598958333333338 0.004425925925925901
0 0.37527083333333333 0.27237962962962964 0.005197916666666676 0.007888888888888872
0 0.33570833333333333 0.2699814814814815 0.0035729166666666145 0.00808333333333335
0 0.3463177083333333 0.2710370370370371 0.0040052083333333615 0.007120370370370421
0 0.3536770833333333 0.27738888888888885 0.0035729166666666145 0.005194444444444457
0 0.353296875 0.2850833333333333 0.004114583333333381 0.007120370370370421
0 0.3549791666666666 0.28960185185185183 0.003140624999999986 0.005768518518518536
0 0.35465104166666667 0.29836111111111113 0.005088541666666657 0.006731481481481465
0 0.343828125 0.29191666666666666 0.003786458333333324 0.005768518518518536
0 0.34669791666666666 0.2907592592592592 0.004114583333333381 0.005768518518518536
0 0.3477239583333333 0.2975925925925926 0.005520833333333286 0.008277777777777828
0 0.3620104166666666 0.28825925925925927 0.004223958333333281 0.006157407407407387
0 0.36753125 0.28421296296296295 0.004223958333333281 0.006157407407407387
0 0.3573020833333333 0.26805555555555555 0.004114583333333381 0.006925925925925943
0 0.35221874999999997 0.2647777777777778 0.004328124999999972 0.005388888888888935
0 0.34529166666666666 0.25054629629629627 0.0021666666666667095 0.004620370370370379
0 0.35048437499999996 0.24669444444444444 0.003244791666666676 0.004620370370370379
0 0.3500520833333333 0.2520833333333333 0.004979166666666638 0.005388888888888935
0 0.35811458333333335 0.26208333333333333 0.002921874999999948 0.004231481481481528
0 0.35627604166666665 0.2557407407407407 0.004437499999999991 0.006157407407407387
0 0.36628645833333334 0.26612962962962966 0.002598958333333338 0.004620370370370379
0 0.362609375 0.26362962962962966 0.003463541666666714 0.004999999999999979
0 0.3696979166666667 0.26612962962962966 0.003786458333333324 0.007314814814814794
0 0.37229687499999997 0.25872222222222224 0.002921874999999948 0.004814814814814857
0 0.308921875 0.27199999999999996 0.004760416666666719 0.005962962962963014
0 0.3018854166666667 0.2571851851851852 0.002598958333333338 0.003268518518518493
0 0.306375 0.26199074074074075 0.003354166666666695 0.004814814814814857
0 0.31059895833333334 0.2628611111111111 0.0035729166666666145 0.004620370370370379
0 0.31341145833333334 0.25910185185185186 0.005302083333333366 0.005583333333333308
0 0.3189322916666667 0.2695925925925926 0.005088541666666657 0.006157407407407387
0 0.3158489583333333 0.2727685185185185 0.005197916666666676 0.007509259259259272
0 0.31519791666666663 0.2520833333333333 0.004979166666666638 0.005768518518518536
0 0.320125 0.2555462962962963 0.0035729166666666145 0.004620370370370379
0 0.3234791666666667 0.26275925925925925 0.004437499999999991 0.008657407407407428
0 0.32488541666666665 0.252462962962963 0.003786458333333324 0.0034629629629629715
0 0.3352760416666667 0.25775925925925924 0.003354166666666695 0.004425925925925901
0 0.3285677083333333 0.25602777777777774 0.003354166666666695 0.002500000000000042
0 0.3295416666666667 0.26025925925925925 0.002921874999999948 0.005583333333333308
0 0.33338020833333337 0.2642962962962963 0.0036822916666666337 0.005583333333333308
0 0.329484375 0.2644907407407407 0.004114583333333381 0.005583333333333308
0 0.3301875 0.27141666666666664 0.003354166666666695 0.006351851851851865
0 0.27791145833333336 0.2646851851851852 0.0048697916666666195 0.006351851851851865
0 0.2719010416666666 0.2889351851851852 0.005630208333333305 0.007120370370370421
0 0.26567708333333334 0.2897037037037037 0.0040052083333333615 0.006351851851851865
0 0.2877604166666667 0.28815740740740736 0.0035729166666666145 0.005962962962963014
0 0.2963645833333333 0.2909537037037037 0.004114583333333381 0.005768518518518536
0 0.2860833333333333 0.2599722222222222 0.006276041666666643 0.005388888888888935
0 0.29414583333333333 0.26208333333333333 0.004223958333333281 0.006157407407407387
0 0.289921875 0.27411111111111114 0.0035729166666666145 0.00403703703703705
0 0.33645833333333336 0.25157407407407406 0.0033177083333332763 0.00425000000000003