0 0.02546875 0.8008888888888889 0.01503125 0.029694444444444384
0 0.018786458333333332 0.8821666666666667 0.011692708333333334 0.021527777777777778
0 0.09665625000000001 0.9928518518518519 0.016281249999999994 0.014296296296296347
0 0.15260416666666668 0.9921111111111112 0.02379687500000003 0.015777777777777745
0 0.2356875 0.7871574074074074 0.014614583333333304 0.02003703703703713
0 0.27472395833333335 0.7292592592592593 0.014197916666666663 0.02003703703703713
0 0.3070833333333333 0.7107037037037036 0.011270833333333386 0.018555555555555523
0 0.296015625 0.8268611111111112 0.010020833333333338 0.02078703703703708
0 0.28161458333333333 0.8539537037037037 0.010437499999999982 0.017074074074074123
0 0.33985937499999996 0.6383333333333333 0.010854166666666625 0.016333333333333425
0 0.36991666666666667 0.6695092592592593 0.009187500000000052 0.01781481481481482
0 0.388078125 0.6991944444444445 0.009604166666666695 0.022268518518518476
0 0.367828125 0.7162685185185186 0.011692708333333357 0.01929629629629622
0 0.37722395833333333 0.7351944444444445 0.008765624999999963 0.018555555555555523
0 0.3454947916666667 0.781962962962963 0.012942708333333285 0.018555555555555523
0 0.360734375 0.8083055555555556 0.011692708333333357 0.023750000000000084
0 0.34779166666666667 0.9125925925925926 0.013359375000000047 0.02003703703703713
0 0.3605260416666667 0.9203888888888889 0.01377604166666669 0.02672222222222213
0 0.37722395833333333 0.5889722222222222 0.007932291666666676 0.011129629629629613
0 0.40666145833333334 0.5893425925925926 0.00834895833333332 0.014842592592592567
0 0.4191875 0.5937962962962963 0.00834895833333332 0.014842592592592567
0 0.407078125 0.6249722222222223 0.012526041666666644 0.01336111111111117
0 0.41041666666666665 0.6387037037037037 0.00834895833333332 0.018555555555555523
0 0.43839062500000003 0.6108703703703704 0.006682291666666629 0.01781481481481482
0 0.45530208333333333 0.6223796296296296 0.00709895833333339 0.011129629629629613
0 0.46678125000000004 0.5923148148148148 0.011692708333333357 0.02078703703703708
0 0.48452604166666663 0.5930555555555556 0.006260416666666657 0.014842592592592567
0 0.5020625 0.6168055555555555 0.009604166666666695 0.01929629629629622
0 0.5367135416666666 0.6390740740740741 0.007932291666666676 0.016333333333333425
0 0.5521614583333334 0.6461296296296297 0.008765624999999963 0.015583333333333267
0 0.47220833333333334 0.6669074074074074 0.015031249999999947 0.018555555555555523
0 0.49245833333333333 0.6557777777777778 0.00709895833333339 0.015583333333333267
0 0.5008072916666666 0.6654259259259259 0.008765624999999963 0.015583333333333267
0 0.5018541666666666 0.6876944444444445 0.010020833333333338 0.018555555555555523
0 0.5337916666666668 0.6962314814814814 0.00709895833333339 0.016333333333333425
0 0.42503124999999997 0.7214629629629629 0.0075156250000000336 0.016333333333333425
0 0.4120885416666667 0.7496666666666667 0.015031249999999947 0.023750000000000084
0 0.42816145833333336 0.7901203703703704 0.011270833333333386 0.023009259259259174
0 0.408328125 0.8161018518518518 0.010854166666666625 0.02449074074074078
0 0.4515416666666667 0.7993981481481481 0.009604166666666695 0.02078703703703708
0 0.500390625 0.7518981481481481 0.014614583333333304 0.022268518518518476
0 0.5214739583333333 0.7838148148148149 0.009187500000000052 0.01781481481481482
0 0.48870312499999996 0.8198148148148148 0.011270833333333386 0.02449074074074078
0 0.5143802083333333 0.8483888888888889 0.00834895833333332 0.025240740740740734
0 0.4456979166666667 0.8539537037037037 0.010437499999999982 0.021527777777777778
0 0.4110416666666667 0.9478518518518518 0.012942708333333285 0.025240740740740734
0 0.4081197916666667 0.9943333333333334 0.005427083333333371 0.01132407407407409
0 0.43671875 0.9805092592592592 0.010854166666666625 0.028203703703703738
0 0.43609375 0.9278148148148148 0.010437499999999982 0.01929629629629622
0 0.47241666666666665 0.9125925925925926 0.009604166666666695 0.02449074074074078
0 0.47596875 0.9615833333333333 0.009187500000000052 0.0333981481481482
0 0.4866145833333333 0.9485925925925927 0.010437499999999982 0.029694444444444492
0 0.5279479166666666 0.931888888888889 0.008765624999999963 0.02746296296296304
0 0.5628124999999999 0.9601018518518519 0.010854166666666743 0.025981481481481432
0 0.5776302083333333 0.972712962962963 0.009604166666666695 0.030435185185185083
0 0.6129114583333333 0.9883981481481482 0.01002083333333322 0.023203703703703654
0 0.5749166666666666 0.858037037037037 0.01002083333333322 0.02672222222222213
0 0.6066510416666666 0.8439351851851852 0.012526041666666762 0.02672222222222213
0 0.7089427083333334 0.9552777777777778 0.01002083333333322 0.026722222222222234
0 0.69203125 0.748925925925926 0.007932291666666676 0.014842592592592567
0 0.7356614583333333 0.8235277777777777 0.010854166666666743 0.015583333333333267
0 0.7805416666666667 0.829462962962963 0.017953124999999896 0.02003703703703713
0 0.8584114583333334 0.8457962962962964 0.017536458333333373 0.021527777777777778
0 0.89828125 0.8283518518518519 0.020458333333333436 0.029694444444444384
0 0.99471875 0.8311388888888889 0.010562500000000105 0.025601851851851935
0 0.8491562500000001 0.41912962962962963 0.012802083333333296 0.02844444444444447
0 0.7231979166666667 0.71075 0.010812500000000114 0.018574074074074024
0 0.7341927083333334 0.6937685185185185 0.015494791666666667 0.017935185185185085
0 0.7347291666666667 0.6678240740740741 0.013692708333333314 0.019861111111111152
0 0.7118489583333333 0.5983240740740742 0.016213541666666723 0.017935185185185085
0 0.589234375 0.6139351851851852 0.005625000000000094 0.01368518518518516
0 0.5967864583333333 0.6031388888888889 0.004145833333333352 0.012111111111111043
0 0.625515625 0.593925925925926 0.005921874999999943 0.014740740740740808
0 0.655875 0.5546944444444445 0.012140624999999971 0.014212962962962879
0 0.665203125 0.5054629629629629 0.01066145833333323 0.012638888888888974
0 0.6292187499999999 0.5360092592592592 0.006812499999999962 0.012638888888888974
0 0.2745520833333333 0.46202777777777776 0.008885416666666639 0.015268518518518527
0 0.28640104166666663 0.4615 0.008291666666666704 0.011055555555555607
0 0.31172395833333333 0.4562407407407407 0.007994791666666619 0.008953703703703665
0 0.33452604166666666 0.392 0.004442708333333319 0.011055555555555607
0 0.335859375 0.40305555555555556 0.005921874999999943 0.014212962962962985
0 0.34474479166666666 0.3906851851851852 0.005921874999999943 0.011583333333333326
0 0.3570364583333333 0.38357407407407407 0.006812499999999962 0.014212962962962985
0 0.36147916666666663 0.42833333333333334 0.008588541666666671 0.01632407407407407
0 0.36458854166666665 0.44834259259259257 0.008885416666666639 0.01632407407407407
0 0.34044791666666663 0.46229629629629626 0.010958333333333315 0.016851851851851896
0 0.34207812499999996 0.4923055555555556 0.010661458333333347 0.01895370370370373
0 0.33956250000000004 0.5296851851851851 0.007994791666666619 0.021064814814814814
0 0.35821875 0.5275833333333333 0.008588541666666671 0.015796296296296246
0 0.3604427083333333 0.4936203703703704 0.008885416666666639 0.013166666666666691
0 0.37688020833333336 0.4127962962962963 0.011552083333333367 0.012638888888888868
0 0.39109374999999996 0.4091111111111111 0.006218750000000028 0.010527777777777782
0 0.39168749999999997 0.42806481481481484 0.012734375000000023 0.015796296296296246
0 0.40190624999999996 0.4383333333333333 0.008291666666666704 0.014212962962962985
0 0.38828125 0.4841388888888889 0.008885416666666639 0.014212962962962879
0 0.39894270833333334 0.5002037037037037 0.008291666666666704 0.014740740740740808
0 0.38206249999999997 0.5357407407407407 0.008885416666666639 0.015268518518518527
0 0.407234375 0.4704537037037037 0.008885416666666639 0.01632407407407407
0 0.41212499999999996 0.4077962962962963 0.007406250000000014 0.015268518518518527
0 0.425453125 0.41779629629629633 0.008588541666666671 0.01632407407407407
0 0.4405572916666667 0.4127962962962963 0.009776041666666657 0.016851851851851896
0 0.44410937500000003 0.44254629629629627 0.01036458333333338 0.015268518518518527
0 0.4298958333333333 0.4833518518518518 0.008588541666666671 0.012638888888888974
0 0.42604166666666665 0.49677777777777776 0.010958333333333315 0.017379629629629613
0 0.43907291666666665 0.4907222222222222 0.009182291666666724 0.012638888888888974
0 0.43196875 0.5357407407407407 0.008588541666666671 0.01842592592592601
0 0.4315208333333333 0.5504814814814815 0.010067708333333295 0.020537037037037097
0 0.45951041666666664 0.541537037037037 0.008588541666666671 0.016324074074074175
0 0.4783177083333333 0.531 0.006515624999999995 0.012111111111111043
0 0.47165625 0.5610185185185185 0.008588541666666671 0.014212962962962879
0 0.4941614583333333 0.5402222222222223 0.006218750000000028 0.01368518518518516
0 0.5135625 0.5512777777777778 0.006515624999999995 0.01368518518518516
0 0.52659375 0.5681203703703704 0.008291666666666704 0.016851851851851896
0 0.48246354166666666 0.4809814814814815 0.007109375000000047 0.011055555555555607
0 0.4925364583333333 0.5049444444444445 0.005921874999999943 0.010527777777777676
0 0.4917916666666667 0.5170555555555555 0.006218750000000028 0.012638888888888974
0 0.45107291666666666 0.40385185185185185 0.005333333333333338 0.008425925925925948
0 0.45729166666666665 0.3925277777777778 0.004739583333333286 0.011055555555555607
0 0.4553645833333333 0.36383333333333334 0.01036458333333338 0.012638888888888868
0 0.4652864583333333 0.3767314814814815 0.007697916666666652 0.011055555555555607
0 0.4678020833333333 0.33012962962962966 0.005036458333333371 0.007370370370370404
0 0.4686927083333333 0.34435185185185185 0.006218750000000028 0.00948148148148149
0 0.4829114583333334 0.3609351851851852 0.01036458333333338 0.009999999999999959
0 0.48527604166666666 0.3690925925925926 0.008588541666666671 0.010527777777777782
0 0.481578125 0.3748888888888889 0.010661458333333347 0.016851851851851896
0 0.473578125 0.3967407407407408 0.007697916666666652 0.014212962962962985
0 0.4861666666666667 0.44228703703703703 0.009776041666666657 0.021064814814814814
0 0.49564583333333334 0.4341203703703704 0.012140624999999971 0.014212962962962985
0 0.496828125 0.4043703703703704 0.006812499999999962 0.012638888888888868
0 0.50334375 0.40726851851851853 0.006812499999999962 0.014212962962962985
0 0.501421875 0.42016666666666663 0.007109375000000047 0.010527777777777782
0 0.4983125 0.3322407407407407 0.004442708333333319 0.00948148148148149
0 0.5131197916666667 0.3264444444444444 0.004442708333333319 0.00948148148148149
0 0.5125260416666666 0.34224074074074073 0.005624999999999976 0.010527777777777782
0 0.5190416666666666 0.3532962962962963 0.007994791666666619 0.011583333333333326
0 0.5095625 0.3617222222222222 0.009182291666666724 0.014740740740740704
0 0.4993489583333333 0.3743611111111111 0.008291666666666704 0.012638888888888868
0 0.5114895833333333 0.39225925925925925 0.008291666666666704 0.01368518518518516
0 0.5217083333333333 0.3933148148148148 0.006218750000000028 0.01368518518518516
0 0.514453125 0.4054259259259259 0.010067708333333295 0.012638888888888868
0 0.5171145833333334 0.4209629629629629 0.010661458333333347 0.013166666666666691
0 0.5111927083333333 0.4349166666666667 0.010067708333333295 0.012638888888888868
0 0.5023072916666667 0.48387962962962966 0.006515624999999995 0.01368518518518516
0 0.5150416666666666 0.4696666666666667 0.007109375000000047 0.021064814814814814
0 0.5174114583333334 0.5123148148148148 0.007697916666666652 0.011583333333333326
0 0.5270364583333333 0.5123148148148148 0.012140624999999971 0.01895370370370373
0 0.5341458333333333 0.5009907407407408 0.007406249999999955 0.017379629629629613
0 0.5310364583333335 0.47598148148148145 0.008885416666666698 0.015796296296296246
0 0.5344427083333334 0.45728703703703705 0.010958333333333315 0.013166666666666691
0 0.5348854166666667 0.43701851851851853 0.010067708333333295 0.015796296296296246
0 0.5251145833333334 0.3669907407407408 0.007697916666666652 0.00948148148148149
0 0.5351822916666666 0.31828703703703703 0.004739583333333286 0.008953703703703665
0 0.54021875 0.3361851851851852 0.007697916666666771 0.013166666666666691
0 0.5319270833333333 0.3506666666666667 0.006515625000000054 0.00948148148148149
0 0.5462916666666667 0.33355555555555555 0.005036458333333371 0.011055555555555607
0 0.5510260416666667 0.3406666666666667 0.004442708333333437 0.012638888888888868
0 0.5559166666666666 0.34435185185185185 0.0053333333333332195 0.010527777777777782
0 0.5605052083333334 0.27800925925925923 0.005036458333333371 0.008425925925925948
0 0.5852343750000001 0.31354629629629627 0.005921874999999943 0.012111111111111149
0 0.56628125 0.3348703703703704 0.007109375000000047 0.01368518518518516
0 0.5316302083333333 0.37910185185185186 0.007697916666666711 0.016851851851851896
0 0.539921875 0.38278703703703704 0.010067708333333295 0.012638888888888868
0 0.5498437500000001 0.3941111111111111 0.007994791666666619 0.014212962962962985
0 0.5504374999999999 0.36593518518518514 0.0074062499999998956 0.01368518518518516
0 0.5536927083333333 0.35856481481481484 0.009182291666666724 0.011583333333333326
0 0.5616927083333334 0.3667314814814815 0.007994791666666619 0.009999999999999959
0 0.5698333333333333 0.35435185185185186 0.007109375000000047 0.012638888888888868
0 0.5741302083333333 0.3635648148148148 0.012140624999999971 0.013166666666666691
0 0.5670208333333334 0.37330555555555556 0.009182291666666724 0.012638888888888868
0 0.598265625 0.3690925925925926 0.007697916666666771 0.011583333333333326
0 0.6041927083333333 0.36303703703703705 0.008885416666666639 0.012111111111111149
0 0.5451041666666666 0.4844074074074074 0.012734374999999905 0.014740740740740808
0 0.552359375 0.5025740740740741 0.006515625000000113 0.015268518518518527
0 0.5579895833333333 0.5154722222222222 0.005921874999999943 0.015796296296296246
0 0.5600625 0.5367962962962963 0.005921874999999943 0.014212962962962879
0 0.5658385416666667 0.5317962962962963 0.008588541666666553 0.014740740740740808
0 0.5602083333333333 0.5739166666666667 0.007994791666666619 0.01368518518518516
0 0.5744270833333334 0.5794444444444444 0.01036458333333338 0.020537037037037097
0 0.5735364583333333 0.5436388888888889 0.011552083333333248 0.013166666666666691
0 0.5461406249999999 0.4451759259259259 0.007697916666666771 0.015268518518518527
0 0.5557656249999999 0.4096388888888889 0.005036458333333371 0.00948148148148149
0 0.55665625 0.4209629629629629 0.0074062499999998956 0.017379629629629613
0 0.570578125 0.4056944444444444 0.005625000000000094 0.014212962962962985
0 0.5847916666666666 0.402 0.006218750000000028 0.009999999999999959
0 0.5941197916666667 0.39831481481481484 0.0053333333333332195 0.009999999999999959
0 0.6333645833333333 0.3914722222222222 0.009776041666666657 0.012111111111111149
0 0.6361770833333333 0.40332407407407406 0.007109375000000047 0.01368518518518516
0 0.56346875 0.45649999999999996 0.008588541666666553 0.016851851851851896
0 0.5646510416666667 0.48756481481481484 0.006812499999999962 0.01789814814814808
0 0.5803489583333333 0.4801944444444445 0.006218750000000028 0.016851851851851896
0 0.5924947916666666 0.5562777777777778 0.006812499999999962 0.012111111111111043
0 0.605078125 0.5478518518518518 0.009479166666666572 0.01842592592592601
0 0.5822760416666667 0.43886111111111115 0.008291666666666704 0.009999999999999959
0 0.6007864583333333 0.43096296296296294 0.009776041666666657 0.018425925925925905
0 0.6135208333333334 0.4393888888888889 0.008588541666666553 0.012111111111111149
0 0.6221093750000001 0.4609722222222222 0.01036458333333338 0.017379629629629613
0 0.6055260416666666 0.47413888888888894 0.009776041666666657 0.017379629629629613
0 0.5942708333333333 0.5002037037037037 0.009776041666666657 0.015796296296296246
0 0.6194427083333333 0.5183703703703704 0.014510416666666732 0.01842592592592601
0 0.3544322916666667 0.14364814814814814 0.007151041666666676 0.0076944444444444465
0 0.3693854166666667 0.149 0.0039531249999999575 0.006351851851851865
0 0.3722083333333333 0.1453148148148148 0.0035729166666666145 0.0056851851851851725
0 0.380015625 0.1481574074074074 0.003760416666666681 0.006685185185185211
0 0.38932812499999997 0.14983333333333332 0.0031979166666667187 0.005351851851851826
0 0.39986458333333336 0.1505 0.0039531249999999575 0.004685185185185187
0 0.5545572916666667 0.22106481481481483 0.003677083333333305 0.006212962962962944
0 0.5599791666666667 0.22351851851851853 0.003125 0.007185185185185176
0 0.5657708333333333 0.2109351851851852 0.00514583333333339 0.006212962962962944
0 0.5675156250000001 0.2151851851851852 0.003859374999999924 0.0075185185185185225
0 0.5740416666666667 0.21762962962962962 0.002572916666666695 0.00587962962962965
0 0.5728489583333333 0.22416666666666665 0.0027552083333333144 0.011111111111111112
0 0.6107135416666666 0.22335185185185186 0.00716666666666678 0.008824074074074048
0 0.6179739583333334 0.22335185185185186 0.007718750000000085 0.00816666666666666
0 0.6334114583333333 0.2643611111111111 0.004411458333333229 0.01045370370370367
0 0.6561145833333334 0.2955648148148148 0.005697916666666695 0.0062129629629629965
0 0.68975 0.2932777777777778 0.0049635416666667705 0.00947222222222224
0 0.7100624999999999 0.28576851851851853 0.0058802083333333146 0.008824074074074048
0 0.7158645833333334 0.46883333333333327 0.005859375 0.01177777777777775
0 0.7650416666666667 0.31499074074074074 0.005442708333333239 0.01045370370370367
0 0.7699427083333333 0.321962962962963 0.004791666666666572 0.00890740740740741
0 0.7811614583333333 0.3591388888888889 0.007624999999999934 0.0143240740740741
0 0.8005416666666666 0.3635925925925926 0.008932291666666713 0.010842592592592626
0 0.8049010416666668 0.3475185185185185 0.00501041666666661 0.00890740740740741
0 0.8241770833333334 0.3705555555555555 0.009583333333333381 0.009296296296296263
0 0.8335416666666667 0.3475185185185185 0.005229166666666648 0.01045370370370367
0 0.8459583333333334 0.30666666666666664 0.004791666666666572 0.01006481481481482
0 0.8602239583333334 0.2828611111111111 0.007187500000000095 0.01045370370370367
0 0.9381979166666666 0.2834351851851852 0.00501041666666661 0.00851851851851856
0 0.9417916666666667 0.2795648148148148 0.0074062499999998956 0.010842592592592626
0 0.9599791666666667 0.35739814814814813 0.009802083333333418 0.01471296296296295
0 0.979796875 0.23310185185185187 0.004572916666666771 0.004648148148148131
0 0.9813229166666667 0.24142592592592593 0.007624999999999934 0.00890740740740741
0 0.98665625 0.23812962962962964 0.005229166666666648 0.0061944444444444685
0 0.9891614583333334 0.24064814814814814 0.006750000000000019 0.005037037037037087
0 0.9861145833333332 0.244712962962963 0.005442708333333239 0.007740740740740754
0 0.9927552083333333 0.24529629629629632 0.007838541666666761 0.009675925925925968