0 0.13695833333333332 0.8850740740740741 0.013562499999999996 0.027740740740740774
0 0.16316145833333331 0.8803148148148148 0.010604166666666673 0.024074074074074074
0 0.14643229166666666 0.8563611111111111 0.012739583333333353 0.026555555555555613
0 0.14676041666666664 0.8328518518518518 0.012083333333333357 0.031083333333333275
0 0.240484375 0.8477685185185185 0.014177083333333347 0.017712962962963066
0 0.2811302083333333 0.8520462962962964 0.016276041666666668 0.02050000000000009
0 0.22959895833333333 0.8228611111111112 0.017416666666666636 0.01812037037037031
0 0.23955729166666667 0.7970740740740742 0.013713541666666688 0.019240740740740715
0 0.265671875 0.8053148148148148 0.015921875000000026 0.015129629629629554
0 0.289203125 0.7922407407407407 0.015760416666666662 0.014500000000000075
0 0.31954166666666667 0.9154444444444444 0.012484375000000015 0.029583333333333375
0 0.3695364583333333 0.9125185185185185 0.01576562499999999 0.02618518518518516
0 0.39716145833333333 0.8810185185185185 0.014015625000000042 0.019999999999999917
0 0.4115729166666667 0.91725 0.01828645833333328 0.0257777777777777
0 0.458296875 0.8892037037037037 0.015609375000000014 0.023194444444444403
0 0.4743645833333333 0.8572962962962963 0.011901041666666619 0.02112037037037032
0 0.37474999999999997 0.8310925925925926 0.01413020833333339 0.01894444444444448
0 0.4080729166666667 0.8232777777777778 0.01185937499999999 0.01812037037037031
0 0.36305729166666667 0.792962962962963 0.01853645833333329 0.024175925925925833
0 0.408796875 0.7666574074074074 0.010411458333333339 0.016037037037036978
0 0.42266145833333335 0.7537962962962963 0.010932291666666672 0.019120370370370454
0 0.42624999999999996 0.7773148148148148 0.011161458333333367 0.018407407407407508
0 0.24021875 0.7641574074074073 0.018276041666666683 0.0143240740740741
0 0.26945833333333336 0.7458888888888888 0.014234374999999992 0.01894444444444448
0 0.31646875 0.7370833333333333 0.012859375000000029 0.016981481481481406
0 0.27110416666666665 0.7193333333333334 0.013828124999999976 0.018518518518518517
0 0.27944270833333335 0.6947777777777778 0.011052083333333348 0.017175925925925883
0 0.26453645833333334 0.6808888888888889 0.00902083333333336 0.01819444444444453
0 0.283234375 0.6639537037037038 0.014468749999999985 0.022203703703703722
0 0.143515625 0.6364351851851852 0.0077916666666666854 0.014101851851851869
0 0.17408333333333334 0.6277407407407408 0.007015625000000014 0.023064814814814892
0 0.20208333333333334 0.6554814814814814 0.017484375000000028 0.023370370370370378
0 0.23806249999999998 0.6514722222222222 0.007479166666666674 0.02522222222222223
0 0.1253125 0.49035185185185187 0.009682291666666653 0.011712962962963046
0 0.18355208333333334 0.538324074074074 0.009708333333333326 0.019009259259259233
0 0.18169791666666668 0.5663703703703703 0.006947916666666683 0.016231481481481458
0 0.17784375 0.586675925925926 0.007807291666666672 0.01962962962962967
0 0.20918229166666666 0.5681481481481482 0.007177083333333319 0.02113888888888882
0 0.2228125 0.6244444444444445 0.00731770833333331 0.019388888888888938
0 0.23366145833333332 0.6255925925925926 0.0061718750000000116 0.01963888888888892
0 0.247890625 0.6295185185185185 0.0070208333333333425 0.022777777777777692
0 0.25605208333333335 0.6048611111111111 0.006687500000000016 0.018787037037037005
0 0.24494270833333334 0.5884444444444444 0.006833333333333335 0.01776851851851857
0 0.23330729166666667 0.5774537037037036 0.008786458333333335 0.019453703703703695
0 0.15144791666666665 0.4105 0.007151041666666676 0.013064814814814828
0 0.21871354166666668 0.4115185185185185 0.009218750000000024 0.011027777777777747
0 0.20876562499999998 0.4876574074074074 0.007218750000000007 0.01444444444444436
0 0.21768749999999998 0.5312314814814815 0.00919791666666665 0.017009259259259158
0 0.2185416666666667 0.5424814814814815 0.009958333333333336 0.016499999999999942
0 0.22982291666666665 0.5326666666666666 0.009666666666666638 0.019203703703703712
0 0.24378645833333332 0.5291111111111112 0.009520833333333319 0.01615740740740745
0 0.23964583333333334 0.5578333333333334 0.009807291666666688 0.0154074074074075
0 0.23771875 0.5126111111111111 0.010234374999999988 0.013611111111111154
0 0.2615416666666667 0.5193425925925926 0.0035260416666666574 0.00947222222222224
0 0.2611354166666667 0.5321111111111111 0.005661458333333336 0.01776851851851857
0 0.2605625 0.5752685185185185 0.006421875000000021 0.021166666666666573
0 0.2724375 0.5431574074074074 0.005526041666666615 0.021916666666666734
0 0.28692708333333333 0.5722592592592592 0.0058385416666666854 0.021250000000000043
0 0.28629166666666667 0.5161111111111111 0.00916666666666662 0.014203703703703628
0 0.28372916666666664 0.5327407407407407 0.008161458333333371 0.01326851851851845
0 0.30028125 0.5319444444444444 0.009484375000000019 0.012907407407407458
0 0.29759895833333333 0.5673148148148148 0.008999999999999985 0.01596296296296297
0 0.29652083333333334 0.5903425925925926 0.010505208333333372 0.012009259259259284
0 0.29351041666666666 0.6029259259259259 0.0077395833333332815 0.0169259259259259
0 0.312890625 0.6248425925925927 0.008666666666666718 0.018805555555555506
0 0.32113020833333333 0.620537037037037 0.006833333333333276 0.016564814814814907
0 0.32322395833333334 0.6036481481481482 0.008177083333333357 0.018370370370370294
0 0.32108854166666667 0.570925925925926 0.011958333333333352 0.011629629629629578
0 0.30752083333333335 0.501324074074074 0.004437499999999991 0.01701851851851862
0 0.302359375 0.49191666666666667 0.007937500000000005 0.018462962962963014
0 0.34567708333333336 0.6086018518518518 0.007125000000000033 0.015833333333333248
0 0.34830208333333335 0.623074074074074 0.007473958333333286 0.01874074074074075
0 0.35790104166666664 0.640712962962963 0.00912499999999999 0.023953703703703602
0 0.36318750000000005 0.626287037037037 0.007958333333333319 0.02458333333333329
0 0.36556770833333335 0.6564444444444445 0.012312500000000053 0.01781481481481482
0 0.35552083333333334 0.5702777777777778 0.010932291666666672 0.01455555555555558
0 0.350765625 0.5533518518518519 0.01079166666666668 0.013499999999999932
0 0.34819791666666666 0.5276851851851851 0.010932291666666672 0.014212962962962879
0 0.35788020833333334 0.5358888888888889 0.009140624999999977 0.011537037037037071
0 0.37081770833333333 0.56825 0.010598958333333287 0.01552777777777776
0 0.3651979166666666 0.4751944444444445 0.0058958333333333 0.01624074074074071
0 0.37961458333333337 0.48759259259259263 0.009916666666666648 0.010972222222222138
0 0.41665625 0.5145740740740741 0.005916666666666614 0.019222222222222213
0 0.405875 0.5321481481481481 0.012390624999999982 0.014462962962962862
0 0.4052447916666667 0.5498611111111111 0.0058385416666666854 0.01808333333333331
0 0.39145833333333335 0.6079537037037037 0.007906250000000033 0.013379629629629672
0 0.40134375 0.602638888888889 0.0077916666666666854 0.015768518518518494
0 0.4077864583333334 0.6256018518518518 0.008885416666666639 0.015694444444444487
0 0.41557812499999996 0.640462962962963 0.010927083333333342 0.017083333333333374
0 0.43205208333333334 0.6335833333333333 0.009812499999999957 0.01691666666666665
0 0.42692708333333335 0.5922222222222222 0.01182812500000002 0.016629629629629664
0 0.434390625 0.6918425925925926 0.00788541666666672 0.016305555555555462
0 0.45002604166666665 0.6669259259259259 0.010520833333333358 0.016203703703703703
0 0.4498020833333333 0.62075 0.008119791666666624 0.012351851851851775
0 0.4662395833333333 0.640962962962963 0.009427083333333286 0.017500000000000085
0 0.480984375 0.6348148148148148 0.008010416666666723 0.019666666666666676
0 0.4830364583333333 0.6536851851851851 0.008708333333333347 0.01808333333333331
0 0.475125 0.6869907407407407 0.011192708333333337 0.015851851851851752
0 0.493328125 0.6875277777777777 0.012203125000000033 0.014046296296296364
0 0.5001510416666667 0.7737499999999999 0.015796874999999964 0.018166666666666567
0 0.5218541666666667 0.7779444444444444 0.014036458333333357 0.021351851851851802
0 0.5212656250000001 0.7474999999999999 0.014890624999999958 0.01714814814814813
0 0.5097708333333333 0.7165092592592593 0.011843750000000005 0.014740740740740808
0 0.5266927083333334 0.6985092592592592 0.01314062500000001 0.017481481481481584
0 0.5500833333333334 0.6824537037037036 0.013541666666666667 0.01487037037037032
0 0.5735156250000001 0.6701574074074074 0.012828125000000056 0.016314814814814713
0 0.550515625 0.7366944444444444 0.010416666666666666 0.016342592592592676
0 0.5800260416666667 0.7485833333333334 0.009578124999999934 0.016425925925925934
0 0.5703697916666666 0.8686481481481482 0.010765625000000037 0.02112037037037032
0 0.5715052083333333 0.8283611111111111 0.015916666666666638 0.018379629629629544
0 0.58003125 0.810138888888889 0.012192708333333257 0.018064814814814808
0 0.6086666666666667 0.7931759259259259 0.01676041666666658 0.013638888888888905
0 0.6415572916666666 0.8313240740740742 0.014859375000000103 0.017638888888888846
0 0.6402552083333333 0.8565277777777778 0.01583333333333338 0.01713888888888888
0 0.675296875 0.8990555555555556 0.01694791666666665 0.018898148148148223
0 0.644203125 0.95825 0.013640625000000028 0.019861111111110944
0 0.72159375 0.8612037037037037 0.017130208333333268 0.018379629629629544
0 0.7321041666666667 0.897537037037037 0.01650520833333336 0.01875925925925925
0 0.7560416666666666 0.8949351851851851 0.018411458333333287 0.018175925925926026
0 0.7364375 0.8249722222222222 0.014286458333333248 0.017064814814814873
0 0.7656666666666666 0.8577685185185185 0.01808333333333323 0.020185185185185143
0 0.8005 0.8415277777777778 0.015197916666666582 0.01777777777777782
0 0.8329010416666667 0.8739629629629629 0.017526041666666714 0.020185185185185143
0 0.8250885416666667 0.9293888888888889 0.0168697916666666 0.014203703703703628
0 0.8256145833333334 0.9603425925925927 0.020796874999999916 0.01586111111111121
0 0.9259687499999999 0.9641018518518518 0.018536458333333408 0.01711111111111113
0 0.9317239583333333 0.9510833333333334 0.014531250000000048 0.029175925925926022
0 0.8573854166666667 0.8294444444444444 0.016796875 0.017370370370370362
0 0.8029218749999999 0.8087962962962963 0.014828124999999895 0.01885185185185176
0 0.7538020833333333 0.7468611111111111 0.015083333333333353 0.017592592592592594
0 0.7914895833333334 0.7451203703703704 0.013567708333333428 0.015277777777777777
0 0.8396927083333333 0.7361944444444445 0.011515625000000066 0.025185185185185227
0 0.819109375 0.7807407407407407 0.015916666666666638 0.019999999999999917
0 0.8432239583333333 0.7068888888888889 0.012802083333333296 0.016314814814814713
0 0.8306145833333333 0.6685185185185185 0.00709895833333339 0.017092592592592628
0 0.8922656250000001 0.6464629629629629 0.015218749999999896 0.010574074074074142
0 0.9204114583333334 0.7087314814814815 0.009369791666666552 0.017694444444444353
0 0.9372916666666666 0.7340462962962963 0.010598958333333287 0.022046296296296244
0 0.91 0.7333240740740741 0.012296875000000066 0.017703703703703604
0 0.9008854166666667 0.7686111111111111 0.015041666666666724 0.019453703703703695
0 0.9049270833333334 0.8202037037037038 0.01711979166666661 0.019666666666666676
0 0.9293750000000001 0.8125370370370371 0.016234375000000037 0.014750000000000058
0 0.9549375 0.8282592592592593 0.02083854166666678 0.020185185185185143
0 0.9205052083333333 0.856574074074074 0.01769270833333323 0.02070370370370361
0 0.9586406249999999 0.870537037037037 0.019130208333333343 0.02316666666666665
0 0.9509322916666666 0.8977962962962963 0.020307291666666553 0.01926851851851847
0 0.9951979166666667 0.8573703703703704 0.009604166666666695 0.020555555555555598
0 0.9489635416666666 0.6024444444444444 0.008895833333333296 0.017305555555555605
0 0.9595468749999999 0.6202222222222222 0.01349479166666659 0.01499074074074079
0 0.9343072916666666 0.44134259259259256 0.011885416666666752 0.010925925925925884
0 0.9107239583333333 0.4358518518518519 0.010713541666666751 0.01647222222222219
0 0.44996875000000003 0.5173611111111112 0.010593749999999957 0.017314814814814856
0 0.48371875000000003 0.46782407407407406 0.011312500000000014 0.010527777777777782
0 0.4610677083333333 0.5469351851851852 0.010312499999999976 0.017694444444444353
0 0.45875520833333333 0.5752962962962963 0.006671874999999971 0.01682407407407414
0 0.4602395833333333 0.6015740740740741 0.007005208333333357 0.010583333333333392
0 0.48557812499999997 0.6140277777777777 0.01172395833333333 0.011398148148148098
0 0.5006666666666667 0.6151666666666666 0.013796875000000005 0.017203703703703638
0 0.49609895833333334 0.5741574074074074 0.012593750000000034 0.013953703703703645
0 0.5244114583333334 0.554462962962963 0.009713541666666714 0.015120370370370303
0 0.5040572916666667 0.5208055555555556 0.0070208333333333425 0.00893518518518527
0 0.5464218750000001 0.5609351851851851 0.012406250000000086 0.013953703703703645
0 0.5298697916666667 0.5931203703703705 0.0070677083333333 0.017194444444444384
0 0.5288541666666667 0.6111944444444445 0.012812500000000011 0.013388888888888922
0 0.5326979166666667 0.6191666666666668 0.011406250000000047 0.012870370370370454
0 0.5582552083333333 0.5822037037037037 0.011932291666666591 0.0135833333333334
0 0.5654427083333334 0.6004999999999999 0.012369791666666666 0.013740740740740665
0 0.5661875 0.543074074074074 0.012598958333333361 0.01466666666666659
0 0.5964270833333334 0.5454259259259259 0.006286458333333419 0.009962962962962955
0 0.5876822916666666 0.6240925925925925 0.012192708333333257 0.012129629629629546
0 0.5765208333333334 0.629712962962963 0.014677083333333249 0.016009259259259227
0 0.6111406250000001 0.5878611111111111 0.013218750000000057 0.015500000000000009
0 0.6203125 0.6184351851851851 0.013380208333333362 0.016101851851851944
0 0.6340572916666667 0.6242777777777778 0.012343749999999905 0.015435185185185253
0 0.596 0.7251851851851853 0.013369791666666705 0.015074074074074049
0 0.6244583333333333 0.7248148148148148 0.014744791666666639 0.017277777777777854
0 0.6257395833333333 0.7690925925925925 0.013010416666666675 0.011787037037037054
0 0.6618645833333333 0.7617037037037037 0.011864583333333437 0.011120370370370362
0 0.6625260416666666 0.7284537037037038 0.01384895833333341 0.01809259259259256
0 0.6759635416666666 0.7303703703703703 0.014265624999999933 0.01721296296296289
0 0.7025 0.7358425925925927 0.014109375000000075 0.021694444444444502
0 0.7116302083333333 0.6998703703703704 0.014859375000000103 0.017925925925925835
0 0.6548385416666667 0.6646666666666667 0.014343749999999982 0.01629629629629621
0 0.6478697916666667 0.6737777777777777 0.020093749999999962 0.019555555555555455
0 0.6658958333333334 0.580824074074074 0.005046875000000029 0.012000000000000033
0 0.6867708333333333 0.5904907407407407 0.007119791666666705 0.015453703703703754
0 0.701296875 0.5980185185185185 0.007416666666666553 0.015824074074073997
0 0.7500364583333333 0.5950925925925926 0.013645833333333239 0.012916666666666708
0 0.78703125 0.6095740740740742 0.006635416666666553 0.014833333333333316
0 0.8011458333333333 0.5928888888888889 0.011062499999999887 0.014379629629629605
0 0.8023072916666667 0.5553055555555556 0.010401041666666562 0.013851851851851886
0 0.7632395833333334 0.5089537037037036 0.008645833333333287 0.014027777777777861
0 0.7546666666666667 0.45813888888888893 0.008020833333333382 0.010555555555555535
0 0.7787395833333334 0.46347222222222223 0.008234374999999971 0.009453703703703737
0 0.7850416666666666 0.4603055555555556 0.012223958333333229 0.012157407407407403
0 0.7792604166666667 0.39537962962962964 0.004307291666666657 0.00963888888888886
0 0.7907291666666667 0.3950462962962963 0.009119791666666781 0.013944444444444395
0 0.24136458333333335 0.38919444444444445 0.005937499999999988 0.009518518518518494
0 0.237078125 0.3789166666666667 0.005338541666666667 0.011342592592592593
0 0.31971354166666666 0.3525648148148148 0.0069947916666666995 0.008787037037037046
0 0.33402604166666666 0.3511111111111111 0.005697916666666695 0.009453703703703737
0 0.37046874999999996 0.3508148148148148 0.0076458333333333664 0.010055555555555568
0 0.3803697916666666 0.36736111111111114 0.004166666666666667 0.009092592592592638
0 0.37481770833333333 0.3736759259259259 0.009885416666666676 0.0117592592592593
0 0.39560416666666665 0.35801851851851857 0.007312499999999981 0.012592592592592614
0 0.3817760416666667 0.335787037037037 0.007729166666666624 0.01169444444444444
0 0.45090625 0.36642592592592593 0.006114583333333338 0.010212962962962938
0 0.46116145833333333 0.3688981481481482 0.0059843750000000044 0.011166666666666616
0 0.42480208333333336 0.2738333333333333 0.004739583333333286 0.014499999999999971
0 0.34352604166666667 0.3096296296296296 0.00657291666666661 0.013175925925925943
0 0.31313541666666667 0.2895277777777778 0.004593749999999967 0.013018518518518468
0 0.341078125 0.24132407407407408 0.006140624999999981 0.008722222222222211
0 0.3432864583333333 0.24693518518518517 0.008130208333333281 0.009398148148148128
0 0.29477083333333337 0.20463888888888887 0.002640624999999967 0.004240740740740726
0 0.3065208333333333 0.20500925925925925 0.005744791666666652 0.006268518518518501
0 0.31040625 0.20183333333333334 0.006713541666666719 0.009851851851851839
0 0.3153697916666667 0.20399074074074075 0.004744791666666614 0.007259259259259236
0 0.3302864583333333 0.20172222222222225 0.005197916666666676 0.004888888888888864
0 0.338125 0.20369444444444446 0.004859374999999962 0.005787037037037037
0 0.33267708333333335 0.1978611111111111 0.006765625000000005 0.006722222222222214
0 0.32978645833333337 0.18621296296296297 0.005416666666666714 0.005851851851851846
0 0.40323437500000003 0.1902222222222222 0.005499999999999972 0.007324074074074097
0 0.4195364583333333 0.1888425925925926 0.005322916666666681 0.006629629629629653
0 0.43241666666666667 0.1859722222222222 0.004614583333333281 0.0067592592592592695
0 0.44883854166666665 0.18975 0.004541666666666681 0.0056851851851851725
0 0.456578125 0.19387037037037036 0.0046302083333333854 0.007370370370370352
0 0.450984375 0.19592592592592592 0.003395833333333324 0.005796296296296288
0 0.44655729166666663 0.17930555555555555 0.007161458333333333 0.00757407407407408
0 0.4515885416666666 0.18092592592592593 0.006067708333333381 0.006444444444444425
0 0.4604635416666667 0.17069444444444443 0.005078125 0.006231481481481498
0 0.4648229166666667 0.1730925925925926 0.006791666666666648 0.007620370370370388
0 0.48113541666666665 0.19111111111111112 0.005255208333333291 0.007712962962962948
0 0.5138906249999999 0.19443518518518518 0.005333333333333338 0.005379629629629632
0 0.5207968749999999 0.1910648148148148 0.007260416666666695 0.006879629629629636
0 0.54575 0.22185185185185186 0.006666666666666762 0.010194444444444437
0 0.56171875 0.20275925925925925 0.006567708333333399 0.013870370370370387
0 0.5912552083333333 0.19210185185185186 0.007458333333333418 0.007620370370370388
0 0.03306770833333333 0.39885185185185185 0.007828124999999997 0.009166666666666646
0 0.04027083333333333 0.3949722222222222 0.010380208333333337 0.011351851851851844
0 0.78621875 0.3334722222222222 0.00923437500000001 0.0084537037037037
0 0.8184427083333333 0.3075277777777778 0.008817708333333249 0.011777777777777804
0 0.8543177083333333 0.299787037037037 0.007510416666666704 0.00904629629629628
0 0.8496406249999999 0.32319444444444445 0.006619791666666685 0.015759259259259244
0 0.879265625 0.2856296296296296 0.005854166666666553 0.015342592592592639
0 0.8879739583333334 0.28662037037037036 0.005515625000000076 0.005777777777777786
0 0.898171875 0.2839259259259259 0.008906249999999952 0.006287037037037003
0 0.91025 0.28737962962962965 0.008307291666666572 0.01395370370370375
0 0.89740625 0.27826851851851847 0.007994791666666619 0.010324074074074053
0 0.87996875 0.27493518518518517 0.008786458333333276 0.007898148148148123
0 0.8733958333333334 0.25565740740740744 0.0075937499999999625 0.006981481481481448
0 0.8673333333333333 0.23555555555555555 0.005718750000000009 0.009240740740740732
0 0.8546822916666666 0.2259537037037037 0.007208333333333409 0.00947222222222224
0 0.8655625 0.20978703703703702 0.006786458333333438 0.012953703703703712
0 0.8189791666666667 0.1927962962962963 0.006473958333333248 0.007481481481481467
0 0.8118489583333334 0.19343518518518518 0.00792187500000002 0.009981481481481456
0 0.7991718750000001 0.19039814814814815 0.008557291666666581 0.008231481481481468
0 0.7966979166666667 0.19692592592592592 0.010437499999999982 0.006101851851851829
0 0.7715572916666668 0.1807314814814815 0.006541666666666638 0.005805555555555539
0 0.8468489583333334 0.17610185185185184 0.0062239583333332385 0.007472222222222216
0 0.8518645833333333 0.17909259259259258 0.007640625000000038 0.00837962962962964
0 0.9046145833333333 0.21980555555555553 0.006374999999999886 0.008101851851851851
0 0.9190885416666668 0.22568518518518518 0.007317708333333428 0.007722222222222199
0 0.9506614583333334 0.2789166666666667 0.004885416666666724 0.008638888888888927
0 0.9433958333333333 0.2773333333333333 0.007223958333333277 0.007972222222222235
0 0.9597708333333334 0.243 0.005567708333333362 0.009703703703703721
0 0.9540885416666666 0.2337962962962963 0.007151041666666676 0.009518518518518494
0 0.9735989583333333 0.2540925925925926 0.006244791666666553 0.007907407407407373
0 0.9847135416666667 0.25130555555555556 0.006619791666666685 0.008092592592592601
0 0.97646875 0.26263888888888887 0.006911458333333324 0.006175925925925888
0 0.9900468750000001 0.2721111111111111 0.008104166666666638 0.00846296296296295
0 0.9966145833333333 0.26805555555555555 0.0067708333333333336 0.006481481481481481
0 0.9564166666666666 0.2557962962962963 0.006276041666666761 0.004500000000000013
0 0.9755208333333333 0.27402777777777776 0.006369791666666676 0.007370370370370404
0 0.989859375 0.18443518518518517 0.004765625000000048 0.006259259259259251
0 0.9942291666666667 0.18803703703703706 0.007005208333333238 0.008129629629629605
0 0.93825 0.18422222222222223 0.005369791666666638 0.0071111111111111175
0 0.9398697916666666 0.21780555555555556 0.005911458333333286 0.007092592592592616