0 0.3211979166666667 0.9903703703703702 0.010567708333333314 0.017842592592592577
0 0.39621875 0.8720277777777777 0.007395833333333357 0.01972222222222218
0 0.29875 0.793138888888889 0.011093749999999977 0.021601851851851785
0 0.29312499999999997 0.6231944444444444 0.004515625000000038 0.011592592592592576
0 0.308921875 0.6561851851851851 0.0035104166666666712 0.008027777777777845
0 0.36646875 0.6347870370370371 0.004765625000000048 0.008027777777777845
0 0.3841458333333333 0.6124907407407407 0.0070208333333333425 0.008916666666666767
0 0.31055208333333334 0.513537037037037 0.005265624999999948 0.006240740740740749
0 0.33863541666666663 0.5188796296296296 0.003260416666666662 0.00980555555555548
0 0.34590624999999997 0.5081851851851852 0.0042604166666667 0.0071296296296296715
0 0.36045312500000004 0.5402777777777777 0.003760416666666681 0.006240740740740749
0 0.35593749999999996 0.5413981481481481 0.002760416666666643 0.008472222222222306
0 0.36195312500000004 0.5480833333333333 0.003260416666666662 0.007574074074074133
0 0.36571875 0.5500833333333334 0.0042604166666667 0.008916666666666767
0 0.3136875 0.4825555555555555 0.004515625000000038 0.005796296296296288
0 0.29438020833333334 0.4754166666666667 0.0050156250000000565 0.008472222222222254
0 0.33023437499999997 0.4540185185185185 0.005515624999999957 0.009361111111111124
0 0.3421458333333333 0.4531296296296296 0.004765625000000048 0.0084722222222222
0 0.3521770833333333 0.4332962962962963 0.0042604166666667 0.006240740740740749
0 0.35317708333333336 0.4232592592592593 0.0017552083333332764 0.005796296296296288
0 0.35844270833333336 0.4299537037037037 0.0042604166666667 0.007574074074074027
0 0.371359375 0.44087037037037036 0.004010416666666691 0.00802777777777774
0 0.3805104166666667 0.4410925925925926 0.005265624999999948 0.009361111111111124
0 0.3803854166666667 0.4330740740740741 0.005515624999999957 0.0084722222222222
0 0.376625 0.47051851851851856 0.004515625000000038 0.009361111111111124
0 0.38076041666666666 0.4658333333333334 0.006270833333333314 0.00802777777777774
0 0.40295312499999997 0.4736388888888889 0.004010416666666691 0.011148148148148114
0 0.41787500000000005 0.43975925925925924 0.005765624999999967 0.005796296296296288
0 0.43981250000000005 0.44354629629629627 0.0030104166666666526 0.005351851851851826
0 0.44359895833333335 0.45949999999999996 0.002749999999999986 0.006175925925925888
0 0.44692708333333336 0.4561574074074074 0.004489583333333277 0.00824074074074072
0 0.4557604166666666 0.46169444444444446 0.003911458333333328 0.005916666666666654
0 0.4656822916666667 0.4871759259259259 0.004343749999999957 0.007462962962962913
0 0.453953125 0.4341481481481481 0.002895833333333305 0.0069537037037036955
0 0.463 0.4394259259259259 0.0047760416666667044 0.006175925925925888
0 0.46408854166666663 0.4529351851851852 0.004635416666666714 0.004888888888888864
0 0.47574479166666667 0.4417407407407407 0.004197916666666638 0.004629629629629629
0 0.48334375 0.44495370370370374 0.003187499999999943 0.003861111111111073
0 0.4848645833333334 0.44354629629629627 0.0036197916666666904 0.004120370370370412
0 0.4808854166666666 0.4495925925925926 0.002895833333333305 0.0069537037037036955
0 0.4876197916666667 0.44830555555555557 0.0047760416666667044 0.005407407407407437
0 0.48855729166666667 0.42989814814814814 0.002895833333333305 0.003601851851851839
0 0.49449479166666666 0.42642592592592593 0.004052083333333319 0.0033425925925926053
0 0.539890625 0.44752777777777775 0.003619791666666572 0.0043796296296296465
0 0.39639062500000005 0.41741666666666666 0.0036197916666666904 0.0033425925925926053
0 0.3969010416666666 0.4211481481481481 0.004343749999999957 0.004120370370370412
0 0.37800520833333334 0.3718518518518519 0.007093749999999943 0.009527777777777744
0 0.4194895833333333 0.3759722222222222 0.005499999999999972 0.007462962962962913
0 0.41195833333333337 0.3952777777777778 0.003187499999999943 0.004888888888888864
0 0.4093541666666667 0.40544444444444444 0.0034739583333333714 0.006694444444444461
0 0.41529166666666667 0.40878703703703706 0.0034739583333333714 0.006175925925925888
0 0.43331770833333333 0.4037685185185185 0.0050677083333333425 0.007462962962962913
0 0.434546875 0.37892592592592594 0.004343749999999957 0.005148148148148098
0 0.441859375 0.3834351851851852 0.0036197916666666904 0.004888888888888864
0 0.43853125 0.3852314814814815 0.0036197916666666904 0.005407407407407437
0 0.44902604166666665 0.38587962962962963 0.0034739583333333714 0.003601851851851839
0 0.4501875 0.40055555555555555 0.003187499999999943 0.006694444444444461
0 0.461046875 0.38587962962962963 0.002026041666666719 0.0056666666666666705
0 0.4625677083333333 0.39089814814814816 0.003911458333333328 0.0069537037037036955
0 0.4733541666666667 0.4033796296296296 0.002317708333333357 0.0056666666666666705
0 0.47625 0.4063425925925926 0.003187499999999943 0.006435185185185227
0 0.4525052083333333 0.3731388888888889 0.004343749999999957 0.007462962962962913
0 0.46372395833333335 0.37339814814814815 0.0050677083333333425 0.004888888888888864
0 0.4621302083333333 0.3760925925925926 0.0036197916666666904 0.005148148148148098
0 0.46618750000000003 0.37622222222222224 0.0050677083333333425 0.005407407407407437
0 0.4735 0.37957407407407406 0.0037656250000000094 0.006435185185185227
0 0.48073958333333333 0.3821481481481482 0.003187499999999943 0.005916666666666654
0 0.485515625 0.3818888888888889 0.0037656250000000094 0.006435185185185227
0 0.46423437500000003 0.36245370370370367 0.0034739583333333714 0.005148148148148098
0 0.46770833333333334 0.3611666666666667 0.002895833333333305 0.0056666666666666705
0 0.4712552083333333 0.3636111111111111 0.003911458333333328 0.005407407407407437
0 0.39907291666666667 0.3592314814814815 0.0034739583333333714 0.005407407407407437
0 0.400953125 0.3484259259259259 0.0034739583333333714 0.005407407407407437
0 0.4190520833333334 0.36862962962962964 0.0034739583333333714 0.003092592592592622
0 0.40985937499999997 0.34611111111111115 0.004489583333333277 0.006435185185185227
0 0.42825 0.3352962962962963 0.002749999999999986 0.005916666666666654
0 0.42788541666666663 0.34378703703703706 0.0026041666666666665 0.004888888888888864
0 0.434765625 0.3463611111111111 0.002749999999999986 0.004888888888888864
0 0.43584895833333337 0.3434074074074074 0.0034739583333333714 0.005148148148148098
0 0.441859375 0.3484259259259259 0.0036197916666666904 0.006435185185185227
0 0.4485208333333333 0.3549907407407407 0.0050677083333333425 0.006694444444444461
0 0.420140625 0.32537962962962963 0.003041666666666624 0.005148148148148098
0 0.42383333333333334 0.3208796296296296 0.0026041666666666665 0.004888888888888864
0 0.42911979166666664 0.3244814814814815 0.003328125000000052 0.004888888888888864
0 0.4334635416666667 0.3222962962962963 0.003328125000000052 0.005148148148148098
0 0.4382395833333333 0.32100925925925927 0.003041666666666624 0.004629629629629629
0 0.463578125 0.33837962962962964 0.0036197916666666904 0.0069537037037036955
0 0.4552552083333333 0.3356851851851852 0.004052083333333319 0.006694444444444461
0 0.478203125 0.3388981481481481 0.0036197916666666904 0.005916666666666654
0 0.47002604166666667 0.3087777777777778 0.0034739583333333714 0.0043796296296296465
0 0.46944270833333335 0.3167592592592593 0.003187499999999943 0.0043796296296296465
0 0.47147395833333333 0.3148333333333333 0.003187499999999943 0.0056666666666666705
0 0.47646875000000005 0.31019444444444444 0.003041666666666624 0.003601851851851839
0 0.4771197916666667 0.31392592592592594 0.0037656250000000094 0.005916666666666654
0 0.4822604166666667 0.32062037037037033 0.004489583333333277 0.0069537037037036955
0 0.48233333333333334 0.3257685185185185 0.004343749999999957 0.007462962962962913
0 0.48848437499999997 0.3302777777777778 0.002749999999999986 0.005148148148148098
0 0.48566145833333335 0.31431481481481477 0.0034739583333333714 0.0056666666666666705
0 0.490296875 0.32062037037037033 0.0026041666666666665 0.004888888888888864
0 0.5030364583333333 0.3526666666666667 0.002895833333333305 0.007203703703703678
0 0.5142604166666667 0.34764814814814815 0.003041666666666624 0.005916666666666654
0 0.5259895833333333 0.3441759259259259 0.003328125000000052 0.0056666666666666705
0 0.5243958333333334 0.35717592592592595 0.003911458333333328 0.007462962962962913
0 0.5304791666666666 0.3557592592592593 0.004489583333333277 0.007203703703703678
0 0.5388072916666666 0.35241666666666666 0.004635416666666714 0.0056666666666666705
0 0.528234375 0.3306574074074074 0.0026041666666666665 0.005407407407407437
0 0.5271458333333333 0.3320740740740741 0.003911458333333328 0.005148148148148098
0 0.5061510416666667 0.32873148148148146 0.002463541666666676 0.003092592592592622
0 0.49956249999999996 0.32487037037037036 0.004052083333333319 0.0056666666666666705
0 0.498765625 0.3199814814814815 0.002463541666666676 0.004629629629629629
0 0.5053541666666667 0.31084259259259256 0.0037656250000000094 0.005916666666666654
0 0.47385937499999997 0.2861296296296296 0.004489583333333277 0.007981481481481485
0 0.481171875 0.2821388888888889 0.0034739583333333714 0.0056666666666666705
0 0.48617187500000003 0.28522222222222227 0.002463541666666676 0.005148148148148098
0 0.49246874999999996 0.28187962962962965 0.002895833333333305 0.007722222222222252
0 0.48964583333333334 0.30337037037037035 0.002463541666666676 0.003861111111111073
0 0.49398958333333337 0.3031203703703704 0.003328125000000052 0.005916666666666654
0 0.5191822916666667 0.3017037037037037 0.003041666666666624 0.005148148148148098
0 0.5251927083333333 0.3184351851851852 0.0037656250000000094 0.005148148148148098
0 0.5306979166666667 0.3063333333333333 0.0026041666666666665 0.007203703703703678
0 0.51715625 0.28947222222222224 0.0018802083333332813 0.005407407407407437
0 0.5289583333333333 0.2867685185185185 0.0026041666666666665 0.006694444444444461
0 0.5304791666666666 0.29333333333333333 0.002749999999999986 0.0069537037037036955
0 0.5307708333333333 0.28046296296296297 0.0015937499999999715 0.003861111111111073
0 0.533734375 0.27428703703703705 0.00173958333333335 0.0043796296296296465
0 0.5381510416666667 0.2867685185185185 0.002463541666666676 0.004120370370370412
0 0.5402552083333333 0.2903703703703704 0.002895833333333305 0.004629629629629629
0 0.5429322916666667 0.2903703703703704 0.0027500000000001044 0.004629629629629629
0 0.5441614583333333 0.300287037037037 0.0023177083333332385 0.005916666666666654
0 0.5749322916666666 0.3222962962962963 0.0027500000000001044 0.005148148148148098
0 0.5852864583333334 0.3444351851851852 0.0037656250000000094 0.007203703703703678
0 0.6059218749999999 0.34494444444444444 0.0033281249999999336 0.005148148148148098
0 0.6090312499999999 0.3471388888888889 0.003187499999999943 0.005407407407407437
0 0.6010677083333333 0.3278333333333333 0.003187499999999943 0.005407407407407437
0 0.6046875 0.3267962962962963 0.002895833333333305 0.0043796296296296465
0 0.6068593750000001 0.32873148148148146 0.0037656250000000094 0.005148148148148098
0 0.6097552083333333 0.3260277777777778 0.003187499999999943 0.005407407407407437
0 0.6020833333333333 0.33169444444444446 0.0037656250000000094 0.006435185185185227
0 0.6099010416666667 0.33375 0.0037656250000000094 0.0069537037037036955
0 0.6059218749999999 0.4492037037037037 0.0050677083333333425 0.008750000000000042
0 0.6115677083333334 0.44662962962962965 0.004489583333333277 0.007722222222222252
0 0.8370833333333334 0.7176388888888888 0.004510416666666591 0.005833333333333291
0 0.9872291666666667 0.7132592592592593 0.010255208333333361 0.01896296296296298
0 0.7461927083333334 0.5237962962962963 0.0030416666666667424 0.0045555555555556225
0 0.7477916666666666 0.5316203703703704 0.0033593749999999054 0.00711111111111117
0 0.753390625 0.5301944444444444 0.003682291666666752 0.00711111111111117
0 0.7542708333333333 0.5249351851851851 0.00383854166666661 0.006824074074073973
0 0.7621145833333334 0.5225185185185186 0.004161458333333219 0.008824074074074048
0 0.7574739583333333 0.5381666666666667 0.003520833333333447 0.007685185185185143
0 0.9722500000000001 0.4333240740740741 0.004161458333333219 0.008537037037037062
0 0.9784895833333334 0.4353148148148148 0.004479166666666619 0.008537037037037062
0 0.9848125 0.4307592592592593 0.004640624999999924 0.007962962962962984
0 0.9886510416666667 0.43047222222222226 0.005598958333333333 0.003416666666666717
0 0.988015625 0.424787037037037 0.006562499999999953 0.007962962962962984
0 0.9895312500000001 0.4331759259259259 0.005119791666666628 0.004268518518518531
0 0.9908125 0.43744444444444447 0.0057604166666666385 0.007111111111111065
0 0.9974062499999999 0.4377314814814815 0.005182291666666572 0.009953703703703704
0 0.9930520833333334 0.44285185185185183 0.007682291666666666 0.007685185185185143
0 0.9930520833333334 0.4469722222222222 0.004161458333333219 0.005694444444444423
0 0.9936145833333333 0.4570740740740741 0.004322916666666761 0.0065462962962963426
0 0.9888125 0.4434166666666667 0.003999999999999915 0.007111111111111065
0 0.9883333333333333 0.44939814814814816 0.006239583333333343 0.009953703703703704
0 0.464078125 0.23955555555555558 0.0017291666666666334 0.0037962962962963176
0 0.477046875 0.2383796296296296 0.002442708333333362 0.002898148148148144
0 0.47958854166666665 0.24100925925925928 0.002442708333333362 0.0037962962962963176
0 0.482796875 0.22382407407407406 0.0021354166666666193 0.0019907407407407196
0 0.48915624999999996 0.22852777777777777 0.002442708333333362 0.0030740740740740676
0 0.4955625 0.22997222222222222 0.0032552083333333335 0.0037962962962963176
0 0.495359375 0.22780555555555557 0.0020364583333333758 0.004157407407407416
0 0.4970364583333333 0.2270740740740741 0.0017291666666666334 0.0030740740740740676
0 0.4996302083333333 0.2254537037037037 0.0016302083333333901 0.002712962962962969
0 0.5029895833333333 0.23205555555555557 0.002442708333333362 0.004342592592592591
0 0.5056354166666667 0.23367592592592593 0.002442708333333362 0.004342592592592591
0 0.507515625 0.23196296296296298 0.002744791666666657 0.004518518518518515
0 0.50309375 0.22644444444444445 0.0020364583333333758 0.0032592592592592426
0 0.504515625 0.22337037037037039 0.002442708333333362 0.003981481481481492
0 0.5060416666666667 0.22725925925925924 0.0020364583333333758 0.0037962962962963176
0 0.5069583333333333 0.2254537037037037 0.0028489583333333474 0.003435185185185166
0 0.5089427083333333 0.22635185185185186 0.002744791666666657 0.004157407407407416
0 0.5086875 0.22264814814814815 0.004067708333333305 0.005425925925925938
0 0.511484375 0.22716666666666668 0.0013229166666666478 0.004703703703703689
0 0.5133697916666666 0.22671296296296295 0.0020364583333333758 0.002351851851851871
0 0.5127552083333333 0.23259259259259257 0.003661458333333319 0.004342592592592591
0 0.5071614583333334 0.24687962962962962 0.0016302083333333901 0.003620370370370341
0 0.5105677083333333 0.24932407407407406 0.0023385416666666715 0.005240740740740712
0 0.5119947916666666 0.24480555555555555 0.0017291666666666334 0.0030740740740741205
0 0.5137760416666667 0.24679629629629632 0.0018333333333333238 0.005240740740740712
0 0.516875 0.24905555555555559 0.003968749999999943 0.00506481481481484
0 0.5331041666666666 0.2459814814814815 0.0028489583333332884 0.003981481481481439
0 0.5332083333333333 0.2499537037037037 0.0028489583333332884 0.004703703703703742
0 0.5333072916666667 0.25375925925925924 0.0020364583333333168 0.005425925925925938
0 0.5217604166666666 0.25619444444444445 0.0023385416666666715 0.005240740740740712
0 0.5213541666666667 0.23919444444444443 0.0025416666666667237 0.004157407407407416
0 0.5393125 0.2703055555555556 0.0032552083333333335 0.005240740740740712
0 0.551109375 0.26478703703703704 0.0020364583333332574 0.0043425925925926435
0 0.5663750000000001 0.2624351851851852 0.002239583333333428 0.0032592592592592426
0 0.5501458333333333 0.27337962962962964 0.0019322916666666857 0.005240740740740712
0 0.54190625 0.24570370370370373 0.002338541666666553 0.004879629629629613
0 0.5447552083333334 0.2534814814814815 0.0025416666666667237 0.004879629629629613
0 0.5466875000000001 0.24435185185185182 0.002744791666666657 0.004703703703703742
0 0.5481614583333333 0.24733333333333335 0.002442708333333362 0.005611111111111061
0 0.514484375 0.229787037037037 0.002442708333333362 0.0037962962962963176
0 0.5170833333333333 0.2287962962962963 0.0025416666666667237 0.0036203703703703936
0 0.5169791666666667 0.22436111111111112 0.0023385416666666715 0.005240740740740764
0 0.520234375 0.2250925925925926 0.0021354166666666193 0.002351851851851871
0 0.5230833333333333 0.22680555555555554 0.0021354166666666193 0.0025277777777777946
0 0.5227760416666667 0.23422222222222222 0.0029479166666667093 0.004703703703703689
0 0.5254218749999999 0.2240925925925926 0.003968749999999943 0.0025277777777777946
0 0.5296979166666667 0.2245462962962963 0.0023385416666666715 0.002712962962962969
0 0.5269010416666666 0.22743518518518518 0.0022395833333333096 0.003435185185185166
0 0.5273541666666667 0.2335925925925926 0.004171874999999995 0.004879629629629613
0 0.5304583333333334 0.23287037037037037 0.002442708333333362 0.003435185185185166
0 0.5346822916666666 0.23295370370370372 0.0021354166666666193 0.0032592592592592426
0 0.5342760416666666 0.23503703703703702 0.0033593749999999644 0.004157407407407389
0 0.5343229166666668 0.22689814814814815 0.0020364583333333168 0.0030740740740740676
0 0.53396875 0.22382407407407406 0.002744791666666657 0.003435185185185166
0 0.5321874999999999 0.2300648148148148 0.0030520833333333402 0.0036203703703703936
0 0.5372239583333334 0.22699074074074074 0.0025416666666667237 0.004342592592592591
0 0.5367135416666666 0.23060185185185186 0.0031562499999999716 0.004342592592592591
0 0.540734375 0.23060185185185186 0.002239583333333428 0.003981481481481492
0 0.5435833333333334 0.2345833333333333 0.0032552083333333335 0.005064814814814814
0 0.541140625 0.22399999999999998 0.0018333333333333238 0.0016296296296296213
0 0.5439375 0.22617592592592595 0.0017291666666667518 0.008138888888888907
0 0.5481614583333333 0.22599074074074074 0.002442708333333362 0.005240740740740764
0 0.5495833333333333 0.2338611111111111 0.0020364583333332574 0.0025277777777777946
0 0.5481093749999999 0.229787037037037 0.0021354166666666193 0.004157407407407416
0 0.55284375 0.2344074074074074 0.002848958333333229 0.0025277777777777946
0 0.5534010416666667 0.23069444444444445 0.0017291666666667518 0.005240740740740764
0 0.5559947916666667 0.22735185185185183 0.0018333333333333238 0.0025277777777777946
0 0.5581302083333333 0.22942592592592592 0.0016302083333333901 0.0037962962962963176
0 0.5567083333333334 0.23729629629629628 0.0020364583333332574 0.004703703703703715
0 0.5595052083333333 0.23558333333333334 0.0025416666666667237 0.0037962962962963176
0 0.55309375 0.2382962962962963 0.002338541666666553 0.005240740740740738
0 0.5594010416666666 0.23901851851851852 0.003968749999999943 0.0030740740740741205
0 0.5639791666666666 0.24308333333333332 0.002744791666666657 0.003981481481481439
0 0.5619479166666667 0.2240925925925926 0.0031562499999999716 0.003981481481481492
0 0.5634739583333332 0.22689814814814815 0.002338541666666553 0.0030740740740740676
0 0.5617447916666667 0.2296111111111111 0.002744791666666657 0.007416666666666658
0 0.5629114583333333 0.23340740740740742 0.0032552083333333335 0.0037962962962963176
0 0.5644375 0.23124074074074075 0.0020364583333332574 0.004518518518518515
0 0.566828125 0.23467592592592593 0.002744791666666657 0.004157407407407416
0 0.5660677083333333 0.23775 0.002848958333333229 0.004518518518518515
0 0.5710520833333333 0.24516666666666664 0.002442708333333362 0.004157407407407416
0 0.5782760416666667 0.2495925925925926 0.0032552083333333335 0.003981481481481439
0 0.5696302083333333 0.2244537037037037 0.004067708333333305 0.006148148148148135
0 0.566625 0.22689814814814815 0.0033593749999999054 0.004518518518518515
0 0.5695260416666666 0.23223148148148148 0.002442708333333362 0.004703703703703689
0 0.5725781249999999 0.23340740740740745 0.0036614583333334375 0.007416666666666684
0 0.5732395833333332 0.2270740740740741 0.0031562499999999716 0.002712962962962969
0 0.5758854166666667 0.22490740740740742 0.002947916666666591 0.003435185185185166
0 0.5785833333333333 0.22653703703703704 0.0020364583333332574 0.002351851851851871
0 0.5778697916666666 0.229787037037037 0.002239583333333428 0.00633333333333331
0 0.5800052083333332 0.23223148148148148 0.003458333333333267 0.004342592592592591
0 0.5775104166666666 0.23521296296296298 0.002744791666666657 0.004518518518518541
0 0.5760364583333334 0.2407314814814815 0.003458333333333267 0.0032592592592592426
0 0.5740052083333332 0.2375648148148148 0.0026458333333332956 0.0037962962962963176
0 0.5791406250000001 0.24010185185185184 0.0031562499999999716 0.007777777777777757
0 0.5832083333333333 0.24209259259259258 0.0019322916666666857 0.004518518518518515
0 0.5856510416666667 0.24091666666666667 0.0025416666666667237 0.0032592592592592426
0 0.5875833333333333 0.24444444444444444 0.0021354166666666193 0.004157407407407416
0 0.5849375 0.22942592592592592 0.002744791666666657 0.0037962962962963176
0 0.5859062500000001 0.23566666666666666 0.0036614583333334375 0.005425925925925912
0 0.5885520833333333 0.23367592592592593 0.0020364583333332574 0.0032592592592592426
0 0.58971875 0.24055555555555558 0.0019322916666666857 0.003620370370370341
0 0.5909427083333333 0.24209259259259258 0.0019322916666666857 0.003435185185185219
0 0.59190625 0.23530555555555555 0.002442708333333362 0.002898148148148144
0 0.5941979166666667 0.23847222222222222 0.005187500000000019 0.005611111111111087
0 0.595265625 0.24462037037037038 0.002848958333333229 0.004879629629629613
0 0.5983697916666666 0.244712962962963 0.002947916666666591 0.003620370370370341
0 0.5974010416666666 0.2411851851851852 0.003458333333333267 0.005972222222222264
0 0.5925208333333334 0.2296111111111111 0.0016302083333333901 0.003435185185185166
0 0.5948072916666667 0.23259259259259257 0.002338541666666553 0.003981481481481492
0 0.5981666666666666 0.23141666666666666 0.0017291666666667518 0.004518518518518515
0 0.5991302083333333 0.2360277777777778 0.0018333333333333238 0.00289814814814817
0 0.6008593750000001 0.2386574074074074 0.002239583333333428 0.0030740740740741205
0 0.6015208333333334 0.23422222222222222 0.002744791666666657 0.004342592592592591
0 0.6027968749999999 0.23241666666666666 0.0018333333333333238 0.006148148148148135
0 0.6040156250000001 0.2416388888888889 0.0020364583333332574 0.0043425925925926435
0 0.6011666666666666 0.24209259259259258 0.002239583333333428 0.004157407407407416
0 0.6046770833333334 0.23196296296296298 0.0025416666666667237 0.005240740740740764
0 0.6064062499999999 0.23729629629629628 0.0025416666666667237 0.004703703703703715
0 0.608390625 0.23521296296296298 0.0030520833333333997 0.004518518518518541
0 0.6103229166666666 0.23367592592592593 0.002239583333333428 0.004703703703703689
0 0.6134791666666667 0.23494444444444446 0.0030520833333333997 0.004703703703703715
0 0.6084427083333334 0.24055555555555558 0.0019322916666666857 0.00506481481481484
0 0.6120520833333334 0.23964814814814814 0.0038645833333333713 0.00506481481481484
0 0.61475 0.2414537037037037 0.0019322916666666857 0.003981481481481439
0 0.6164791666666667 0.2448888888888889 0.002744791666666657 0.00506481481481484
0 0.6195833333333333 0.23160185185185184 0.0020364583333332574 0.003435185185185166
0 0.61815625 0.2338611111111111 0.0020364583333332574 0.0025277777777777946
0 0.6192760416666666 0.23594444444444443 0.0020364583333332574 0.0034351851851851926
0 0.6195833333333333 0.23919444444444443 0.003458333333333267 0.004518518518518515
0 0.6180572916666667 0.24137037037037037 0.002239583333333428 0.003435185185185219
0 0.6202447916666666 0.24290740740740738 0.002338541666666553 0.003620370370370341
0 0.6218697916666667 0.2411851851851852 0.002338541666666553 0.004518518518518515
0 0.6234479166666667 0.23693518518518517 0.0026458333333332956 0.0025277777777777946
0 0.6238020833333333 0.23856481481481479 0.0025416666666667237 0.003620370370370367
0 0.6249739583333334 0.2343148148148148 0.0032552083333333335 0.004157407407407416
0 0.6278229166666667 0.23323148148148146 0.0026458333333332956 0.004518518518518515
0 0.6294010416666667 0.24046296296296296 0.004578124999999981 0.005611111111111061
0 0.6277708333333333 0.24562037037037035 0.002338541666666553 0.004703703703703742
0 0.6311770833333333 0.2453425925925926 0.002848958333333229 0.004518518518518515
0 0.634484375 0.24679629629629632 0.0031562499999999716 0.004518518518518515
0 0.6359635416666667 0.2624351851851852 0.002848958333333229 0.005425925925925938
0 0.631484375 0.23530555555555555 0.002239583333333428 0.004703703703703715
0 0.6341302083333333 0.23549074074074075 0.0016302083333333901 0.0036203703703703936
0 0.6369791666666667 0.2427222222222222 0.0020364583333332574 0.0043425925925926435
0 0.63484375 0.24000925925925923 0.0020364583333332574 0.003981481481481439
0 0.6373333333333334 0.23775 0.002947916666666591 0.002712962962962943
0 0.6400833333333333 0.2411851851851852 0.0033593749999999054 0.004518518518518515
0 0.6456770833333334 0.23612037037037037 0.0035625000000000756 0.0034351851851851926
0 0.648984375 0.2407314814814815 0.002442708333333362 0.0032592592592592426
0 0.6508125 0.2393796296296296 0.003458333333333267 0.0037962962962963176
0 0.6481197916666667 0.24651851851851853 0.003968749999999943 0.00506481481481484
0 0.6623125000000001 0.3170555555555556 0.003458333333333267 0.006509259259259234
0 0.6956822916666667 0.31724074074074077 0.002848958333333229 0.003981481481481439
0 0.665109375 0.27464814814814814 0.0025416666666667237 0.0037962962962963176
0 0.6684166666666667 0.2755462962962963 0.003458333333333267 0.005611111111111061
0 0.6768593749999999 0.27599999999999997 0.0030520833333333997 0.005425925925925938
0 0.6882031249999999 0.27717592592592594 0.0025416666666667237 0.0037962962962963176
0 0.6905416666666666 0.27717592592592594 0.004171875000000114 0.004518518518518515
0 0.6590052083333333 0.2383796296296296 0.002744791666666657 0.004703703703703715
0 0.6638385416666667 0.23874074074074073 0.002239583333333428 0.002898148148148144
0 0.6654635416666667 0.2386574074074074 0.002239583333333428 0.0027129629629629166
0 0.6638854166666667 0.24353703703703702 0.0033593749999999054 0.004157407407407416
0 0.6669895833333332 0.24344444444444446 0.0038645833333333713 0.006509259259259234
0 0.6695364583333333 0.25031481481481477 0.0018333333333333238 0.002898148148148144
0 0.6735 0.2513148148148148 0.0026458333333332956 0.004157407407407416
0 0.67090625 0.23983333333333332 0.0031562499999999716 0.004703703703703742
0 0.6765052083333334 0.2466111111111111 0.002947916666666591 0.004879629629629613
0 0.6815416666666666 0.24019444444444446 0.002239583333333428 0.0043425925925926435
0 0.6839791666666667 0.24335185185185185 0.001218750000000076 0.003435185185185219
0 0.6852552083333333 0.24181481481481484 0.0017291666666667518 0.0032592592592592426
0 0.6908489583333334 0.2422685185185185 0.0015260416666665814 0.003435185185185219
0 0.6958854166666666 0.24344444444444446 0.0018333333333333238 0.0032592592592592426
0 0.6975104166666667 0.244712962962963 0.0026458333333332956 0.0043425925925926435
0 0.6995989583333333 0.24408333333333335 0.002338541666666553 0.004518518518518515
0 0.7068697916666667 0.2665092592592592 0.0036614583333334375 0.004518518518518515
0 0.7112447916666667 0.273287037037037 0.0036614583333334375 0.005787037037037037
0 0.7153177083333334 0.26108333333333333 0.002442708333333362 0.0012685185185185228
0 0.7153645833333333 0.2577314814814815 0.0037656250000000094 0.003981481481481439
0 0.7209635416666667 0.25619444444444445 0.0037656250000000094 0.004518518518518515
0 0.7145520833333333 0.2893888888888889 0.0031562499999999716 0.00506481481481484
0 0.740140625 0.3308055555555555 0.005088541666666657 0.007953703703703734
0 0.7447708333333334 0.3028611111111111 0.0025416666666667237 0.0030740740740741205
0 0.7606927083333334 0.3081944444444445 0.004473958333333409 0.004703703703703742
0 0.7524479166666667 0.30955555555555553 0.002239583333333428 0.004157407407407416
0 0.7592656249999999 0.31000925925925926 0.002848958333333229 0.003981481481481439
0 0.7634895833333334 0.3118148148148148 0.0033593749999999054 0.002898148148148144
0 0.7678645833333333 0.3121759259259259 0.0017291666666667518 0.003620370370370341
0 0.7671510416666667 0.30810185185185185 0.0033593749999999054 0.005611111111111061
0 0.7704062500000001 0.3211296296296296 0.002338541666666553 0.003435185185185219
0 0.7727968749999999 0.32375 0.0036614583333334375 0.003620370370370341
0 0.7801718750000001 0.3166111111111111 0.002744791666666657 0.004879629629629613
0 0.7840885416666666 0.31895370370370374 0.003458333333333267 0.004157407407407416
0 0.7936041666666667 0.3236574074074074 0.0037656250000000094 0.005611111111111061
0 0.8032708333333333 0.3196851851851852 0.004375000000000047 0.005972222222222264
0 0.8085572916666667 0.3181481481481482 0.0035625000000000756 0.004703703703703742
0 0.80321875 0.30900925925925926 0.002442708333333362 0.0030740740740741205
0 0.8115625000000001 0.30900925925925926 0.004067708333333305 0.005611111111111061
0 0.7983854166666667 0.3010555555555555 0.0035625000000000756 0.005611111111111061
0 0.802046875 0.30069444444444443 0.0031562499999999716 0.004157407407407416
0 0.788515625 0.29960185185185184 0.0037656250000000094 0.004157407407407416
0 0.7910104166666667 0.3030462962962963 0.004885416666666724 0.006694444444444461
0 0.7796666666666667 0.30069444444444443 0.0037656250000000094 0.005240740740740712
0 0.7521458333333333 0.2850462962962963 0.002442708333333362 0.003981481481481439
0 0.75525 0.2873981481481481 0.002744791666666657 0.005425925925925938
0 0.771578125 0.28721296296296295 0.0032552083333333335 0.00506481481481484
0 0.7487864583333333 0.26080555555555557 0.0026458333333332956 0.0025277777777777946
0 0.7518385416666666 0.26180555555555557 0.002848958333333229 0.004879629629629613
0 0.7310833333333334 0.225 0.0018333333333333238 0.003981481481481492
0 0.7334739583333333 0.22699074074074074 0.002744791666666657 0.003981481481481492
0 0.7362239583333333 0.22680555555555554 0.0025416666666667237 0.002898148148148144
0 0.742125 0.22418518518518518 0.0033593749999999054 0.003435185185185166