0 0.23091145833333335 0.7326111111111111 0.007932291666666676 0.01893518518518523
0 0.26217708333333334 0.9431203703703704 0.007624999999999993 0.018601851851851776
0 0.29600000000000004 0.94075 0.009380208333333329 0.019277777777777824
0 0.29698958333333336 0.9144074074074073 0.005869791666666657 0.014314814814814848
0 0.3544322916666667 0.9652592592592593 0.007968749999999976 0.015694444444444275
0 0.3710572916666666 0.961324074074074 0.009187500000000052 0.01271296296296298
0 0.2603489583333333 0.6098703703703704 0.004578124999999981 0.008814814814814798
0 0.261 0.6049537037037037 0.005109374999999972 0.009833333333333232
0 0.297375 0.5626203703703704 0.004500000000000052 0.012453703703703746
0 0.30728645833333335 0.5294907407407408 0.007552083333333333 0.012916666666666708
0 0.31790625 0.49946296296296294 0.00568229166666671 0.009240740740740758
0 0.3454166666666667 0.4822407407407408 0.007552083333333333 0.005712962962963031
0 0.30231250000000004 0.46022222222222225 0.007281250000000009 0.0121203703703704
0 0.2955625 0.40268518518518515 0.0036197916666666904 0.008750000000000042
0 0.31723958333333335 0.3995648148148148 0.004880208333333276 0.006851851851851831
0 0.339203125 0.4099722222222222 0.005187500000000019 0.009768518518518477
0 0.348828125 0.39925925925925926 0.006140624999999981 0.00949074074074074
0 0.34168229166666664 0.37450925925925926 0.0020572916666666903 0.00609259259259263
0 0.3394114583333333 0.37295370370370373 0.0028593750000000047 0.005703703703703674
0 0.3383072916666666 0.37048148148148147 0.0027812499999999574 0.003990740740740691
0 0.32932812499999997 0.36142592592592593 0.006328125000000047 0.009203703703703754
0 0.33214583333333336 0.35789814814814813 0.004802083333333347 0.008120370370370354
0 0.31834375000000004 0.35075 0.005718750000000009 0.006824074074074078
0 0.3038385416666667 0.3376944444444444 0.007588541666666633 0.005129629629629596
0 0.31719791666666663 0.34020370370370373 0.0026666666666666098 0.006888888888888939
0 0.23685937499999998 0.3259722222222222 0.005187500000000019 0.005527777777777803
0 0.2519791666666667 0.31128703703703703 0.00461458333333334 0.007083333333333312
0 0.374203125 0.3326203703703704 0.005947916666666705 0.008537037037037062
0 0.3674739583333333 0.34452777777777777 0.005302083333333366 0.005768518518518536
0 0.3589895833333333 0.347 0.004041666666666662 0.009629629629629608
0 0.350203125 0.3321481481481482 0.0036197916666666904 0.008129629629629605
0 0.34600520833333337 0.33225 0.0017135416666666477 0.006305555555555505
0 0.34223437500000004 0.32096296296296295 0.005453125000000014 0.004740740740740745
0 0.35081249999999997 0.323712962962963 0.0027812499999999574 0.008055555555555597
0 0.3541875 0.3243888888888889 0.005109374999999972 0.009564814814814852
0 0.3629583333333333 0.33025 0.0032812499999999765 0.006499999999999983
0 0.36528125 0.3292962962962963 0.005187500000000019 0.00787037037037037
0 0.36823958333333334 0.318962962962963 0.0037760416666666667 0.006703703703703712
0 0.3672083333333333 0.29516666666666663 0.007130208333333362 0.006731481481481465
0 0.35696875 0.2938796296296296 0.003812499999999967 0.0053333333333333245
0 0.3774635416666667 0.28075925925925926 0.005531249999999943 0.0030092592592592593
0 0.41103645833333335 0.3506296296296296 0.003963541666666614 0.007120370370370421
0 0.40463020833333335 0.33655555555555555 0.0030520833333332813 0.0047499999999999955
0 0.39879687500000005 0.33625 0.0028229166666667044 0.007527777777777774
0 0.39681770833333335 0.3396111111111111 0.0019062500000000427 0.00949074074074074
0 0.40024479166666665 0.32828703703703704 0.004958333333333324 0.0063703703703703665
0 0.41242708333333333 0.3351296296296296 0.007588541666666633 0.005972222222222264
0 0.4114947916666667 0.3278425925925926 0.0030520833333332813 0.003861111111111073
0 0.4204375 0.32987962962962963 0.002249999999999967 0.0029166666666666455
0 0.42703125 0.3313055555555556 0.005531249999999943 0.004407407407407399
0 0.42381250000000004 0.33516666666666667 0.004041666666666662 0.005361111111111078
0 0.4358020833333333 0.32282407407407404 0.004765625000000048 0.005092592592592593
0 0.43206770833333336 0.3254722222222222 0.004916666666666695 0.006314814814814861
0 0.4140520833333333 0.325 0.005869791666666657 0.006722222222222214
0 0.42035937500000004 0.32384259259259257 0.0036197916666666904 0.005768518518518536
0 0.5083489583333333 0.580324074074074 0.0036197916666666904 0.00906481481481478
0 0.6833906249999999 0.4416111111111111 0.012104166666666553 0.011962962962962925
0 0.7938541666666666 0.3444537037037037 0.0026666666666666098 0.004990740740740728
0 0.7914687499999999 0.34562037037037036 0.0028541666666666763 0.004000000000000046
0 0.7869322916666667 0.34390740740740744 0.0040729166666667515 0.0047499999999999955
0 0.78103125 0.34378703703703706 0.004447916666666648 0.0036666666666667004
0 0.7781302083333334 0.33716666666666667 0.0033229166666667235 0.004583333333333376
0 0.7752291666666667 0.33985185185185185 0.0040729166666667515 0.004537037037037016
0 0.771640625 0.33766666666666667 0.0032083333333332575 0.007250000000000038
0 0.7743541666666667 0.3333240740740741 0.005828125000000029 0.0056296296296296676
0 0.7803177083333334 0.33352777777777776 0.004187499999999981 0.0035462962962963343
0 0.7832083333333333 0.3322777777777778 0.001776041666666591 0.0027129629629629166
0 0.7770572916666667 0.33062037037037034 0.003510416666666553 0.008935185185185164
0 0.7797447916666667 0.3265185185185185 0.0032760416666666476 0.0065833333333333455
0 0.7073333333333333 0.2746388888888889 0.0025989583333332197 0.005472222222222193
0 0.7004635416666667 0.272037037037037 0.004958333333333324 0.0030555555555555136
0 0.6844739583333334 0.2734074074074074 0.004562500000000113 0.006638888888888851
0 0.6939114583333333 0.2602777777777778 0.005895833333333419 0.0066018518518518475
0 0.6882135416666666 0.2608240740740741 0.005499999999999972 0.00850925925925931
0 0.6833854166666666 0.2625925925925926 0.006364583333333229 0.008305555555555582
0 0.6742239583333334 0.27155555555555555 0.005593749999999886 0.006675925925925959
0 0.6636093750000001 0.274787037037037 0.003791666666666771 0.006888888888888939
0 0.6467864583333333 0.27624074074074073 0.003932291666666762 0.00501851851851848
0 0.6633281249999999 0.2668611111111111 0.003416666666666638 0.007425925925925909
0 0.6557708333333333 0.26525925925925925 0.0056145833333334375 0.007962962962962984
0 0.6622864583333333 0.24986111111111114 0.004375000000000047 0.003814814814814819
0 0.6695052083333334 0.23796296296296296 0.004541666666666563 0.0033148148148148264
0 0.6321145833333334 0.24276851851851852 0.004260416666666582 0.007342592592592546
0 0.6301614583333334 0.23700925925925925 0.004562500000000113 0.007092592592592616
0 0.6399166666666667 0.23438888888888887 0.004234375000000057 0.0031851851851851833
0 0.6476145833333333 0.23376851851851851 0.004281249999999895 0.005259259259259266
0 0.6580052083333333 0.20969444444444443 0.007838541666666761 0.006379629629629617
0 0.6047916666666667 0.2690648148148148 0.004609374999999953 0.008324074074074083
0 0.58009375 0.26811111111111113 0.005520833333333286 0.007250000000000038
0 0.6104322916666667 0.24620370370370367 0.005125000000000076 0.008796296296296297
0 0.5971510416666667 0.2440648148148148 0.009218749999999906 0.004092592592592555
0 0.6169843749999999 0.2454814814814815 0.0069947916666665815 0.003592592592592588
0 0.62109375 0.22161111111111112 0.00514583333333339 0.008722222222222237
0 0.6160260416666666 0.22086111111111112 0.002739583333333447 0.005564814814814806
0 0.6081302083333333 0.22350925925925924 0.008234374999999971 0.004601851851851877
0 0.5997864583333333 0.22444444444444445 0.006760416666666676 0.007722222222222199
0 0.603890625 0.22169444444444444 0.004916666666666695 0.010555555555555535
0 0.6033072916666666 0.21778703703703706 0.0032760416666666476 0.005592592592592612
0 0.58825 0.2243425925925926 0.003625000000000019 0.003601851851851839
0 0.5911145833333333 0.2186851851851852 0.003510416666666553 0.005601851851851862
0 0.5296770833333333 0.3295 0.00657291666666661 0.010370370370370412
0 0.5248125 0.33175000000000004 0.006203125000000043 0.01243518518518514
0 0.5992968750000001 0.3549907407407407 0.003067708333333267 0.008555555555555565
0 0.5851510416666666 0.35794444444444445 0.004958333333333324 0.008629629629629676
0 0.5449583333333333 0.2798148148148148 0.005781249999999952 0.010120370370370325
0 0.5426770833333333 0.27212037037037035 0.004635416666666714 0.00887962962962966
0 0.43283854166666663 0.29438888888888887 0.004057291666666647 0.007379629629629655
0 0.4326875 0.30013888888888884 0.005567708333333362 0.008740740740740792
0 0.427421875 0.30260185185185184 0.005395833333333281 0.013648148148148156
0 0.40182291666666664 0.3114259259259259 0.00419270833333331 0.004194444444444419
0 0.39677604166666663 0.3106574074074074 0.004411458333333348 0.005953703703703657
0 0.41115104166666666 0.3084166666666666 0.005036458333333371 0.006851851851851831
0 0.4179791666666667 0.30415740740740743 0.003369791666666681 0.005537037037037054
0 0.4131458333333333 0.29971296296296296 0.0039427083333333 0.004129629629629664
0 0.411125 0.28444444444444444 0.006161458333333296 0.007138888888888923
0 0.415234375 0.2944166666666667 0.0024583333333333475 0.00706481481481481
0 0.39975 0.2977685185185185 0.004802083333333347 0.004435185185185151
0 0.39676041666666667 0.2799814814814815 0.00202083333333339 0.006000000000000017
0 0.40232812500000004 0.2793703703703704 0.0025104166666666335 0.005074074074074091
0 0.39776041666666667 0.2750833333333333 0.0035208333333333285 0.006685185185185211
0 0.38799479166666667 0.2818703703703704 0.0038906250000000143 0.006398148148148119
0 0.40214062500000003 0.29031481481481486 0.004562499999999995 0.005083333333333342
0 0.39495312499999996 0.268212962962963 0.008505208333333295 0.004953703703703725
0 0.39921875 0.2685092592592593 0.003567708333333286 0.007620370370370388
0 0.40358333333333335 0.2673148148148148 0.002864583333333333 0.005555555555555556
0 0.418453125 0.26478703703703704 0.002427083333333376 0.005527777777777803
0 0.42521354166666664 0.2755 0.0025104166666666335 0.005129629629629596
0 0.42378125 0.2780462962962963 0.0033489583333333665 0.007231481481481431
0 0.4354270833333333 0.27740740740740744 0.004578124999999981 0.00684259259259258
0 0.431671875 0.2636759259259259 0.0034687500000000425 0.0060370370370370205
0 0.43224479166666663 0.25925925925925924 0.005286458333333381 0.00887962962962966
0 0.43709375 0.2622407407407408 0.003536458333333314 0.009148148148148143
0 0.4408333333333333 0.2690462962962963 0.005624999999999976 0.006305555555555505
0 0.447078125 0.26575925925925925 0.002963541666666695 0.004509259259259263
0 0.45178124999999997 0.2698888888888889 0.0019218750000000284 0.004388888888888897
0 0.45268749999999996 0.2663981481481481 0.0037395833333333664 0.00609259259259263
0 0.4439739583333333 0.2651296296296296 0.003755208333333352 0.005731481481481532
0 0.4566354166666667 0.2708425925925926 0.004734374999999957 0.007500000000000021
0 0.44258333333333333 0.2975277777777778 0.003807291666666638 0.007305555555555543
0 0.42755208333333333 0.29361111111111116 0.0026770833333333854 0.005805555555555539
0 0.4248177083333333 0.29024074074074074 0.00397395833333339 0.0042222222222221715
0 0.4217708333333333 0.29438888888888887 0.0037395833333333664 0.004972222222222227
0 0.4251614583333333 0.2967037037037037 0.0046302083333333854 0.003925925925925934
0 0.43531770833333333 0.2923611111111111 0.0050677083333333425 0.005425925925925938
0 0.45467708333333334 0.28453703703703703 0.004885416666666724 0.00743518518518516
0 0.4605416666666667 0.28275 0.004328124999999972 0.005962962962963014
0 0.47047395833333333 0.28487962962962965 0.004140625000000024 0.006027777777777769
0 0.47283854166666667 0.2853888888888889 0.003989583333333376 0.006444444444444478
0 0.4780833333333333 0.28476851851851853 0.005218749999999991 0.006712962962962963
0 0.4714635416666667 0.2725 0.004312499999999986 0.005861111111111149
0 0.4810885416666667 0.27631481481481485 0.004328124999999972 0.006861111111111082
0 0.4760104166666667 0.2645648148148148 0.004781250000000033 0.00522222222222221
0 0.4712552083333333 0.2616018518518518 0.0025416666666667237 0.007296296296296292
0 0.47104166666666664 0.2560555555555556 0.0034687500000000425 0.0069907407407406984
0 0.45959374999999997 0.2609722222222222 0.002796874999999943 0.005555555555555556
0 0.45169270833333336 0.2576759259259259 0.0020885416666666617 0.0049629629629629754
0 0.44852604166666665 0.25675925925925924 0.0037031249999999478 0.006490740740740733
0 0.4431822916666667 0.24787037037037035 0.004296875 0.006277777777777753
0 0.43981250000000005 0.24772222222222223 0.004463541666666634 0.005407407407407437
0 0.448484375 0.2449074074074074 0.0037916666666666524 0.004537037037037016
0 0.450390625 0.24719444444444447 0.004562499999999995 0.006425925925925976
0 0.45753125 0.2433888888888889 0.004026041666666676 0.005407407407407437
0 0.4741354166666667 0.2510277777777778 0.00557291666666669 0.008101851851851851
0 0.48053125 0.26039814814814816 0.0025104166666666335 0.006101851851851882
0 0.46311458333333333 0.2519259259259259 0.004578124999999981 0.008694444444444432
0 0.4543125 0.2177037037037037 0.004901041666666709 0.004777777777777801
0 0.47548958333333335 0.22550925925925927 0.0039427083333333 0.00573148148148148
0 0.47829166666666667 0.2231574074074074 0.0026458333333332956 0.007314814814814794
0 0.4804010416666667 0.22187037037037038 0.004494791666666723 0.008935185185185164
0 0.483546875 0.22587962962962962 0.0023749999999999718 0.004981481481481477
0 0.4844427083333333 0.24732407407407409 0.0038229166666666242 0.0023333333333333166
0 0.4919322916666667 0.24901851851851853 0.0023072916666666997 0.006611111111111099
0 0.49332291666666667 0.2457777777777778 0.003567708333333286 0.006138888888888885
0 0.4960833333333333 0.23908333333333331 0.004380208333333376 0.006833333333333329
0 0.523015625 0.2687314814814815 0.003807291666666638 0.00479629629629625
0 0.513546875 0.2792685185185185 0.007578124999999976 0.006703703703703712
0 0.546296875 0.2738240740740741 0.004192708333333428 0.007777777777777757
0 0.5060052083333333 0.23610185185185187 0.002796874999999943 0.004453703703703679
0 0.5136927083333334 0.2330185185185185 0.004999999999999952 0.00794444444444443
0 0.506484375 0.22984259259259257 0.0033854166666666668 0.005194444444444457
0 0.5048072916666667 0.22680555555555554 0.0014843749999999525 0.007203703703703678
0 0.5003645833333333 0.22447222222222224 0.003098958333333357 0.0037314814814814563
0 0.495109375 0.22442592592592592 0.002692708333333371 0.0060370370370370205
0 0.4931875 0.22729629629629627 0.002223958333333324 0.004296296296296283
0 0.489390625 0.21787962962962965 0.003218750000000033 0.006129629629629634
0 0.4934427083333333 0.21406481481481482 0.004411458333333348 0.0041851851851851685
0 0.5764322916666667 0.2366018518518518 0.0036718750000000948 0.00519444444444443
0 0.5843489583333333 0.22607407407407407 0.003401041666666771 0.005796296296296288
0 0.5810989583333334 0.22003703703703703 0.003302083333333409 0.006611111111111099
0 0.58421875 0.22078703703703703 0.0036562499999999907 0.006305555555555557
0 0.586703125 0.21927777777777777 0.002729166666666553 0.004777777777777801
0 0.578984375 0.21972222222222224 0.00227604166666661 0.005083333333333342
0 0.577171875 0.2227037037037037 0.0031979166666666003 0.005351851851851826
0 0.5751666666666666 0.2235 0.002223958333333324 0.006638888888888903
0 0.572640625 0.22301851851851853 0.0018177083333332197 0.0032777777777777965
0 0.5672447916666666 0.21741666666666667 0.004734375000000076 0.008259259259259273
0 0.5588229166666667 0.21756481481481482 0.008098958333333428 0.010351851851851859
0 0.5496458333333333 0.22080555555555556 0.0028802083333334377 0.004842592592592609
0 0.5454635416666667 0.21811111111111112 0.004645833333333372 0.007833333333333314
0 0.5408489583333334 0.21530555555555556 0.003635416666666676 0.010324074074074053
0 0.535046875 0.21657407407407409 0.0070208333333333425 0.014962962962962987
0 0.5234947916666667 0.21416666666666667 0.007494791666666719 0.01403703703703706
0 0.5173125 0.21217592592592593 0.007223958333333277 0.016342592592592572
0 0.4781927083333333 0.21377777777777776 0.004864583333333291 0.004990740740740728
0 0.47743749999999996 0.20889814814814817 0.006416666666666634 0.005370370370370381
0 0.48384895833333336 0.21047222222222223 0.0046979166666666575 0.009453703703703685
0 0.491015625 0.20979629629629631 0.0036718749999999764 0.008407407407407393
0 0.49703125 0.21037037037037035 0.007479166666666615 0.010138888888888878
0 0.5036041666666666 0.21209259259259258 0.007963541666666648 0.011490740740740763
0 0.5082604166666667 0.21150925925925926 0.009598958333333367 0.01241666666666669
0 0.52878125 0.2166574074074074 0.00756249999999999 0.01800925925925925
0 0.5448906250000001 0.2106388888888889 0.003234375000000019 0.005287037037037018
0 0.5482916666666667 0.21190740740740743 0.001953125 0.005138888888888899
0 0.5520052083333333 0.21109259259259258 0.0031510416666667616 0.004388888888888897
0 0.5515000000000001 0.21418518518518517 0.0021406250000000665 0.0072870370370370415
0 0.5713958333333333 0.21760185185185185 0.003031250000000085 0.00573148148148148
0 0.5738020833333334 0.21442592592592594 0.002119791666666752 0.006574074074074095
0 0.5796927083333333 0.21451851851851853 0.0026093750000001138 0.006157407407407387
0 0.5763750000000001 0.21459259259259258 0.005744791666666771 0.008398148148148142
0 0.6501145833333334 0.2604074074074074 0.003921875000000104 0.003953703703703687
0 0.6813958333333333 0.2523148148148148 0.004916666666666695 0.006231481481481498