0 0.726421875 0.9769351851851851 0.009036458333333285 0.017824074074074076
0 0.34602083333333333 0.8825185185185185 0.009703125000000057 0.02263888888888893
0 0.34180208333333334 0.852712962962963 0.010036458333333324 0.019148148148148206
0 0.35803124999999997 0.7964722222222222 0.010281250000000004 0.017268518518518603
0 0.36105729166666667 0.7828703703703703 0.009067708333333376 0.016018518518518477
0 0.41573958333333333 0.7186574074074074 0.005208333333333333 0.010120370370370429
0 0.33477083333333335 0.661175925925926 0.005765624999999967 0.016722222222222173
0 0.32201562499999997 0.5415740740740741 0.00518229166666669 0.008120370370370354
0 0.3381770833333333 0.5586203703703703 0.004526041666666695 0.008481481481481557
0 0.38551562500000003 0.5512222222222223 0.005473958333333329 0.008564814814814815
0 0.400703125 0.5327037037037038 0.005854166666666672 0.010694444444444402
0 0.38122395833333333 0.48781481481481487 0.008104166666666638 0.008703703703703788
0 0.3735572916666667 0.4809259259259259 0.0023645833333333145 0.010148148148148182
0 0.37845833333333334 0.4776203703703704 0.003947916666666629 0.006814814814814722
0 0.3577708333333333 0.46274074074074073 0.005338541666666667 0.009157407407407395
0 0.3646041666666667 0.4535648148148148 0.004250000000000043 0.008046296296296346
0 0.335109375 0.4562962962962963 0.005765624999999967 0.008787037037037046
0 0.318703125 0.4254722222222222 0.0059322916666667185 0.008805555555555547
0 0.33627604166666664 0.4322314814814815 0.004932291666666681 0.008166666666666713
0 0.35473958333333333 0.40981481481481485 0.005739583333333324 0.007962962962962984
0 0.364640625 0.4103148148148148 0.005578125000000019 0.00764814814814814
0 0.36778125 0.38646296296296295 0.0030677083333333854 0.004777777777777748
0 0.37083333333333335 0.39425925925925925 0.005687500000000038 0.00803703703703699
0 0.37629687500000003 0.39294444444444443 0.005624999999999976 0.00910185185185189
0 0.3889270833333333 0.4038703703703704 0.005557291666666704 0.0069537037037036955
0 0.39248437500000005 0.42512962962962964 0.007119791666666705 0.009925925925925951
0 0.39772395833333335 0.402712962962963 0.0033750000000000095 0.008425925925925948
0 0.39727083333333335 0.3966388888888889 0.005708333333333353 0.008231481481481468
0 0.40697916666666667 0.38491666666666663 0.004447916666666648 0.007750000000000004
0 0.4131145833333333 0.4271388888888889 0.0023749999999999718 0.011416666666666705
0 0.4497291666666667 0.4175092592592593 0.003625000000000019 0.007388888888888906
0 0.4529270833333333 0.41624074074074074 0.004984374999999967 0.008212962962962967
0 0.460828125 0.4190648148148148 0.004890625000000052 0.005824074074074041
0 0.47005729166666665 0.4385648148148148 0.004598958333333295 0.007824074074074117
0 0.4678072916666667 0.41128703703703706 0.0056666666666667235 0.0047314814814814945
0 0.48305729166666667 0.40986111111111106 0.0040989583333332765 0.005148148148148098
0 0.48888541666666663 0.4078055555555556 0.0048958333333333805 0.0047685185185184975
0 0.4861614583333333 0.4055833333333333 0.004557291666666667 0.00565740740740742
0 0.4785520833333334 0.4033703703703704 0.0036197916666666904 0.005944444444444407
0 0.46674479166666666 0.4010925925925926 0.005916666666666614 0.006833333333333329
0 0.45934895833333333 0.3976018518518519 0.0037760416666666667 0.007833333333333367
0 0.44997395833333337 0.4031388888888889 0.0046979166666666575 0.006638888888888851
0 0.4328333333333333 0.4010277777777778 0.004609374999999953 0.007425925925925909
0 0.4901666666666667 0.3945462962962963 0.0048177083333333336 0.004981481481481477
0 0.4954322916666667 0.3916574074074074 0.004036458333333334 0.006231481481481498
0 0.6037291666666668 0.40609259259259256 0.004135416666666695 0.00793518518518523
0 0.598234375 0.40767592592592594 0.006604166666666581 0.007462962962962913
0 0.5387916666666667 0.4073240740740741 0.004572916666666771 0.005851851851851898
0 0.9098854166666667 0.6103981481481482 0.008963541666666686 0.017370370370370362
0 0.7130989583333334 0.46475925925925926 0.002786458333333286 0.004703703703703742
0 0.71496875 0.47052777777777777 0.0025989583333332197 0.006768518518518468
0 0.7215364583333332 0.46901851851851856 0.002239583333333428 0.005972222222222264
0 0.723125 0.4660925925925926 0.0038489583333332672 0.008629629629629676
0 0.7284635416666667 0.4647962962962963 0.003286458333333305 0.007620370370370388
0 0.7245104166666666 0.47598148148148145 0.0051614583333332575 0.008842592592592551
0 0.9272447916666666 0.40096296296296297 0.005130208333333286 0.006444444444444478
0 0.93284375 0.4035925925925926 0.004260416666666582 0.008564814814814815
0 0.9377239583333333 0.3979537037037037 0.0063854166666667805 0.006518518518518485
0 0.9418802083333334 0.3931851851851852 0.005703124999999905 0.0065833333333333455
0 0.9420000000000001 0.40296296296296297 0.007411458333333343 0.005953703703703657
0 0.94878125 0.4038703703703704 0.005567708333333362 0.008564814814814815
0 0.9436822916666666 0.4090648148148148 0.007958333333333437 0.0063703703703703665
0 0.9438333333333334 0.4121574074074074 0.004104166666666724 0.005555555555555556
0 0.9384583333333333 0.4089351851851852 0.005270833333333277 0.006314814814814861
0 0.939234375 0.4141296296296296 0.007270833333333352 0.007907407407407373
0 0.9448541666666667 0.42003703703703704 0.006145833333333428 0.008722222222222185
0 0.9553697916666667 0.42323148148148143 0.008182291666666685 0.006731481481481465
0 0.96653125 0.42562037037037037 0.011062499999999887 0.012694444444444479
0 0.42819270833333334 0.3750462962962963 0.004906250000000038 0.007842592592592618
0 0.4216197916666667 0.3738425925925926 0.004520833333333366 0.0080740740740741
0 0.39279166666666665 0.3447222222222222 0.004166666666666667 0.004981481481481477
0 0.386609375 0.3439259259259259 0.0030885416666667 0.007083333333333312
0 0.41150000000000003 0.3334722222222222 0.003135416666666657 0.006240740740740749
0 0.4091302083333333 0.32616666666666666 0.005526041666666615 0.006657407407407458
0 0.42143749999999996 0.32385185185185184 0.004604166666666624 0.004935185185185223
0 0.43138020833333335 0.3473703703703704 0.004458333333333305 0.007379629629629655
0 0.4243802083333333 0.3621944444444445 0.0042604166666667 0.007472222222222269
0 0.4431822916666667 0.3717037037037037 0.004453124999999976 0.006175925925925888
0 0.45478124999999997 0.36642592592592593 0.0031614583333333 0.007212962962962929
0 0.44433854166666664 0.35061111111111115 0.0054322916666667 0.004898148148148114
0 0.44696874999999997 0.3546018518518519 0.003406249999999981 0.0049444444444444735
0 0.4504322916666667 0.35374074074074074 0.004500000000000052 0.006666666666666709
0 0.45815625 0.35648148148148145 0.004119791666666709 0.005537037037037054
0 0.46508333333333335 0.3610185185185185 0.0034270833333332955 0.00933333333333337
0 0.4751822916666667 0.3677037037037037 0.0016562500000000331 0.004490740740740762
0 0.47856770833333334 0.3706759259259259 0.0018229166666666667 0.004898148148148114
0 0.479828125 0.35067592592592595 0.004708333333333314 0.004500000000000013
0 0.48284895833333336 0.35433333333333333 0.0034947916666666855 0.006148148148148135
0 0.4865260416666667 0.35283333333333333 0.005494791666666643 0.009666666666666717
0 0.47108333333333335 0.3485 0.008749999999999977 0.009361111111111124
0 0.46059895833333336 0.3453611111111111 0.004500000000000052 0.0069351851851851935
0 0.46810416666666665 0.33816666666666667 0.0032395833333333473 0.007453703703703661
0 0.47274479166666666 0.33819444444444446 0.003177083333333286 0.00824074074074072
0 0.47798958333333336 0.3388703703703704 0.00415625000000001 0.0062129629629629965
0 0.453453125 0.3320185185185185 0.005843750000000014 0.006222222222222248
0 0.43363541666666666 0.3219537037037037 0.0036197916666666904 0.0074814814814815195
0 0.4405677083333333 0.3235 0.004786458333333362 0.008731481481481436
0 0.4477552083333334 0.3273518518518519 0.003208333333333376 0.006388888888888868
0 0.4339375 0.3143796296296296 0.003932291666666643 0.005527777777777803
0 0.4272708333333333 0.30574074074074076 0.004067708333333305 0.005407407407407437
0 0.43014583333333334 0.30384259259259255 0.004369791666666719 0.005314814814814823
0 0.4344635416666666 0.3047222222222222 0.005276041666666723 0.006527777777777736
0 0.43892708333333336 0.30380555555555555 0.004500000000000052 0.005851851851851898
0 0.444140625 0.3024907407407407 0.005057291666666686 0.008740740740740792
0 0.461453125 0.3152592592592593 0.003286458333333305 0.006499999999999983
0 0.46716145833333333 0.31800925925925927 0.003994791666666705 0.006185185185185139
0 0.48126041666666663 0.32000925925925927 0.004593749999999967 0.007814814814814865
0 0.5046041666666666 0.33049074074074075 0.005708333333333353 0.008712962962962933
0 0.5132656250000001 0.3275648148148148 0.0036718749999999764 0.0060370370370370205
0 0.5252135416666667 0.3357962962962963 0.0037447916666666953 0.005611111111111061
0 0.5296302083333333 0.3332037037037037 0.005088541666666657 0.007750000000000004
0 0.5351874999999999 0.3299814814814815 0.0033229166666667235 0.004972222222222227
0 0.5388802083333334 0.33313888888888893 0.0036614583333334375 0.007620370370370388
0 0.5263541666666667 0.3226203703703704 0.00436458333333339 0.005972222222222264
0 0.5251927083333333 0.31218518518518523 0.005802083333333386 0.00905555555555553
0 0.5056822916666667 0.30950925925925926 0.004166666666666667 0.005546296296296304
0 0.523125 0.30039814814814814 0.003687499999999962 0.005055555555555589
0 0.5265052083333334 0.29221296296296295 0.002098958333333319 0.004870370370370362
0 0.5184062500000001 0.28672222222222227 0.002598958333333338 0.004314814814814785
0 0.5049270833333334 0.29500000000000004 0.00344791666666661 0.00447222222222226
0 0.4988697916666667 0.30253703703703705 0.00440104166666669 0.004453703703703653
0 0.48909895833333333 0.3109351851851852 0.002171875000000038 0.004703703703703742
0 0.499296875 0.30771296296296297 0.0025208333333332908 0.004907407407407366
0 0.4913020833333333 0.3022222222222222 0.00227604166666661 0.00523148148148146
0 0.48391666666666666 0.30604629629629626 0.003442708333333281 0.008249999999999971
0 0.47911458333333334 0.29533333333333334 0.003244791666666676 0.007231481481481431
0 0.4722864583333333 0.291787037037037 0.003734375000000038 0.005212962962962959
0 0.47375 0.2973518518518518 0.0049218750000000235 0.007629629629629638
0 0.4907916666666667 0.2878425925925926 0.0034843750000000282 0.005759259259259284
0 0.48785937500000004 0.2976018518518519 0.0029583333333333666 0.006796296296296325
0 0.495359375 0.28798148148148145 0.003114583333333343 0.008222222222222218
0 0.4766927083333333 0.274 0.007052083333333315 0.007361111111111153
0 0.4843385416666666 0.2683240740740741 0.003635416666666676 0.006574074074074095
0 0.4879947916666667 0.27321296296296294 0.0025572916666667094 0.005555555555555556
0 0.4928177083333333 0.27146296296296296 0.002708333333333357 0.004564814814814768
0 0.49464583333333334 0.2680370370370371 0.004104166666666724 0.006398148148148119
0 0.5153229166666666 0.2765370370370371 0.004276041666666686 0.00500925925925923
0 0.5254895833333334 0.2756851851851852 0.002369791666666643 0.007046296296296309
0 0.5269635416666667 0.28135185185185185 0.0025520833333333806 0.008287037037037079
0 0.5402604166666667 0.2882222222222222 0.0028177083333332576 0.005203703703703708
0 0.5404583333333334 0.2771203703703704 0.004062500000000095 0.006185185185185139
0 0.5363906249999999 0.2755462962962963 0.0047239583333334185 0.006499999999999983
0 0.5326354166666667 0.26425 0.004119791666666709 0.006851851851851831
0 0.529015625 0.26894444444444443 0.0018645833333332954 0.005379629629629579
0 0.5724479166666666 0.30498148148148146 0.004244791666666714 0.006000000000000017
0 0.5786458333333333 0.3227407407407407 0.003130208333333447 0.005092592592592593
0 0.6024583333333333 0.32578703703703704 0.006369791666666676 0.006962962962962946
0 0.6047499999999999 0.31446296296296294 0.00404166666666678 0.00565740740740742
0 0.60440625 0.3083240740740741 0.0035937500000000474 0.005287037037037071
0 0.6014114583333333 0.3091111111111111 0.00610937500000001 0.004481481481481511
0 0.5968645833333334 0.30880555555555556 0.0036458333333333334 0.004148148148148165
0 0.5978802083333333 0.3139537037037037 0.004119791666666591 0.006148148148148135
0 0.6298489583333333 0.25452777777777774 0.003411458333333428 0.0037870370370370666
0 0.6515260416666667 0.30069444444444443 0.0035625000000000756 0.006657407407407458
0 0.681921875 0.3028240740740741 0.005572916666666572 0.007750000000000004
0 0.7233020833333333 0.3131666666666667 0.005651041666666619 0.006268518518518501
0 0.77409375 0.30786111111111114 0.0031718750000000757 0.004898148148148114
0 0.7874635416666667 0.3053240740740741 0.003791666666666771 0.004296296296296283
0 0.7898645833333333 0.3034722222222222 0.004020833333333229 0.005203703703703708
0 0.7934375 0.29650000000000004 0.003119791666666553 0.004064814814814802
0 0.7639583333333333 0.3030833333333333 0.005020833333333267 0.0051018518518518435
0 0.7532760416666666 0.30757407407407406 0.005208333333333333 0.006231481481481498
0 0.7436510416666666 0.2937037037037037 0.0036041666666667047 0.004296296296296283
0 0.7427604166666666 0.29720370370370375 0.002786458333333286 0.004546296296296267
0 0.7455312500000001 0.2975925925925926 0.0025937500000000097 0.004824074074074107
0 0.7498385416666667 0.2968703703703704 0.004067708333333305 0.005212962962962959
0 0.753109375 0.2940555555555555 0.004208333333333296 0.0047685185185184975
0 0.7635364583333334 0.28833333333333333 0.004286458333333343 0.006194444444444495
0 0.7718333333333334 0.2892962962962963 0.004906250000000038 0.006111111111111132
0 0.7788177083333333 0.2898611111111111 0.002515624999999962 0.005240740740740712
0 0.7832343749999999 0.28844444444444445 0.005708333333333353 0.004907407407407366
0 0.7810520833333333 0.29694444444444446 0.0026562499999999525 0.004527777777777765
0 0.7568020833333333 0.27597222222222223 0.004546875000000009 0.004527777777777765
0 0.7356145833333334 0.29527777777777775 0.003411458333333428 0.004000000000000046
0 0.7295677083333333 0.2910277777777778 0.0017812500000000378 0.00523148148148146
0 0.7388645833333333 0.2748888888888889 0.006786458333333438 0.006499999999999983
0 0.7378229166666667 0.2538240740740741 0.004770833333333257 0.005805555555555539
0 0.7093385416666667 0.2486944444444444 0.0033906250000001136 0.005694444444444423
0 0.7039739583333334 0.2511388888888889 0.0050052083333334 0.008527777777777811
0 0.6952239583333333 0.25631481481481483 0.005354166666666771 0.0054907407407406945
0 0.6993697916666667 0.2640185185185185 0.002682291666666714 0.0035092592592592254
0 0.7012395833333334 0.2767037037037037 0.003911458333333447 0.005268518518518569
0 0.6795156250000001 0.2679722222222222 0.006583333333333267 0.007851851851851869
0 0.6684791666666666 0.26714814814814813 0.005239583333333305 0.005962962962963014
0 0.657875 0.26554629629629634 0.006583333333333267 0.005074074074074091
0 0.546390625 0.26362037037037034 0.002328124999999896 0.007898148148148123
0 0.538171875 0.260712962962963 0.0038802083333332386 0.0059814814814815155
0 0.54803125 0.2551111111111111 0.003401041666666771 0.00609259259259263
0 0.5616875 0.2533888888888889 0.004791666666666572 0.0074814814814815195
0 0.5208958333333333 0.24653703703703703 0.0017395833333332907 0.005518518518518552
0 0.5179270833333333 0.2411388888888889 0.004463541666666634 0.00527777777777782
0 0.5137708333333334 0.23844444444444443 0.0043333333333333 0.006833333333333329
0 0.5092083333333333 0.2400925925925926 0.0049218750000000235 0.006675925925925933
0 0.4803072916666667 0.23125925925925925 0.0021875000000000236 0.004675925925925937
0 0.4825416666666667 0.2336388888888889 0.0025364583333332765 0.004157407407407416
0 0.46608854166666663 0.23207407407407407 0.0016302083333333901 0.003814814814814819
0 0.46110937500000004 0.2314074074074074 0.0033177083333332763 0.003361111111111107
0 0.4429427083333334 0.286 0.001791666666666695 0.004759259259259247
0 0.5325833333333333 0.24614814814814812 0.0023333333333333426 0.004407407407407399
0 0.5320260416666667 0.24276851851851852 0.0030052083333333237 0.006712962962962963
0 0.533140625 0.23910185185185187 0.002260416666666624 0.004138888888888914
0 0.5406666666666666 0.23749074074074075 0.0010260416666665626 0.004129629629629637
0 0.5439166666666666 0.24475925925925923 0.003098958333333239 0.004305555555555535
0 0.5455729166666666 0.23769444444444443 0.002916666666666619 0.0069537037037036955
0 0.48471875 0.21789814814814815 0.002046875000000033 0.0038333333333333205
0 0.49628645833333335 0.22399999999999998 0.0020156249999999432 0.002851851851851837
0 0.4918802083333333 0.2215740740740741 0.0015781249999999858 0.003268518518518493
0 0.4968333333333333 0.22060185185185185 0.000807291666666643 0.004055555555555551
0 0.5010572916666667 0.21971296296296294 0.0027812499999999574 0.004314814814814838
0 0.5061302083333333 0.2192962962962963 0.004026041666666676 0.0055092592592592485
0 0.5097291666666667 0.2183888888888889 0.003244791666666676 0.005555555555555556
0 0.5080989583333333 0.22556481481481483 0.002026041666666719 0.003981481481481492
0 0.5051354166666667 0.2256388888888889 0.004208333333333296 0.004018518518518495
0 0.512671875 0.22036111111111112 0.0031927083333333902 0.006537037037037039
0 0.513078125 0.2260185185185185 0.0024843749999999905 0.00382407407407407
0 0.516171875 0.22182407407407406 0.0030677083333333854 0.004240740740740726
0 0.5176458333333334 0.22039814814814815 0.004145833333333352 0.00654629629629629
0 0.5223229166666666 0.2178240740740741 0.0035000000000000144 0.004101851851851858
0 0.522984375 0.2268703703703704 0.002369791666666643 0.0032592592592592426
0 0.5213072916666667 0.23096296296296295 0.0029062499999999622 0.004222222222222224
0 0.525859375 0.22747222222222221 0.0039010416666666716 0.004277777777777782
0 0.525203125 0.21957407407407406 0.0020572916666666903 0.003962962962962938
0 0.5268854166666667 0.2183425925925926 0.003109375000000014 0.00471296296296294
0 0.528984375 0.2248703703703704 0.0011927083333333143 0.0031388888888888764
0 0.53034375 0.22598148148148148 0.0013958333333333665 0.002777777777777778
0 0.5339427083333333 0.22813888888888886 0.0030520833333333402 0.003388888888888912
0 0.5315208333333333 0.2230648148148148 0.002692708333333371 0.005453703703703691
0 0.5326979166666667 0.2180648148148148 0.0022135416666666666 0.002675925925925913
0 0.5293697916666666 0.2185 0.0018906250000000568 0.0035555555555555323
0 0.53440625 0.22099074074074074 0.0023333333333333426 0.0031574074074074304
0 0.5363229166666666 0.22140740740740741 0.0028697916666667804 0.0032499999999999916
0 0.5363645833333333 0.22478703703703704 0.0026874999999999243 0.004435185185185204
0 0.5420052083333334 0.2271388888888889 0.0033854166666666668 0.0037870370370370137
0 0.5397708333333333 0.2250462962962963 0.0019374999999998957 0.005157407407407401
0 0.5415989583333333 0.21927777777777777 0.004093750000000066 0.005824074074074093
0 0.54609375 0.2188148148148148 0.004067708333333305 0.004370370370370396
0 0.5475937500000001 0.22265740740740741 0.0024218750000000473 0.0033148148148148
0 0.5477604166666666 0.22758333333333333 0.0016614583333333618 0.0030185185185185102
0 0.5516979166666667 0.23210185185185184 0.002124999999999962 0.003685185185185202
0 0.5516822916666667 0.22569444444444445 0.002322916666666686 0.003537037037037031
0 0.5541770833333334 0.22194444444444444 0.0015416666666666855 0.0030740740740740676
0 0.552359375 0.2197037037037037 0.002947916666666591 0.004472222222222207
0 0.5557708333333333 0.21755555555555556 0.0013697916666667235 0.0031388888888888764
0 0.5562604166666667 0.22410185185185186 0.001223958333333286 0.0040092592592592445
0 0.5557083333333334 0.23035185185185186 0.0015000000000000568 0.002064814814814832
0 0.5580312500000001 0.23123148148148148 0.003515625 0.006046296296296271
0 0.5597083333333334 0.22667592592592592 0.0015208333333333712 0.0024907407407407387
0 0.5584739583333334 0.22339814814814815 0.002354166666666657 0.006342592592592614
0 0.5604427083333333 0.22028703703703703 0.0026562499999999525 0.0034166666666666646
0 0.5639583333333333 0.2179722222222222 0.0030260416666666383 0.002879629629629642
0 0.5634322916666666 0.22073148148148147 0.0023020833333333712 0.003101851851851873
0 0.5618854166666666 0.2246388888888889 0.002578124999999905 0.003990740740740743
0 0.5638020833333334 0.2278888888888889 0.003640624999999886 0.005814814814814789
0 0.563296875 0.2315185185185185 0.0023645833333333145 0.0035648148148148357
0 0.5633125 0.2354351851851852 0.0028541666666666763 0.005175925925925902
0 0.5692031249999999 0.23728703703703702 0.002052083333333362 0.004833333333333359
0 0.5727604166666667 0.24094444444444446 0.0015625 0.0036296296296295916
0 0.5669166666666666 0.22586111111111112 0.002171875000000038 0.004175925925925917
0 0.5680416666666667 0.21992592592592594 0.0035260416666666574 0.0037407407407407597
0 0.5718333333333334 0.22053703703703703 0.005328125000000009 0.0033796296296296087
0 0.57140625 0.22331481481481483 0.0019427083333333427 0.004342592592592591
0 0.5685468749999999 0.2276111111111111 0.0028802083333334377 0.0024166666666666794
0 0.5712395833333334 0.23083333333333333 0.002916666666666619 0.0030185185185185102
0 0.5741302083333333 0.2331574074074074 0.005755208333333428 0.0036203703703703936
0 0.57703125 0.22710185185185186 0.0018749999999999527 0.0030000000000000083
0 0.5745677083333334 0.22305555555555556 0.0032083333333332575 0.008629629629629623
0 0.5805260416666667 0.22275 0.004083333333333409 0.004601851851851877
0 0.58303125 0.22840740740740742 0.006463541666666591 0.006314814814814809
0 0.5831093749999999 0.23635185185185184 0.0037239583333333807 0.005500000000000024
0 0.5789791666666667 0.2366481481481482 0.0025364583333332765 0.004648148148148157
0 0.5873489583333333 0.23418518518518516 0.0036145833333333616 0.004083333333333356
0 0.58815625 0.23042592592592595 0.003677083333333305 0.006111111111111132
0 0.5911979166666667 0.23208333333333334 0.0030000000000001137 0.005083333333333342
0 0.5938645833333334 0.2353148148148148 0.00344791666666661 0.005611111111111087
0 0.5903802083333333 0.23608333333333337 0.0028333333333333617 0.005555555555555582
0 0.5885052083333334 0.22217592592592592 0.0022968749999999244 0.0045925925925925735
0 0.5900885416666667 0.22546296296296298 0.0013541666666666192 0.0029351851851852
0 0.5970416666666666 0.22528703703703704 0.002234374999999981 0.002574074074074049
0 0.5963437500000001 0.22896296296296295 0.002864583333333333 0.0037592592592592612
0 0.5968177083333334 0.23426851851851851 0.003354166666666695 0.00705555555555556
0 0.6004947916666666 0.22712962962962965 0.002348958333333447 0.0051203703703703455
0 0.6024479166666666 0.23053703703703704 0.002864583333333333 0.003944444444444436
0 0.6040625 0.2290185185185185 0.003239583333333229 0.005037037037037035
0 0.6060104166666667 0.22649074074074074 0.0028177083333332576 0.0030185185185185102
0 0.6081562500000001 0.22811111111111113 0.003281250000000095 0.003212962962962988
0 0.606328125 0.2328425925925926 0.004765625000000048 0.00352777777777778
0 0.6089895833333333 0.23449074074074075 0.0029062499999999622 0.0032407407407407406
0 0.61275 0.23422222222222222 0.002453125000000019 0.0030833333333333186
0 0.61565625 0.23457407407407407 0.002562500000000038 0.0035462962962962813
0 0.612390625 0.23721296296296296 0.002791666666666733 0.0037499999999999842
0 0.6134791666666667 0.23146296296296295 0.004078124999999962 0.002675925925925913
0 0.6132864583333333 0.22633333333333333 0.0038854166666666854 0.0019259259259259112
0 0.6176406249999999 0.23030555555555554 0.002828124999999915 0.0030092592592592593
0 0.6204010416666667 0.22653703703703704 0.0038697916666665813 0.0030185185185185102
0 0.622984375 0.22851851851851854 0.0024322916666667045 0.003101851851851873
0 0.6260260416666666 0.22928703703703704 0.002005208333333286 0.0037314814814814563
0 0.6277447916666666 0.2283611111111111 0.0017812500000000378 0.002555555555555547
0 0.62334375 0.23312962962962963 0.004291666666666553 0.004314814814814838
0 0.62221875 0.2392314814814815 0.002291666666666714 0.004851851851851861
0 0.6251145833333334 0.23875925925925928 0.0034427083333333996 0.00506481481481484
0 0.6271770833333333 0.23966666666666664 0.003567708333333286 0.0052777777777777935
0 0.6277760416666667 0.2323611111111111 0.0024947916666666478 0.0032407407407407406
0 0.6302708333333332 0.23525925925925928 0.002515624999999962 0.005833333333333344
0 0.6319114583333333 0.2358148148148148 0.004249999999999924 0.006027777777777769
0 0.6348125 0.23428703703703704 0.0016614583333333618 0.0038796296296296274
0 0.6365416666666667 0.23065740740740742 0.0034843750000000282 0.00852777777777776
0 0.6403489583333334 0.24008333333333334 0.0031979166666666003 0.004740740740740745
0 0.6418020833333333 0.23328703703703701 0.0041510416666665625 0.0037129629629629544
0 0.652609375 0.23197222222222222 0.0014322916666666666 0.0033796296296296087
0 0.656109375 0.23146296296296295 0.002156249999999934 0.0028055555555555303
0 0.6572864583333333 0.2363240740740741 0.003531250000000104 0.004527777777777791
0 0.66009375 0.23740740740740737 0.0025468749999999337 0.003953703703703687
0 0.6595260416666666 0.24287037037037038 0.0014947916666666098 0.001851851851851852
0 0.662234375 0.24319444444444444 0.0018645833333332954 0.004101851851851805
0 0.6620520833333334 0.23320370370370372 0.0022291666666667707 0.0030925925925925695
0 0.6673802083333332 0.2401296296296296 0.0022604166666667425 0.0029907407407407578
0 0.67096875 0.2343425925925926 0.001843749999999981 0.0035462962962962813
0 0.6738333333333333 0.23613888888888887 0.0014062499999999052 0.004861111111111085
0 0.6795000000000001 0.2358611111111111 0.001281250000000019 0.003388888888888912
0 0.6845 0.23692592592592593 0.0012604166666667046 0.0030000000000000083
0 0.6861770833333334 0.2376111111111111 0.0010416666666666667 0.003222222222222239
0 0.6882552083333333 0.23740740740740737 0.0016979166666667804 0.005361111111111104
0 0.7167135416666667 0.22064814814814815 0.0024166666666666004 0.003592592592592588
0 0.7195833333333332 0.22210185185185186 0.0022604166666667425 0.0037962962962963176
0 0.722265625 0.22253703703703703 0.0024218750000000473 0.003370370370370358
0 0.7276041666666667 0.2201759259259259 0.002671875000000057 0.004435185185185204
0 0.2337395833333333 0.4118148148148148 0.005687499999999979 0.0059814814814815155
0 0.227265625 0.4075462962962963 0.0059322916666666595 0.007740740740740754
0 0.25334375000000003 0.3742685185185185 0.005276041666666664 0.004231481481481528