0 0.27046875 0.8329814814814814 0.008437500000000023 0.01368518518518516
0 0.253640625 0.7655 0.009916666666666648 0.017731481481481567
0 0.34459375 0.7802962962962964 0.01118750000000001 0.011240740740740834
0 0.364703125 0.7476759259259259 0.0093385416666667 0.013759259259259167
0 0.3347239583333333 0.6462037037037037 0.004312499999999986 0.01756481481481484
0 0.34150520833333337 0.6544814814814816 0.005776041666666624 0.00947222222222224
0 0.34644791666666663 0.6558518518518519 0.006119791666666667 0.013499999999999932
0 0.3390416666666667 0.64 0.004234375000000057 0.0074814814814814145
0 0.31502083333333336 0.6117314814814815 0.0036718749999999764 0.009962962962962955
0 0.325375 0.5963703703703704 0.004390625000000033 0.009712962962962972
0 0.35892708333333334 0.5437685185185185 0.005807291666666714 0.008583333333333316
0 0.3637916666666667 0.5385092592592593 0.005901041666666629 0.007583333333333384
0 0.39139583333333333 0.5492407407407407 0.002026041666666719 0.007157407407407424
0 0.27952083333333333 0.6134444444444445 0.005322916666666681 0.010527777777777676
0 0.263828125 0.5553981481481481 0.005005208333333341 0.008361111111111087
0 0.28691666666666665 0.566787037037037 0.006375000000000005 0.005435185185185084
0 0.30068750000000005 0.5238333333333334 0.005177083333333362 0.0067962962962962205
0 0.3143125 0.5241944444444444 0.006718750000000048 0.008462962962963056
0 0.330046875 0.4983796296296296 0.004994791666666624 0.006027777777777769
0 0.33814062500000003 0.4931388888888889 0.005109374999999972 0.006972222222222197
0 0.3373802083333333 0.4835925925925926 0.003947916666666629 0.009787037037036978
0 0.35255729166666666 0.506425925925926 0.007520833333333362 0.008166666666666609
0 0.36172916666666666 0.5043240740740741 0.003911458333333328 0.005231481481481566
0 0.3595833333333333 0.49383333333333335 0.006411458333333305 0.008361111111111087
0 0.38606250000000003 0.4763981481481481 0.0036718749999999764 0.003953703703703687
0 0.38667708333333334 0.47914814814814816 0.004026041666666676 0.005129629629629596
0 0.40324479166666666 0.5056574074074074 0.007156250000000005 0.005351851851851826
0 0.43084895833333337 0.5127592592592592 0.0041770833333333235 0.006222222222222248
0 0.44020312500000003 0.5313611111111111 0.00604166666666662 0.006379629629629722
0 0.44359375 0.5288240740740741 0.00568229166666671 0.009240740740740758
0 0.4530677083333333 0.5332129629629629 0.0038697916666666997 0.00808333333333335
0 0.463859375 0.5652407407407408 0.00540104166666661 0.009018518518518526
0 0.46294270833333334 0.5211388888888889 0.007718749999999967 0.00872222222222229
0 0.44881770833333334 0.4980185185185185 0.005479166666666657 0.00722222222222218
0 0.4615572916666667 0.5026851851851851 0.004546875000000009 0.007027777777777702
0 0.47631249999999997 0.5059166666666667 0.004062499999999977 0.006509259259259234
0 0.4822239583333333 0.5186111111111111 0.002499999999999976 0.006518518518518485
0 0.48376562500000003 0.5099814814814815 0.005489583333333314 0.0059814814814815155
0 0.4871875 0.5102222222222222 0.0027395833333333287 0.003287037037036995
0 0.48927604166666666 0.5134907407407407 0.004458333333333305 0.004675925925925884
0 0.49165625 0.49191666666666667 0.00440104166666669 0.006740740740740716
0 0.49782291666666667 0.4862222222222222 0.004781250000000033 0.005824074074074041
0 0.47632291666666665 0.4649166666666667 0.0024739583333333332 0.004787037037036999
0 0.47486979166666665 0.46193518518518517 0.004932291666666681 0.008361111111111087
0 0.44951041666666663 0.45787037037037037 0.0054322916666667 0.009740740740740723
0 0.3970416666666667 0.4598425925925926 0.005286458333333381 0.007333333333333295
0 0.4033802083333333 0.46350925925925923 0.004213541666666624 0.006740740740740716
0 0.42469270833333334 0.4573425925925926 0.0066770833333333005 0.008361111111111087
0 0.39810416666666665 0.450212962962963 0.004729166666666629 0.005537037037037054
0 0.408125 0.4237962962962963 0.0056666666666667235 0.006009259259259268
0 0.42460416666666667 0.42850925925925926 0.005072916666666672 0.0052962962962963215
0 0.43074999999999997 0.43662962962962965 0.0032656249999999903 0.0053333333333333245
0 0.43479166666666663 0.43442592592592594 0.0036666666666666475 0.005379629629629579
0 0.44293750000000004 0.4379351851851852 0.0038958333333333427 0.0051018518518518435
0 0.3630729166666667 0.4197777777777778 0.005713541666666681 0.006537037037036986
0 0.364234375 0.415962962962963 0.0028541666666666763 0.006481481481481481
0 0.38621875 0.4040648148148148 0.004520833333333366 0.0062129629629629965
0 0.39417187499999995 0.3875185185185185 0.00579166666666661 0.0035833333333333377
0 0.40023958333333337 0.385 0.002572916666666695 0.006805555555555577
0 0.15001041666666665 0.522175925925926 0.0071145833333333165 0.008268518518518578
0 0.16355208333333332 0.5294166666666666 0.007291666666666667 0.004611111111111128
0 0.19341145833333334 0.46464814814814814 0.003244791666666676 0.003703703703703704
0 0.195328125 0.4709074074074074 0.002901041666666693 0.00933333333333337
0 0.16391145833333332 0.5076851851851851 0.007057291666666643 0.007333333333333401
0 0.8152083333333333 0.6477037037037037 0.003229166666666572 0.0076574074074073906
0 0.80859375 0.6387037037037037 0.005364583333333428 0.009796296296296228
0 0.8086979166666667 0.6297407407407407 0.002630208333333428 0.005648148148148064
0 0.8153072916666667 0.6244444444444445 0.004359374999999943 0.008305555555555582
0 0.7991458333333333 0.6263796296296297 0.002916666666666619 0.005824074074074041
0 0.8020052083333333 0.6384444444444445 0.0032083333333332575 0.007898148148148123
0 0.6236145833333333 0.5218518518518519 0.008828124999999905 0.011833333333333309
0 0.62878125 0.5165740740740741 0.006390624999999991 0.011018518518518603
0 0.5465572916666667 0.5143333333333333 0.002812500000000047 0.007490740740740665
0 0.544703125 0.38919444444444445 0.0012968749999998862 0.0030185185185185102
0 0.547015625 0.3915277777777778 0.0036979166666666194 0.008342592592592584
0 0.5977447916666667 0.3793055555555555 0.003083333333333371 0.0067592592592592175
0 0.5812552083333333 0.3537314814814815 0.004020833333333229 0.005546296296296304
0 0.6100156250000001 0.3619444444444444 0.00358333333333339 0.004620370370370379
0 0.6136250000000001 0.35924074074074075 0.0031927083333333902 0.004388888888888897
0 0.617234375 0.36112962962962963 0.0034270833333332955 0.004564814814814768
0 0.6204999999999999 0.3586388888888889 0.0038750000000000286 0.00587962962962965
0 0.6208072916666667 0.3681203703703704 0.0038802083333332386 0.0060370370370370205
0 0.6126510416666666 0.3667037037037037 0.004666666666666685 0.005546296296296304
0 0.61671875 0.38434259259259257 0.004302083333333447 0.00522222222222221
0 0.6221822916666666 0.3863611111111111 0.004317708333333314 0.0065462962962963426
0 0.46090625 0.43775 0.004458333333333305 0.007787037037037007
0 0.469984375 0.4278518518518518 0.005526041666666615 0.007509259259259272
0 0.48181770833333337 0.4293518518518518 0.004296875 0.005314814814814823
0 0.4874427083333333 0.4291388888888889 0.004802083333333347 0.006833333333333329
0 0.4614375 0.4242870370370371 0.0036927083333332905 0.005148148148148098
0 0.4599739583333333 0.4201851851851852 0.0035729166666666145 0.0030277777777777608
0 0.45545833333333335 0.42306481481481484 0.004057291666666647 0.005962962962963014
0 0.445203125 0.4190740740740741 0.004421875000000005 0.005796296296296288
0 0.4598072916666667 0.4053981481481481 0.0036041666666667047 0.0049259259259259724
0 0.46434375 0.4021203703703704 0.0035260416666666574 0.0066018518518518475
0 0.4660625 0.40550925925925924 0.004635416666666714 0.006148148148148135
0 0.4463385416666667 0.39628703703703705 0.00657291666666661 0.006870370370370332
0 0.4151875 0.3601574074074074 0.0034583333333333853 0.00802777777777774
0 0.4238854166666667 0.3718518518518519 0.003635416666666676 0.006981481481481448
0 0.42338020833333334 0.3808148148148148 0.0035937500000000474 0.007500000000000021
0 0.43074999999999997 0.3841851851851852 0.0030104166666666526 0.0099166666666667
0 0.43278645833333335 0.38162037037037033 0.00397395833333339 0.00866666666666668
0 0.43996875 0.38981481481481484 0.004953124999999995 0.009444444444444486
0 0.41959375 0.35570370370370374 0.0030052083333333237 0.006064814814814773
0 0.4249791666666667 0.3570833333333333 0.0029114583333332907 0.007037037037037058
0 0.4309791666666667 0.3543425925925926 0.004484374999999948 0.006305555555555505
0 0.43669270833333335 0.3540185185185185 0.004510416666666709 0.0069537037037036955
0 0.45221875 0.37066666666666664 0.003260416666666662 0.006333333333333363
0 0.463 0.3753425925925926 0.006416666666666634 0.007768518518518506
0 0.4777135416666667 0.37530555555555556 0.005354166666666652 0.008361111111111087
0 0.48070833333333335 0.3756666666666667 0.00475520833333339 0.007462962962962913
0 0.47051041666666665 0.33832407407407405 0.003755208333333352 0.00684259259259258
0 0.47274999999999995 0.3462314814814815 0.004369791666666719 0.0076944444444443936
0 0.46997395833333333 0.3482222222222222 0.004880208333333276 0.008203703703703717
0 0.47753125 0.3460185185185185 0.0037395833333333664 0.006398148148148119
0 0.4765729166666667 0.3406944444444444 0.003270833333333319 0.0064074074074073695
0 0.4837135416666667 0.35471296296296295 0.0039791666666667185 0.0069537037037036955
0 0.4827083333333333 0.3577037037037037 0.004635416666666714 0.008203703703703717
0 0.4900677083333333 0.36574999999999996 0.0031041666666666856 0.004879629629629613
0 0.4861666666666667 0.3434537037037037 0.0022812500000000567 0.006064814814814773
0 0.49189062499999997 0.3523148148148148 0.003343750000000038 0.008638888888888927
0 0.5011666666666666 0.35281481481481486 0.00419270833333331 0.008333333333333333
0 0.5022708333333333 0.3588888888888889 0.003729166666666709 0.005833333333333291
0 0.5095 0.3630740740740741 0.0036302083333333477 0.006435185185185227
0 0.5054635416666666 0.390712962962963 0.004213541666666624 0.005046296296296339
0 0.5200208333333334 0.38657407407407407 0.0032500000000000046 0.006425925925925976
0 0.528 0.3834074074074074 0.006208333333333371 0.008018518518518489
0 0.52940625 0.39785185185185185 0.00436458333333339 0.007592592592592635
0 0.535140625 0.3948148148148148 0.005890624999999971 0.009175925925925896
0 0.533296875 0.36521296296296296 0.004588541666666697 0.00646296296296298
0 0.53109375 0.34987962962962965 0.005604166666666721 0.008222222222222218
0 0.50946875 0.3406944444444444 0.0034843750000000282 0.005027777777777732
0 0.49279687499999997 0.3321388888888889 0.005255208333333291 0.0065462962962963426
0 0.496578125 0.33325925925925926 0.004250000000000043 0.007768518518518506
0 0.47284375 0.3100648148148148 0.003187499999999943 0.0023981481481481774
0 0.4744322916666667 0.31375000000000003 0.003140624999999986 0.0036759259259259514
0 0.48136979166666666 0.30792592592592594 0.003359375000000024 0.005370370370370328
0 0.48807812500000003 0.31097222222222226 0.0018385416666666524 0.004898148148148114
0 0.492078125 0.3061574074074074 0.004020833333333348 0.006324074074074112
0 0.496578125 0.3087037037037037 0.005218749999999991 0.008249999999999971
0 0.5248333333333333 0.3303981481481481 0.005499999999999972 0.005472222222222193
0 0.5381822916666666 0.33455555555555555 0.0034895833333332387 0.005861111111111149
0 0.53715625 0.3173148148148148 0.004145833333333352 0.007925925925925876
0 0.5525416666666667 0.3271851851851852 0.004067708333333305 0.007509259259259272
0 0.5444322916666666 0.31233333333333335 0.003182291666666733 0.004518518518518515
0 0.5441874999999999 0.31548148148148153 0.003125 0.007814814814814865
0 0.5497291666666667 0.3162962962962963 0.003291666666666752 0.0051388888888888465
0 0.5356979166666667 0.3115555555555556 0.0026458333333332956 0.007796296296296259
0 0.5377864583333333 0.3022592592592593 0.0029322916666667236 0.0043796296296296465
0 0.5389375 0.29456481481481483 0.0022812500000000567 0.00726851851851854
0 0.5443072916666666 0.2911111111111111 0.003854166666666714 0.004805555555555606
0 0.5573489583333333 0.28559259259259256 0.001848958333333428 0.004509259259259263
0 0.5579531249999999 0.29529629629629633 0.001786458333333248 0.008425925925925948
0 0.5733802083333334 0.2823611111111111 0.004234375000000057 0.004935185185185223
0 0.5235 0.3149166666666667 0.0038020833333333097 0.007972222222222235
0 0.4638072916666667 0.2566851851851852 0.0022812500000000567 0.004064814814814802
0 0.4778125 0.2568240740740741 0.0036666666666666475 0.003407407407407361
0 0.4800260416666667 0.2580277777777778 0.00227604166666661 0.0040092592592592975
0 0.48290104166666664 0.23922222222222222 0.002786458333333286 0.0032499999999999916
0 0.48948437499999997 0.24429629629629626 0.0019427083333333427 0.003870370370370324
0 0.5090208333333334 0.2648518518518519 0.003151041666666643 0.0044166666666666495
0 0.5117239583333333 0.267712962962963 0.0035468749999999715 0.005537037037037054
0 0.515203125 0.26275925925925925 0.004020833333333348 0.007157407407407424
0 0.5168020833333333 0.26252777777777775 0.002895833333333305 0.008231481481481468
0 0.5189739583333333 0.26487037037037037 0.004432291666666662 0.007537037037037024
0 0.5080677083333334 0.2505 0.0027291666666666714 0.0049259259259259724
0 0.4964166666666667 0.24410185185185185 0.00234375 0.007888888888888872
0 0.4997916666666667 0.24033333333333334 0.0013020833333333333 0.003435185185185219
0 0.504328125 0.2425462962962963 0.001723958333333305 0.005592592592592559
0 0.5074010416666667 0.2426574074074074 0.0035468749999999715 0.004629629629629629
0 0.5045468750000001 0.23854629629629628 0.00302083333333331 0.005898148148148152
0 0.5103802083333333 0.2381388888888889 0.0021666666666667095 0.007509259259259272
0 0.5141458333333333 0.2455462962962963 0.00458333333333331 0.01189814814814817
0 0.5183802083333333 0.2426759259259259 0.0030260416666666383 0.004277777777777782
0 0.516109375 0.24592592592592594 0.004109375000000052 0.007314814814814794
0 0.5205729166666667 0.24012037037037035 0.004171874999999995 0.005703703703703674
0 0.5235052083333334 0.2495740740740741 0.002463541666666676 0.004620370370370379
0 0.5239010416666666 0.25501851851851853 0.002182291666666695 0.0035833333333333377
0 0.5257916666666667 0.27464814814814814 0.0026354166666666384 0.006185185185185139
0 0.5374739583333333 0.2738240740740741 0.001968750000000104 0.006685185185185211
0 0.5383489583333334 0.26851851851851855 0.003890624999999896 0.005768518518518536
0 0.5360677083333333 0.2629722222222222 0.005208333333333333 0.004953703703703725
0 0.5457864583333334 0.2616203703703704 0.0019895833333334187 0.0053333333333333245
0 0.5524114583333334 0.2596481481481482 0.001062499999999981 0.00506481481481484
0 0.5525416666666667 0.26415740740740745 0.003515625 0.005888888888888902
0 0.5494375 0.27112037037037034 0.0020364583333332574 0.007111111111111065
0 0.5378437500000001 0.250962962962963 0.0025312500000000664 0.003981481481481439
0 0.5305052083333334 0.2496759259259259 0.0070468749999999854 0.006944444444444444
0 0.5341145833333333 0.24826851851851853 0.004062500000000036 0.006009259259259268
0 0.5297447916666667 0.24302777777777781 0.0013854166666667092 0.003592592592592588
0 0.5247760416666667 0.2409074074074074 0.002505208333333305 0.002944444444444398
0 0.5264166666666666 0.23881481481481484 0.003541666666666643 0.0036759259259259514
0 0.52921875 0.2383148148148148 0.003135416666666657 0.00543518518518519
0 0.5326770833333333 0.23783333333333334 0.002052083333333362 0.0029444444444444245
0 0.5371510416666666 0.23814814814814814 0.003911458333333447 0.0023240740740740656
0 0.5372604166666667 0.24256481481481484 0.002786458333333286 0.00727777777777779
0 0.5417083333333333 0.24181481481481484 0.003046874999999953 0.003861111111111073
0 0.5394635416666667 0.24517592592592594 0.0028749999999999904 0.007888888888888872
0 0.5464687500000001 0.24976851851851853 0.002177083333333248 0.003620370370370341
0 0.5455260416666667 0.2475 0.0033750000000000095 0.006287037037037003
0 0.5488645833333333 0.24024074074074073 0.002223958333333324 0.00609259259259263
0 0.5539114583333333 0.24244444444444443 0.004067708333333305 0.009092592592592638
0 0.5532552083333333 0.24989814814814815 0.004338541666666629 0.004277777777777782
0 0.5571354166666667 0.2483425925925926 0.0028020833333333903 0.003092592592592622
0 0.5579635416666666 0.2549722222222222 0.0033854166666666668 0.006740740740740716
0 0.5624947916666667 0.24142592592592593 0.0022812500000000567 0.006166666666666637
0 0.5599010416666667 0.24260185185185185 0.0031458333333333143 0.008129629629629605
0 0.5643958333333334 0.25350925925925927 0.00241145833333339 0.013037037037037074
0 0.5683072916666667 0.24878703703703703 0.004833333333333438 0.008972222222222272
0 0.5713125 0.24582407407407408 0.006947916666666743 0.014583333333333334
0 0.5768802083333333 0.2633518518518519 0.0035937500000000474 0.007259259259259289
0 0.5688177083333333 0.2610277777777778 0.004333333333333419 0.005370370370370328
0 0.5830260416666667 0.25624074074074077 0.005302083333333248 0.008499999999999954
0 0.5866822916666667 0.2551481481481481 0.0043906249999999146 0.009768518518518477
0 0.584109375 0.24513888888888888 0.004640624999999924 0.00986111111111109
0 0.5806510416666666 0.24475 0.004640624999999924 0.012425925925925887
0 0.5768125000000001 0.23808333333333334 0.004744791666666733 0.0043611111111111186
0 0.5914479166666666 0.24650000000000002 0.00358333333333339 0.005212962962962959
0 0.592484375 0.2503611111111111 0.007135416666666572 0.009814814814814835
0 0.5911354166666667 0.2602777777777778 0.008973958333333342 0.007250000000000038
0 0.5975572916666666 0.2597407407407407 0.001968750000000104 0.007046296296296309
0 0.6031302083333333 0.25639814814814815 0.0022708333333334 0.011888888888888918
0 0.606265625 0.25854629629629633 0.004645833333333372 0.008499999999999954
0 0.5998333333333333 0.25428703703703703 0.004973958333333428 0.011555555555555572
0 0.6060416666666666 0.24730555555555553 0.005104166666666761 0.007444444444444411
0 0.6088489583333333 0.25428703703703703 0.00397395833333339 0.0161666666666667
0 0.612375 0.2488425925925926 0.003244791666666676 0.005907407407407403
0 0.6132916666666667 0.24987962962962965 0.004218749999999953 0.0076759259259258925
0 0.617171875 0.2529351851851852 0.008078125000000113 0.011935185185185172
0 0.62246875 0.25439814814814815 0.004401041666666572 0.012092592592592542
0 0.6287760416666667 0.24903703703703703 0.004916666666666695 0.009361111111111124
0 0.6252447916666667 0.26045370370370374 0.005416666666666714 0.008833333333333299
0 0.631125 0.2546481481481481 0.0059322916666666005 0.01044444444444442
0 0.6360729166666667 0.24913888888888888 0.005020833333333267 0.009555555555555602
0 0.6400729166666667 0.2558425925925926 0.005229166666666648 0.003601851851851839
0 0.6423645833333332 0.25026851851851856 0.003239583333333229 0.006287037037037003
0 0.6438697916666667 0.25580555555555556 0.005166666666666705 0.007851851851851869
0 0.6476197916666667 0.25707407407407407 0.005098958333333315 0.0065462962962963426
0 0.6452395833333333 0.26272222222222225 0.004671874999999896 0.006305555555555505
0 0.6382916666666667 0.2644907407407407 0.0026614583333333997 0.00523148148148146
0 0.6418802083333334 0.2635648148148148 0.003786458333333324 0.00646296296296298
0 0.6605729166666666 0.26379629629629625 0.005942708333333257 0.006296296296296254
0 0.6591041666666667 0.25407407407407406 0.00408854166666662 0.005777777777777786
0 0.6628854166666667 0.25716666666666665 0.0034791666666665814 0.006870370370370332
0 0.6702447916666666 0.2551481481481481 0.003239583333333229 0.004851851851851861
0 0.6787760416666667 0.25816666666666666 0.005859375 0.0064074074074073695
0 0.680078125 0.3465092592592593 0.0050052083333334 0.00850925925925931
0 0.7172864583333334 0.34677777777777774 0.0038750000000000286 0.0056666666666666705
0 0.760890625 0.3608148148148148 0.0035937500000000474 0.006388888888888868
0 0.76825 0.3302407407407408 0.004135416666666695 0.005787037037037037
0 0.7776510416666667 0.3384814814814815 0.003921875000000104 0.009675925925925968
0 0.7849270833333333 0.33367592592592593 0.005218749999999991 0.00608333333333338
0 0.784375 0.3386018518518519 0.0030208333333334282 0.00560185185185181
0 0.7896249999999999 0.3393611111111111 0.0035937500000000474 0.006694444444444461
0 0.7891614583333334 0.3416111111111111 0.0033125000000000663 0.004657407407407382
0 0.791375 0.3343888888888889 0.0032031250000000475 0.0040462962962963004
0 0.7948489583333332 0.33967592592592594 0.0038750000000000286 0.005777777777777786
0 0.79678125 0.3504907407407407 0.003635416666666676 0.0047314814814814945
0 0.799515625 0.3527222222222222 0.005427083333333371 0.006120370370370383
0 0.8069166666666666 0.3437037037037037 0.004453125000000095 0.005388888888888935
0 0.8107447916666667 0.3464907407407407 0.00475520833333339 0.005962962962963014
0 0.8224166666666667 0.35285185185185186 0.0038854166666666854 0.00523148148148146
0 0.8261770833333333 0.3474351851851852 0.002760416666666761 0.004388888888888897
0 0.8365625 0.3470925925925926 0.004291666666666553 0.006000000000000017
0 0.8412552083333333 0.3363703703703703 0.003187499999999943 0.00851851851851856
0 0.8364010416666667 0.33669444444444446 0.0040312499999998865 0.0036388888888888426
0 0.83215625 0.3261111111111111 0.007119791666666705 0.006749999999999966
0 0.8271093749999999 0.32661111111111113 0.0035937500000000474 0.006518518518518485
0 0.817921875 0.3284166666666667 0.0035416666666667615 0.00862037037037032
0 0.8144218750000001 0.3247407407407408 0.004328124999999972 0.005249999999999962
0 0.80278125 0.3241851851851852 0.003177083333333286 0.005972222222222264
0 0.7937239583333333 0.3103518518518519 0.004427083333333333 0.005972222222222264
0 0.777265625 0.3098240740740741 0.0033281249999999336 0.006148148148148135
0 0.7740572916666667 0.30934259259259256 0.0034791666666665814 0.008259259259259221
0 0.7729427083333333 0.2811574074074074 0.004187499999999981 0.005055555555555589
0 0.7693229166666666 0.28019444444444447 0.004729166666666629 0.004675925925925884
0 0.738 0.27452777777777776 0.002942708333333381 0.004092592592592555
0 0.7354322916666667 0.3135740740740741 0.005072916666666553 0.008101851851851851
0 0.7071354166666667 0.2992592592592592 0.0031041666666666856 0.004370370370370396
0 0.72709375 0.2937222222222223 0.0036093749999999147 0.004675925925925884
0 0.7236145833333333 0.28594444444444445 0.003218749999999915 0.007555555555555526
0 0.7319791666666667 0.2781944444444444 0.003348958333333248 0.006518518518518485
0 0.7046145833333333 0.29960185185185184 0.0035989583333332575 0.0059814814814815155
0 0.6906927083333334 0.29787037037037034 0.004453125000000095 0.006527777777777736
0 0.6820989583333333 0.29691666666666666 0.0036927083333334093 0.004601851851851877
0 0.6783229166666668 0.29662037037037037 0.003682291666666752 0.006731481481481465
0 0.6460833333333333 0.28181481481481485 0.003062500000000057 0.005750000000000034
0 0.6910885416666667 0.264 0.002911458333333409 0.003361111111111107
0 0.6900208333333333 0.2703611111111111 0.003739583333333248 0.005555555555555556
0 0.69740625 0.25625 0.002760416666666761 0.003944444444444436
0 0.701828125 0.2581388888888889 0.0029531250000000378 0.003305555555555602
0 0.70696875 0.2578611111111111 0.0038697916666665813 0.0058703703703704
0 0.7126354166666666 0.2591388888888889 0.0013802083333333806 0.003361111111111107
0 0.7172864583333334 0.2596296296296296 0.0022656249999999526 0.004555555555555518
0 0.7512291666666666 0.24063888888888887 0.0038125000000000854 0.0060185185185185185
0 0.7533645833333333 0.2416388888888889 0.0037760416666666667 0.00500925925925923
0 0.7569427083333333 0.24233333333333335 0.0033281249999999336 0.003620370370370341
0 0.7634114583333333 0.23845370370370367 0.002406249999999943 0.004175925925925917