0 0.479734375 0.6938518518518518 0.006046874999999948 0.017518518518518586
0 0.47351041666666666 0.6912407407407407 0.006406249999999976 0.012305555555555523
0 0.31966666666666665 0.2644814814814815 0.0027552083333333144 0.005361111111111078
0 0.31794791666666666 0.26931481481481484 0.001307291666666662 0.005425925925925938
0 0.3198385416666667 0.27824074074074073 0.0021614583333333806 0.0049259259259259724
0 0.32040104166666666 0.27231481481481484 0.004541666666666681 0.006981481481481448
0 0.31172395833333333 0.2784351851851852 0.004375000000000047 0.0058703703703704
0 0.3005833333333333 0.2838611111111111 0.005890624999999971 0.006148148148148135
0 0.3264270833333333 0.27862962962962967 0.005005208333333281 0.006814814814814827
0 0.34044270833333334 0.2459814814814815 0.0029999999999999953 0.007166666666666675
0 0.364265625 0.2680925925925926 0.005901041666666629 0.00743518518518516
0 0.36018229166666665 0.2360277777777778 0.0030572916666666097 0.003944444444444462
0 0.37657291666666665 0.2365833333333333 0.004552083333333338 0.005055555555555563
0 0.3705208333333333 0.23497222222222222 0.003395833333333324 0.005166666666666652
0 0.3983177083333333 0.2561111111111111 0.005192708333333348 0.00699999999999995
0 0.39171354166666666 0.2571851851851852 0.0038593750000000425 0.007018518518518557
0 0.387859375 0.2568333333333333 0.0030677083333333854 0.00543518518518519
0 0.3842708333333333 0.25830555555555557 0.004307291666666657 0.007944444444444483
0 0.3797760416666666 0.2505925925925926 0.0012395833333333902 0.007907407407407373
0 0.37719270833333335 0.21856481481481482 0.0026875000000000427 0.006453703703703729
0 0.392171875 0.19076851851851853 0.00536458333333331 0.007101851851851867
0 0.39693229166666666 0.212 0.005885416666666643 0.005972222222222212
0 0.420640625 0.24508333333333332 0.0028593750000000047 0.004212962962962921
0 0.4296979166666667 0.23624074074074072 0.004291666666666671 0.004564814814814795
0 0.43778124999999996 0.23428703703703704 0.0033072916666666194 0.0067592592592592695
0 0.4542552083333333 0.2456574074074074 0.0030052083333333237 0.007620370370370388
0 0.45753125 0.23259259259259257 0.002505208333333305 0.007027777777777754
0 0.45694270833333334 0.24847222222222223 0.0047239583333333005 0.00906481481481478
0 0.44600520833333335 0.21398148148148147 0.0042604166666667 0.005129629629629649
0 0.4517083333333333 0.207712962962963 0.003916666666666657 0.005555555555555556
0 0.4610416666666667 0.206 0.0032656249999999903 0.006231481481481498
0 0.46475000000000005 0.2073425925925926 0.004145833333333352 0.006666666666666656
0 0.46841666666666665 0.2006388888888889 0.002354166666666657 0.002564814814814798
0 0.47143229166666667 0.2038148148148148 0.004979166666666638 0.010750000000000013
0 0.47383333333333333 0.20901851851851852 0.0035208333333333285 0.006296296296296307
0 0.4754375 0.23071296296296295 0.004901041666666709 0.007444444444444464
0 0.46908333333333335 0.22662962962962963 0.0028489583333333474 0.004435185185185204
0 0.48055729166666666 0.23976851851851852 0.0015572916666666714 0.004194444444444419
0 0.47610416666666666 0.20978703703703702 0.0029062499999999622 0.005629629629629615
0 0.480359375 0.21119444444444443 0.004036458333333334 0.0060185185185185185
0 0.4804114583333333 0.20560185185185187 0.006229166666666686 0.008296296296296277
0 0.48501041666666667 0.20820370370370372 0.004973958333333309 0.00977777777777778
0 0.490609375 0.2092037037037037 0.003380208333333338 0.0029537037037037014
0 0.5000833333333333 0.22505555555555556 0.0028333333333333617 0.007231481481481484
0 0.5019635416666667 0.2634444444444444 0.0032552083333333335 0.0056666666666666705
0 0.528828125 0.26135185185185184 0.0050416666666666995 0.004083333333333304
0 0.5286093749999999 0.2677407407407408 0.0027656249999999717 0.004305555555555535
0 0.5322239583333332 0.26578703703703704 0.004515624999999979 0.004129629629629664
0 0.5265833333333333 0.26404629629629633 0.0036822916666666337 0.005750000000000034
0 0.5310625 0.2597777777777778 0.0035000000000000144 0.004638888888888881
0 0.5452239583333333 0.27225925925925926 0.0023177083333332385 0.006398148148148119
0 0.549609375 0.2733333333333333 0.00482291666666678 0.007601851851851886
0 0.5596510416666667 0.2696388888888889 0.0016614583333333618 0.003472222222222222
0 0.5578229166666666 0.26501851851851854 0.0030364583333332956 0.004370370370370396
0 0.562859375 0.2581759259259259 0.006515625000000113 0.007472222222222269
0 0.557328125 0.25005555555555553 0.0014218750000000095 0.0022685185185185607
0 0.5541041666666667 0.2571759259259259 0.0029062499999999622 0.006129629629629634
0 0.5563489583333333 0.25673148148148145 0.0036718750000000948 0.005518518518518552
0 0.5569843750000001 0.2609166666666667 0.0025989583333332197 0.004592592592592626
0 0.5506666666666666 0.26116666666666666 0.0025000000000000946 0.0037129629629629544
0 0.5475729166666666 0.26033333333333336 0.001338541666666752 0.007611111111111136
0 0.5511927083333333 0.25397222222222227 0.0035416666666667615 0.0051018518518518435
0 0.5392708333333334 0.24599074074074076 0.001901041666666714 0.003990740740740691
0 0.5414270833333333 0.239212962962963 0.006583333333333267 0.0058425925925925685
0 0.5355104166666667 0.23910185185185187 0.002739583333333447 0.0036759259259259514
0 0.5157760416666667 0.2386111111111111 0.0050416666666666995 0.008731481481481462
0 0.5227968749999999 0.23875000000000002 0.0029010416666666334 0.006222222222222248
0 0.5129427083333333 0.22394444444444445 0.0024479166666666902 0.0038888888888888784
0 0.5180052083333334 0.22403703703703703 0.0024583333333333475 0.0037222222222222053
0 0.5155937500000001 0.22382407407407406 0.003151041666666643 0.0055092592592592485
0 0.5728593750000001 0.2683611111111111 0.005104166666666761 0.004166666666666667
0 0.56603125 0.26811111111111113 0.0037187499999999335 0.008768518518518544
0 0.42415625 0.23370370370370372 0.003166666666666629 0.0047314814814814945
0 0.424875 0.22008333333333333 0.003395833333333324 0.004472222222222207
0 0.42311979166666663 0.20269444444444445 0.003041666666666624 0.00514814814814815
0 0.42065625 0.20025 0.00227604166666661 0.00425925925925928
0 0.4170729166666666 0.19063888888888889 0.0024583333333333475 0.00323148148148149
0 0.4203645833333333 0.1897962962962963 0.0026666666666666098 0.0067777777777777715