0 0.22829687499999998 0.5370462962962963 0.007171874999999991 0.009740740740740723
0 0.24842708333333335 0.5082407407407408 0.004713541666666643 0.016731481481481424
0 0.28622916666666665 0.5058148148148148 0.008786458333333276 0.013796296296296381
0 0.30528645833333334 0.5046574074074074 0.005510416666666629 0.007249999999999933
0 0.31800520833333334 0.4908611111111111 0.005463541666666671 0.013611111111111154
0 0.3396770833333333 0.47250000000000003 0.003432291666666624 0.008731481481481436
0 0.3430885416666667 0.4728981481481482 0.004880208333333276 0.01595370370370372
0 0.3490572916666667 0.47966666666666663 0.006864583333333367 0.010907407407407381
0 0.3646614583333333 0.49448148148148147 0.014677083333333367 0.016648148148148165
0 0.377078125 0.40897222222222224 0.006161458333333296 0.0128796296296296
0 0.4308125 0.4397314814814815 0.004578124999999981 0.009712962962962972
0 0.42973958333333334 0.39928703703703705 0.004729166666666629 0.0102962962962963
0 0.44288020833333336 0.3974351851851852 0.011098958333333304 0.015435185185185147
0 0.4789114583333333 0.4772407407407407 0.005510416666666629 0.012564814814814808
0 0.48483333333333334 0.4759629629629629 0.008395833333333276 0.01052777777777773
0 0.4908072916666667 0.47193518518518524 0.010380208333333366 0.015750000000000045
0 0.49919270833333335 0.4710462962962963 0.00475520833333339 0.01044444444444442
0 0.5140104166666667 0.45251851851851854 0.009348958333333357 0.014074074074074116
0 0.5259791666666667 0.42716666666666664 0.008895833333333296 0.01045370370370367
0 0.5310833333333334 0.4155833333333333 0.00927083333333331 0.014499999999999971
0 0.5637291666666666 0.4729629629629629 0.005697916666666695 0.01036111111111111
0 0.5682864583333332 0.4814074074074074 0.005895833333333419 0.010953703703703636
0 0.5642291666666667 0.4976388888888889 0.007239583333333381 0.008916666666666767
0 0.4877864583333333 0.4069537037037037 0.0036822916666666337 0.006296296296296254
0 0.5553020833333334 0.4230555555555555 0.005557291666666704 0.009629629629629608
0 0.5874010416666666 0.4327870370370371 0.007864583333333286 0.009824074074074087
0 0.6157968749999999 0.42128703703703707 0.005531249999999943 0.009629629629629608
0 0.6267916666666667 0.4334074074074074 0.005515625000000076 0.008398148148148194
0 0.6232604166666668 0.4408425925925926 0.005416666666666714 0.009999999999999959
0 0.622984375 0.47034259259259265 0.0043697916666666 0.009722222222222222
0 0.6247916666666666 0.588574074074074 0.00951041666666678 0.011592592592592576
0 0.6746875 0.5849907407407408 0.007255208333333248 0.010796296296296371
0 0.6909062499999999 0.5992314814814814 0.01182812500000002 0.008851851851851802
0 0.6971302083333334 0.6051574074074074 0.009338541666666582 0.011842592592592559
0 0.6816041666666667 0.6144537037037037 0.008151041666666714 0.010953703703703636
0 0.6846875 0.6364351851851852 0.008348958333333437 0.008027777777777845
0 0.6930729166666667 0.6336944444444444 0.01068229166666678 0.014935185185185286
0 0.7186041666666667 0.6701851851851851 0.008979166666666554 0.012055555555555538
0 0.7276666666666666 0.6911574074074075 0.007182291666666648 0.010833333333333375
0 0.737765625 0.6690833333333334 0.006484374999999905 0.014925925925925825
0 0.751578125 0.6834537037037037 0.0067291666666667044 0.014481481481481574
0 0.7571770833333333 0.705 0.007473958333333286 0.008898148148148056
0 0.7706145833333333 0.6878425925925926 0.008463541666666666 0.009962962962962955
0 0.7871875 0.7025277777777778 0.006765624999999886 0.01455555555555558
0 0.7564583333333333 0.6552314814814815 0.0074062499999998956 0.011879629629629563
0 0.7805208333333333 0.6281203703703704 0.010552083333333446 0.008592592592592567
0 0.7595416666666667 0.6284722222222222 0.007208333333333409 0.014962962962963039
0 0.7428697916666667 0.6271388888888888 0.0096927083333334 0.012305555555555523
0 0.7368697916666667 0.6143148148148149 0.005260416666666619 0.0114166666666666
0 0.753546875 0.614 0.006760416666666676 0.012916666666666708
0 0.763296875 0.6108611111111111 0.008765624999999963 0.01530555555555553
0 0.7721354166666666 0.5806481481481481 0.008906249999999952 0.014138888888888873
0 0.7526979166666667 0.5922777777777778 0.00546875 0.007685185185185143
0 0.7347552083333333 0.5479074074074074 0.008994791666666658 0.008824074074074048
0 0.7445208333333333 0.5166111111111111 0.005427083333333371 0.012027777777777787
0 0.7304583333333333 0.5150555555555556 0.005171874999999914 0.00893518518518527
0 0.7276718750000001 0.5181944444444444 0.007171874999999991 0.01238888888888899
0 0.6965677083333334 0.5128888888888888 0.004265625000000028 0.012379629629629529
0 0.7084375 0.5061666666666667 0.009015624999999972 0.013101851851851936
0 0.7178177083333334 0.49890740740740747 0.006562499999999953 0.012027777777777787
0 0.69221875 0.49934259259259256 0.0036041666666667047 0.010629629629629647
0 0.6879895833333334 0.4988888888888888 0.00514583333333339 0.010111111111111178
0 0.6990833333333334 0.49284259259259255 0.0066770833333334185 0.008981481481481524
0 0.7075729166666667 0.49177777777777776 0.004781249999999915 0.008268518518518578
0 0.7121562499999999 0.48471296296296296 0.006244791666666553 0.008787037037037046
0 0.701171875 0.48150925925925925 0.006427083333333409 0.007083333333333418
0 0.691140625 0.47961111111111115 0.005135416666666733 0.008037037037037096
0 0.6828385416666667 0.4806759259259259 0.005885416666666762 0.011101851851851861
0 0.6891875 0.45790740740740743 0.005411458333333267 0.005611111111111061
0 0.6783177083333333 0.43798148148148147 0.005119791666666628 0.006490740740740733
0 0.6782864583333333 0.4325833333333333 0.004526041666666695 0.007898148148148123
0 0.7045989583333333 0.43819444444444444 0.006416666666666752 0.0054907407407406945
0 0.7099479166666666 0.43825000000000003 0.005604166666666781 0.0065462962962963426
0 0.71209375 0.4446481481481482 0.008671875000000048 0.008768518518518544
0 0.676640625 0.37762037037037033 0.004291666666666553 0.009111111111111141
0 0.669140625 0.3787962962962963 0.004692708333333447 0.0066018518518518475
0 0.6713749999999999 0.36245370370370367 0.00774479166666661 0.00684259259259258
0 0.6692083333333334 0.36604629629629626 0.005302083333333248 0.008703703703703682
0 0.65903125 0.366 0.0042239583333334 0.009453703703703737
0 0.66415625 0.36253703703703705 0.006010416666666647 0.008370370370370337
0 0.66453125 0.35660185185185184 0.004520833333333248 0.01186111111111106
0 0.5984010416666667 0.3642037037037037 0.003119791666666553 0.004000000000000046
0 0.59909375 0.36018518518518516 0.004770833333333257 0.0040462962962963004
0 0.6085885416666666 0.3531296296296296 0.002864583333333333 0.005620370370370417
0 0.634375 0.3554629629629629 0.006614583333333239 0.004916666666666616
0 0.6268333333333334 0.3504907407407407 0.005218749999999991 0.007907407407407373
0 0.6374375000000001 0.35750000000000004 0.004385416666666705 0.009416666666666629
0 0.6456093749999999 0.36358333333333337 0.003083333333333371 0.007148148148148173
0 0.6526614583333333 0.36142592592592593 0.005125000000000076 0.006527777777777736
0 0.648453125 0.35659259259259257 0.003531250000000104 0.005953703703703657
0 0.6491562500000001 0.345787037037037 0.007864583333333286 0.005787037037037037
0 0.6403645833333333 0.34485185185185185 0.00461979166666661 0.006000000000000017
0 0.6489739583333333 0.33846296296296297 0.004578124999999981 0.005583333333333308
0 0.6248489583333333 0.3325555555555556 0.00501041666666661 0.0029074074074073946
0 0.6011979166666667 0.31995370370370374 0.004255208333333371 0.007898148148148123
0 0.51465625 0.33543518518518517 0.0038177083333332954 0.00684259259259258
0 0.535703125 0.36619444444444443 0.003963541666666733 0.005990740740740766
0 0.549734375 0.3712037037037037 0.002505208333333305 0.004453703703703653
0 0.5715729166666667 0.3239814814814815 0.002562500000000038 0.005388888888888935
0 0.5617447916666667 0.31222222222222223 0.004812499999999886 0.006620370370370349
0 0.5784687500000001 0.2841018518518518 0.003166666666666629 0.0038425925925925715
0 0.5626822916666666 0.28588888888888886 0.006119791666666667 0.008407407407407445
0 0.5359635416666666 0.2728703703703704 0.0050416666666665815 0.004481481481481511
0 0.5267604166666666 0.2718981481481481 0.004640625000000042 0.004722222222222243
0 0.5140677083333334 0.27055555555555555 0.0035729166666666145 0.005805555555555539
0 0.478484375 0.3449074074074074 0.004656250000000028 0.0073240740740740445