0 0.36370312499999996 0.7236018518518519 0.010645833333333361 0.018222222222222282
0 0.37911979166666665 0.683037037037037 0.010671875000000004 0.015722222222222238
0 0.396859375 0.6855277777777777 0.00440104166666669 0.014027777777777861
0 0.3897552083333334 0.6910648148148149 0.005255208333333291 0.014703703703703806
0 0.5599635416666667 0.6770462962962963 0.009041666666666733 0.017833333333333326
0 0.5762083333333333 0.6561759259259259 0.013260416666666686 0.0154074074074075
0 0.5762708333333334 0.7420277777777777 0.010213541666666734 0.01800000000000005
0 0.6354010416666667 0.6714537037037037 0.011276041666666714 0.020740740740740823
0 0.655828125 0.6982037037037037 0.013817708333333437 0.02454629629629629
0 0.680203125 0.6747222222222222 0.01616666666666665 0.01466666666666659
0 0.6773906249999999 0.6373888888888889 0.01282291666666661 0.014166666666666624
0 0.6491041666666667 0.540712962962963 0.008614583333333314 0.01960185185185192
0 0.6509427083333333 0.4898611111111111 0.008979166666666554 0.0202499999999999
0 0.615296875 0.551962962962963 0.010604166666666732 0.024296296296296305
0 0.5926510416666667 0.5574259259259259 0.01208333333333324 0.016666666666666666
0 0.5740833333333334 0.5559259259259259 0.011677083333333371 0.015898148148148217
0 0.565453125 0.5696111111111111 0.009739583333333239 0.02274074074074069
0 0.5435312499999999 0.5835277777777778 0.00923437500000001 0.01519444444444452
0 0.5098125 0.5273055555555556 0.0112916666666667 0.01206481481481479
0 0.4884583333333333 0.5249166666666666 0.012703125000000053 0.015444444444444504
0 0.5640520833333333 0.5138703703703704 0.012078125000000028 0.012629629629629721
0 0.5696041666666667 0.5430555555555555 0.008531250000000056 0.01909259259259249
0 0.5981510416666667 0.4189907407407407 0.012765625000000114 0.019425925925925944
0 0.569359375 0.45717592592592593 0.009880208333333229 0.009768518518518477
0 0.5407552083333333 0.4703055555555556 0.00657291666666661 0.014509259259259222
0 0.5220572916666667 0.4436018518518518 0.0093385416666667 0.016722222222222173
0 0.4806354166666667 0.4325185185185185 0.005859375 0.016805555555555535
0 0.47482291666666665 0.44675000000000004 0.008677083333333375 0.01776851851851857
0 0.42641666666666667 0.344712962962963 0.011624999999999967 0.011787037037037054
0 0.4332239583333333 0.3666203703703704 0.011770833333333286 0.012592592592592614
0 0.46366145833333333 0.36803703703703705 0.008213541666666657 0.010231481481481439
0 0.48892708333333335 0.3849537037037037 0.01008854166666661 0.010694444444444402
0 0.48794791666666665 0.34347222222222223 0.010895833333333372 0.01896296296296298
0 0.5026614583333333 0.34173148148148147 0.010276041666666676 0.013990740740740753
0 0.5075729166666666 0.36998148148148147 0.008265624999999943 0.013388888888888922
0 0.5091875 0.3939814814814815 0.007536458333333347 0.01612962962962959
0 0.5348437500000001 0.4039537037037037 0.00838020833333335 0.018268518518518535
0 0.5306510416666667 0.35816666666666663 0.006333333333333376 0.009777777777777727
0 0.5812604166666666 0.3583055555555556 0.014781250000000056 0.02265740740740743
0 0.5327135416666666 0.30236111111111114 0.0072083333333333496 0.015351851851851889
0 0.5613906249999999 0.32062037037037033 0.01118750000000001 0.019231481481481464
0 0.573265625 0.2749814814814815 0.007463541666666629 0.018444444444444406
0 0.547234375 0.27405555555555555 0.006125000000000114 0.015111111111111157
0 0.5471145833333334 0.2612592592592593 0.007203124999999962 0.017694444444444457
0 0.5237291666666667 0.27034259259259263 0.006411458333333305 0.013620370370370404
0 0.5236562499999999 0.23007407407407407 0.006135416666666653 0.0176388888888889
0 0.5307135416666667 0.22864814814814816 0.012052083333333326 0.011083333333333358
0 0.5413541666666667 0.18727777777777777 0.009546874999999962 0.015851851851851857
0 0.5671927083333334 0.2121296296296296 0.0066770833333334185 0.01735185185185186
0 0.6075364583333334 0.15662962962962962 0.007760416666666714 0.01463888888888889
0 0.6035625 0.18741666666666668 0.006947916666666743 0.018361111111111095
0 0.5966197916666667 0.18194444444444444 0.0037760416666666667 0.013342592592592616
0 0.6071979166666667 0.20326851851851852 0.007609375000000067 0.012972222222222213
0 0.6104791666666666 0.23024074074074075 0.008552083333333372 0.013518518518518539
0 0.6258020833333333 0.2217962962962963 0.021296874999999934 0.013750000000000021
0 0.6155677083333334 0.31605555555555553 0.008755208333333304 0.01994444444444441
0 0.69184375 0.4019907407407407 0.006067708333333381 0.01926851851851847
0 0.681578125 0.37849074074074074 0.007010416666666686 0.018055555555555554
0 0.6590364583333332 0.3535462962962963 0.0071145833333332575 0.014490740740740719
0 0.6526197916666666 0.3471296296296296 0.011015625000000048 0.011796296296296305
0 0.652234375 0.3500925925925926 0.000385416666666553 0.002185185185185198
0 0.6837447916666667 0.3417222222222222 0.004765625000000048 0.01787962962962958
0 0.6900885416666667 0.34030555555555553 0.008307291666666572 0.011435185185185206
0 0.6658177083333333 0.3256759259259259 0.0054531249999998956 0.014675925925925946
0 0.6546302083333334 0.30874999999999997 0.004244791666666714 0.011499999999999962
0 0.6654947916666667 0.29068518518518516 0.004119791666666591 0.01233333333333338
0 0.6705729166666666 0.294787037037037 0.007000000000000029 0.013916666666666641
0 0.6682083333333334 0.26366666666666666 0.008000000000000066 0.010703703703703653
0 0.6611927083333333 0.26096296296296295 0.0068229166666666195 0.015768518518518494
0 0.6531822916666666 0.22344444444444445 0.004859374999999962 0.010787037037037015
0 0.661890625 0.21530555555555556 0.007901041666666704 0.01270370370370373
0 0.6502031250000001 0.20824074074074075 0.004296875 0.011814814814814806
0 0.6459322916666667 0.2171574074074074 0.004838541666666648 0.011444444444444457
0 0.6254427083333333 0.17070370370370372 0.005135416666666733 0.0117685185185185
0 0.64375 0.1771111111111111 0.006062499999999933 0.011888888888888866
0 0.6537395833333334 0.1765648148148148 0.00494270833333322 0.009138888888888893
0 0.6142447916666666 0.1782314814814815 0.007026041666666553 0.011925925925925921
0 0.6195416666666667 0.1689537037037037 0.007604166666666619 0.012666666666666673
0 0.6435885416666667 0.16054629629629627 0.006984374999999924 0.011305555555555537
0 0.6543958333333334 0.14660185185185187 0.007187500000000095 0.01264814814814817
0 0.64990625 0.13045370370370368 0.01682291666666676 0.01787037037037038
0 0.6337499999999999 0.12689814814814815 0.013369791666666705 0.01625925925925926
0 0.6073854166666667 0.12437962962962965 0.007401041666666686 0.010842592592592574
0 0.6159739583333333 0.11294444444444446 0.0072864583333332195 0.013842592592592596
0 0.624640625 0.10299074074074074 0.0073281250000000854 0.01279629629629629
0 0.6545052083333334 0.07136111111111111 0.006473958333333248 0.011101851851851861
0 0.6780833333333334 0.04582407407407407 0.005854166666666553 0.006916666666666666
0 0.690234375 0.04009259259259259 0.006656250000000104 0.010962962962962966
0 0.6936302083333333 0.042509259259259254 0.0061770833333334 0.0102037037037037
0 0.6990625 0.05313888888888889 0.01114583333333338 0.013259259259259254
0 0.6382916666666667 0.05516666666666666 0.006718750000000048 0.008500000000000006
0 0.626953125 0.05538888888888889 0.010770833333333249 0.012564814814814822
0 0.5906458333333333 0.10112037037037036 0.004578124999999981 0.008833333333333327
0 0.56903125 0.08565740740740742 0.00870833333333323 0.007750000000000004
0 0.5541979166666666 0.07802777777777778 0.003505208333333343 0.012129629629629624
0 0.5581875000000001 0.07874074074074075 0.004020833333333229 0.012083333333333343
0 0.5528541666666666 0.05897222222222222 0.008484374999999982 0.013898148148148146
0 0.6025364583333332 0.028305555555555556 0.00841145833333338 0.012694444444444442
0 0.521875 0.021574074074074075 0.007151041666666676 0.010268518518518515
0 0.5495104166666667 0.023064814814814816 0.005244791666666752 0.005527777777777776
0 0.5562291666666667 0.01487962962962963 0.004531249999999905 0.005333333333333331
0 0.5606354166666667 0.017564814814814814 0.0062656250000001044 0.0054722222222222195
0 0.5652968749999999 0.013796296296296296 0.008119791666666742 0.008055555555555555
0 0.5652083333333333 0.022324074074074073 0.007359375000000057 0.005898148148148145
0 0.5605625 0.0354537037037037 0.00455208333333322 0.01045370370370371
0 0.5642604166666667 0.04218518518518519 0.005848958333333343 0.009564814814814812