0 0.6261145833333334 0.9748703703703703 0.011947916666666695 0.016101851851851735
0 0.6481197916666667 0.9336666666666666 0.01033854166666662 0.015601851851851768
0 0.587125 0.8818796296296296 0.01121874999999998 0.010620370370370396
0 0.5884166666666667 0.8039814814814814 0.007182291666666648 0.010749999999999907
0 0.5731822916666667 0.8101944444444444 0.0068749999999999055 0.013370370370370421
0 0.5689739583333334 0.8196851851851852 0.008026041666666591 0.010509259259259175
0 0.5369270833333334 0.8027777777777778 0.01345833333333335 0.009722222222222222
0 0.5255625 0.8166944444444444 0.005989583333333334 0.01597222222222222
0 0.5494010416666666 0.7805555555555556 0.004192708333333428 0.009759259259259226
0 0.5365520833333334 0.7712037037037037 0.0060781250000000375 0.009370370370370269
0 0.5386614583333333 0.7536018518518518 0.008015624999999934 0.010666666666666649
0 0.5243645833333334 0.7696018518518518 0.008463541666666666 0.00808333333333335
0 0.5238645833333334 0.7756574074074074 0.009666666666666638 0.009240740740740758
0 0.517109375 0.7917962962962963 0.00866145833333339 0.015685185185185236
0 0.5104635416666666 0.792675925925926 0.007755208333333386 0.014592592592592584
0 0.524640625 0.7484814814814815 0.0058229166666667 0.009731481481481473
0 0.509484375 0.7500462962962963 0.0056145833333333195 0.010388888888888914
0 0.4973958333333333 0.7517685185185184 0.008255208333333286 0.015259259259259276
0 0.41150520833333337 0.7601574074074074 0.007239583333333381 0.011388888888888846
0 0.32333854166666665 0.854787037037037 0.011541666666666709 0.01684259259259264
0 0.327078125 0.810574074074074 0.011760416666666629 0.01206481481481479
0 0.321046875 0.8023611111111111 0.008208333333333328 0.011388888888888846
0 0.23847916666666666 0.8224444444444444 0.009114583333333334 0.014157407407407374
0 0.21839583333333332 0.8208518518518518 0.01160937499999998 0.015064814814814798
0 0.208375 0.8291203703703705 0.008125000000000012 0.01227777777777777
0 0.201796875 0.8299537037037037 0.010239583333333318 0.015250000000000026
0 0.24466666666666667 0.757074074074074 0.006661458333333314 0.01606481481481473
0 0.26374479166666664 0.7039629629629629 0.005994791666666662 0.01465740740740734
0 0.30686458333333333 0.685962962962963 0.006473958333333366 0.014277777777777846
0 0.35261458333333334 0.692462962962963 0.004171874999999995 0.010759259259259158
0 0.4079375 0.6758888888888889 0.007942708333333333 0.0054907407407407995
0 0.410921875 0.6807314814814815 0.009614583333333352 0.010518518518518425
0 0.40438541666666666 0.6915 0.005552083333333376 0.012333333333333274
0 0.4811197916666667 0.6649444444444444 0.011510416666666618 0.009305555555555513
0 0.4813645833333334 0.6553425925925925 0.008062500000000009 0.010925925925925884
0 0.501296875 0.7021666666666667 0.008026041666666709 0.012027777777777787
0 0.530765625 0.667287037037037 0.007244791666666709 0.009259259259259259
0 0.5249427083333333 0.6540185185185186 0.005307291666666695 0.010194444444444437
0 0.5159895833333333 0.6529814814814815 0.009531249999999976 0.009203703703703754
0 0.09158854166666666 0.7858703703703703 0.005979166666666676 0.02081481481481483
0 0.12133854166666666 0.684962962962963 0.011567708333333322 0.013305555555555454
0 0.09399479166666666 0.6920185185185185 0.006999999999999998 0.011379629629629595
0 0.10945833333333334 0.670962962962963 0.005802083333333327 0.008555555555555565
0 0.19472395833333334 0.6777962962962962 0.00582291666666664 0.008592592592592567
0 0.26581770833333335 0.6784907407407407 0.008249999999999987 0.010490740740740674
0 0.2705416666666667 0.5724722222222222 0.006567708333333281 0.01002777777777771
0 0.29096354166666666 0.5768703703703704 0.005770833333333295 0.0099166666666667
0 0.23821354166666667 0.5206574074074074 0.004593750000000026 0.01045370370370367
0 0.17920833333333333 0.5516296296296296 0.007072916666666688 0.010092592592592677
0 0.3648177083333334 0.5411666666666667 0.007494791666666719 0.023407407407407384
0 0.37363541666666666 0.522787037037037 0.004885416666666724 0.008555555555555565
0 0.39772916666666663 0.5117962962962963 0.008640624999999957 0.011898148148148064
0 0.4086354166666667 0.5182592592592593 0.006578125000000057 0.006342592592592508
0 0.4119114583333333 0.5259907407407408 0.007286458333333338 0.0060555555555555215
0 0.42915625 0.5190740740740741 0.008609374999999985 0.005703703703703779
0 0.426875 0.5334444444444445 0.006239583333333343 0.011888888888888813
0 0.4351302083333334 0.5279444444444444 0.005911458333333286 0.007833333333333367
0 0.4414895833333333 0.5339444444444444 0.009364583333333343 0.016361111111111177
0 0.44777083333333334 0.5266759259259258 0.004119791666666709 0.008324074074074083
0 0.46161458333333333 0.5227037037037037 0.008395833333333276 0.010787037037037121
0 0.45720312500000004 0.5298425925925926 0.0056666666666667235 0.008148148148148106
0 0.45667708333333334 0.5514166666666667 0.0036406250000000045 0.008805555555555547
0 0.4662604166666667 0.5474907407407407 0.007197916666666634 0.010499999999999924
0 0.42701041666666667 0.4971944444444445 0.0041510416666666805 0.01238888888888899
0 0.42502604166666663 0.4871388888888889 0.004802083333333347 0.009657407407407467
0 0.4209895833333333 0.4953518518518519 0.005203125000000005 0.010518518518518425
0 0.4475104166666667 0.5104166666666666 0.0043333333333333 0.007768518518518611
0 0.4458854166666667 0.5191574074074075 0.005270833333333277 0.008675925925925825
0 0.3587135416666667 0.4638981481481481 0.004890625000000052 0.005777777777777786
0 0.31894791666666666 0.48036111111111107 0.0031562499999999716 0.007805555555555614
0 0.305734375 0.4648703703703704 0.00419270833333331 0.008935185185185164
0 0.29783333333333334 0.4209537037037037 0.0039791666666667185 0.009953703703703704
0 0.32637499999999997 0.40829629629629627 0.005885416666666643 0.007500000000000021
0 0.26136458333333334 0.397537037037037 0.0069947916666666405 0.008870370370370409
0 0.2520364583333333 0.4001851851851852 0.0059062500000000165 0.005814814814814789
0 0.23315625 0.39754629629629634 0.004026041666666676 0.005370370370370328