0 0.219953125 0.29887037037037034 0.002723958333333343 0.004740740740740745
0 0.22344270833333332 0.2988240740740741 0.004145833333333352 0.00793518518518523
0 0.23372916666666665 0.29697222222222225 0.002692708333333312 0.005462962962962942
0 0.23610416666666667 0.2999074074074074 0.003218749999999974 0.003499999999999975
0 0.24631770833333333 0.2967314814814815 0.003651041666666662 0.004888888888888864
0 0.24959375 0.29398148148148145 0.0031302083333333286 0.005259259259259213
0 0.2763072916666667 0.3063981481481482 0.003015624999999981 0.006194444444444495
0 0.2797708333333333 0.3072962962962963 0.0042031249999999664 0.004370370370370396
0 0.28729166666666667 0.28787037037037033 0.004463541666666634 0.005722222222222176
0 0.4264322916666667 0.3096388888888889 0.004229166666666609 0.008555555555555565
0 0.39525520833333333 0.3060555555555556 0.004114583333333381 0.0023148148148148147
0 0.35798958333333336 0.2940277777777778 0.0026093749999999954 0.003703703703703704
0 0.37391145833333334 0.30324999999999996 0.0023489583333333288 0.004842592592592609
0 0.36061458333333335 0.3224444444444445 0.00408333333333329 0.004166666666666667
0 0.3431979166666667 0.29436111111111113 0.00344791666666661 0.0026296296296296593
0 0.548578125 0.3859537037037037 0.005822916666666581 0.010351851851851805
0 0.32813020833333334 0.29162037037037036 0.002005208333333286 0.003694444444444453
0 0.37361458333333336 0.3209351851851852 0.003208333333333376 0.005351851851851826
0 0.3913854166666667 0.31970370370370366 0.0015156250000000425 0.004055555555555551
0 0.3956458333333333 0.324037037037037 0.0018229166666666667 0.006333333333333363
0 0.4024270833333333 0.3236111111111111 0.002026041666666719 0.0031851851851852357
0 0.4080989583333333 0.3056666666666667 0.0067031249999999435 0.004740740740740745
0 0.421234375 0.30746296296296294 0.003442708333333281 0.006981481481481448
0 0.35820833333333335 0.29824074074074075 0.0029531250000000378 0.004972222222222227
0 0.32033854166666664 0.2943425925925926 0.0026979166666667 0.004018518518518548
0 0.2808333333333334 0.28747222222222224 0.004572916666666652 0.0059814814814815155
0 0.28421875 0.22021296296296297 0.0042604166666667 0.006222222222222248
0 0.31584375 0.22108333333333335 0.004135416666666695 0.005398148148148134
0 0.32042708333333336 0.22343518518518518 0.003442708333333281 0.0038981481481481293
0 0.3442135416666667 0.22541666666666665 0.0023385416666666715 0.0049444444444444215
0 0.3563854166666667 0.22549074074074074 0.004546875000000009 0.004777777777777801
0 0.5349739583333334 0.40375925925925926 0.005005208333333341 0.007583333333333384
0 0.5309895833333333 0.4013611111111111 0.0034687500000000425 0.005074074074074091
0 0.5358958333333333 0.39444444444444443 0.0048020833333332295 0.00722222222222218
0 0.541671875 0.3943333333333333 0.005572916666666572 0.011101851851851861
0 0.5566302083333333 0.3829166666666667 0.004416666666666676 0.0047129629629629926
0 0.5598645833333333 0.3796481481481481 0.0047239583333334185 0.005037037037037087
0 0.5631666666666667 0.37860185185185186 0.002848958333333229 0.0038518518518518225
0 0.5672083333333333 0.37802777777777774 0.00631770833333339 0.004990740740740728