0 0.329625 0.5824722222222223 0.008192708333333344 0.011277777777777836
0 0.3971354166666667 0.5876388888888888 0.006343750000000033 0.009398148148148232
0 0.4058541666666667 0.5744907407407408 0.006343750000000033 0.00657407407407399
0 0.41615625 0.57825 0.006869791666666695 0.011277777777777836
0 0.4217083333333333 0.5627407407407408 0.007395833333333357 0.014092592592592618
0 0.4283125 0.5547592592592593 0.007927083333333347 0.012212962962963014
0 0.44297916666666665 0.6315648148148149 0.0060781250000000375 0.016444444444444435
0 0.45090104166666667 0.6383703703703704 0.007661458333333353 0.0169074074074074
0 0.458171875 0.6503518518518518 0.0058125000000000425 0.014564814814814833
0 0.46966145833333334 0.661861111111111 0.0060781250000000375 0.017851851851851827
0 0.410609375 0.7048425925925926 0.0058125000000000425 0.0117407407407408
0 0.42461458333333335 0.7396018518518518 0.005286458333333381 0.013620370370370404
0 0.5395520833333334 0.7410092592592592 0.00951041666666678 0.0117407407407408
0 0.5637291666666666 0.7358425925925927 0.007135416666666572 0.013620370370370404
0 0.591734375 0.7856388888888889 0.009776041666666657 0.01832407407407404
0 0.654359375 0.7983148148148148 0.008192708333333344 0.01832407407407404
0 0.5387604166666667 0.7992592592592593 0.011098958333333304 0.015500000000000009
0 0.5181510416666667 0.8279074074074074 0.010041666666666652 0.012685185185185228
0 0.53109375 0.8288518518518518 0.011098958333333304 0.017379629629629613
0 0.5421927083333333 0.820861111111111 0.01268229166666662 0.016444444444444435
0 0.5715208333333333 0.825324074074074 0.007395833333333239 0.01973148148148143
0 0.59953125 0.8556296296296296 0.011625000000000085 0.014564814814814833
0 0.6095729166666667 0.8812222222222222 0.00845312500000001 0.01597222222222222
0 0.5186770833333333 0.9004814814814814 0.012156249999999957 0.01314814814814819
0 0.5448385416666667 0.8906203703703703 0.00951041666666678 0.01314814814814819
0 0.59028125 0.9056574074074074 0.006869791666666695 0.012212962962963014
0 0.5053333333333333 0.9213888888888889 0.00713541666666669 0.01832407407407404
0 0.52871875 0.9244444444444444 0.010567708333333373 0.015027777777777794
0 0.54378125 0.9434629629629631 0.011098958333333304 0.014564814814814833
0 0.55778125 0.9385370370370372 0.00951041666666678 0.019731481481481537
0 0.5244895833333333 0.9681296296296296 0.011624999999999967 0.024425925925926028
0 0.5041458333333334 0.9899722222222223 0.011098958333333304 0.010805555555555624
0 0.49582291666666667 0.993925925925926 0.00713541666666669 0.012138888888889006
0 0.5929270833333333 0.9693055555555554 0.006869791666666695 0.015499999999999799
0 0.6120833333333333 0.9690648148148148 0.007135416666666572 0.01785185185185204
0 0.6118177083333334 0.9936944444444445 0.008718749999999886 0.01261111111111101
0 0.6147239583333334 0.9575555555555556 0.008192708333333344 0.01832407407407404