0 0.6885104166666667 0.9743240740740741 0.01683854166666663 0.03201851851851845
0 0.6909531250000001 0.9580000000000001 0.015781250000000094 0.03632407407407409
0 0.7474062499999999 0.946138888888889 0.019083333333333268 0.02435185185185181
0 0.7648385416666666 0.9687407407407408 0.022249999999999895 0.0307962962962965
0 0.7692604166666667 0.9101018518518518 0.011291666666666582 0.02659259259259262
0 0.7634166666666666 0.9021111111111111 0.012942708333333285 0.02788888888888879
0 0.7628229166666666 0.8428240740740741 0.008317708333333229 0.022564814814814715
0 0.7487291666666667 0.8282037037037038 0.009968749999999934 0.01982407407407415
0 0.5992083333333333 0.9797870370370371 0.01914583333333345 0.026972222222222324
0 0.5537760416666667 0.9317685185185185 0.010166666666666657 0.031407407407407474
0 0.6171666666666666 0.8641296296296296 0.007526041666666572 0.025916666666666675
0 0.576328125 0.862074074074074 0.011026041666666705 0.020629629629629605
0 0.5767239583333333 0.8315555555555556 0.01459374999999999 0.02631481481481488
0 0.5511354166666667 0.8320833333333333 0.010958333333333315 0.02174074074074076
0 0.6718697916666667 0.7653981481481481 0.010630208333333257 0.014194444444444378
0 0.6660260416666667 0.7579907407407407 0.01888541666666678 0.01562962962962973
0 0.7461510416666666 0.7226574074074075 0.011156250000000038 0.0198148148148149
0 0.7249583333333334 0.7461388888888889 0.011156250000000038 0.022444444444444454
0 0.7256822916666666 0.7199629629629629 0.0098385416666666 0.022861111111111162
0 0.7071302083333334 0.7260000000000001 0.004557291666666667 0.02327777777777787
0 0.6593229166666668 0.7052777777777778 0.011291666666666582 0.011194444444444368
0 0.5519947916666667 0.7597592592592592 0.010562500000000105 0.021500000000000026
0 0.5393177083333334 0.7665648148148148 0.006338541666666705 0.021027777777777812
0 0.5841822916666667 0.6884907407407408 0.0089114583333334 0.02002777777777788
0 0.567015625 0.6677685185185186 0.009572916666666724 0.02272222222222219
0 0.6428489583333333 0.6647777777777778 0.013734374999999943 0.02049074074074084
0 0.6555260416666666 0.6694722222222222 0.011619791666666638 0.02177777777777776
0 0.6632552083333334 0.6516203703703703 0.01782812500000001 0.01896296296296298
0 0.6799270833333334 0.6380648148148148 0.008255208333333286 0.014157407407407374
0 0.6729947916666668 0.6266759259259259 0.006932291666666638 0.021907407407407483
0 0.7022760416666666 0.6354166666666666 0.010036458333333324 0.019444444444444445
0 0.7200729166666666 0.6492777777777778 0.01459374999999999 0.01896296296296298
0 0.7031875 0.6183055555555556 0.010208333333333286 0.016685185185185167
0 0.717546875 0.5822592592592593 0.011552083333333248 0.01187037037037031
0 0.6559635416666667 0.5972685185185185 0.008536458333333267 0.018787037037037005
0 0.6521822916666667 0.5448055555555555 0.009786458333333314 0.012870370370370454
0 0.6908958333333334 0.5488518518518518 0.012526041666666762 0.01270370370370373
0 0.6555677083333333 0.518074074074074 0.010067708333333295 0.018824074074074007
0 0.6643802083333333 0.5008425925925926 0.005427083333333371 0.012398148148148241
0 0.622515625 0.4979907407407408 0.0073281250000000854 0.010833333333333375
0 0.590828125 0.4769166666666667 0.00816666666666658 0.007462962962962913
0 0.5796979166666667 0.44243518518518515 0.006682291666666629 0.011990740740740783
0 0.5717864583333333 0.4426388888888889 0.007656249999999905 0.01729629629629625
0 0.668625 0.42003703703703704 0.0069583333333334 0.01169444444444444
0 0.7073385416666667 0.451712962962963 0.007838541666666761 0.01234259259259263
0 0.682453125 0.4251111111111111 0.008630208333333418 0.012759259259259234
0 0.76609375 0.42183333333333334 0.0031562499999999716 0.01697222222222226
0 0.75403125 0.40116666666666667 0.004265625000000028 0.01126851851851848
0 0.746375 0.393537037037037 0.004546875000000009 0.010592592592592643
0 0.7319739583333333 0.40491666666666665 0.0116458333333334 0.013564814814814793
0 0.6356666666666667 0.37107407407407406 0.007656249999999905 0.014416666666666713
0 0.5863541666666666 0.3985 0.00969791666666661 0.0098981481481482
0 0.5835208333333333 0.390712962962963 0.008026041666666591 0.01146296296296296
0 0.5690937500000001 0.3976388888888889 0.0048697916666666195 0.015592592592592621
0 0.5843333333333334 0.35317592592592595 0.005937500000000048 0.0056666666666666705
0 0.58340625 0.3671111111111111 0.01076041666666659 0.010657407407407398
0 0.580625 0.35791666666666666 0.009651041666666771 0.011240740740740728
0 0.5697239583333332 0.3547037037037037 0.008442708333333352 0.009759259259259226
0 0.5677291666666666 0.3691759259259259 0.007234374999999934 0.009833333333333338
0 0.5291302083333334 0.3622037037037037 0.011692708333333357 0.013222222222222198
0 0.5395677083333333 0.325537037037037 0.007515624999999915 0.01331481481481481
0 0.5224270833333333 0.29121296296296295 0.009046874999999944 0.012370370370370382
0 0.5576822916666667 0.2854351851851852 0.007192708333333305 0.014018518518518507
0 0.5661979166666666 0.28308333333333335 0.004734375000000076 0.018398148148148153
0 0.5538333333333333 0.24253703703703702 0.006541666666666638 0.014000000000000004
0 0.5593333333333333 0.25177777777777777 0.005843749999999896 0.011074074074074108
0 0.5557135416666666 0.2687314814814815 0.006031249999999962 0.009499999999999991
0 0.5292447916666666 0.26972222222222225 0.007375000000000043 0.01147222222222221
0 0.5216614583333333 0.27512037037037035 0.007979166666666633 0.011555555555555572
0 0.5087395833333334 0.2793703703703704 0.007192708333333305 0.00932407407407412
0 0.4953333333333333 0.2843981481481481 0.005427083333333371 0.014435185185185214
0 0.493546875 0.30012037037037037 0.00788541666666672 0.012037037037037037
0 0.49925520833333337 0.2683148148148148 0.005749999999999981 0.00947222222222224
0 0.48849479166666665 0.2879074074074074 0.00501041666666661 0.005768518518518536
0 0.491390625 0.29471296296296295 0.004036458333333334 0.007009259259259305
0 0.5115000000000001 0.26443518518518516 0.007609374999999948 0.010814814814814768
0 0.5211302083333333 0.2530555555555556 0.008765624999999963 0.011157407407407366
0 0.53021875 0.2375462962962963 0.006541666666666638 0.016444444444444435
0 0.5375052083333334 0.23647222222222222 0.007192708333333305 0.009342592592592595
0 0.5125 0.23804629629629628 0.00635416666666669 0.01083333333333335
0 0.5004375 0.23383333333333337 0.008213541666666657 0.010666666666666677
0 0.51934375 0.2223240740740741 0.009369791666666672 0.009925925925925951
0 0.58971875 0.22440740740740742 0.003166666666666629 0.015351851851851837
0 0.5609583333333333 0.22124074074074074 0.008406249999999933 0.01403703703703706
0 0.610703125 0.11689814814814815 0.013776041666666572 0.0072870370370370415
0 0.6620520833333334 0.2407685185185185 0.012093749999999896 0.010962962962962966
0 0.5287552083333333 0.20601851851851852 0.0057864583333332815 0.014398148148148158
0 0.5350416666666666 0.19925 0.011197916666666667 0.017175925925925935
0 0.468640625 0.2136111111111111 0.008572916666666685 0.013546296296296292
0 0.45479687500000004 0.207 0.006973958333333386 0.012435185185185191
0 0.4830052083333333 0.1776759259259259 0.007369791666666714 0.010268518518518495
0 0.4741458333333333 0.16632407407407407 0.004296875 0.007444444444444464
0 0.473375 0.1709351851851852 0.004229166666666609 0.009740740740740723
0 0.46799479166666663 0.16369444444444445 0.003536458333333314 0.009583333333333355
0 0.46799479166666663 0.13869444444444443 0.005328125000000009 0.007731481481481502
0 0.4419010416666667 0.12658333333333335 0.005671875000000052 0.009731481481481473
0 0.438859375 0.1337962962962963 0.005244791666666634 0.0051018518518518435
0 0.43197916666666664 0.1313148148148148 0.0033645833333333522 0.005833333333333344
0 0.42588020833333334 0.13777777777777778 0.004354166666666615 0.006694444444444461