0 0.005942708333333334 0.4896666666666667 0.011885416666666667 0.020074074074074133
0 0.06685416666666667 0.9101296296296297 0.012479166666666663 0.02852777777777773
0 0.5682708333333333 0.7931851851851852 0.012208333333333361 0.015027777777777794
0 0.5692135416666667 0.8875277777777778 0.00845312500000001 0.016694444444444418
0 0.5901145833333333 0.8854444444444444 0.008921875000000056 0.020870370370370338
0 0.6175885416666667 0.8829351851851852 0.00845312500000001 0.017537037037037087
0 0.604203125 0.8666574074074074 0.008921875000000056 0.02003703703703713
0 0.6150052083333333 0.8491203703703704 0.01080208333333322 0.02003703703703713
0 0.6391927083333333 0.946388888888889 0.00845312500000001 0.012527777777777752
0 0.6476458333333334 0.9768703703703704 0.01033333333333341 0.01669444444444463
0 0.7321822916666666 0.7990277777777778 0.015031250000000067 0.015027777777777794
0 0.7427499999999999 0.8198981481481482 0.016437499999999973 0.021703703703703753
0 0.7537864583333334 0.7865 0.014088541666666761 0.021703703703703753