0 0.006307291666666667 0.42410185185185184 0.007442708333333333 0.009407407407407378
0 0.047760416666666666 0.3807037037037037 0.00621354166666667 0.005175925925925955
0 0.066140625 0.37102777777777773 0.0051197916666666735 0.007842592592592618
0 0.09149479166666666 0.3921574074074074 0.0035989583333333464 0.00609259259259263
0 0.09426041666666667 0.39225 0.0032864583333333344 0.0052962962962963215
0 0.095375 0.403 0.00792187499999999 0.010675925925925901
0 0.035046875000000005 0.3982685185185185 0.0040989583333333355 0.00609259259259263
0 0.00103125 0.3804351851851852 0.0020625 0.007555555555555526
0 0.04288020833333333 0.37292592592592594 0.003322916666666664 0.008175925925925963
0 0.046593749999999996 0.3414351851851852 0.004151041666666666 0.005777777777777786
0 0.032078125 0.34314814814814815 0.004270833333333331 0.00479629629629625
0 0.0853125 0.3282407407407407 0.005744791666666652 0.010166666666666683
0 0.07443749999999999 0.3334351851851852 0.004463541666666663 0.010777777777777765
0 0.03642708333333333 0.2865462962962963 0.002713541666666671 0.00420370370370367
0 0.04413541666666666 0.3033518518518519 0.005255208333333335 0.004361111111111145
0 0.05151041666666667 0.30995370370370373 0.004328125000000001 0.004361111111111145
0 0.046947916666666666 0.2826018518518518 0.0031302083333333286 0.0036481481481481985
0 0.07755729166666667 0.30069444444444443 0.0027916666666666736 0.0034444444444444696
0 0.09440104166666667 0.3161851851851852 0.001484375000000012 0.0033333333333333544
0 0.10990625000000001 0.31242592592592594 0.003281250000000006 0.004620370370370379
0 0.11353645833333334 0.30834259259259256 0.006453124999999993 0.004361111111111145
0 0.11629166666666667 0.31242592592592594 0.006390624999999991 0.004620370370370379
0 0.126359375 0.30371296296296296 0.005890625000000001 0.00479629629629625
0 0.12923958333333332 0.3087037037037037 0.004427083333333333 0.0036296296296295916
0 0.13284895833333332 0.3116388888888889 0.0062812499999999865 0.0036296296296295916
0 0.12984375 0.3149444444444444 0.0033750000000000095 0.004361111111111145
0 0.13844270833333333 0.313 0.005239583333333305 0.004583333333333376
0 0.14128125 0.3046111111111111 0.003489583333333357 0.004833333333333359
0 0.14269270833333333 0.30939814814814814 0.00408333333333335 0.004370370370370396
0 0.1498125 0.30648148148148147 0.004703124999999986 0.0040462962962963004
0 0.15002083333333335 0.3157685185185185 0.0026354166666666384 0.00425925925925928
0 0.15615625 0.31298148148148147 0.0035625000000000166 0.0060185185185185185
0 0.13126562500000002 0.3547685185185185 0.006395833333333334 0.0042222222222221715
0 0.12025520833333332 0.35091666666666665 0.0035781250000000023 0.0038518518518518225
0 0.13786458333333332 0.373 0.0022708333333333404 0.0037129629629629544
0 0.09988020833333335 0.3643240740740741 0.0038906250000000143 0.004555555555555518
0 0.169921875 0.34202777777777776 0.006473958333333307 0.006305555555555505
0 0.183015625 0.35050000000000003 0.006088541666666695 0.0047685185185184975
0 0.18928645833333332 0.3358981481481481 0.003447916666666669 0.004611111111111128
0 0.19405208333333332 0.33571296296296294 0.0017604166666666643 0.002777777777777778
0 0.19869791666666667 0.3375833333333333 0.003807291666666638 0.005638888888888918
0 0.19052604166666667 0.36839814814814814 0.005437500000000028 0.005351851851851826
0 0.19594270833333333 0.3702314814814815 0.003536458333333314 0.0041851851851851685
0 0.19689062499999999 0.3627962962962963 0.002958333333333307 0.004435185185185151
0 0.20325000000000001 0.3602314814814815 0.0016666666666666904 0.003694444444444453
0 0.206 0.3672222222222222 0.004052083333333319 0.006972222222222197
0 0.203578125 0.3551851851851852 0.004307291666666657 0.006814814814814827
0 0.21011979166666667 0.36133333333333334 0.004020833333333348 0.005898148148148152
0 0.21672395833333333 0.367037037037037 0.004848958333333305 0.004398148148148148
0 0.22140625 0.3655555555555556 0.004932291666666681 0.00699999999999995
0 0.229546875 0.3617037037037037 0.005322916666666681 0.005166666666666705
0 0.22952604166666665 0.37677777777777777 0.00486458333333335 0.0051018518518518435
0 0.19804166666666667 0.40902777777777777 0.0031302083333333286 0.006231481481481498
0 0.20941666666666667 0.4090092592592593 0.004104166666666664 0.004435185185185151
0 0.21601041666666668 0.4094537037037037 0.003921874999999986 0.005027777777777732
0 0.20800520833333333 0.41715740740740737 0.00482812499999999 0.004296296296296283
0 0.21307291666666667 0.42665740740740743 0.003609374999999974 0.006574074074074095
0 0.21776562500000002 0.42194444444444446 0.004953124999999995 0.003898148148148182
0 0.23809375 0.42691666666666667 0.003192708333333331 0.007388888888888906
0 0.24082291666666666 0.4023425925925926 0.0020572916666666903 0.003703703703703704
0 0.24601562500000002 0.4041944444444444 0.005505208333333359 0.006240740740740749
0 0.25118229166666667 0.39765740740740746 0.004624999999999998 0.0056481481481481695
0 0.2549375 0.3956296296296296 0.004703124999999986 0.004657407407407382
0 0.255421875 0.40373148148148147 0.003406249999999981 0.005324074074074074
0 0.25680729166666666 0.4124074074074074 0.0032812499999999765 0.004481481481481511
0 0.258453125 0.4228796296296296 0.002453125000000019 0.008120370370370354
0 0.24886979166666665 0.42150925925925925 0.0041249999999999785 0.006833333333333329
0 0.265234375 0.4289351851851852 0.003182291666666644 0.007018518518518557
0 0.270265625 0.4186944444444444 0.002760416666666643 0.00699999999999995
0 0.280109375 0.42150925925925925 0.0035572916666666288 0.005361111111111078
0 0.24432291666666667 0.43243518518518514 0.004317708333333314 0.006222222222222248
0 0.26713020833333334 0.39764814814814814 0.005161458333333346 0.005759259259259284
0 0.25672395833333334 0.3814444444444444 0.004312499999999986 0.004759259259259247
0 0.24727083333333333 0.3913518518518519 0.0034010416666666525 0.0040277777777777985
0 0.24992187500000002 0.5281481481481481 0.007166666666666662 0.006601851851851953
0 0.27953125 0.62525 0.004541666666666681 0.009796296296296228
0 0.25231770833333333 0.5151296296296296 0.0036718749999999764 0.008824074074074048
0 0.167765625 0.4252777777777778 0.005583333333333347 0.010324074074074053
0 0.46375 0.6071296296296297 0.006328125000000047 0.01173148148148155
0 0.4920208333333333 0.5719074074074074 0.0075677083333333195 0.008324074074074083
0 0.5121927083333333 0.5730277777777778 0.008192708333333344 0.006583333333333241
0 0.52075 0.5806388888888889 0.008359374999999976 0.007833333333333367
0 0.6140364583333333 0.5355833333333333 0.00493750000000001 0.009398148148148232
0 0.6869739583333333 0.5173333333333333 0.004359374999999943 0.00850000000000006
0 0.6926510416666667 0.5196666666666667 0.006411458333333305 0.007537037037037129
0 0.7611770833333333 0.5110185185185185 0.0033645833333333522 0.010861111111111129
0 0.7830572916666667 0.5179537037037036 0.00482812499999999 0.008055555555555597