0 0.46671875 0.39979629629629626 0.007140625000000019 0.010592592592592643
0 0.5213854166666666 0.38189814814814815 0.010932291666666672 0.014805555555555563
0 0.5249843750000001 0.3706296296296296 0.0032760416666666476 0.008370370370370337
0 0.5253177083333334 0.36464814814814817 0.0037135416666667235 0.007212962962962929
0 0.5345885416666667 0.36850925925925926 0.004729166666666629 0.008694444444444432
0 0.535296875 0.35778703703703707 0.0059062500000000165 0.011768518518518551
0 0.5434791666666666 0.3444537037037037 0.008723958333333334 0.01875
0 0.55546875 0.33947222222222223 0.006520833333333324 0.008379629629629588
0 0.5601979166666666 0.3320833333333333 0.005921874999999943 0.00608333333333338
0 0.5650104166666666 0.3294537037037037 0.007369791666666714 0.008712962962962933
0 0.5712760416666666 0.33075 0.005171874999999914 0.01006481481481482
0 0.6771927083333333 0.27953703703703703 0.004052083333333438 0.00888888888888891
0 0.6851927083333333 0.2782962962962963 0.003921875000000104 0.006388888888888868
0 0.6897968750000001 0.2834814814814815 0.005416666666666714 0.00889814814814816
0 0.113046875 0.20733333333333331 0.0021927083333333226 0.007601851851851833
0 0.11788541666666667 0.20541666666666666 0.0018750000000000119 0.006407407407407422
0 0.121640625 0.2039074074074074 0.00472395833333333 0.006268518518518501
0 0.13525520833333332 0.20698148148148146 0.005635416666666678 0.009462962962962989
0 0.14195833333333333 0.20812962962962964 0.007218750000000007 0.009981481481481456
0 0.15981770833333334 0.19812037037037036 0.0027968750000000025 0.0056666666666666705
0 0.18715104166666666 0.21941666666666668 0.00415625000000001 0.006527777777777789
0 0.20201041666666666 0.18741666666666668 0.0038906250000000143 0.006574074074074095
0 0.20915625 0.18840740740740738 0.004854166666666692 0.009027777777777777
0 0.19102604166666665 0.21985185185185185 0.005078125 0.008333333333333333
0 0.24625520833333334 0.19325 0.006140624999999981 0.010305555555555552
0 0.2622864583333333 0.19244444444444445 0.00589583333333336 0.011027777777777801
0 0.2807135416666667 0.19577777777777777 0.005604166666666662 0.012074074074074093
0 0.31495833333333334 0.21418518518518517 0.011802083333333376 0.011962962962962977
0 0.30071875 0.20080555555555557 0.005302083333333366 0.010907407407407381
0 0.2954114583333334 0.24385185185185188 0.009343750000000029 0.010981481481481495
0 0.3136510416666667 0.23958333333333334 0.0034739583333333714 0.006185185185185165
0 0.34314062500000003 0.24494444444444446 0.005937500000000048 0.011768518518518551
0 0.3524322916666666 0.24057407407407408 0.002864583333333333 0.006296296296296254
0 0.34725 0.216 0.006656249999999986 0.010435185185185169
0 0.36518229166666666 0.21141666666666667 0.007114583333333376 0.009231481481481507
0 0.38348958333333333 0.2180462962962963 0.011640624999999953 0.013138888888888887
0 0.23173958333333333 0.08927777777777778 0.002437499999999974 0.003870370370370377
0 0.22839062499999999 0.08954629629629629 0.004526041666666695 0.0049444444444444475
0 0.2712760416666667 0.08821296296296297 0.003140624999999986 0.0045370370370370425
0 0.27622395833333335 0.09222222222222222 0.00458333333333331 0.006148148148148135
0 0.29873958333333334 0.08896296296296297 0.0015208333333333712 0.0051018518518518435
0 0.3052395833333333 0.09319444444444445 0.0023125000000000285 0.005138888888888899
0 0.22845833333333332 0.08385185185185186 0.0033333333333333214 0.005111111111111121
0 0.3435833333333333 0.0958611111111111 0.004942708333333338 0.005814814814814816
0 0.2775208333333333 0.10893518518518519 0.007510416666666704 0.004842592592592583
0 0.28746354166666666 0.1098888888888889 0.005578125000000019 0.0047129629629629665