0 0.4786770833333333 0.4399814814814815 0.005515624999999957 0.00802777777777774
0 0.4856979166666667 0.4417592592592593 0.004515625000000038 0.004453703703703653
0 0.487328125 0.4464444444444445 0.009781249999999986 0.007574074074074027
0 0.413359375 0.4731944444444445 0.009276041666666639 0.007574074074074027
0 0.41699479166666664 0.476537037037037 0.005515624999999957 0.006240740740740749
0 0.48783333333333334 0.42526851851851855 0.004765625000000048 0.00802777777777774
0 0.5004947916666667 0.4212592592592592 0.009026041666666628 0.009805555555555585
0 0.49760937499999996 0.4061018518518518 0.005265624999999948 0.009805555555555585
0 0.4877083333333333 0.41212037037037036 0.006520833333333324 0.006685185185185211
0 0.5008697916666667 0.4003055555555555 0.007770833333333371 0.0071296296296296715
0 0.5090208333333334 0.38425925925925924 0.00852604166666661 0.008916666666666663
0 0.5119010416666667 0.3913888888888889 0.009276041666666639 0.009805555555555585
0 0.5235625 0.3766759259259259 0.006520833333333324 0.00802777777777774
0 0.5307083333333333 0.36575925925925923 0.00877604166666662 0.006685185185185211
0 0.538765625 0.3481296296296296 0.00592708333333339 0.00903703703703703
0 0.5363125 0.36318518518518517 0.004744791666666733 0.007231481481481431
0 0.5414791666666667 0.36198148148148146 0.0028802083333334377 0.0066296296296296
0 0.5454583333333333 0.3589722222222222 0.005421874999999924 0.0066296296296296
0 0.5455416666666667 0.36409259259259263 0.0055885416666666765 0.00903703703703703
0 0.56409375 0.3112407407407407 0.005421874999999924 0.007527777777777774
0 0.6670885416666666 0.28774074074074074 0.0047604166666666 0.010694444444444402
0 0.674359375 0.2870740740740741 0.007265624999999905 0.010240740740740691
0 0.6809947916666667 0.29241666666666666 0.006015625000000095 0.010240740740740691
0 0.0036510416666666666 0.20125925925925928 0.00571875 0.009814814814814835
0 0.008088541666666666 0.20055555555555554 0.004734375 0.007009259259259253
0 0.025838541666666666 0.19652777777777777 0.010255208333333331 0.01087037037037038
0 0.021005208333333334 0.20037962962962963 0.0037447916666666654 0.008064814814814796
0 0.026822916666666665 0.20651851851851852 0.006312500000000002 0.007712962962962948
0 0.05502604166666667 0.19301851851851853 0.006312500000000002 0.008064814814814796
0 0.085890625 0.21913888888888888 0.004536458333333323 0.009120370370370392
0 0.09210416666666667 0.21949074074074076 0.0055208333333333455 0.009120370370370392
0 0.11143229166666666 0.17425925925925925 0.007494791666666659 0.012620370370370367
0 0.12020833333333333 0.17600925925925925 0.005322916666666681 0.008416666666666643
0 0.16142708333333333 0.18091666666666664 0.006510416666666667 0.007712962962962948
0 0.18351562500000002 0.18144444444444446 0.004536458333333352 0.005962962962962961
0 0.20265104166666664 0.18687962962962965 0.002958333333333307 0.005611111111111114
0 0.20708854166666668 0.18705555555555556 0.004338541666666688 0.005962962962962961
0 0.22858333333333333 0.18775925925925926 0.002760416666666643 0.006657407407407405
0 0.22858333333333333 0.1933703703703704 0.005916666666666673 0.0073611111111111
0 0.24140104166666668 0.21230555555555555 0.0035520833333333593 0.008064814814814796
0 0.24515104166666665 0.20984259259259258 0.005130208333333345 0.0073611111111111
0 0.24889583333333334 0.2056388888888889 0.005130208333333345 0.008064814814814796
0 0.23627604166666666 0.24123148148148146 0.004734375000000016 0.011222222222222227
0 0.24002083333333332 0.2463148148148148 0.00394270833333336 0.00806481481481485
0 0.21359375 0.24596296296296294 0.006312500000000002 0.007361111111111153
0 0.21349479166666668 0.2503425925925926 0.004140625000000024 0.007712962962963
0 0.21744270833333335 0.24981481481481482 0.004932291666666681 0.005962962962963014
0 0.218921875 0.25175 0.0067031250000000025 0.009814814814814835
0 0.2693125 0.2408796296296296 0.002562500000000038 0.00841666666666667
0 0.27473437500000003 0.24455555555555555 0.002760416666666643 0.005259259259259213
0 0.27266145833333333 0.25262037037037033 0.004140625000000024 0.007361111111111153
0 0.284890625 0.24666666666666665 0.004140625000000024 0.007361111111111153
0 0.2826302083333333 0.2083611111111111 0.003406249999999981 0.005759259259259284
0 0.28286979166666665 0.21398148148148147 0.0038906250000000143 0.002592592592592603
0 0.3014322916666667 0.20316666666666666 0.0027552083333333144 0.004611111111111128
0 0.3042708333333334 0.20576851851851852 0.0038906250000000143 0.006342592592592614
0 0.31813020833333333 0.20662962962962964 0.003729166666666709 0.005759259259259284
0 0.32307291666666665 0.2089351851851852 0.0038906250000000143 0.005185185185185206
0 0.3307760416666667 0.20937037037037037 0.0027552083333333144 0.0031666666666666813
0 0.330046875 0.21469444444444444 0.003567708333333286 0.006342592592592614
0 0.15367708333333333 0.051425925925925924 0.0033177083333333357 0.005601851851851849
0 0.16113541666666667 0.05393518518518518 0.006302083333333345 0.005305555555555559
0 0.1676875 0.05289814814814815 0.0034791666666666404 0.005601851851851849
0 0.16329166666666667 0.047157407407407405 0.0033177083333333357 0.005305555555555559
0 0.195125 0.07825 0.0019895833333333592 0.005009259259259256
0 0.19661458333333334 0.07972222222222222 0.002322916666666686 0.0038333333333333205
0 0.1987708333333333 0.07883333333333334 0.0029843750000000096 0.006185185185185191
0 0.20067708333333334 0.07839814814814815 0.003151041666666643 0.0047129629629629665
0 0.20341145833333335 0.07750925925925925 0.0029843750000000096 0.006481481481481481
0 0.20482291666666666 0.07839814814814815 0.003812500000000026 0.005305555555555546
0 0.207140625 0.0779537037037037 0.0034791666666666404 0.004416666666666676
0 0.21070312500000002 0.07810185185185185 0.002322916666666686 0.0047129629629629665
0 0.21261458333333336 0.07765740740740741 0.003151041666666643 0.004416666666666676
0 0.217421875 0.07810185185185185 0.0034791666666666404 0.005898148148148152
0 0.22164583333333335 0.07825 0.002651041666666683 0.0032407407407407406
0 0.22521354166666668 0.07825 0.002156249999999993 0.0038333333333333205
0 0.22769791666666667 0.07765740740740741 0.003151041666666643 0.0038333333333333205
0 0.23250520833333335 0.07750925925925925 0.003151041666666643 0.003537037037037031
0 0.21153645833333332 0.0505462962962963 0.0029843750000000096 0.006185185185185191
0 0.2165885416666667 0.05525925925925926 0.003151041666666643 0.004416666666666663
0 0.2376458333333333 0.05216666666666667 0.0034791666666666404 0.0047129629629629665
0 0.24891666666666667 0.05673148148148149 0.0024843749999999905 0.0032407407407407406
0 0.26483333333333337 0.05732407407407407 0.002156249999999993 0.004416666666666669
0 0.2922708333333333 0.060564814814814814 0.0029843750000000096 0.0038333333333333275