0 0.677625 0.005231481481481482 0.006015625000000095 0.010462962962962964
0 0.6695052083333334 0.009675925925925925 0.004692708333333447 0.01113888888888889
0 0.6643541666666667 0.006787037037037037 0.005296875000000038 0.012481481481481482
0 0.6505624999999999 0.0165 0.002947916666666591 0.01337962962962963
0 0.6548958333333333 0.02928703703703704 0.00494270833333322 0.012111111111111112
0 0.6609375 0.02274074074074074 0.005557291666666704 0.011861111111111114
0 0.6618333333333334 0.03028703703703704 0.004276041666666686 0.011388888888888886
0 0.6705625000000001 0.03140740740740741 0.004510416666666591 0.010231481481481479
0 0.6683854166666666 0.038064814814814815 0.006156250000000085 0.011490740740740737
0 0.6731041666666666 0.0470462962962963 0.00493750000000001 0.011916666666666671
0 0.6626302083333333 0.04223148148148148 0.004140624999999906 0.015074074074074075