0 0.7198645833333334 0.9923518518518518 0.01019791666666663 0.01529629629629628
0 0.7909322916666667 0.9876203703703704 0.009291666666666743 0.019981481481481413
0 0.7689374999999999 0.9556574074074073 0.009578124999999934 0.022509259259259208
0 0.7659583333333334 0.9319259259259259 0.009578124999999934 0.018916666666666724
0 0.7386145833333334 0.9662962962962962 0.01033333333333341 0.0208981481481483
0 0.7281354166666667 0.9567962962962963 0.0086666666666666 0.019194444444444462
0 0.7041510416666666 0.9011944444444444 0.008812500000000037 0.019342592592592685
0 0.786078125 0.8761296296296297 0.009687499999999953 0.01809259259259256
0 0.7442395833333334 0.8231574074074074 0.010244791666666704 0.015064814814814798
0 0.6954947916666666 0.8168425925925926 0.019661458333333333 0.017685185185185102
0 0.7015364583333333 0.7756203703703703 0.013052083333333304 0.021287037037037045
0 0.7081770833333334 0.7464722222222223 0.011020833333333258 0.022333333333333233
0 0.6569010416666666 0.7403240740740741 0.007291666666666667 0.012212962962963014
0 0.6148177083333334 0.7093333333333334 0.010536458333333342 0.011768518518518551
0 0.758078125 0.6696574074074074 0.007104166666666601 0.012472222222222247
0 0.6000729166666667 0.65425 0.00709895833333339 0.015805555555555496
0 0.5899166666666668 0.6488796296296296 0.005442708333333239 0.018018518518518552
0 0.7088697916666666 0.6251018518518519 0.007531250000000019 0.01863888888888899
0 0.7275781250000001 0.6327037037037038 0.010140624999999896 0.01261111111111101
0 0.8281302083333333 0.6245555555555555 0.006453124999999934 0.01703703703703712
0 0.80996875 0.5949814814814816 0.003932291666666762 0.01282407407407399
0 0.800890625 0.5849351851851852 0.006635416666666553 0.009296296296296263
0 0.7875 0.6030925925925926 0.012718750000000037 0.010388888888888914
0 0.6608489583333333 0.5486574074074073 0.007755208333333267 0.01304629629629622
0 0.6064791666666667 0.5908148148148149 0.009796874999999972 0.011388888888888846
0 0.6014739583333333 0.5775462962962963 0.006239583333333343 0.011129629629629613
0 0.5851197916666667 0.5762407407407407 0.003416666666666638 0.019657407407407426
0 0.5865781250000001 0.5476666666666666 0.008265624999999943 0.008824074074074048
0 0.6031822916666666 0.5468055555555555 0.008124999999999953 0.008000000000000092
0 0.6014895833333332 0.5256759259259259 0.0047760416666667044 0.014731481481481557
0 0.5976302083333334 0.5356296296296297 0.0067031249999999435 0.008564814814814815
0 0.5857760416666667 0.52925 0.00716666666666678 0.012083333333333291
0 0.538578125 0.5404166666666667 0.00806770833333322 0.012787037037036986
0 0.5488072916666666 0.4875 0.0033697916666665623 0.010972222222222138
0 0.5507604166666666 0.4835462962962963 0.0032708333333334376 0.009287037037037012
0 0.5298177083333333 0.4419722222222222 0.008223958333333314 0.008092592592592601
0 0.5612083333333333 0.42700925925925926 0.00461979166666661 0.012916666666666708
0 0.5687604166666667 0.4360925925925926 0.005697916666666695 0.009694444444444469
0 0.5745989583333333 0.43112962962962964 0.005026041666666714 0.010851851851851876
0 0.577546875 0.4263703703703704 0.006791666666666648 0.010629629629629647
0 0.56521875 0.40750000000000003 0.004375000000000047 0.00906481481481478
0 0.5706354166666666 0.38707407407407407 0.00494270833333322 0.011425925925925956
0 0.5468125 0.3684074074074074 0.004640624999999924 0.008379629629629588
0 0.5628541666666667 0.3751296296296296 0.006666666666666762 0.011583333333333326
0 0.5358750000000001 0.41441666666666666 0.004307291666666657 0.01087037037037038
0 0.49609375 0.45475 0.005911458333333286 0.009611111111111107
0 0.4931145833333333 0.44619444444444445 0.006057291666666724 0.011074074074074108
0 0.48728645833333334 0.4389166666666666 0.009088541666666691 0.009111111111111141
0 0.49552604166666664 0.4388796296296296 0.007239583333333381 0.010555555555555535
0 0.4983958333333333 0.4335185185185185 0.005515624999999957 0.009703703703703721
0 0.512484375 0.42383333333333334 0.0061302083333333235 0.015018518518518544
0 0.525328125 0.41687962962962966 0.008765624999999963 0.009138888888888893
0 0.5004635416666666 0.4070462962962963 0.005890624999999971 0.009953703703703704
0 0.5164479166666667 0.40675925925925926 0.006291666666666629 0.007148148148148173
0 0.50934375 0.3950648148148148 0.006859375000000038 0.008249999999999971
0 0.5260572916666667 0.3942037037037037 0.010234375000000047 0.007425925925925909
0 0.515640625 0.3718240740740741 0.006937499999999967 0.010750000000000013
0 0.5334010416666667 0.3702685185185185 0.0053750000000000265 0.010759259259259264
0 0.503140625 0.36587037037037035 0.006296874999999957 0.012212962962963014
0 0.5251614583333333 0.35033333333333333 0.006937499999999967 0.008314814814814832
0 0.5715677083333334 0.3503981481481482 0.004557291666666667 0.00932407407407412
0 0.6039687499999999 0.3498055555555556 0.006302083333333286 0.009925925925925951
0 0.5424270833333333 0.3232222222222222 0.007130208333333362 0.010638888888888897
0 0.53134375 0.3253611111111111 0.0055208333333333455 0.010027777777777816
0 0.456328125 0.3332037037037037 0.005796875000000057 0.009222222222222257
0 0.4443958333333333 0.3221111111111111 0.004291666666666671 0.011092592592592609
0 0.4805260416666667 0.2881666666666667 0.004343749999999957 0.010907407407407381
0 0.469328125 0.27325925925925926 0.0029843750000000096 0.0060185185185185185
0 0.47103645833333335 0.28194444444444444 0.003609375000000033 0.009111111111111141
0 0.4635520833333333 0.2719166666666667 0.005968750000000019 0.011796296296296305
0 0.4667604166666666 0.24380555555555555 0.007906250000000033 0.010120370370370325
0 0.43882812499999996 0.2285 0.006411458333333305 0.010481481481481475
0 0.43434375000000003 0.2368240740740741 0.005854166666666672 0.006731481481481491
0 0.42655729166666667 0.2340462962962963 0.004395833333333362 0.006435185185185175
0 0.41948437499999996 0.24307407407407405 0.006260416666666657 0.007564814814814777
0 0.6751770833333333 0.1948888888888889 0.008151041666666714 0.007092592592592616
0 0.60221875 0.10425925925925926 0.01118750000000001 0.008611111111111121