0 0.41520833333333335 0.6651944444444444 0.007322916666666638 0.012472222222222247
0 0.42115625 0.6708888888888889 0.004578124999999981 0.014101851851851869
0 0.5079479166666666 0.6077037037037037 0.009151041666666634 0.014648148148148089
0 0.5158802083333334 0.6144907407407407 0.006098958333333352 0.008675925925925825
0 0.5120677083333333 0.6204537037037038 0.005187500000000019 0.014101851851851869
0 0.518015625 0.6237037037037038 0.009151041666666634 0.008675925925925825
0 0.5207604166666667 0.5887222222222223 0.008541666666666715 0.013555555555555649
0 0.5189322916666667 0.5664907407407407 0.006713541666666719 0.009222222222222257
0 0.5341822916666668 0.5537407407407408 0.006098958333333352 0.009759259259259226
0 0.5401354166666666 0.5472314814814815 0.008239583333333418 0.010842592592592626
0 0.537234375 0.5781481481481481 0.009760416666666612 0.01735185185185186
0 0.553859375 0.5287962962962963 0.007624999999999934 0.007592592592592635
0 0.5527916666666666 0.5214722222222222 0.010375000000000039 0.012472222222222247
0 0.5729270833333333 0.5019444444444444 0.007932291666666676 0.012472222222222247
0 0.5802499999999999 0.490287037037037 0.0067135416666666 0.010842592592592626
0 0.5875729166666667 0.48513888888888895 0.007322916666666638 0.010305555555555656
0 0.595046875 0.48214814814814816 0.003963541666666733 0.007592592592592635
0 0.598859375 0.4791666666666667 0.008541666666666715 0.005962962962963014
0 0.5926041666666666 0.461 0.009458333333333258 0.00867592592592593
0 0.5990104166666667 0.48432407407407413 0.010677083333333334 0.009759259259259226
0 0.7522239583333333 0.37148148148148147 0.007932291666666676 0.012259259259259268
0 0.7642916666666667 0.36719444444444443 0.007239583333333381 0.009805555555555585
0 0.771359375 0.37884259259259256 0.0082760416666666 0.01471296296296295
0 0.007911458333333335 0.23501851851851852 0.0035729166666666674 0.008166666666666687
0 0.013906250000000002 0.24409259259259258 0.006380208333333335 0.008166666666666713
0 0.023859375000000002 0.2288888888888889 0.0048489583333333345 0.009527777777777796
0 0.04542708333333333 0.22798148148148148 0.0040833333333333355 0.007712962962962948
0 0.07707291666666666 0.26064814814814813 0.0056145833333333195 0.005898148148148152
0 0.08613020833333333 0.26178703703703704 0.005869791666666657 0.009074074074074031
0 0.11828645833333334 0.2062037037037037 0.0028072916666666598 0.007712962962962948
0 0.12045833333333333 0.20235185185185184 0.004593749999999996 0.00544444444444444
0 0.12658333333333333 0.20575000000000002 0.005104166666666673 0.006805555555555577
0 0.16409895833333332 0.21210185185185185 0.007145833333333348 0.008620370370370372
0 0.19446354166666666 0.21482407407407406 0.005104166666666643 0.008620370370370372
0 0.21501041666666668 0.2184537037037037 0.0038281250000000116 0.007712962962962948
0 0.21960416666666666 0.2209537037037037 0.004338541666666688 0.006351851851851865
0 0.213734375 0.2994444444444444 0.005359374999999981 0.007259259259259289
0 0.21385937500000002 0.3078333333333333 0.006635416666666671 0.014064814814814865
0 0.21692187500000001 0.3035277777777778 0.00408333333333335 0.00544444444444444
0 0.21807291666666667 0.3078333333333333 0.006380208333333333 0.00862037037037032
0 0.24142187499999998 0.29762962962962963 0.00408333333333335 0.007259259259259289
0 0.24473958333333332 0.29989814814814814 0.007656250000000023 0.007259259259259289
0 0.24359375 0.22549074074074074 0.004338541666666688 0.00816666666666666
0 0.263625 0.24612962962962961 0.004593750000000026 0.006805555555555577
0 0.25954166666666667 0.24999074074074074 0.00408333333333335 0.00544444444444444
0 0.25469270833333335 0.2552037037037037 0.0025520833333333216 0.00317592592592588
0 0.2724322916666667 0.2599722222222222 0.0012760416666666903 0.006351851851851865
0 0.28046875 0.29127777777777775 0.0020416666666667046 0.006351851851851865
0 0.2846822916666667 0.3012592592592593 0.004848958333333305 0.007259259259259289
0 0.29756770833333335 0.30307407407407405 0.005104166666666643 0.008166666666666713
0 0.29973958333333334 0.25180555555555556 0.005359374999999981 0.007259259259259289
0 0.28046875 0.30850925925925926 0.0035729166666666145 0.00544444444444444
0 0.32182812499999996 0.2432777777777778 0.0025520833333333806 0.005953703703703657
0 0.32565625 0.24837962962962962 0.003505208333333343 0.005953703703703657
0 0.34589583333333335 0.2500833333333333 0.004145833333333352 0.00764814814814814
0 0.3410364583333333 0.24866666666666667 0.0033489583333333665 0.005953703703703657
0 0.354109375 0.25163888888888886 0.0030260416666666383 0.003962962962962938
0 0.3541875 0.2546111111111111 0.003505208333333343 0.00425000000000003
0 0.35259375 0.2591481481481481 0.004463541666666634 0.005379629629629579
0 0.35331250000000003 0.26552777777777775 0.0030260416666666383 0.0051018518518518435
0 0.20591145833333335 0.05777777777777777 0.003916666666666657 0.007203703703703698
0 0.20053125 0.058527777777777776 0.002656250000000012 0.008203703703703703
0 0.22918750000000002 0.08847222222222222 0.002098958333333319 0.004972222222222227
0 0.23513020833333334 0.08897222222222223 0.006151041666666638 0.003972222222222215
0 0.24079166666666665 0.08785185185185185 0.004052083333333319 0.004722222222222217
0 0.24819791666666668 0.08773148148148148 0.0032135416666666454 0.004972222222222227
0 0.25428125 0.08797222222222223 0.0027968750000000025 0.004972222222222227
0 0.263296875 0.08810185185185186 0.00461458333333334 0.004222222222222224
0 0.270078125 0.08797222222222223 0.003072916666666714 0.004472222222222234
0 0.2575677083333333 0.06100925925925926 0.002937499999999993 0.004722222222222217
0 0.2533020833333333 0.05616666666666666 0.0025156250000000213 0.00447222222222222
0 0.251625 0.05690740740740741 0.0019583333333333284 0.0029814814814814804
0 0.2760208333333333 0.059888888888888894 0.0043333333333333 0.005462962962962968
0 0.29041666666666666 0.06262962962962963 0.002937500000000052 0.004972222222222227
0 0.3071927083333333 0.06287962962962963 0.004052083333333319 0.005962962962962961
0 0.33619791666666665 0.06710185185185186 0.002515624999999962 0.003972222222222215