0 0.448078125 0.8088333333333333 0.00813541666666661 0.016120370370370445
0 0.45871875 0.8283981481481482 0.00912499999999999 0.021824074074074017
0 0.4646770833333333 0.8066851851851852 0.007072916666666628 0.01563888888888898
0 0.46952604166666667 0.8020462962962963 0.009989583333333366 0.015537037037037012
0 0.47685416666666663 0.7988981481481481 0.014604166666666647 0.010416666666666666
0 0.49997395833333336 0.8076388888888889 0.013328124999999958 0.019574074074074167
0 0.5259739583333334 0.7978240740740741 0.010307291666666647 0.01313888888888894
0 0.5573958333333333 0.8150740740740741 0.007682291666666666 0.01422222222222213
0 0.519515625 0.7971111111111111 0.006895833333333338 0.01875
0 0.5061354166666666 0.7838425925925926 0.003807291666666638 0.013731481481481414
0 0.4999427083333333 0.7888425925925926 0.011249999999999953 0.01529629629629628
0 0.49275 0.7936018518518518 0.006479166666666695 0.018018518518518552
0 0.484921875 0.7655833333333334 0.012770833333333323 0.01336111111111117
0 0.5274479166666667 0.7677870370370371 0.014052083333333344 0.014907407407407322
0 0.5431041666666666 0.7818240740740741 0.013244791666666582 0.015388888888888787
0 0.5607447916666667 0.783787037037037 0.012395833333333429 0.012657407407407475
0 0.5768333333333333 0.782712962962963 0.011088541666666648 0.012416666666666742
0 0.5826927083333333 0.7682592592592593 0.015437499999999934 0.009833333333333232
0 0.6059114583333333 0.7743240740740741 0.02038020833333339 0.01959259259259267
0 0.36302083333333335 0.41897222222222225 0.005854166666666672 0.01625925925925921
0 0.3696041666666667 0.42758333333333337 0.007307291666666652 0.012657407407407369
0 0.38358854166666667 0.4234814814814815 0.0037760416666666667 0.00948148148148149
0 0.3831197916666667 0.41637962962962966 0.006567708333333281 0.009740740740740723
0 0.38208854166666667 0.37604629629629627 0.006411458333333305 0.010759259259259264
0 0.5220833333333333 0.4616574074074074 0.008072916666666667 0.010018518518518565
0 0.5361145833333333 0.43627777777777776 0.011999999999999981 0.011972222222222176
0 0.5138802083333334 0.40121296296296294 0.0033229166666667235 0.007888888888888872
0 0.5182760416666666 0.4051851851851852 0.004057291666666647 0.010083333333333321
0 0.5061458333333333 0.4020462962962963 0.00703125 0.012907407407407458
0 0.6039166666666667 0.4489444444444445 0.006645833333333447 0.00867592592592593
0 0.6676510416666667 0.46035185185185185 0.00962500000000001 0.01411111111111112
0 0.7554322916666667 0.49847222222222226 0.009937499999999962 0.014796296296296313
0 0.9907447916666666 0.36813888888888885 0.010557291666666658 0.01169444444444444
0 0.9577447916666666 0.3730740740740741 0.007604166666666619 0.008805555555555547
0 0.951296875 0.37162962962962964 0.006145833333333428 0.010787037037037015
0 0.937796875 0.3711759259259259 0.006161458333333296 0.009564814814814852