0 0.024567708333333334 0.7943703703703703 0.005713541666666666 0.012194444444444511
0 0.06685416666666667 0.7364722222222222 0.010286458333333333 0.01422222222222213
0 0.06685416666666667 0.747638888888889 0.011427083333333332 0.010157407407407433
0 0.12113541666666668 0.7278333333333333 0.009140625000000006 0.013203703703703695
0 0.14513541666666668 0.7278333333333333 0.009140624999999977 0.013203703703703695
0 0.17227604166666666 0.7004074074074075 0.011999999999999981 0.015240740740740775
0 0.22284375 0.7009166666666666 0.009140624999999977 0.010157407407407433
0 0.2045625 0.6872037037037036 0.010286458333333333 0.013203703703703695
0 0.20227604166666666 0.6739999999999999 0.006859374999999978 0.00711111111111117
0 0.19884895833333335 0.6714537037037037 0.009140624999999977 0.012194444444444511
0 0.3880989583333333 0.6489722222222222 0.0037968749999999813 0.011574074074074073
0 0.3935260416666667 0.6477685185185186 0.0075937499999999625 0.0091574074074075
0 0.3982708333333333 0.6446388888888889 0.009494791666666676 0.015425925925926
0 0.4142708333333333 0.6470462962962963 0.0089479166666667 0.014462962962962862
0 0.48586979166666666 0.6436666666666666 0.00678124999999999 0.009638888888888964
0 0.4906197916666667 0.6528333333333333 0.005421875000000043 0.0077129629629628955
0 0.48397395833333334 0.681037037037037 0.00678124999999999 0.0091574074074075
0 0.42783333333333334 0.6094351851851852 0.004609374999999953 0.008675925925925825
0 0.3156875 0.6034074074074074 0.004880208333333276 0.01012962962962968
0 0.31487499999999996 0.5404907407407408 0.005968750000000019 0.009638888888888964
0 0.3247760416666667 0.5281944444444445 0.004067708333333305 0.00819444444444436
0 0.33426562499999996 0.5380833333333334 0.006239583333333343 0.012537037037037003
0 0.43990104166666666 0.5735185185185185 0.005421875000000043 0.01012962962962968
0 0.44369791666666664 0.5544722222222223 0.00813541666666661 0.005787037037037037
0 0.4754322916666667 0.5633888888888889 0.0037968749999999813 0.01012962962962968
0 0.5121770833333333 0.5756851851851852 0.004609374999999953 0.008675925925925825
0 0.54621875 0.5542314814814815 0.005421874999999924 0.00819444444444436
0 0.5581510416666667 0.5686944444444445 0.006510416666666667 0.007231481481481431
0 0.5595052083333333 0.573037037037037 0.00813541666666661 0.01012962962962968
0 0.5539479166666667 0.5812314814814815 0.005697916666666695 0.011092592592592609
0 0.557609375 0.6294444444444444 0.005421874999999924 0.013018518518518468
0 0.5642499999999999 0.8285740740740741 0.01111979166666662 0.014944444444444538
0 0.6504947916666667 0.9057222222222222 0.007864583333333286 0.01012962962962968
0 0.6612083333333333 0.900175925925926 0.00813541666666661 0.015425925925926
0 0.6971458333333334 0.9582777777777778 0.005697916666666695 0.01012962962962968
0 0.7104322916666667 0.9925185185185186 0.005151041666666601 0.014962962962962829
0 0.7225052083333333 0.9551388888888889 0.005968750000000019 0.010611111111111144
0 0.7401302083333333 0.9773148148148149 0.009765625 0.011574074074074073
0 0.7696927083333333 0.9855185185185185 0.008677083333333257 0.011574074074074073
0 0.7424375 0.923074074074074 0.005151041666666601 0.007231481481481431
0 0.7229114583333334 0.8763055555555556 0.00678124999999999 0.011092592592592609
0 0.7408072916666666 0.8763055555555556 0.006239583333333343 0.011092592592592609
0 0.7669791666666667 0.872212962962963 0.008677083333333257 0.011574074074074073
0 0.7347083333333334 0.8517222222222223 0.0075937499999999625 0.013018518518518468
0 0.7450156250000001 0.8437592592592592 0.008677083333333257 0.011574074074074073
0 0.7127395833333333 0.8560555555555556 0.005968750000000019 0.013018518518518468
0 0.6515833333333333 0.8360462962962962 0.007322916666666638 0.0077129629629628955
0 0.66134375 0.8502685185185185 0.007864583333333286 0.012055555555555538
0 0.6446666666666666 0.8712500000000001 0.008677083333333257 0.010611111111111144
0 0.6311041666666667 0.8162777777777778 0.007052083333333315 0.010611111111111144
0 0.7283333333333334 0.8138703703703704 0.005697916666666695 0.011574074074074073
0 0.7513854166666667 0.7916944444444444 0.005697916666666695 0.009638888888888964
0 0.7013489583333333 0.7434722222222223 0.009218749999999906 0.014462962962962862
0 0.6627031250000001 0.6815185185185185 0.01111979166666662 0.013981481481481397
0 0.65171875 0.6875462962962963 0.0075937499999999625 0.012537037037037003
0 0.6877864583333333 0.6957407407407408 0.007052083333333315 0.008675925925925825
0 0.693078125 0.6921296296296297 0.007322916666666638 0.01012962962962968
0 0.7062291666666667 0.6880277777777778 0.009765625 0.008675925925925825
0 0.6311041666666667 0.6388518518518519 0.004338541666666629 0.0077129629629628955
0 0.6399218750000001 0.6371574074074075 0.004609374999999953 0.01012962962962968
0 0.6399218750000001 0.6668148148148147 0.004067708333333305 0.012537037037037003
0 0.6438541666666667 0.6672962962962963 0.005968750000000019 0.012537037037037003
0 0.6503593750000001 0.6605462962962962 0.005421874999999924 0.012537037037037003
0 0.6532083333333334 0.6545185185185185 0.008947916666666582 0.00819444444444436
0 0.6620208333333333 0.6542777777777777 0.004880208333333276 0.010611111111111144
0 0.6738229166666667 0.6660925925925926 0.00678124999999999 0.01012962962962968
0 0.6544270833333333 0.6415000000000001 0.0075937499999999625 0.011092592592592609
0 0.6667708333333333 0.6431851851851852 0.007864583333333286 0.014462962962962862
0 0.6202552083333334 0.5655648148148148 0.006510416666666667 0.009638888888888964
0 0.6209322916666667 0.5703796296296296 0.007322916666666638 0.008675925925925825
0 0.6368020833333333 0.6031666666666666 0.0037968749999999813 0.013499999999999932
0 0.6515833333333333 0.5718333333333334 0.006239583333333343 0.009638888888888964
0 0.6582239583333334 0.5715925925925927 0.006510416666666667 0.011092592592592609
0 0.6624270833333333 0.5788240740740741 0.005697916666666695 0.012055555555555538
0 0.5222864583333333 0.46525000000000005 0.004906250000000038 0.007925925925925876
0 0.523515625 0.471787037037037 0.0037916666666666524 0.0035648148148148357
0 0.5330989583333333 0.4533611111111111 0.005572916666666631 0.0071296296296296715
0 0.5548333333333333 0.44860185185185186 0.005348958333333324 0.006342592592592614
0 0.56275 0.4533611111111111 0.005572916666666572 0.004759259259259247
0 0.5684322916666668 0.46247222222222223 0.006239583333333343 0.008722222222222185
0 0.571109375 0.43889814814814815 0.004010416666666572 0.007527777777777774
0 0.577125 0.43314814814814817 0.004906250000000038 0.004759259259259247
0 0.5790208333333333 0.4412685185185185 0.004234375000000057 0.007527777777777774
0 0.5796875 0.4581111111111111 0.003343750000000038 0.0071296296296296715
0 0.5772395833333334 0.4664351851851852 0.004234375000000057 0.0071296296296296715
0 0.5824739583333333 0.46247222222222223 0.006239583333333343 0.008722222222222185
0 0.59284375 0.4696111111111111 0.003791666666666771 0.011888888888888918
0 0.604546875 0.48506481481481484 0.006239583333333343 0.010305555555555656
0 0.604546875 0.4696111111111111 0.004458333333333305 0.006342592592592614
0 0.6142395833333333 0.4848611111111111 0.005125000000000076 0.008324074074074083
0 0.5961875 0.46564814814814814 0.008692708333333361 0.011888888888888918
0 0.5974114583333333 0.45058333333333334 0.002677083333333267 0.003962962962962938
0 0.5951822916666667 0.45712037037037034 0.004010416666666572 0.006740740740740716
0 0.6075520833333333 0.4628703703703704 0.006911458333333324 0.011092592592592609
0 0.5503750000000001 0.42403703703703705 0.005796875000000057 0.007925925925925876
0 0.520953125 0.4062037037037037 0.005348958333333324 0.007925925925925876
0 0.4891875 0.41550925925925924 0.003343750000000038 0.013870370370370387
0 0.47681250000000003 0.3998611111111111 0.003567708333333286 0.006342592592592614
0 0.44660937500000003 0.4779259259259259 0.005124999999999958 0.010305555555555604
0 0.4629947916666667 0.4842685185185185 0.005348958333333324 0.0071296296296296715
0 0.422421875 0.4377037037037037 0.006239583333333343 0.009111111111111141
0 0.418296875 0.34180555555555553 0.002453125000000019 0.004361111111111145
0 0.43356770833333336 0.3445740740740741 0.004906250000000038 0.005944444444444407
0 0.44170312500000003 0.3441759259259259 0.0037916666666666524 0.006740740740740716
0 0.4716875 0.3624074074074074 0.0031197916666666713 0.005148148148148098
0 0.49531770833333333 0.35844444444444445 0.004906250000000038 0.005944444444444407
0 0.24878645833333335 0.5567407407407408 0.006708333333333331 0.013111111111111186
0 0.39028125 0.5442222222222222 0.00536458333333331 0.004768518518518602
0 0.3763697916666667 0.45123148148148146 0.005031250000000043 0.007157407407407424