0 0.20242708333333334 0.26531481481481484 0.005802083333333327 0.0069907407407406984
0 0.20953125 0.2609814814814815 0.004088541666666679 0.007370370370370404
0 0.21426041666666668 0.25908333333333333 0.0055885416666666765 0.006277777777777753
0 0.22558854166666667 0.25578703703703703 0.004359375000000002 0.007212962962962929
0 0.230109375 0.27049074074074075 0.006119791666666667 0.008314814814814832
0 0.24702604166666667 0.2549074074074074 0.005739583333333324 0.006351851851851865
0 0.2555677083333333 0.25870370370370366 0.005380208333333355 0.008537037037037062
0 0.2808177083333333 0.2974259259259259 0.005062500000000014 0.012805555555555594
0 0.28817187499999997 0.29771296296296296 0.005630208333333305 0.01186111111111106
0 0.3340677083333333 0.2365648148148148 0.004838541666666648 0.007712962962962974
0 0.335828125 0.23137037037037037 0.004692708333333328 0.00587962962962965
0 0.338875 0.23569444444444446 0.004781250000000033 0.010462962962962946
0 0.371015625 0.24279629629629632 0.003380208333333338 0.010009259259259209
0 0.4053541666666666 0.25272222222222224 0.004265625000000028 0.007472222222222269
0 0.4286041666666666 0.26234259259259257 0.007015625000000014 0.005537037037037054
0 0.5683854166666666 0.320037037037037 0.007156249999999887 0.005694444444444423
0 0.5666822916666666 0.3254351851851852 0.006328125000000047 0.0051018518518518435
0 0.5645104166666666 0.32999074074074075 0.007703124999999981 0.00861111111111107
0 0.559140625 0.3167314814814815 0.004468749999999962 0.007212962962962929
0 0.5534270833333333 0.31257407407407406 0.005583333333333229 0.006379629629629617
0 0.5076197916666667 0.31280555555555556 0.005869791666666657 0.007925925925925876
0 0.536421875 0.3107685185185185 0.004380208333333258 0.007925925925925876
0 0.5331718750000001 0.3044074074074074 0.003151041666666702 0.007416666666666658
0 0.78059375 0.8874444444444445 0.010541666666666553 0.023157407407407397
0 0.7883697916666667 0.8760925925925925 0.013395833333333228 0.017620370370370345
0 0.7569427083333333 0.9089444444444444 0.008953125000000029 0.017407407407407365
0 0.75459375 0.9521296296296295 0.013015624999999887 0.017990740740740696
0 0.7309895833333333 0.9930555555555556 0.0140625 0.013888888888888888
0 0.779515625 0.9428148148148148 0.011427083333333362 0.02194444444444438
0 0.81259375 0.8433518518518519 0.015364583333333333 0.015351851851851785
0 0.8115416666666667 0.8293518518518519 0.014031250000000028 0.01173148148148155
0 0.8420833333333333 0.800287037037037 0.010093750000000058 0.01679629629629639
0 0.857953125 0.7785 0.013906249999999905 0.01746296296296287
0 0.8695104166666667 0.7702592592592593 0.013651041666666686 0.013620370370370404
0 0.8816041666666667 0.7699722222222223 0.00990624999999999 0.013055555555555471
0 0.8894739583333333 0.7652129629629629 0.00990624999999999 0.012555555555555506
0 0.891 0.77475 0.007874999999999943 0.017194444444444384
0 0.886140625 0.7730555555555555 0.006286458333333419 0.013287037037036953
0 0.4054270833333333 0.36347222222222225 0.0059583333333333615 0.007472222222222269
0 0.40690624999999997 0.371462962962963 0.005463541666666671 0.005907407407407403
0 0.40354166666666663 0.3744074074074074 0.006557291666666624 0.007537037037037024
0 0.4093072916666667 0.37598148148148147 0.007437499999999986 0.006907407407407441
0 0.475421875 0.38725925925925925 0.006062500000000052 0.00641666666666662
0 0.48070833333333335 0.3767962962962963 0.0031041666666666856 0.008537037037037062
0 0.493734375 0.37992592592592594 0.0021510416666667234 0.0072870370370370415
0 0.478734375 0.3623703703703704 0.0056406249999999625 0.00727777777777779
0 0.43634375 0.3687962962962963 0.007229166666666723 0.007592592592592635
0 0.43502083333333336 0.36456481481481484 0.002817708333333376 0.006657407407407458
0 0.46278125 0.30545370370370367 0.004760416666666719 0.008259259259259221
0 0.4689375 0.2984351851851852 0.004442708333333319 0.0066296296296296
0 0.47466145833333334 0.3176759259259259 0.002786458333333286 0.005129629629629596
0 0.45564583333333336 0.31097222222222226 0.006697916666666614 0.00527777777777782
0 0.4518020833333333 0.2704166666666667 0.004510416666666709 0.009370370370370374
0 0.49538541666666663 0.07867592592592593 0.002963541666666695 0.0043796296296296205
0 0.4968541666666667 0.10828703703703704 0.004041666666666662 0.004277777777777782
0 0.509578125 0.07594444444444444 0.0027291666666666714 0.0034351851851851926
0 0.4874114583333334 0.10814814814814815 0.002479166666666662 0.004916666666666669
0 0.481515625 0.10762037037037038 0.004447916666666648 0.006074074074074076
0 0.47592708333333333 0.10730555555555556 0.007666666666666681 0.008824074074074074
0 0.469234375 0.10796296296296296 0.006140624999999981 0.0074999999999999945
0 0.464125 0.10976851851851852 0.0050156250000000565 0.0066018518518518475
0 0.44051562499999997 0.07372222222222223 0.003958333333333286 0.004916666666666669
0 0.5033958333333334 0.10794444444444444 0.0026875000000000427 0.005712962962962952
0 0.5748125000000001 0.08694444444444445 0.003619791666666572 0.004953703703703698