0 0.24456770833333333 0.4088888888888889 0.006984374999999984 0.008018518518518489
0 0.253546875 0.43477777777777776 0.0063437499999999735 0.008194444444444466
0 0.263296875 0.42900925925925926 0.003536458333333314 0.004907407407407366
0 0.26974479166666665 0.4216944444444444 0.005708333333333353 0.0067592592592592175
0 0.27391666666666664 0.41430555555555554 0.003333333333333381 0.0044166666666666495
0 0.2784270833333334 0.42221296296296296 0.005968750000000019 0.0045740740740741245
0 0.29382291666666666 0.4335462962962963 0.0058229166666667 0.004583333333333376
0 0.29970833333333335 0.4380555555555556 0.006520833333333324 0.0032962962962962456
0 0.30122916666666666 0.46446296296296297 0.002317708333333357 0.004592592592592626
0 0.303921875 0.4658796296296296 0.003651041666666662 0.00587962962962965
0 0.29544791666666664 0.464537037037037 0.004375000000000047 0.0059814814814815155
0 0.319625 0.4522222222222222 0.006083333333333367 0.011027777777777747
0 0.311515625 0.4623703703703704 0.0037656250000000094 0.004129629629629664
0 0.31310937499999997 0.4676018518518518 0.004057291666666647 0.005518518518518552
0 0.3294375 0.4656944444444444 0.00408333333333329 0.008712962962962933
0 0.32811979166666666 0.46446296296296297 0.006953124999999952 0.007361111111111153
0 0.3383333333333333 0.4573240740740741 0.007390625000000028 0.01050925925925928
0 0.3325625 0.45392592592592595 0.003562499999999957 0.00948148148148149
0 0.327640625 0.45466666666666666 0.005130208333333286 0.008092592592592601
0 0.331796875 0.4454722222222222 0.005619791666666648 0.007416666666666658
0 0.32777083333333334 0.44233333333333336 0.0039427083333333 0.006490740740740733
0 0.32377083333333334 0.4366388888888889 0.002895833333333305 0.00705555555555556
0 0.3194270833333333 0.43960185185185185 0.002317708333333357 0.0047314814814814945
0 0.3148020833333333 0.44297222222222227 0.0020572916666666903 0.005712962962962925
0 0.30438541666666663 0.4426388888888889 0.004114583333333381 0.00793518518518523
0 0.31146875 0.4498240740740741 0.00408333333333329 0.007472222222222269
0 0.3135 0.43289814814814814 0.003505208333333343 0.007824074074074117
0 0.4296770833333333 0.40328703703703705 0.006666666666666643 0.008750000000000042
0 0.4113489583333333 0.4144907407407407 0.006229166666666686 0.008499999999999954
0 0.428765625 0.396537037037037 0.008026041666666709 0.010916666666666634
0 0.41721874999999997 0.39305555555555555 0.007244791666666709 0.014259259259259239
0 0.41072395833333336 0.3912037037037037 0.003416666666666638 0.011787037037037054
0 0.3378072916666667 0.3697962962962963 0.004026041666666676 0.00770370370370375
0 0.33234895833333333 0.3805648148148148 0.010083333333333281 0.011935185185185172