0 0.4103333333333333 0.6503611111111111 0.013895833333333366 0.016212962962962953
0 0.41815104166666667 0.6789166666666667 0.009552083333333291 0.017750000000000068
0 0.4533229166666667 0.6827777777777777 0.0112916666666667 0.01466666666666659
0 0.48436979166666666 0.7082499999999999 0.010854166666666625 0.01466666666666659
0 0.5117239583333333 0.7217592592592592 0.008249999999999957 0.020074074074074133
0 0.4761197916666667 0.7866018518518518 0.007380208333333371 0.021611111111111036
0 0.46873437500000004 0.8028148148148148 0.008249999999999957 0.02778703703703703
0 0.48675520833333336 0.9359722222222222 0.012156249999999957 0.022388888888888948
0 0.5110729166666667 0.9390648148148149 0.0112916666666667 0.017750000000000068
0 0.5256197916666667 0.8039722222222222 0.014328124999999995 0.017750000000000068
0 0.5501510416666666 0.8460462962962964 0.008682291666666704 0.021611111111111036
0 0.586625 0.8225 0.014765624999999952 0.01929629629629622
0 0.584671875 0.9189907407407407 0.011723958333333447 0.022388888888888948
0 0.5896666666666667 0.9656944444444445 0.009552083333333409 0.02470370370370355
0 0.5996510416666666 0.988638888888889 0.013895833333333248 0.02272222222222219
0 0.6198437499999999 0.9897962962962963 0.011723958333333447 0.020407407407407374
0 0.6498020833333332 0.9803611111111111 0.009119791666666781 0.02778703703703724
0 0.6953958333333333 0.9618333333333333 0.009984375000000038 0.027787037037037134
0 0.6947447916666667 0.8850277777777779 0.010421875000000113 0.027018518518518577
0 0.6233177083333333 0.7626759259259259 0.012593749999999914 0.024703703703703762
0 0.485234375 0.6495833333333333 0.010854166666666625 0.01003703703703696
0 0.5054270833333333 0.6445648148148148 0.010421874999999995 0.020074074074074133
0 0.5073802083333333 0.6874074074074074 0.010854166666666625 0.027018518518518577
0 0.5336510416666667 0.6692685185185184 0.008682291666666704 0.016981481481481406
0 0.5458072916666666 0.7375833333333334 0.013026041666666781 0.027018518518518577
0 0.6033437500000001 0.6696574074074074 0.009119791666666781 0.025472222222222212
0 0.68584375 0.6553796296296296 0.008250000000000075 0.021611111111111036
0 0.693875 0.6607777777777778 0.008682291666666704 0.023157407407407397
0 0.72275 0.7020740740740741 0.018671874999999952 0.027018518518518577
0 0.7385989583333333 0.738361111111111 0.009552083333333409 0.03164814814814821
0 0.7218854166666666 0.6399351851851852 0.009119791666666781 0.01389814814814814
0 0.733390625 0.6453425925925926 0.009552083333333409 0.021611111111111036
0 0.7218854166666666 0.6445648148148148 0.009119791666666781 0.018527777777777768
0 0.6995208333333333 0.616388888888889 0.016499999999999914 0.02856481481481473
0 0.6871458333333333 0.5951666666666666 0.006515625000000113 0.020074074074074133
0 0.642421875 0.6001851851851853 0.008250000000000075 0.011583333333333326
0 0.6391666666666667 0.6140740740740741 0.013026041666666781 0.01929629629629622
0 0.5733802083333334 0.6121481481481481 0.011723958333333447 0.016981481481481406
0 0.5319114583333333 0.5291666666666667 0.005208333333333333 0.016212962962962953
0 0.5282239583333334 0.4867037037037037 0.00390625 0.011583333333333326
0 0.5360364583333334 0.47744444444444445 0.00911979166666672 0.010037037037037014
0 0.5564479166666667 0.5245277777777778 0.008250000000000075 0.013120370370370438
0 0.5562291666666667 0.5438333333333334 0.007817708333333447 0.02392592592592585
0 0.5375572916666667 0.5897592592592593 0.0060781250000000375 0.021611111111111036
0 0.5859739583333333 0.5438333333333334 0.007380208333333371 0.01929629629629622
0 0.6977864583333333 0.5673703703703704 0.005208333333333333 0.016981481481481406
0 0.7034270833333333 0.5758703703703704 0.006947916666666743 0.023157407407407397
0 0.6906197916666666 0.5253055555555556 0.007380208333333371 0.01466666666666659
0 0.700171875 0.53225 0.009119791666666781 0.01466666666666659
0 0.6293958333333334 0.4824629629629629 0.015197916666666582 0.01698148148148146
0 0.5489010416666668 0.42148148148148146 0.006270833333333314 0.018185185185185172
0 0.5700208333333333 0.4428888888888889 0.006927083333333428 0.016425925925925934
0 0.6247968749999999 0.44816666666666666 0.0089114583333334 0.011731481481481443
0 0.6635677083333333 0.45873148148148146 0.005281249999999934 0.014074074074074116
0 0.6751145833333333 0.4546203703703704 0.008578124999999897 0.017601851851851844
0 0.685671875 0.4604907407407407 0.006598958333333372 0.012907407407407458
0 0.6764322916666666 0.4733981481481481 0.007260416666666695 0.015250000000000026
0 0.6101093750000001 0.4188425925925926 0.007260416666666695 0.015250000000000026
0 0.6201770833333333 0.42324074074074075 0.010890624999999925 0.018185185185185172
0 0.6304062500000001 0.41238888888888886 0.007588541666666752 0.012907407407407458
0 0.6360156250000001 0.39625925925925926 0.0102291666666666 0.015842592592592606
0 0.6455833333333333 0.4015370370370371 0.012208333333333361 0.013490740740740787
0 0.6619166666666667 0.40446296296296297 0.005281249999999934 0.014666666666666696
0 0.6737968750000001 0.4106296296296296 0.007260416666666695 0.015250000000000026
0 0.66290625 0.38775 0.006598958333333372 0.010555555555555535
0 0.6774218750000001 0.3683888888888889 0.007916666666666572 0.015250000000000026
0 0.6234739583333333 0.37601851851851853 0.004291666666666553 0.012907407407407458
0 0.6238020833333333 0.33964814814814814 0.00560937499999999 0.008212962962962967
0 0.653171875 0.3440462962962963 0.0089114583333334 0.011148148148148114
0 0.6274375 0.32016666666666665 0.005359374999999981 0.010527777777777782
0 0.6364635416666666 0.3081296296296296 0.005921874999999943 0.008527777777777811
0 0.6402708333333333 0.2514722222222222 0.005078125 0.009527777777777744
0 0.6538125 0.2544814814814815 0.0067708333333333336 0.0075185185185185225
0 0.6722864583333333 0.27302777777777776 0.007614583333333276 0.012537037037037003
0 0.6965416666666666 0.24094444444444446 0.004796875000000019 0.00952777777777777
0 0.7088125000000001 0.2329166666666667 0.005078125 0.010527777777777782
0 0.7136093750000001 0.2371759259259259 0.004510416666666591 0.0060185185185185185
0 0.7224895833333334 0.24996296296296294 0.007052083333333315 0.012537037037037003
0 0.600078125 0.3106388888888889 0.004796875000000019 0.012537037037037003
0 0.5749739583333333 0.29158333333333336 0.005921874999999943 0.008527777777777811
0 0.5586145833333334 0.274037037037037 0.004796875000000019 0.008527777777777811
0 0.5648229166666667 0.2720277777777778 0.004229166666666609 0.010527777777777782
0 0.5590416666666667 0.24369444444444444 0.005078125 0.012037037037037037
0 0.567078125 0.22764814814814816 0.0036666666666666475 0.007018518518518504
0 0.5710260416666666 0.23567592592592593 0.006489583333333352 0.011027777777777801
0 0.6127708333333334 0.21612037037037038 0.007052083333333315 0.012037037037037037
0 0.5690520833333333 0.20132407407407407 0.004796875000000019 0.00852777777777776
0 0.5693333333333332 0.2121111111111111 0.006489583333333352 0.009027777777777777
0 0.5645416666666667 0.2058425925925926 0.007614583333333276 0.010527777777777782
0 0.5594635416666667 0.20258333333333334 0.006489583333333352 0.010027777777777762
0 0.5532552083333333 0.21160185185185185 0.007614583333333276 0.009027777777777777
0 0.5222291666666666 0.20910185185185187 0.006489583333333352 0.010027777777777762
0 0.49221354166666664 0.16137962962962962 0.0036145833333333616 0.008148148148148158
0 0.48703125 0.15195370370370373 0.004338541666666629 0.0072870370370370415
0 0.48818229166666666 0.1568425925925926 0.0026666666666666098 0.006101851851851829
0 0.491328125 0.15210185185185185 0.0059062499999999575 0.007453703703703714
0 0.4924739583333333 0.14803703703703702 0.004380208333333376 0.007453703703703714
0 0.5174322916666667 0.15430555555555556 0.00514583333333339 0.0071111111111111175
0 0.5299166666666667 0.17987962962962964 0.0026666666666666098 0.008129629629629605
0 0.5482083333333333 0.14769444444444443 0.0019062499999999243 0.004740740740740745
0 0.5330572916666667 0.17750925925925926 0.0032395833333332884 0.008805555555555547
0 0.5516354166666667 0.14955555555555555 0.004192708333333428 0.0084722222222222
0 0.5564010416666666 0.14667592592592593 0.0053333333333332195 0.0067777777777777715
0 0.5583072916666667 0.15210185185185185 0.004572916666666771 0.00948148148148149
0 0.5774583333333333 0.09824074074074074 0.003239583333333229 0.00812962962962963
0 0.5562083333333334 0.10416666666666667 0.0034322916666667423 0.0071111111111111175
0 0.5431562499999999 0.11399074074074074 0.003999999999999915 0.010500000000000002
0 0.5494479166666667 0.1205925925925926 0.003619791666666572 0.010166666666666671
0 0.5463958333333333 0.1380462962962963 0.003619791666666572 0.009824074074074087
0 0.522578125 0.1380462962962963 0.004000000000000033 0.0084722222222222
0 0.5144791666666666 0.1388888888888889 0.004572916666666652 0.0067777777777777715
0 0.5101927083333334 0.14600000000000002 0.004000000000000033 0.007453703703703714
0 0.49590104166666665 0.1348240740740741 0.004380208333333376 0.007453703703703714
0 0.50209375 0.12702777777777777 0.004953124999999995 0.006101851851851829
0 0.506953125 0.13296296296296295 0.0036197916666666904 0.009148148148148143
0 0.5149583333333333 0.12516666666666668 0.005526041666666615 0.0071111111111111175
0 0.49771354166666665 0.10958333333333332 0.00419270833333331 0.007787037037037034
0 0.50971875 0.1122962962962963 0.003812499999999967 0.009148148148148143
0 0.5307708333333333 0.1126388888888889 0.004000000000000033 0.007787037037037034
0 0.52934375 0.11771296296296296 0.00419270833333331 0.009148148148148143
0 0.5155260416666666 0.10128703703703704 0.0062864583333333 0.010166666666666657
0 0.5240104166666667 0.08417592592592592 0.00419270833333331 0.0071111111111111175
0 0.5309635416666667 0.0812962962962963 0.004000000000000033 0.008805555555555547
0 0.4416927083333333 0.02564814814814815 0.005119791666666628 0.005305555555555553
0 0.4438229166666667 0.019712962962962963 0.0034114583333333098 0.007074074074074075
0 0.44673958333333336 0.015925925925925927 0.0027031250000000284 0.005055555555555556
0 0.4689166666666667 0.029564814814814815 0.0035520833333333003 0.005555555555555556
0 0.4711927083333334 0.05332407407407408 0.0035520833333333003 0.007074074074074075
0 0.474671875 0.059009259259259254 0.0036979166666666194 0.006314814814814822
0 0.48277604166666666 0.06381481481481481 0.0034114583333333098 0.009351851851851847
0 0.477875 0.05484259259259259 0.0029843750000000096 0.007074074074074075
0 0.464578125 0.08833333333333333 0.004546875000000009 0.007333333333333322
0 0.4716875 0.09489814814814815 0.0034114583333333098 0.007333333333333322