0
0 0.726562 0.617593 0.005208 0.011111
0 0.756250 0.762500 0.005208 0.015741
0 0.673438 0.445370 0.004167 0.011111
0 0.465625 0.226852 0.004167 0.007407
0 0.727344 0.686111 0.004687 0.012963
0 0.772917 0.444907 0.004167 0.010185
0 0.689063 0.450463 0.004167 0.008333
0 0.627083 0.527315 0.006250 0.008333
0 0.569531 0.388889 0.005729 0.005556
0 0.710156 0.652315 0.007812 0.012037
0 0.713021 0.476852 0.004167 0.007407
0 0.710156 0.671759 0.004687 0.013889
0 0.735938 0.792130 0.008333 0.013889
0 0.661198 0.632407 0.004687 0.012963
0 0.714844 0.766204 0.004687 0.012037
0 0.695312 0.581944 0.007292 0.008333
0 0.581250 0.381019 0.006250 0.006481
0 0.686198 0.673611 0.007812 0.012037
0 0.672135 0.805093 0.008854 0.010185
0 0.581250 0.467130 0.005208 0.010185
0 0.586458 0.725926 0.006250 0.016667
0 0.734115 0.761111 0.004687 0.011111
0 0.453125 0.220370 0.004167 0.007407
0 0.494271 0.318981 0.004167 0.008333
0 0.670573 0.690741 0.006771 0.014815
0 0.553646 0.803241 0.009375 0.010185
0 0.587240 0.420370 0.005729 0.007407
0 0.540104 0.343519 0.004167 0.009259
0 0.586458 0.387963 0.006250 0.005556
0 0.500781 0.250463 0.004687 0.008333
0 0.662240 0.549074 0.005729 0.011111
0 0.658333 0.708333 0.005208 0.016667
0 0.531250 0.256944 0.004167 0.008333
0 0.488281 0.307407 0.004687 0.007407
0 0.678125 0.666667 0.007292 0.011111
0 0.520833 0.290741 0.005208 0.005556
0 0.556250 0.285185 0.003125 0.007407
0 0.481510 0.189815 0.003646 0.007407
0 0.646615 0.702778 0.004687 0.014815
0 0.567969 0.298611 0.002604 0.008333
0 0.467969 0.151389 0.004687 0.006481
0 0.572135 0.375463 0.005729 0.006481
0 0.760417 0.424074 0.004167 0.007407
0 0.538802 0.254630 0.003646 0.007407
0 0.520052 0.238889 0.004687 0.007407
0 0.530208 0.384259 0.006250 0.007407
0 0.498437 0.283796 0.003125 0.008333
0 0.670833 0.531019 0.005208 0.010185
0 0.541406 0.813889 0.005729 0.012963
0 0.668229 0.747222 0.003125 0.007407
0 0.552344 0.881944 0.004687 0.012037
0 0.585417 0.373611 0.004167 0.008333
0 0.529948 0.288426 0.004687 0.008333
0 0.759896 0.880556 0.007292 0.014815
0 0.584375 0.412037 0.004167 0.007407
0 0.560156 0.304630 0.004687 0.007407
0 0.473698 0.179630 0.003646 0.007407
0 0.636979 0.391204 0.004167 0.010185
0 0.570573 0.705556 0.005729 0.016667
0 0.509635 0.298611 0.005729 0.004630
0 0.438021 0.145833 0.004167 0.006481
0 0.580469 0.881019 0.005729 0.013889
0 0.557031 0.300463 0.004687 0.008333
0 0.560417 0.267130 0.003125 0.008333
0 0.656771 0.575926 0.007292 0.009259
0 0.495833 0.303241 0.004167 0.006481
0 0.467708 0.176389 0.004167 0.008333
0 0.571615 0.420370 0.003646 0.011111
0 0.554167 0.256944 0.004167 0.008333
0 0.537500 0.216204 0.003125 0.006481
0 0.753646 0.416204 0.004167 0.008333
0 0.739583 0.429167 0.007292 0.008333
0 0.521354 0.272222 0.006250 0.005556
0 0.612760 0.111111 0.006771 0.007407
0 0.513021 0.256019 0.003125 0.008333
0 0.431250 0.143519 0.003125 0.003704
0 0.444010 0.135648 0.002604 0.006481
0 0.564063 0.240278 0.003125 0.008333
0 0.441146 0.138426 0.004167 0.008333
0 0.512240 0.281944 0.004687 0.006481
0 0.524740 0.310185 0.005729 0.005556
0 0.594531 0.503704 0.006771 0.007407
0 0.660156 0.228704 0.010937 0.007407
