0
0 0.439323 0.475463 0.004687 0.008333
0 0.388542 0.411574 0.005208 0.006481
0 0.385677 0.395833 0.004687 0.006481
0 0.463542 0.343056 0.006250 0.006481
0 0.469271 0.351389 0.006250 0.006481
0 0.355208 0.427778 0.007292 0.007407
0 0.378646 0.409722 0.005208 0.006481
0 0.439583 0.487963 0.007292 0.011111
0 0.599219 0.427778 0.007812 0.011111
0 0.476302 0.332407 0.004687 0.009259
0 0.414323 0.450000 0.007812 0.011111
0 0.599479 0.413889 0.006250 0.011111
0 0.407813 0.437963 0.007292 0.007407
0 0.347656 0.377778 0.006771 0.005556
0 0.369010 0.421296 0.005729 0.005556
0 0.582812 0.400463 0.006250 0.010185
