0.0 0.8267738372087479 0.42042696848511696 0.014609545469284058 0.011673744767904282
0.0 0.7735845595598221 0.4592507369816303 0.016645342111587524 0.011537253856658936
0.0 0.9364582151174545 0.619283614680171 0.014440208673477173 0.010938283056020737
0.0 0.9494475275278091 0.6229781229048967 0.01911333203315735 0.01584833487868309
0.0 0.9295361042022705 0.610249163582921 0.015552163124084473 0.023029949516057968
0.0 0.9417644739151001 0.6086340043693781 0.011461257934570312 0.010829251259565353
0.0 0.9617010653018951 0.6203400362282991 0.014799714088439941 0.01897304132580757
0.0 0.9846549183130264 0.6196829285472631 0.013707250356674194 0.016090136021375656
0.0 0.9970982372760773 0.6169294733554125 0.005803525447845459 0.018664252012968063
0.0 0.9027713239192963 0.673382144421339 0.018164098262786865 0.020968303084373474
0.0 0.9171914160251617 0.6739241350442171 0.01555788516998291 0.01603199914097786
0.0 0.9763945639133453 0.49872688576579094 0.013829648494720459 0.013855889439582825
0.0 0.9233315289020538 0.4963111374527216 0.015781760215759277 0.014991771429777145
0.0 0.8949928730726242 0.5011141188442707 0.013624101877212524 0.01338697224855423
0.0 0.9080528616905212 0.49431492015719414 0.013693034648895264 0.01711598038673401
0.0 0.9159681051969528 0.5035755317658186 0.009236723184585571 0.011935461312532425
0.0 0.630001574754715 0.41779677756130695 0.017257511615753174 0.014545384794473648
