0.0 0.9564487170428038 0.3956927156075835 0.016696614027023316 0.008256940171122551
0.0 0.9887010911013931 0.3737581234425306 0.011712921317666769 0.009750556200742722
0.0 0.9879123880993574 0.2422847209498286 0.01114237429574132 0.011714117601513863
0.0 0.8998141955584288 0.3087598441168666 0.010420788824558259 0.01092536561191082
0.0 0.8495061014778912 0.30043578818440436 0.011746432073414326 0.007250014692544937
0.0 0.8613195550628007 0.3117135588079691 0.008104993961751461 0.015523754060268402
0.0 0.9659465678036213 0.3368871549144387 0.009950870089232922 0.00889466144144535
0.0 0.9562305610626936 0.3431469893082976 0.008104993961751461 0.01127777062356472
0.0 0.8356451311148703 0.31799016539007424 0.007450526021420956 0.006931154057383537
0.0 0.8189820278435945 0.3197690976783633 0.006980607286095619 0.006847212091088295
0.0 0.8240833442658186 0.1857280109077692 0.011763139441609383 0.01345955953001976
0.0 0.744795071799308 0.16191377229988574 0.00823942106217146 0.007619164884090424
0.0 0.6921374800615012 0.13475984260439872 0.010135227255523205 0.007098983973264694
0.0 0.6833445074036717 0.12638541609048842 0.008273027837276459 0.008877862244844437
0.0 0.6879423943348228 0.09822453390806914 0.01201490219682455 0.008055565878748894
0.0 0.6604053868912161 0.11126443762332201 0.006040961854159832 0.00917997770011425
0.0 0.6253675392828881 0.12344850059598685 0.012283372320234775 0.00854225642979145
0.0 0.6706584298983216 0.059809619281440976 0.009598479047417641 0.009868069551885128
0.0 0.5898430655710399 0.07352082915604115 0.0065275879576802255 0.006780069321393967
0.0 0.5799424136057496 0.07628994174301625 0.00968220792710781 0.009532436728477478
0.0 0.5862519416026771 0.010100107826292514 0.008205622248351575 0.010254045948386192
0.0 0.5640680133365095 0.014027217123657464 0.008675348944962025 0.006410892121493816
0.0 0.565427359379828 0.020085650216788053 0.005856412649154663 0.005152194760739803
0.0 0.5529760492034257 0.03453530902042985 0.007182055898010731 0.007451415993273258
0.0 0.5058559898287058 0.031464107986539605 0.0052691582590341565 0.008726858533918858
0.0 0.5626249384135008 0.03733795247972012 0.005655156075954437 0.008626144379377365
0.0 0.5724918875843287 0.04594732467085123 0.005151630565524101 0.0066290926188230515
0.0 0.5677262548357248 0.0480787024833262 0.004547476768493652 0.011311396025121212
0.0 0.5632457035593689 0.049790519010275605 0.004463555850088596 0.004917222075164318
0.0 0.5086249000392854 0.03941897321492434 0.007148257084190845 0.00981769897043705
0.0 0.4741743068210781 0.00827083196491003 0.006494173221290112 0.006729725748300552
0.0 0.41159945176914337 0.028157988283783197 0.005906918831169605 0.008038793690502644
0.0 0.4070183682255447 0.027839114144444465 0.0071148423478007315 0.00594097375869751
0.0 0.3750513156875968 0.028124416898936033 0.007987658306956335 0.007954851724207401
0.0 0.36771812532097103 0.022418388817459344 0.006359938159585044 0.006897582672536373
0.0 0.39268767116591335 0.020421296544373035 0.006745743937790394 0.0058738309890031815
0.0 0.39528873953968285 0.0296516178175807 0.005973940342664718 0.0065786950290203094
0.0 0.3950873869471252 0.040123823750764134 0.006376645527780056 0.008290511555969715
0.0 0.4611358382739127 0.011107060313224792 0.005940333567559719 0.006478007882833481
0.0 0.4594410005956888 0.0060723383910954 0.007870130613446236 0.0067632971331477165
0.0 0.4516210881061852 0.013842601515352725 0.007568053714931011 0.005806688219308853
0.0 0.29477298762649295 0.018726292718201875 0.007299775630235627 0.008391198702156544
0.0 0.30328068677335973 0.01745080966502428 0.008004173636436462 0.007350701838731766
0.0 0.30747586851939557 0.021226861234754323 0.007031113468110606 0.006008089520037174
0.0 0.32011163188144565 0.021277191303670406 0.006913585774600506 0.009062491357326508
0.0 0.031166532728821028 0.046014480944722894 0.01079007927328346 0.008223422802984715
0.0 0.03427083855494856 0.03915044264867902 0.009011032618582271 0.006343749351799488
0.0 0.46919042207300665 0.02142823552712798 0.016981983557343483 0.008794001303613186
0.0 0.457074891589582 0.023358212038874625 0.01213223785161972 0.010942110791802406
0.0 0.45039626518264414 0.020320595894008874 0.011310120113193989 0.0088443448767066
0.0 0.34897418655455115 0.027923029102385043 0.007635075226426169 0.007233215495944023
0.0 0.3373620855621994 0.028325818199664354 0.008625034801662013 0.007199644111096859
0.0 0.3071234774775803 0.004008103348314762 0.008155308105051473 0.005252908915281296
0.0 0.31836648005992174 0.005854164902120829 0.007031305506825447 0.004229157231748104
0.0 0.3286529378034174 0.005283559393137694 0.006611700914800123 0.004262755624949932
0.0 0.3321433374658227 0.002050195448100567 0.006729036569595337 0.004100390896201134
0.0 0.31529558897018434 0.0022306247614324094 0.003674852848052934 0.004461249522864819
0.0 0.3020892785862088 1.9531790167093276e-05 0.007282876223325729 3.906358033418655e-05
