0.0 0.9299115691334009 0.16517152837477625 0.011063896492123604 0.00875128349289298
0.0 0.9468564339913428 0.16741598821245135 0.01013521384447813 0.009665221441537142
0.0 0.9262758120894432 0.008946369821205735 0.0078084681183099745 0.006695318128913641
0.0 0.9321381935849786 0.013042151182889938 0.007251688092947006 0.005938691273331642
0.0 0.9395114811137318 0.009930946724489331 0.00752958245575428 0.004902296978980303
0.0 0.9472067758440972 0.0126353498082608 0.008354343846440316 0.006455796305090189
0.0 0.944474836345762 0.01907576355151832 0.007911067642271518 0.008183383475989103
0.0 0.9251210304908455 0.019744997937232257 0.008357813395559788 0.008116044104099274
0.0 0.929739826451987 0.03716735253110528 0.008531290851533414 0.006789704784750938
0.0 0.9358477198518813 0.03453170624561608 0.006339527107775212 0.005654601845890284
0.0 0.9958625281229615 0.03255836986936629 0.008274943754076957 0.005030655395239591
0.0 0.7935164889320732 0.00215758653357625 0.00917811393737793 0.0043151730671525
0.0 0.5085848892107606 0.012147313635796308 0.011043740063905716 0.008231390081346036
0.0 0.574473526980728 0.2639451653696597 0.007564773596823215 0.009536630660295486
0.0 0.592191853467375 0.2642608564347029 0.007627555914223194 0.005971594154834748
0.0 0.6183685276657342 0.26435610284097494 0.006553152203559875 0.006725246738642454
0.0 0.6134549852460622 0.27336115213111045 0.006935133039951325 0.007349983230233193
0.0 0.597493324521929 0.2712650108616799 0.006343492306768894 0.007387022208422423
0.0 0.5898731207475066 0.280977750942111 0.006565047800540924 0.00786583349108696
0.0 0.06379158338531854 0.5034185643307865 0.019636491499841258 0.016710853017866612
0.0 0.005652080848813079 0.1710753649007529 0.011304161697626158 0.009478957671672106
0.0 0.018236238230019797 0.16574800265952944 0.01312133911997082 0.009480677172541618
0.0 0.5913101749494671 0.019983102334663272 0.007295966148376465 0.005996921937912703
0.0 0.5302332235500217 0.0003993039485067129 0.007091427966952324 0.0007986078970134258
0.0 0.7087668864987791 0.0026110467966645955 0.007740233652293682 0.005222093593329191
0.0 0.4519886952824891 0.013446257123723626 0.0075347041711211205 0.005393144767731428
0.0 0.41577172419056296 0.00870798658579588 0.007650686241686344 0.005423305742442608
0.0 0.4084465146996081 0.006865936424583196 0.008176075108349324 0.0059774497523903845
0.0 0.481939247623086 0.004635209357365966 0.008438604325056076 0.004868743475526571
0.0 0.4761599700897932 0.006949634291231632 0.007080193236470222 0.0047531651332974436
