0.0 0.11124193780124188 0.3051772709353827 0.010376932471990586 0.009154373337514699
0.0 0.13097330667078494 0.37017488437704743 0.008301649242639542 0.006839502416551113
0.0 0.10808374844491482 0.3969766438007355 0.009264079481363296 0.008703378587961197
0.0 0.1316198319196701 0.40589053337462244 0.010151298344135284 0.0063283927738666534
0.0 0.14494455121457578 0.3814788308227435 0.012091132253408432 0.008011948456987739
0.0 0.0451904296875 0.4471529121976346 0.011985974013805389 0.00971059938892722
0.0 0.010284778475761414 0.41707420165184883 0.011399772763252259 0.009304721048101783
0.0 0.052484384179115294 0.4148043745663017 0.009083537757396698 0.007906717155128718
0.0 0.07069672420620918 0.41375215831212697 0.011068636178970337 0.008432825282216071
0.0 0.21065012142062187 0.3550378575222567 0.010016021132469178 0.010492213955149054
0.0 0.23191549256443977 0.3600133870029822 0.007865354418754578 0.0061780692543834444
0.0 0.24358564764261245 0.3594872788758948 0.0073390468955039975 0.008598244050517678
0.0 0.22988512963056565 0.3465448689647019 0.009595043957233429 0.0056219157762825486
0.0 0.18347463347017764 0.3518360681599006 0.006587105244398117 0.01037203255109489
0.0 0.00586322732269764 0.3400811753468588 0.006587105244398117 0.007380657410249114
