0.0 0.9849424759857357 0.4021760124247521 0.008383444510400295 0.008445252198725939
0.0 0.9379524325951933 0.3675601164810359 0.013763196021318435 0.010703959967941046
0.0 0.9139338879846036 0.3570986949140206 0.00972250010818243 0.010640548774972558
0.0 0.899069223087281 0.3411094469716772 0.010895130224525928 0.010778450639918447
0.0 0.9225106347352267 0.3160120067419484 0.013064974173903465 0.010264384327456355
0.0 0.841656066570431 0.35359155575279144 0.010199969075620175 0.008887409465387464
0.0 0.9028692715801299 0.2670066374354064 0.008247626014053822 0.007856856565922499
0.0 0.8292610984295606 0.28034468975383786 0.009538284316658974 0.008031923091039062
0.0 0.8096612459979952 0.2850385433062911 0.00951781589537859 0.006880033761262894
0.0 0.780608426220715 0.2870275249239057 0.005881897360086441 0.0069631836377084255
0.0 0.825854540988803 0.20577180911786855 0.012380525469779968 0.009224580600857735
0.0 0.7929042086005211 0.21915463651530445 0.009030208364129067 0.00831584818661213
0.0 0.7893666150048375 0.21212970898486674 0.012618494778871536 0.010917374398559332
0.0 0.9920706515200436 0.17602613751078025 0.012241454981267452 0.007501640939153731
0.0 0.9523292986676097 0.1701671100105159 0.010922867804765701 0.0074925514636561275
0.0 0.9487472292967141 0.1643640446360223 0.012399846129119397 0.006205395678989589
0.0 0.78988779457286 0.25061618865001944 0.00740287322551012 0.008580411085858941
0.0 0.7745525472797453 0.23714994245674462 0.009041877277195454 0.007648874307051301
0.0 0.7816312734037638 0.23936285325326026 0.009484339505434036 0.009982180316001177
0.0 0.718392172921449 0.24076419221237302 0.009472288005053998 0.011683579534292221
0.0 0.7829219317063689 0.2539836241863668 0.0078082244843244554 0.011830194387584925
0.0 0.7795571719296277 0.2554461960913613 0.010442146845161916 0.007076613837853074
0.0 0.6922054103575647 0.20609690577257425 0.010423782654106617 0.00857761432416737
0.0 0.6703536489978432 0.17516880903858692 0.008218358084559441 0.007989433826878667
0.0 0.6410148452036083 0.17865493214922026 0.011086423881351948 0.007914970046840608
0.0 0.6036777666769921 0.16696722470223904 0.009669703058898449 0.008486612001433969
0.0 0.6616373535245657 0.20621197638101876 0.010542958602309227 0.006579381879419088
0.0 0.6730990955606103 0.20950427583884448 0.010573183000087739 0.010117339203134179
0.0 0.6845633244141937 0.22013597716577352 0.017186587303876878 0.009729718789458275
0.0 0.671389695443213 0.22495729851070792 0.006871650740504265 0.006077416939660907
0.0 0.662904195766896 0.22424415117129684 0.012615242786705495 0.008231084793806076
0.0 0.6507052079774439 0.21987219413276762 0.017498587258160114 0.011641789460554719
0.0 0.6655492131598294 0.21290723562706262 0.009799017570912838 0.006805650657042861
0.0 0.6016937645152212 0.2356615273980424 0.008845036104321479 0.009310903726145625
0.0 0.5963928259909153 0.23516354246530682 0.008282632753252982 0.0068736334796994925
0.0 0.5802305205725133 0.25363994520157573 0.010057646594941617 0.011201891116797924
0.0 0.5823578016832471 0.24076489140279592 0.01008385382592678 0.010451928712427616
0.0 0.5580479168333113 0.23786965142935515 0.010621197707951068 0.00901783537119627
0.0 0.582134083751589 0.2270794221200049 0.010145641677081586 0.009269436355680227
0.0 0.5500742233358323 0.22864695326425136 0.012933172844350338 0.012912971433252096
0.0 0.5300690196454525 0.23373840413987637 0.00783921405673027 0.006575724575668573
0.0 0.5264876198023558 0.23885265938006342 0.007686561718583107 0.006504084449261427
0.0 0.517611020244658 0.23793475681450219 0.0075495954602956775 0.00639958237297833
0.0 0.5113241542130709 0.24057815377600492 0.009932349249720574 0.0078443787060678
0.0 0.493729059305042 0.23378858449868858 0.009062536992132664 0.006214727181941271
0.0 0.4967425082810223 0.22610122782643885 0.011209999583661557 0.00811916054226458
0.0 0.48480626232922075 0.227288103569299 0.01005171649158001 0.0084322365000844
0.0 0.47889662738889455 0.23229344645515085 0.010929754376411438 0.007709703873842955
0.0 0.526654427871108 0.20821854532696307 0.011830364912748336 0.008205806370824575
0.0 0.5135606640018523 0.205145979905501 0.006378686986863613 0.007346232421696186
0.0 0.5127297800034285 0.21257915396708996 0.012098941206932067 0.009816149482503533
0.0 0.49820160064846275 0.21065627273637802 0.012000616267323494 0.008311384124681354
0.0 0.458628873154521 0.17682135904906318 0.01041976548731327 0.010012326180003583
0.0 0.1608376378193498 0.2754056354984641 0.010143920034170195 0.008184830658137798
0.0 0.15518720578402279 0.2697694883914664 0.01252437829971309 0.007994597079232335
0.0 0.04995398269966245 0.30646224881056694 0.005715280584990934 0.006957751465961337
0.0 0.03528682850301268 0.31061272383667526 0.007276428118348166 0.006724490784108639
0.0 0.03262574244290589 0.3053651652531698 0.007143287733197279 0.006219729082658887
0.0 0.013088921271264597 0.3068302650004625 0.00684639997780323 0.007878585252910852
0.0 0.0019311271607875824 0.21132364999502898 0.003862254321575165 0.007214031647890806
0.0 0.006894641369581234 0.2142575067933649 0.01017797030508516 0.008719872683286667
0.0 0.08243478480726485 0.20015502420719714 0.009195486083626747 0.00930552533827722
0.0 0.1777624397538602 0.21000858037732542 0.009066362865269184 0.008417177014052868
0.0 0.014213632326573133 0.22236443150322885 0.011894830875098794 0.008658397709950805
0.0 0.023688598442822673 0.21953475407790393 0.006776960380375341 0.00729228719137609
0.0 0.02849399074912068 0.211405186355114 0.009385631978511833 0.007960229180753231
0.0 0.016591795068234216 0.208979721670039 0.013872424699366115 0.006319551961496472
0.0 0.26623432133346797 0.19291496116202325 0.009469801187515258 0.007979645160958171
0.0 0.2645863264799118 0.17655022107064725 0.006564815714955286 0.006918435450643301
0.0 0.28017331622540953 0.1729218396008946 0.007018946856260255 0.007016456569544971
0.0 0.2865103968419135 0.16613056268543006 0.00794806014746432 0.007897248258814216
0.0 0.29657722553238275 0.17232666719937698 0.008585450612008527 0.006950141047127545
0.0 0.3478785497136414 0.10719344889512286 0.007104072533547878 0.007586458115838468
0.0 0.28276075422763824 0.11101261522853748 0.008115824684500783 0.0079193803248927
0.0 0.37523478604853155 0.19423626970965416 0.007335729151964232 0.00804440095089376
0.0 0.38867861730977893 0.20039051692001522 0.010065298341214658 0.008332521189004183
0.0 0.4021098231896758 0.19940624504815788 0.008291432261466936 0.007157504791393876
0.0 0.41164351645857095 0.19736044076271356 0.00858602449297905 0.0069668409414589405
0.0 0.4172107357531786 0.19470679797232152 0.0061776373535394665 0.006805812008678913
0.0 0.3306270182132721 0.19306476271012799 0.007131427526473999 0.006886622286401689
0.0 0.333532003685832 0.1674751327605918 0.0077787652611731595 0.006256786175072193
0.0 0.3239405397325754 0.14334123071748764 0.007590914890170097 0.007685554912313819
0.0 0.34477356672286985 0.15044450791319833 0.008587554842233613 0.007016940624453127
0.0 0.3457380693405867 0.14508018452906982 0.007873646914958954 0.0060929873725399375
0.0 0.3579830632545054 0.1057311593554914 0.0076829271391033686 0.0069043440744280815
0.0 0.26073692422360184 0.1344259343110025 0.007547682523727372 0.006866641575470567
0.0 0.20796063030138612 0.16208982021780685 0.007724246568977744 0.007673157728277147
0.0 0.3052429238334298 0.16721588101936505 0.011557197570800782 0.0064618909964337945
0.0 0.31258037462830546 0.158252394257579 0.008731025084853128 0.014062198461033404
0.0 0.35879261801019313 0.14278724332107232 0.009279081411659673 0.007239390746690333
0.0 0.36759815197438 0.14357365774922073 0.01273939236998558 0.007934789406135678
0.0 0.3667370435781777 0.1500715570524335 0.008992906101047948 0.006646235240623355
0.0 0.38713086033239963 0.16066647020634264 0.008194063790142536 0.00827222946099937
0.0 0.39763058656826616 0.1766625352553092 0.008466465957462787 0.006879522814415395
0.0 0.4363222154788673 0.1743297536391765 0.010460511036217212 0.005575667135417461
0.0 0.5126976426690817 0.15812726606382058 0.006897666677832604 0.006361906765960157
0.0 0.4857316453941166 0.1859463184606284 0.00826254691928625 0.006772896274924278
0.0 0.4881081821396947 0.20364177927840502 0.007106176763772965 0.008170470362529159
0.0 0.45639657182618976 0.1895493408315815 0.008710939250886441 0.007221158011816442
0.0 0.4434065847657621 0.19229157911613584 0.007249455712735653 0.006923813838511705
0.0 0.4392470954917371 0.1960701924050227 0.008965742401778698 0.0073627440724521875
0.0 0.43112696669995787 0.19683330496773124 0.005914799869060516 0.004344769287854433
0.0 0.42690081158652904 0.19491300536319614 0.00790941882878542 0.0066948020830750465
0.0 0.38760172966867684 0.24066719298716635 0.009230684116482734 0.005736212013289332
0.0 0.376260120049119 0.17001125777605922 0.012162833288311914 0.008683676132932305
0.0 0.3615231436677277 0.17302709465147928 0.00846417043358092 0.007329962798394263
0.0 0.3535143477842212 0.18035704400390387 0.005420114472508475 0.005580184981226921
0.0 0.34955485602840786 0.17841143908444793 0.008961151354014874 0.006178046576678753
0.0 0.3499361999332905 0.17311603974085302 0.00715514793992047 0.006587072974070907
0.0 0.3518411978147924 0.16061596714425833 0.006827844493091107 0.007310627494007349
0.0 0.36157383648678665 0.15955017235828564 0.008668472059071064 0.006936103454791009
0.0 0.4645948440767825 0.20055372409988195 0.007707030139863491 0.006104308879002929
0.0 0.39832890406250954 0.17030364038655535 0.007624582573771477 0.00613504636567086
0.0 0.4004913832060993 0.16423196487594396 0.006977818720042705 0.006264315918087959
0.0 0.4189534209668636 0.1621159995207563 0.006961176171898842 0.008849814534187317
0.0 0.4247548793442547 0.1641360278823413 0.007195893488824367 0.005787548725493252
0.0 0.428368129581213 0.1594888721825555 0.007158208638429642 0.00668727234005928
0.0 0.4975430722348392 0.1928218478220515 0.0065412865951657295 0.005666319862939417
0.0 0.5025096294470132 0.18813112718053163 0.006916987337172031 0.0059287045150995255
0.0 0.2695482926443219 0.09491999467136339 0.010324501246213869 0.006021777517162263
0.0 0.23848335053771735 0.09933107948163525 0.0060146551579237425 0.006416820106096566
0.0 0.22212850805372 0.0983363735373132 0.005896053090691522 0.005845796666108072
0.0 0.22096879025921226 0.12047591557493434 0.00712052378803496 0.0060353848384693265
0.0 0.21777064725756645 0.1260626621893607 0.009223032370209605 0.007571291062049568
0.0 0.22330620745196939 0.16134481937624515 0.008379236049950122 0.00936269760131836
0.0 0.2310964503325522 0.15398848903132603 0.008483682386577174 0.012602772912941873
0.0 0.5253549700602889 0.1580372721888125 0.009936940297484398 0.0069436063058674335
0.0 0.5336195255629719 0.1560491107753478 0.009287880919873714 0.008040501619689167
0.0 0.5450562081299722 0.15700155603699387 0.009233170934021474 0.008405828615650535
0.0 0.5377521380782128 0.16648224202217535 0.0092429269105196 0.007154788705520332
0.0 0.5441991169005632 0.17140727213118226 0.008813281357288361 0.006773971952497959
0.0 0.4796241171658039 0.2003706706687808 0.008445232361555099 0.008297023829072714
0.0 0.47459194622933865 0.19056834364309908 0.009858892485499381 0.008142341393977404
0.0 0.46885208440944554 0.19565178072080017 0.006826314143836498 0.006743315141648054
0.0 0.4592175793834031 0.19612924710381777 0.006964428164064884 0.005846791667863727
0.0 0.42781921243295074 0.17981983717763797 0.010257739759981632 0.010157273733057082
0.0 0.4089046695269644 0.15856087169377134 0.007997413910925389 0.00993433955591172
0.0 0.4011894137598574 0.1583913583541289 0.007949590496718884 0.006896276492625475
0.0 0.31443171463906766 0.1964953808579594 0.010795466229319572 0.011826321948319674
0.0 0.30727455811575055 0.19445214475272224 0.009624557755887508 0.007600925979204476
0.0 0.30599011685699223 0.18625116548500956 0.012637624144554138 0.008398621575906873
0.0 0.5110905846580863 0.18350790530676023 0.01014965884387493 0.00940300861839205
0.0 0.5192755619995296 0.17697476411703975 0.006459795497357845 0.007282068254426122
0.0 0.5272980353794992 0.17940810814034194 0.009059476293623447 0.009234423050656915
0.0 0.5244403950870037 0.172729078179691 0.006434736028313637 0.007014305214397609
0.0 0.5329224514774978 0.1743785490631126 0.00687911119312048 0.0052768170135095716
0.0 0.5303121538832783 0.17018264010548592 0.007396560534834862 0.0068284012377262115
0.0 0.24717917758971453 0.10242821068968624 0.008011378347873688 0.0082997668068856
0.0 0.16443424550816416 0.15503189627779648 0.006452143751084827 0.007048242841847241
0.0 0.1760609783232212 0.1572154141846113 0.0077864170074462 0.0065072845900431275
0.0 0.190644537191838 0.15514076829422266 0.006993887387216069 0.00573099497705698
0.0 0.13963024914264682 0.15133336718427018 0.006843721866607644 0.006243367097340524
0.0 0.18103872621431943 0.1279645139235072 0.007504258863627933 0.007065453683026135
0.0 0.19927015947178006 0.12543798933038489 0.008642073534429051 0.006117781740613282
0.0 0.1732276323251426 0.13675934788770974 0.005934885703027248 0.004979472840204835
0.0 0.16773645225912331 0.1386582415085286 0.006730093434453077 0.005822588922455907
0.0 0.13432414568960666 0.1444489634828642 0.006543008238077186 0.005716473329812288
0.0 0.12783776037395 0.13934129676781595 0.005855116248130843 0.007162506692111492
0.0 0.11991227287799122 0.1508147964719683 0.007818554341793016 0.008009925484657288
0.0 0.13944947663694618 0.131193133268971 0.0062767274677753004 0.0062584803672507405
0.0 0.14877112088724975 0.13294932481367142 0.005563776008784771 0.00588513957336545
0.0 0.15420835614204403 0.13404483519261703 0.006195236369967438 0.005288165411911905
0.0 0.14801866728812457 0.12361108543118463 0.007109237462282203 0.005684660165570676
0.0 0.1930947219952941 0.11284703542478383 0.00580499731004247 0.005609282059594989
0.0 0.18547721728682515 0.10326176668750123 0.007645242288708665 0.006786369136534631
0.0 0.1863654893822968 0.11318079128395767 0.0071595476940273794 0.007755097467452288
0.0 0.1758004363626242 0.11383870257996023 0.008688557893037796 0.00600244221277535
0.0 0.17212683297693732 0.10726951274555177 0.007726350799202919 0.007222744636237621
0.0 0.16097852559760212 0.10747805973514915 0.008901085145771481 0.007427446078509092
0.0 0.1565098101273179 0.10633464136626572 0.00699293091893205 0.006214780965819955
0.0 0.2092236466705799 0.13018321993295104 0.006062478572130203 0.006868900498375297
0.0 0.20516477786004544 0.13242049482651055 0.004612855240702629 0.00590455555357039
0.0 0.20125530939549208 0.13461952938232571 0.005638571828603833 0.005620630457997322
0.0 0.19331777039915327 0.13948952513746918 0.006101502478122689 0.006002549780532718
0.0 0.19460431588813665 0.13478357021231205 0.005525899864733175 0.006784836295992136
0.0 0.1438770639710128 0.11082086225505919 0.012742261774837949 0.013207061681896448
0.0 0.12139852894470093 0.11804836676456035 0.007769774459302381 0.0054556215181946754
0.0 0.11716032233089209 0.12042518393136561 0.009123942255973794 0.00501545425504446
0.0 0.11227449104189872 0.1172387714846991 0.00931753143668168 0.005321995471604168
0.0 0.13488683598116036 0.10637898617424071 0.005661335773766041 0.005804840242490172
0.0 0.13324285829439764 0.11245067513082177 0.008243800140917301 0.005153893958777189
0.0 0.1283667829819024 0.10801003607921303 0.007206988520920277 0.008707609958946705
0.0 0.11394821489229794 0.10897596764843911 0.0094768790528178 0.008713956456631422
0.0 0.1019403294660151 0.1214336047647521 0.00697820130735638 0.005246617365628481
0.0 0.09154093675315378 0.12412587782600895 0.0058861058205366135 0.006045657559297979
0.0 0.09644168894737959 0.11998898322926835 0.007538117840886205 0.0065660165855661035
0.0 0.10175190521404143 0.11506984245497734 0.00733898114413023 0.004524138523265719
0.0 0.1016146520152688 0.11081099291332067 0.0058130316436290075 0.005859807366505265
0.0 0.09722886234521866 0.11275784830795602 0.005934311822056726 0.004962772945873439
0.0 0.0943015911616385 0.10807056983467192 0.007226117886602879 0.005171212367713451
0.0 0.044078111089766 0.11271410856861622 0.007176955416798636 0.005202998640015721
0.0 0.03195104971528051 0.11420811715070159 0.0071119155734777895 0.004733734298497438
0.0 0.0069365346804260986 0.13979087620973588 0.008491525426506996 0.006630100077018142
0.0 0.07800490194931631 0.10887962727574632 0.0073944563046097755 0.005727203213609755
0.0 0.08333482146263121 0.11079782930901275 0.005445365235209443 0.0042963369050994515
0.0 0.08682803492993119 0.1133268817444332 0.005861237645149231 0.005277408636175096
0.0 0.022086418420076415 0.1158465892309323 0.007190728560090065 0.005620522890239954
0.0 0.04763617310672996 0.1255565424449742 0.007772643864154771 0.007624671561643481
0.0 0.045724193006753955 0.12071952965343372 0.00531719848513601 0.004976272699423134
0.0 0.04180305562913417 0.11685004850151018 0.00556702800095088 0.005468126269988716
0.0 0.037842894345521905 0.1190339832333848 0.004558145254850432 0.004718244541436434
0.0 0.03204210549592973 0.12637642389163375 0.005450721457600616 0.004446689737960696
0.0 0.07527954122051594 0.12239254442974926 0.006619716994464397 0.005502037005499005
0.0 0.08227505460381507 0.11683398056775332 0.006275962293147974 0.005724540911614895
0.0 0.0862597971223295 0.11956456119660289 0.005801745317876361 0.007577879587188363
0.0 0.08103642817586659 0.12302637399407104 0.004442986473441102 0.004764579352922738
0.0 0.0704044223763049 0.13510531882056967 0.004730500839650653 0.004890594980679452
0.0 0.07476840456947681 0.11587197522167117 0.005672048218548276 0.005621706135571003
0.0 0.02746263099834323 0.13165656205965207 0.007185563631355807 0.00545355083886534
0.0 0.02520833089947705 0.12917118213372306 0.005273966118693352 0.0041406325763091445
0.0 0.009098439943045378 0.13318422590382398 0.005917286686599299 0.004945535212755203
0.0 0.0028085132129490598 0.13469084680546076 0.005374012701213404 0.005178258055821061
0.0 0.00067930147051809 0.13900071035604925 0.00135860294103618 0.0049886698834598064
0.0 0.030717205628752742 0.12106911141891033 0.006642480939626716 0.005702973576262593
0.0 0.02609315970912579 0.11926191931124777 0.006550086103379704 0.0059335988480597734
0.0 0.05657417792826891 0.12423214132431895 0.006371609121561095 0.004543016664683819
0.0 0.06468062922358508 0.12823437453480438 0.0067488402128219604 0.007441564346663654
0.0 0.05929877348244189 0.11899503025924787 0.005453399568796091 0.00504737498704344
0.0 0.05753284608945247 0.11246469927718863 0.006343488954007603 0.005743392161093652
0.0 0.05283869104459882 0.11677885209210218 0.006219148077070802 0.008108565118163824
0.0 0.06724166870117188 0.11429203344741837 0.007249647006392523 0.005372175830416381
0.0 0.06419388251379132 0.11780082646291704 0.005428340099751905 0.0053135245107114315
0.0 0.0016537513583898544 0.12486712724203244 0.003307502716779709 0.004717679810710251
0.0 0.006598518788814567 0.11788350573042408 0.00466373935341835 0.004371257848106325
0.0 0.004405432660132658 0.12144834154751152 0.004620315693318777 0.0051039825193583965
0.0 0.01263125119730829 0.11929420308442787 0.004457333497703053 0.0052155033918097615
0.0 0.006878572702407826 0.12604994230205194 0.006173811480402969 0.0035856905160471797
0.0 0.009821338672190927 0.1286301566520706 0.006713450886309147 0.004270439967513084
0.0 0.020552817173302207 0.12482379088178278 0.0063348807394504325 0.004441795405000448
0.0 0.019351875595748413 0.1280390045954846 0.006443152949214048 0.004695520852692425
0.0 0.01575737213715911 0.12237008966039867 0.009535032324492931 0.006897298386320472
