0.0 0.3230000972747803 0.2726406058296561 0.010656237602233887 0.00937497429549694
0.0 0.9921562612056732 0.13735939180478454 0.008077919483184814 0.005968761630356312
0.0 0.993421995639801 0.1430000019259751 0.0054531097412109375 0.004796870984137058
0.0 0.9818281471729279 0.15645313253626228 0.006687462329864502 0.006937525235116482
0.0 0.9379530191421509 0.15359373847022653 0.004906296730041504 0.008125006221234798
0.0 0.9908125638961792 0.15906249023973942 0.005265712738037109 0.008031237870454788
0.0 0.9988007962703704 0.16707811262458563 0.002398407459259033 0.00617191381752491
0.0 0.9955625772476197 0.16906249886378646 0.00423431396484375 0.010531299747526646
0.0 0.9913905799388886 0.17065625907853246 0.004156172275543213 0.004578103311359882
0.0 0.9405312478542328 0.16099999230355025 0.006655991077423096 0.009140616282820702
0.0 0.8434531629085541 0.1015468723140657 0.007953107357025146 0.0059531209990382195
0.0 0.8753125309944153 0.11024999096989632 0.007578134536743164 0.005453098565340042
0.0 0.8967342615127564 0.10754686491563917 0.006062507629394531 0.005546866916120052
0.0 0.9084531009197235 0.13199999872595072 0.006046950817108154 0.006265606731176376
0.0 0.8501874744892121 0.15051562702283264 0.005500137805938721 0.007484394125640392
0.0 0.8459218680858612 0.1502187442034483 0.006624877452850342 0.005531251430511475
0.0 0.8161562323570252 0.15048437090590597 0.007437586784362793 0.00740624126046896
0.0 0.809328043460846 0.14517186200246215 0.00592195987701416 0.006421887315809727
0.0 0.832578057050705 0.143312500230968 0.0062811970710754395 0.0054687391966581345
0.0 0.8350000023841858 0.1519062476232648 0.005562543869018555 0.006124991923570633
0.0 0.8348125159740448 0.161656232457608 0.005937516689300537 0.007718752138316631
0.0 0.8963125288486481 0.1346406251192093 0.005531251430511475 0.006031248718500137
0.0 0.8947344064712525 0.12995312539860607 0.007328152656555176 0.006296862848103046
0.0 0.8874530136585236 0.13718750830739737 0.007046878337860107 0.005406226962804794
0.0 0.7414062857627869 0.14173439322039486 0.006797075271606445 0.007812495343387127
0.0 0.749328100681305 0.14054687451571227 0.007452964782714844 0.0068437568843364716
0.0 0.7532343804836273 0.14406250873580576 0.006546914577484131 0.0055937385186553
0.0 0.7649999797344208 0.14410936776548625 0.006437480449676514 0.008437491953372955
0.0 0.5137968003749848 0.12003124449402094 0.007422029972076416 0.005734378471970558
0.0 0.42220311760902407 0.11212500594556332 0.008765637874603271 0.0064530931413173676
0.0 0.4959531366825104 0.16714063743129373 0.01004701852798462 0.00765629019588232
0.0 0.49884366393089297 0.16074998108670116 0.008390486240386963 0.005906249396502972
0.0 0.3827186763286591 0.11698437659069896 0.005078136920928955 0.005156253464519978
0.0 0.25707810521125796 0.08654687823727727 0.005671799182891846 0.006281222216784954
0.0 0.29800003170967104 0.11818749820813537 0.007859408855438232 0.0075624966993927956
0.0 0.22323434948921203 0.12223437326028944 0.009984076023101807 0.007375010289251804
0.0 0.9038124322891236 0.14424999514594675 0.01581251621246338 0.008187518455088139
0.0 0.8925312399864197 0.14604686982929707 0.011296749114990234 0.010187482461333275
0.0 0.8863125383853913 0.14321874445304275 0.010531246662139893 0.008234390057623386
0.0 0.79187490940094 0.15029687192291022 0.007109284400939941 0.006734373047947884
0.0 0.7810624778270722 0.15067188246175647 0.008031070232391357 0.0067031169310212135
0.0 0.7529062569141388 0.12803125139325858 0.007593691349029541 0.0048906393349170685
0.0 0.7633750081062317 0.12974999835714698 0.006547093391418457 0.003937491215765476
0.0 0.772953087091446 0.12921874495223165 0.0061563849449157715 0.003968772478401661
0.0 0.7762031197547913 0.12518748538568616 0.0062656402587890625 0.005859377793967724
0.0 0.7605155944824219 0.1253593814559281 0.003421783447265625 0.006187529303133488
0.0 0.662093722820282 0.11878125127404929 0.00690615177154541 0.004937510937452316
0.0 0.6627032101154328 0.11359374169260264 0.006640613079071045 0.004937510937452316
0.0 0.6766874432563782 0.1172812594100833 0.0069844722747802734 0.004765614867210388
0.0 0.6870936989784241 0.1163437519222498 0.0054999589920043945 0.004015618935227394
0.0 0.692515516281128 0.11462499238550664 0.00429689884185791 0.005390636622905731
0.0 0.6870624959468842 0.11423437893390656 0.0045781731605529785 0.004609409719705582
0.0 0.7106874823570252 0.10056250579655171 0.006562471389770508 0.005281252786517143
0.0 0.7240312039852143 0.10354687403887511 0.00595325231552124 0.004468744620680809
0.0 0.7413749933242798 0.10853124400600792 0.006953001022338867 0.004781280644237995
0.0 0.7482187390327454 0.12175000403076411 0.006781339645385742 0.005171868950128555
0.0 0.7568906784057617 0.11375000970438123 0.005828261375427246 0.005578148178756237
0.0 0.7629999458789826 0.10907812546938658 0.005218684673309326 0.004921870306134224
0.0 0.7687499761581421 0.09137499276548625 0.006249904632568359 0.0052343811839818954
0.0 0.7790781795978546 0.09103123834356666 0.004921853542327881 0.004546872340142727
0.0 0.7894374966621399 0.09756249692291022 0.006406545639038086 0.004078131169080734
0.0 0.796671861410141 0.1007656328380108 0.0054375529289245605 0.004687512293457985
0.0 0.7866405785083771 0.10278125004842878 0.00426560640335083 0.003921900875866413
0.0 0.7811406195163727 0.10068749254569412 0.0056092143058776855 0.004562512971460819
0.0 0.7825624585151673 0.10685938121750951 0.005937695503234863 0.006265631876885891
0.0 0.7757812976837158 0.10574999023228884 0.00475001335144043 0.006000017747282982
0.0 0.7679530918598175 0.10395314069464803 0.003984510898590088 0.003343750722706318
0.0 0.7726251423358917 0.10007812399417162 0.005281269550323486 0.004281258210539818
0.0 0.7858592510223389 0.0895156309939921 0.0038906335830688477 0.005359380505979061
0.0 0.7948750495910645 0.091609375923872 0.0061408281326293945 0.00568750686943531
0.0 0.7446093797683716 0.11634373934939504 0.0053282976150512695 0.0049843573942780495
0.0 0.7317969143390656 0.11340624270960689 0.006234347820281982 0.007703111506998539
0.0 0.7729686439037323 0.10953125115484 0.007796823978424072 0.00562499463558197
0.0 0.7266405463218689 0.11548437215387822 0.005718827247619629 0.004859358072280884
0.0 0.7185937404632569 0.11109376782551408 0.006156206130981445 0.005859377793967724
0.0 0.7050000369548798 0.10576563086360694 0.007874786853790283 0.006578117609024048
0.0 0.70214062333107 0.1143749937415123 0.011484682559967041 0.008500004187226295
0.0 0.6892031669616699 0.08854687996208668 0.007140398025512695 0.005093766376376152
0.0 0.6726250588893891 0.08814063845202327 0.006078064441680908 0.00565625075250864
0.0 0.6599844336509705 0.09034374207258225 0.00534367561340332 0.004578128457069397
0.0 0.6591250538825989 0.09701562803238631 0.0063904523849487305 0.005593763664364815
0.0 0.6700782120227814 0.10125000206753612 0.0063748955726623535 0.004484360106289387
0.0 0.6510000169277191 0.09651563074439765 0.006921708583831787 0.005265612155199051
0.0 0.645015561580658 0.10320313218981028 0.005890488624572754 0.004968741908669472
0.0 0.6427343428134918 0.09795313552021981 0.007718503475189209 0.005421867594122887
0.0 0.6356406152248383 0.10160937197506428 0.0061563849449157715 0.005046894773840904
0.0 0.6225313186645508 0.11075000083073974 0.004312634468078613 0.003640620969235897
0.0 0.6167968451976776 0.11528125768527389 0.008843600749969482 0.005765634588897228
0.0 0.5781406700611115 0.10989063363522292 0.006218612194061279 0.0053593553602695465
0.0 0.5741093993186951 0.09765625270083547 0.006078243255615234 0.004812461324036121
0.0 0.5853437423706055 0.09667188618332148 0.006859302520751953 0.004218745976686478
0.0 0.5975938379764557 0.09587499350309373 0.005624949932098389 0.005374995991587639
0.0 0.5900623738765717 0.09068750906735659 0.005624949932098389 0.004562487825751305
0.0 0.5274062395095825 0.08640623828396202 0.008484363555908203 0.0055937385186553
0.0 0.5713749766349793 0.04984374800696969 0.006078243255615234 0.004968767054378986
0.0 0.5660625040531159 0.06610936336219311 0.005078136920928955 0.0053593553602695465
0.0 0.6055468559265137 0.08592186905443669 0.0047653913497924805 0.004625000059604645
0.0 0.6267656326293946 0.04803124526515603 0.004062652587890625 0.004765640012919903
0.0 0.6946873903274536 0.09187500262632967 0.00429689884185791 0.004546872340142727
0.0 0.6992344498634339 0.09225000059232116 0.005172014236450195 0.004828152246773243
0.0 0.6811093330383301 0.08845312418416143 0.004906296730041504 0.0038906196132302284
0.0 0.6792500257492066 0.09699999997392297 0.006734490394592285 0.004843742586672306
0.0 0.6787187695503235 0.09250001180917025 0.0044689178466796875 0.004375001415610313
0.0 0.626250022649765 0.09353126250207425 0.0055623650550842285 0.0050156135112047195
0.0 0.6189999222755432 0.08964063031598926 0.004421710968017578 0.004812511615455151
0.0 0.6404374778270722 0.08785938369110227 0.00420302152633667 0.00504686962813139
0.0 0.6470938265323639 0.08820313811302186 0.005124986171722412 0.0062187351286411285
0.0 0.6479531168937683 0.08157812375575305 0.005765676498413086 0.004828127101063728
0.0 0.6513281404972077 0.07646874189376832 0.005218684673309326 0.005500020459294319
0.0 0.6434063255786896 0.07695313626900316 0.005874931812286377 0.005999992601573467
0.0 0.6336094677448273 0.08117186967283488 0.004609286785125732 0.004500025883316994
0.0 0.6205936908721924 0.07478125104680658 0.005031466484069824 0.0059531209990382195
0.0 0.555531257390976 0.08349999776110054 0.006296932697296143 0.005749993957579136
0.0 0.5395156979560852 0.07914062440395356 0.0054531097412109375 0.008187493309378624
0.0 0.6035468220710755 0.10942186731845141 0.004906296730041504 0.005000023171305656
0.0 0.6094062864780426 0.11078124437481165 0.004359304904937744 0.0044375136494636536
0.0 0.6089375257492066 0.10567188765853644 0.007921814918518066 0.004734383895993233
0.0 0.6097656130790711 0.09204687355086208 0.005609393119812012 0.005062510259449482
0.0 0.43579699993133547 0.178921880107373 0.005859375 0.005968761630356312
0.0 0.4274530053138733 0.1816718526184559 0.0054531097412109375 0.0068437568843364716
0.0 0.41134374737739565 0.179859362449497 0.004797041416168213 0.0045312317088246346
0.0 0.400203013420105 0.18031252585351468 0.006046772003173828 0.004140593111515045
0.0 0.3879843890666962 0.179343737103045 0.004828155040740967 0.0054687391966581345
0.0 0.37820308804512026 0.18321876637637616 0.006015479564666748 0.004015669226646423
0.0 0.3803750514984131 0.12370312158018351 0.005593657493591309 0.0066093988716602325
0.0 0.37156265377998354 0.12503125509247184 0.00745314359664917 0.005328149534761906
0.0 0.3556873738765717 0.1159687539562583 0.005687534809112549 0.006250016391277313
0.0 0.3451561272144318 0.11654687896370888 0.0063748955726623535 0.005453148856759071
0.0 0.10298439264297488 0.1391562539152801 0.006812453269958496 0.005671891383826733
0.0 0.07684376239776614 0.12664063079282642 0.007703304290771484 0.006453118287026882
0.0 0.06329681873321535 0.1422968650236726 0.006062507629394531 0.005781250074505806
0.0 0.05587505698204043 0.14121874272823334 0.006171762943267822 0.006078120321035385
0.0 0.04268752932548525 0.12893749019131065 0.00790625810623169 0.005296868272125721
0.0 0.019156330823898338 0.1366875110194087 0.008203089237213135 0.006031248718500137
0.0 0.06037508845329287 0.12031249925494195 0.006984293460845947 0.004468744620680809
0.0 0.06242179274559023 0.125624995585531 0.00700002908706665 0.005249996669590473
0.0 0.06793739795684817 0.12751562604680658 0.004984259605407715 0.004921845160424709
0.0 0.05937498211860659 0.13134374599903823 0.007406294345855713 0.004640640690922737
0.0 0.015187376737594627 0.12384374896064401 0.005484402179718018 0.004968767054378986
0.0 0.009140604734420799 0.11023437548428774 0.005484402179718018 0.0050156135112047195
0.0 0.0028085827827453724 0.11195312244817615 0.005617165565490745 0.005437483079731464
0.0 0.03696870207786562 0.08943751584738494 0.007328331470489502 0.007031243294477463
0.0 0.01003127694129946 0.09037498561665416 0.006500065326690674 0.006093735806643963
0.0 0.09253119826316836 0.09292186880484224 0.008515655994415283 0.006171888671815395
0.0 0.09889071583747866 0.1015937564894557 0.007796823978424072 0.006390631198883057
0.0 0.1239375412464142 0.09642187496647239 0.005578100681304932 0.006328144110739231
0.0 0.14518743157386782 0.10062499288469554 0.007546842098236084 0.006156273186206818
0.0 0.198828125 0.09890624592080713 0.008078098297119118 0.007875007577240467
0.0 0.16476559042930605 0.10159374391660095 0.007765710353851318 0.008125006221234798
0.0 0.0923593580722809 0.07432812536135316 0.0071405768394470215 0.00831249263137579
0.0 0.0992968022823334 0.073968755453825 0.0069689154624938965 0.005890633910894394
0.0 0.1078593969345093 0.07298437636345625 0.005249977111816406 0.00562499463558197
0.0 0.1186875641345978 0.073640616517514 0.004109323024749756 0.005234356038272381
0.0 0.45279684066772463 0.07479687910526991 0.004827976226806641 0.005296893417835236
0.0 0.4672344565391541 0.07595312912017108 0.005859375 0.004984382539987564
0.0 0.48723443746566775 0.08017188766971231 0.004859447479248047 0.005640610121190548
0.0 0.4914531946182251 0.07996874805539847 0.0054999589920043945 0.006515605375170708
0.0 0.5015937328338623 0.07945312270894647 0.006015658378601074 0.0054999953135848045
0.0 0.5599531471729279 0.034593742713332175 0.008921921253204346 0.0054687391966581345
0.0 0.5356562674045563 0.037265625223517417 0.006796896457672119 0.005609404295682907
0.0 0.5235156059265137 0.0380312617868185 0.007687568664550781 0.005843762308359146
0.0 0.5457499563694 0.03893748801201582 0.0061095356941223145 0.00507812574505806
0.0 0.5265155673027039 0.05695311902090907 0.008171796798706055 0.008593772538006306
0.0 0.3730000495910645 0.1145156211219728 0.007640719413757324 0.005218765698373318
0.0 0.3667187631130219 0.11581251109018922 0.006015479564666748 0.005234356038272381
0.0 0.3638437032699585 0.11985937356948853 0.00690615177154541 0.00471874326467514
0.0 0.14015623331069949 0.07459375206381083 0.004906296730041504 0.004625000059604645
0.0 0.13495310544967654 0.07392188385128975 0.0043752193450927734 0.004562487825751305
0.0 0.12964063286781313 0.0758749888278544 0.004671871662139893 0.009140641428530216
0.0 0.14315619468688967 0.06754686813801528 0.00598454475402832 0.004062490537762642
0.0 0.1515000104904175 0.07282812092453242 0.006078243255615234 0.004953151568770409
0.0 0.15584375858306887 0.06754686813801528 0.00573420524597168 0.009218718856573105
0.0 0.16268750429153445 0.06715624211356044 0.005609393119812012 0.00649998988956213
0.0 0.1728436887264252 0.06342189051210881 0.006531178951263428 0.00417187437415123
0.0 0.18753128647804262 0.07040624963119627 0.006156027317047119 0.0046406155452132225
0.0 0.21996884942054748 0.07098437463864685 0.005078136920928955 0.0038593383505940437
0.0 0.22462498545646667 0.06231251209974289 0.00478130578994751 0.003906235098838806
0.0 0.23193758130073547 0.05792188262566924 0.005624949932098389 0.0034843655303120613
0.0 0.23201563358306884 0.06935937087982894 0.006093621253967285 0.0051249973475933075
0.0 0.5917968690395355 0.05135938050225377 0.004687607288360596 0.003687492571771145
0.0 0.5073594093322754 0.05810936903581023 0.005999922752380371 0.006093735806643963
0.0 0.5211250424385071 0.06370313270017505 0.004718899726867676 0.00517189409583807
0.0 0.5100000441074372 0.06537500806152821 0.004750192165374756 0.004468744620680809
0.0 0.5123280227184296 0.0685937468893826 0.004125058650970459 0.0038281073793768883
0.0 0.4802032053470612 0.04370312802493572 0.006781160831451416 0.006546886637806892
0.0 0.5001092195510864 0.04928125105798244 0.00429689884185791 0.004515616223216057
0.0 0.4962813496589661 0.047500004433095454 0.004890561103820801 0.004468744620680809
0.0 0.4899843275547028 0.050750011950731276 0.0053907036781311035 0.003937516361474991
0.0 0.4866718888282776 0.048593742214143275 0.004968881607055664 0.0046562310308218
0.0 0.49518745541572573 0.04064061949029565 0.00810939073562622 0.006390606053173542
0.0 0.492671811580658 0.06051563741639256 0.006578207015991211 0.004796870984137058
0.0 0.4920469462871552 0.06774999517947436 0.005812346935272217 0.005171868950128555
0.0 0.48559373021125796 0.06407813066616655 0.004609286785125732 0.005390611477196217
0.0 0.4777813494205475 0.06218748763203621 0.005124986171722412 0.0056406352669000626
0.0 0.46468752026557925 0.07160937124863267 0.005578100681304932 0.004312514327466488
0.0 0.45871871113777163 0.06660937322303653 0.004937589168548584 0.005406252108514309
0.0 0.4667655169963837 0.05614062342792749 0.005484402179718018 0.006140632554888725
0.0 0.21410947442054748 0.06639063069596887 0.006187498569488525 0.0069218846037983894
0.0 0.2157968521118164 0.05984375663101673 0.007156491279602051 0.005765609443187714
0.0 0.20759376287460327 0.06728124143555761 0.005109429359436035 0.004343745298683643
0.0 0.20781254172325134 0.06131249237805605 0.0046561360359191895 0.005453148856759071
0.0 0.20135932564735412 0.060499984212219714 0.0050781369209289325 0.004515616223216057
0.0 0.1968280911445618 0.05970311667770147 0.0046874284744262695 0.004625000059604645
0.0 0.19220315814018252 0.0637031201273203 0.0053749680519104 0.0040312595665454865
0.0 0.19493749141693117 0.06645313035696745 0.00417172908782959 0.0035312622785568237
0.0 0.19996877908706664 0.0660781198181212 0.004406332969665505 0.005343739874660969
0.0 0.24012502431869506 0.07000000812113286 0.0038906335830688477 0.0037499796599149704
0.0 0.24849995374679565 0.05701563125476241 0.005156278610229492 0.004390616901218891
0.0 0.24834375977516174 0.061468747816979884 0.0029062628746032715 0.0038593634963035583
0.0 0.24484383463859558 0.06617188816890121 0.0047498345375061035 0.003812517039477825
0.0 0.25393750667572024 0.06485937014222146 0.0063124895095825195 0.0054687391966581345
0.0 0.2598125278949738 0.06231249952688813 0.005687534809112549 0.004671896807849407
0.0 0.26521878838539126 0.06496875397861004 0.005187571048736572 0.0057030972093343735
0.0 0.25976558923721316 0.057734371069818734 0.004078388214111328 0.004109387286007404
0.0 0.2641718327999115 0.054921886324882506 0.0038282275199890137 0.004484385251998901
0.0 0.2714374899864197 0.05717187412083149 0.008187532424926758 0.00556248240172863
0.0 0.27343752384185793 0.0630937515757978 0.005062580108642578 0.004546872340142727
0.0 0.28151571154594424 0.06065625222399831 0.004343926906585693 0.004796870984137058
0.0 0.2794218897819519 0.05464061899110675 0.006796717643737793 0.007359369657933712
0.0 0.2862031400203705 0.052640629839152096 0.005265533924102783 0.0059531209990382195
0.0 0.38189067840576174 0.043687499966472386 0.00435948371887207 0.0034843655303120613
0.0 0.3769531786441803 0.048453114833682774 0.006515443325042725 0.004437488503754139
0.0 0.38642182350158694 0.04759374763816595 0.0038595199584960938 0.006140632554888725
0.0 0.41421871781349184 0.06129687689244747 0.005749762058258057 0.0035156216472387314
0.0 0.3565469324588776 0.058953133318573235 0.004406154155731201 0.003984362818300724
0.0 0.35546877384185793 0.06334375021979213 0.004000067710876465 0.004187489859759808
0.0 0.3524531662464142 0.060625008679926394 0.004046738147735596 0.004734383895993233
0.0 0.3472499489784241 0.061906245443969964 0.004984259605407715 0.004734358750283718
0.0 0.34250002503395083 0.062374999187886714 0.003359377384185791 0.003937466070055962
0.0 0.23667194843292236 0.06592187695205212 0.004843711853027344 0.003796851262450218
0.0 0.23878132700920104 0.06251562656834722 0.004812419414520264 0.004359385930001736
0.0 0.24237504005432128 0.06026561362668872 0.004999995231628418 0.00510938186198473
0.0 0.2309844136238098 0.06301562385633588 0.006734132766723633 0.005359380505979061
0.0 0.45528128147125246 0.04475000677630305 0.008515477180480957 0.013000004924833775
0.0 0.4502811968326569 0.04650000985711813 0.004656493663787842 0.004531256854534149
0.0 0.4417812764644623 0.051531238853931426 0.006031215190887451 0.005515610799193382
0.0 0.433390611410141 0.04984374800696969 0.007046878337860107 0.005296868272125721
0.0 0.4348905920982361 0.044187509827315806 0.005093693733215332 0.004515616223216057
0.0 0.4444062650203705 0.043828139919787644 0.006046950817108154 0.005906249396502972
0.0 0.41834368705749514 0.054093762673437594 0.005578279495239258 0.004312489181756973
0.0 0.4142500102519989 0.05103125413879752 0.004281342029571533 0.003453134559094906
0.0 0.40565630197525027 0.052531258575618266 0.0046405792236328125 0.004359360784292221
0.0 0.4000937581062317 0.05295311557129025 0.005234241485595703 0.004156258888542652
0.0 0.33618744611740115 0.062156244087964295 0.005718827247619629 0.004671846516430378
0.0 0.3310780167579651 0.06550000738352538 0.009531140327453613 0.005250021815299988
0.0 0.3203281700611115 0.06314062317833305 0.004999816417694092 0.005484354682266712
0.0 0.329515540599823 0.05943750254809856 0.006453037261962891 0.005531251430511475
0.0 0.3980624318122864 0.05715624606236815 0.006859302520751953 0.004656256176531315
0.0 0.42559378743171694 0.04731249287724495 0.005062401294708252 0.003562493249773979
0.0 0.42300000190734866 0.050765627436339854 0.006531357765197754 0.005531251430511475
0.0 0.42248439192771914 0.04373438414186239 0.0063437819480896 0.006343759596347809
0.0 0.4158125758171082 0.04592187227681279 0.006062507629394531 0.004500000737607479
0.0 0.4100468099117279 0.04928125105798244 0.0039373040199279785 0.005046844482421875
0.0 0.4080312192440033 0.043609384819865225 0.006750047206878662 0.004828127101063728
0.0 0.40273439288139345 0.04774999050423503 0.006187498569488525 0.004437488503754139
0.0 0.3919376075267792 0.043406245205551384 0.006734311580657959 0.005671891383826733
0.0 0.3979219734668732 0.044968736730515955 0.00589066743850708 0.005093766376376152
0.0 0.39303123354911806 0.05009374665096402 0.008375108242034912 0.006265631876885891
0.0 0.3882500171661377 0.05495311729609966 0.005312561988830566 0.0034062378108501434
0.0 0.38434373736381533 0.05292187202721834 0.003937661647796631 0.00417187437415123
0.0 0.3800311923027039 0.05521874399855733 0.004343748092651367 0.003953131847083569
0.0 0.38076558113098147 0.05128125278279185 0.004796862602233887 0.003796876408159733
0.0 0.3133124947547913 0.06351562114432455 0.00690615177154541 0.0054999953135848045
0.0 0.30856248140335085 0.06109374985098839 0.005249977111816406 0.005593763664364815
0.0 0.30273439884185793 0.06395311877131463 0.005781054496765137 0.007593752816319466
0.0 0.3568906128406525 0.04498437736183405 0.006390631198883057 0.004312489181756973
0.0 0.3367499947547913 0.056968747079372405 0.005812525749206543 0.0047812554985284805
0.0 0.3302031695842743 0.054968757927417754 0.0052970051765441895 0.004468744620680809
0.0 0.3427342712879181 0.054890630207955836 0.006234347820281982 0.004328129813075066
0.0 0.3706093966960907 0.0583749957382679 0.004562437534332275 0.005031254142522812
0.0 0.46650015711784365 0.04173438241705298 0.012499988079071045 0.008328133262693882
0.0 0.3470624625682831 0.05139062404632568 0.006187498569488525 0.006703142076730728
0.0 0.3380156397819519 0.05023437403142452 0.0100783109664917 0.0097968690097332
0.0 0.3273124635219574 0.05031248917803168 0.008718788623809814 0.007749983109533787
0.0 0.30939056873321535 0.05107811316847801 0.0046405792236328125 0.003984387964010239
0.0 0.3050625562667847 0.04968749256804585 0.004093766212463379 0.0034843655303120613
0.0 0.3046250879764557 0.05556249842047691 0.004406154155731201 0.0037499796599149704
0.0 0.3548125267028809 0.052796872705221175 0.007499814033508301 0.005921864882111549
0.0 0.36603122353553774 0.0474062486551702 0.0086250901222229 0.009718741290271282
0.0 0.363640570640564 0.055656254198402165 0.01042163372039795 0.009734381921589375
0.0 0.2980468809604645 0.05948437415063381 0.004734456539154053 0.004812486469745636
0.0 0.29845314621925356 0.05278124464675784 0.005406081676483154 0.007578137330710888
0.0 0.29406254887580874 0.06439062897115946 0.0063748955726623535 0.00659375824034214
0.0 0.2910000026226044 0.05615625148639083 0.0062811970710754395 0.008109365589916706
0.0 0.31817185282707217 0.04879686925560236 0.004968702793121338 0.004187515005469322
0.0 0.31979682445526125 0.05248437440022826 0.0038126707077026367 0.002484370954334736
0.0 0.31618755459785464 0.054171877820044755 0.003328263759613037 0.0030468804761767387
0.0 0.31839063167572024 0.05692187547683716 0.006812453269958496 0.005593763664364815
0.0 0.3138750433921814 0.057843742333352564 0.0045937299728393555 0.004859358072280884
0.0 0.3107500016689301 0.05620313566178083 0.0056871771812438965 0.005187509581446648
