0.0 0.09425444602966308 0.8755422919988632 0.023472681641578674 0.016909584403038025
0.0 0.17919342294335366 0.7851088657975197 0.014628924429416656 0.01665510982275009
0.0 0.30747358947992326 0.903255981951952 0.014069214463233948 0.01652877777814865
0.0 0.308734093606472 0.9145244281738997 0.019680306315422058 0.021604690700769424
0.0 0.2882312431931496 0.9277813468128443 0.01761661469936371 0.018126334995031357
0.0 0.3306200474500656 0.9108129717409611 0.016759783029556274 0.015408888459205627
0.0 0.3207937076687813 0.9244039259850979 0.014637395739555359 0.017657719552516937
0.0 0.41744583547115327 0.9031687766313553 0.0167066752910614 0.024289347231388092
0.0 0.4929578199982643 0.8502258431166411 0.017969682812690735 0.018007848411798477
0.0 0.5202379867434501 0.8498066138476134 0.01662258803844452 0.0182538740336895
0.0 0.8318785101175308 0.9890619941055775 0.015850156545639038 0.015506051480770111
0.0 0.922266137599945 0.9644322745501995 0.018716812133789062 0.014715269207954407
0.0 0.9504809200763702 0.8912551920861006 0.01875901222229004 0.020594235509634018
0.0 0.9165676951408386 0.6654159925878048 0.01539301872253418 0.016667380928993225
