0.0 0.1215462488355115 0.20216149459592997 0.008797164866700768 0.011768707539886236
0.0 0.11539197703823448 0.2084984360728413 0.011514031235128641 0.013930377271026372
0.0 0.017255424172617495 0.7193354475311935 0.02001530290581286 0.014207364991307259
0.0 0.03544117016717792 0.6284009379334747 0.01881406959146261 0.02146803494542837
0.0 0.11602024775929749 0.6336108402814716 0.022233232855796814 0.022742844466120005
0.0 0.22256580395624043 0.6744039124343544 0.0187400434166193 0.013505321834236384
0.0 0.1125457763671875 0.6103137230500579 0.01630056370049715 0.016110243275761604
0.0 0.2632804644992575 0.6812397053465247 0.020736106345430015 0.012452197633683682
0.0 0.24239635867998005 0.1502648897934705 0.013731643930077553 0.012396895233541727
0.0 0.2823533084476367 0.09234537789598107 0.013195800175890327 0.010734017472714186
0.0 0.41316501488909124 0.03647663360461593 0.011477018147706986 0.010456910822540522
0.0 0.3251933133462444 0.056023326399736104 0.017372568463906647 0.010678655607625842
0.0 0.33199446815997363 0.047783387708477676 0.008538390509784222 0.008276866422966123
0.0 0.8678270126692951 0.23122278694063425 0.012974038906395435 0.010826425999403
