0.0 0.1351563036441803 0.4271874940022826 0.009953320026397705 0.006421862170100212
0.0 0.13906249403953552 0.42287500482052565 0.008781373500823975 0.007546881213784218
0.0 0.0242500901222229 0.3379062442108989 0.010265707969665527 0.008937539532780647
0.0 0.15882804989814758 0.3323125308379531 0.00804680585861206 0.006687501445412636
0.0 0.10746866464614868 0.35024997126311064 0.008046984672546387 0.007953135296702385
0.0 0.3188905715942383 0.33784373197704554 0.010999917984008789 0.008812515065073967
0.0 0.2348593771457672 0.33829688280820847 0.007109105587005615 0.005265612155199051
0.0 0.22682812809944153 0.344500002451241 0.010031282901763916 0.006500015035271645
0.0 0.21246883273124695 0.3376874765381217 0.009218752384185791 0.008500004187226295
0.0 0.20775002241134644 0.3419218882918358 0.008718609809875488 0.005796890705823898
0.0 0.21701571345329285 0.3482656227424741 0.008265674114227295 0.007312523201107979
0.0 0.22021880745887756 0.35359374713152647 0.011015474796295166 0.00659375824034214
0.0 0.5318125486373901 0.6105781206861138 0.013578057289123535 0.014859354123473167
0.0 0.9541718661785126 0.44992188084870577 0.0095939040184021 0.00882810540497303
0.0 0.9955976903438568 0.4862968595698476 0.008804619312286377 0.009250050410628319
0.0 0.98768749833107 0.4887968460097909 0.010796606540679932 0.007906263694167137
0.0 0.9782813489437103 0.4860781170427799 0.011078059673309326 0.008812565356492996
0.0 0.9631094336509705 0.4853750178590417 0.012547016143798828 0.009937534108757973
0.0 0.9328906834125519 0.4701093593612313 0.009359300136566162 0.008687490597367287
0.0 0.9401875436306 0.4772343710064888 0.010390698909759521 0.006343759596347809
0.0 0.9276562631130219 0.4769687568768859 0.014156162738800049 0.009687485173344612
0.0 0.918843686580658 0.46942185051739216 0.011812448501586914 0.009843740612268448
0.0 0.9158749282360077 0.475671892054379 0.012250006198883057 0.008359389379620552
0.0 0.952218770980835 0.4617030983790755 0.007906079292297363 0.005656225606799126
0.0 0.942812442779541 0.4574531214311719 0.008781194686889648 0.007890673354268074
0.0 0.9441719651222229 0.4652812322601676 0.008187532424926758 0.006859397515654564
0.0 0.959640622138977 0.46479687560349703 0.007578134536743164 0.00646873377263546
0.0 0.9629843533039093 0.45953123830258846 0.008875072002410889 0.00756252184510231
0.0 0.0033124983310699463 0.31607813388109207 0.005109250545501709 0.006750013679265976
0.0 0.013875037431716919 0.3191406298428774 0.008453071117401123 0.006124991923570633
0.0 0.020703136920928955 0.25557812256738544 0.0060002803802490234 0.0053280992433428764
0.0 0.02581256628036499 0.26064062025398016 0.005812525749206543 0.004578128457069397
0.0 0.014312595129013062 0.2704687579534948 0.0054686665534973145 0.004734358750283718
0.0 0.026546865701675415 0.290218751411885 0.006796896457672119 0.005734403617680073
0.0 0.04009371995925903 0.2959218737669289 0.0062656402587890625 0.005812506191432476
0.0 0.05184367299079895 0.29285939037799835 0.004406154155731201 0.0046562813222408295
0.0 0.057624995708465576 0.30042188707739115 0.007328152656555176 0.005296843126416206
0.0 0.06276553869247437 0.29415626777336 0.004031181335449219 0.005453123711049557
0.0 0.06840622425079346 0.2936562579125166 0.0053282976150512695 0.0053593553602695465
0.0 0.08293735980987549 0.2873124983161688 0.005859375 0.005359405651688576
0.0 0.10996884107589722 0.28110937867313623 0.0046405792236328125 0.006078120321035385
0.0 0.06892192363739014 0.27156248316168785 0.004093766212463379 0.004218745976686478
0.0 0.0743594765663147 0.2666093693114817 0.0063593387603759766 0.005203125067055225
0.0 0.07970306277275085 0.2697343649342656 0.005281269550323486 0.004625000059604645
0.0 0.047281235456466675 0.2585312598384917 0.006578028202056885 0.006249991245567799
0.0 0.036531299352645874 0.2569999867118895 0.00640636682510376 0.006343734450638294
0.0 0.0358281135559082 0.2619374976493418 0.00632786750793457 0.004015644080936909
0.0 0.052078187465667725 0.2654218631796539 0.005781412124633789 0.005515635944902897
0.0 0.08978119492530823 0.2608593753539026 0.005031287670135498 0.005906249396502972
0.0 0.09595304727554321 0.26298437640070915 0.005609393119812012 0.004734383895993233
0.0 0.10160928964614868 0.25978125305846334 0.006046772003173828 0.00601563323289156
0.0 0.113640695810318 0.2656562589108944 0.0061095356941223145 0.00507812574505806
0.0 0.11265632510185242 0.27235938841477036 0.004109323024749756 0.005343739874660969
0.0 0.13249993324279785 0.27757812896743417 0.0061876773834228516 0.0049218954518437386
0.0 0.2759374976158142 0.46432813443243504 0.00429689884185791 0.006250016391277313
0.0 0.2808593511581421 0.4681093702092767 0.004562258720397949 0.0054062772542238235
0.0 0.2914062440395355 0.4628593735396862 0.0052658915519714355 0.005687456578016281
0.0 0.31485939025878906 0.4631718844175339 0.004781484603881836 0.005734428763389587
0.0 0.32271870970726013 0.4610937675461173 0.004906117916107178 0.005765659734606743
0.0 0.3316093385219574 0.46474997885525227 0.004734456539154053 0.007078114897012711
0.0 0.7562030255794525 0.36435937974601984 0.010171830654144287 0.004796845838427544
0.0 0.7223125994205475 0.3594375094398856 0.007749974727630615 0.008140621706843376
0.0 0.7285000085830688 0.3528437511995435 0.006921887397766113 0.0045468974858522415
0.0 0.6751875281333923 0.35929686948657036 0.008234381675720215 0.007281292229890823
0.0 0.6400312781333923 0.3545156139880419 0.01165616512298584 0.009515639394521713
0.0 0.5966562032699585 0.3586250264197588 0.009031176567077637 0.008718721568584442
0.0 0.5983124673366547 0.3437656220048666 0.00953131914138794 0.007781289517879486
0.0 0.5436719357967377 0.35829687491059303 0.010374963283538818 0.008609388023614883
0.0 0.6448124945163727 0.29806249029934406 0.007656276226043701 0.00737498514354229
0.0 0.6121717989444733 0.3181718662381172 0.007531106472015381 0.005453098565340042
0.0 0.6055311858654022 0.3147812564857304 0.005734384059906006 0.006312503479421139
0.0 0.6760625541210175 0.3243750110268593 0.008812487125396729 0.007609393447637558
0.0 0.6527811586856842 0.33906249422580004 0.005687534809112549 0.005062485113739967
0.0 0.6626406013965607 0.33803124353289604 0.0063748955726623535 0.00459371879696846
0.0 0.6666406691074371 0.3410937646403909 0.00693744421005249 0.004265667870640755
0.0 0.6684374809265137 0.33632812462747097 0.00637507438659668 0.003921926021575928
0.0 0.6754375100135803 0.3383593698963523 0.00742185115814209 0.005921864882111549
0.0 0.6839061379432678 0.3422812456265092 0.009343743324279785 0.0069531407207250595
0.0 0.6869843304157257 0.33643748331815004 0.008015692234039307 0.006874987855553627
0.0 0.6957186758518219 0.33634374011307955 0.008406221866607666 0.00737498514354229
0.0 0.7043436765670776 0.3371406076475978 0.00793755054473877 0.006921859458088875
0.0 0.713734358549118 0.3373125037178397 0.011015474796295166 0.0079218540340662
0.0 0.5627968907356262 0.3320312509313226 0.007921814918518066 0.006921859458088875
0.0 0.5598125755786896 0.3407656131312251 0.004687607288360596 0.008031288161873817
0.0 0.567281186580658 0.3416250180453062 0.007921814918518066 0.005250021815299988
0.0 0.5720624923706055 0.3388124955818057 0.006797075271606445 0.006062479689717293
0.0 0.5758593380451202 0.3457343801856041 0.010202944278717041 0.00895318016409874
0.0 0.5697031319141388 0.2877031369134784 0.007406294345855713 0.005374995991587639
0.0 0.5548437833786011 0.2862187479622662 0.007640719413757324 0.006656245328485966
0.0 0.5437969267368317 0.2887187469750643 0.005843818187713623 0.0052499715238809586
0.0 0.6207187473773956 0.24892187723889947 0.00790625810623169 0.007968750782310963
0.0 0.6298125982284546 0.24681250425055623 0.006875038146972656 0.0037343641743063927
0.0 0.6275312006473541 0.2515468755736947 0.004437625408172607 0.004671871662139893
0.0 0.6336250007152557 0.2513906327076256 0.004875004291534424 0.004359385930001736
0.0 0.40212497115135193 0.34204688761383295 0.010468661785125732 0.007703086361289024
0.0 0.40414056181907654 0.30395312421023846 0.006765425205230713 0.005578123033046722
0.0 0.5061562359333038 0.2941718581132591 0.005093514919281006 0.005765634588897228
0.0 0.5117186903953552 0.2947812518104911 0.005749940872192383 0.0048906393349170685
0.0 0.5063280761241913 0.3029062580317259 0.005968630313873291 0.005437508225440979
0.0 0.501265674829483 0.3116406202316284 0.0063280463218688965 0.00562499463558197
0.0 0.4623437821865082 0.30667187832295895 0.006968557834625244 0.006703142076730728
0.0 0.45018747448921204 0.30471876077353954 0.0072653889656066895 0.005390586331486702
0.0 0.4352969229221344 0.30606250977143645 0.007312595844268799 0.008093724958598614
0.0 0.396359384059906 0.30378127843141556 0.005859375 0.00507812574505806
0.0 0.22254687547683716 0.3387187272310257 0.007671833038330078 0.00520315021276474
0.0 0.3341562747955322 0.2881250190548599 0.007624983787536621 0.0057187629863619804
0.0 0.3468593955039978 0.2663437551818788 0.008124947547912598 0.005906249396502972
0.0 0.34104686975479126 0.2611093739978969 0.005656242370605469 0.004562512971460819
0.0 0.3419061601161957 0.2519843732006848 0.005843818187713623 0.004656256176531315
0.0 0.34484371542930603 0.25448437221348286 0.004593908786773682 0.0040312595665454865
0.0 0.35987499356269836 0.26234375173226 0.005171835422515869 0.004500000737607479
0.0 0.3916093707084656 0.261031246278435 0.006093621253967285 0.0044062575325369835
0.0 0.44690632820129395 0.2718749940395355 0.006328225135803223 0.004750024527311325
0.0 0.44592195749282837 0.26184374187141657 0.00637507438659668 0.005031254142522812
0.0 0.4375 0.26810937374830246 0.005312204360961914 0.004843767732381821
0.0 0.4630313217639923 0.2656093747355044 0.0044844746589660645 0.0049218954518437386
0.0 0.44260942935943604 0.2665781257674098 0.0038437843322753906 0.003828132525086403
0.0 0.0001601576805114746 0.23273438960313797 0.0003203153610229492 0.004281258210539818
0.0 0.012218773365020752 0.23184374114498496 0.006078243255615234 0.00553122628480196
0.0 0.038906216621398926 0.23424999695271254 0.006046772003173828 0.0047812554985284805
0.0 0.043703168630599976 0.23584374459460378 0.006484329700469971 0.004390616901218891
0.0 0.0481562614440918 0.23846875550225377 0.0047185420989990234 0.004562512971460819
0.0 0.055171847343444824 0.24432812072336674 0.004484295845031738 0.00507812574505806
0.0 0.07845306396484375 0.2522656279616058 0.005812525749206543 0.005703122355043888
0.0 0.038687437772750854 0.24384373892098665 0.005421817302703857 0.005484379827976227
0.0 0.043156176805496216 0.2440781220793724 0.006578028202056885 0.007250010967254639
0.0 0.0653124749660492 0.242312490940094 0.006312310695648193 0.005390636622905731
0.0 0.14864066243171692 0.2530312519520521 0.006484329700469971 0.00701560266315937
0.0 0.1537032425403595 0.2498281286098063 0.005265533924102783 0.004000003449618816
0.0 0.15735945105552673 0.24667187687009573 0.005000174045562744 0.003984387964010239
0.0 0.1601562798023224 0.24460937548428774 0.004281342029571533 0.004921870306134224
0.0 0.16290625929832458 0.25087500736117363 0.005156457424163818 0.005250021815299988
0.0 0.16476565599441528 0.2624374949373305 0.005937337875366211 0.004812511615455151
0.0 0.19370311498641968 0.26115624560043216 0.005312561988830566 0.004359385930001736
0.0 0.18781253695487976 0.25425000162795186 0.004046738147735596 0.004437488503754139
0.0 0.13340634107589722 0.24798436975106597 0.0046405792236328125 0.004937485791742802
0.0 0.12620317935943604 0.2477187430486083 0.005781054496765137 0.004421873018145561
0.0 0.11829692125320435 0.24921874748542905 0.0063436031341552734 0.0054999953135848045
0.0 0.11695313453674316 0.24423436494544148 0.005156278610229492 0.0040625156834721565
0.0 0.10820305347442627 0.24818749679252505 0.004577994346618652 0.004015644080936909
0.0 0.11210933327674866 0.24685937585309148 0.005140721797943115 0.005187484435737133
0.0 0.09073436260223389 0.24543749913573265 0.0037032365798950195 0.004625000059604645
0.0 0.09507811069488525 0.24778125528246164 0.004343748092651367 0.003953106701374054
0.0 0.10143744945526123 0.24443750455975533 0.007515549659729004 0.004531256854534149
0.0 0.0028593838214874268 0.23548437468707561 0.0045313239097595215 0.0040312595665454865
0.0 0.05371871590614319 0.23601562809199095 0.004875004291534424 0.004500025883316994
0.0 0.0593281090259552 0.23917186725884676 0.005812346935272217 0.003968747332692146
0.0 0.0695936381816864 0.2414218676276505 0.004468739032745361 0.004156258888542652
0.0 0.07273450493812561 0.238984368275851 0.004312455654144287 0.004015644080936909
0.0 0.061859309673309326 0.23570312978699803 0.0035938024520874023 0.0030312398448586464
0.0 0.06395313143730164 0.2368124956265092 0.003468811511993408 0.002687523141503334
0.0 0.06610935926437378 0.23837498715147376 0.003062725067138672 0.0027968818321824074
0.0 0.10715627670288086 0.2378281308338046 0.004062294960021973 0.004078131169080734
0.0 0.11079683899879456 0.23417186923325062 0.004468739032745361 0.0040468499064445496
0.0 0.11312499642372131 0.23865625448524952 0.004249870777130127 0.00410936214029789
0.0 0.10998430848121643 0.24135938053950667 0.004859268665313721 0.0038906196132302284
0.0 0.07992193102836609 0.24098437000066042 0.005968987941741943 0.00507812574505806
0.0 0.08235934376716614 0.23587500071153045 0.0053907036781311035 0.003578108735382557
0.0 0.0886407196521759 0.23439062433317304 0.004515588283538818 0.003531237132847309
0.0 0.08889070153236389 0.23903123987838626 0.004671871662139893 0.004453129135072231
0.0 0.09426566958427429 0.23603125615045428 0.003421962261199951 0.004250002093613148
0.0 0.09946879744529724 0.2386718699708581 0.004765570163726807 0.0030000340193510056
0.0 0.09964063763618469 0.23490624967962503 0.004750192165374756 0.0034687500447034836
0.0 0.12042185664176941 0.23893749667331576 0.006890594959259033 0.005421892739832401
0.0 0.1298905909061432 0.24231250351294875 0.006171762943267822 0.006062504835426807
0.0 0.12981253862380981 0.23548437468707561 0.006015658378601074 0.004953101277351379
0.0 0.1355157196521759 0.23935937881469727 0.0037030577659606934 0.0037499796599149704
0.0 0.1402343511581421 0.23809374496340752 0.003937482833862305 0.0031405985355377197
0.0 0.1418437659740448 0.24368749605491757 0.0071405768394470215 0.005453123711049557
0.0 0.14646878838539124 0.241749981418252 0.004797041416168213 0.004421873018145561
0.0 0.15121880173683167 0.24151562340557575 0.0046250224113464355 0.004921870306134224
0.0 0.14840632677078247 0.2372343777678907 0.004937410354614258 0.004781230352818966
0.0 0.4923749566078186 0.2687187548726797 0.005172014236450195 0.005187509581446648
0.0 0.4686718285083771 0.2675781329162419 0.0046561360359191895 0.004218771122395992
0.0 0.4769687056541443 0.2671874943189323 0.00475001335144043 0.004109387286007404
0.0 0.4829687178134918 0.26862499909475446 0.004187285900115967 0.0036719022318720818
0.0 0.4875780940055847 0.2691249963827431 0.004890561103820801 0.004859383217990398
0.0 0.43003129959106445 0.2687031268142164 0.005984187126159668 0.0051406631246209145
0.0 0.42704689502716064 0.2590937567874789 0.005671977996826172 0.006343759596347809
0.0 0.4200781583786011 0.2611249894835055 0.006046772003173828 0.00468748714774847
0.0 0.4194532036781311 0.26754688937216997 0.004781126976013184 0.00417187437415123
0.0 0.42556247115135193 0.26518750516697764 0.0046250224113464355 0.004250002093613148
0.0 0.3635781407356262 0.2690468686632812 0.007218718528747559 0.004906254820525646
0.0 0.3697811961174011 0.2682343730702996 0.004984617233276367 0.004843767732381821
0.0 0.3544062376022339 0.2528749965131283 0.012546658515930176 0.0031250081956386566
0.0 0.35343751311302185 0.261828126385808 0.0072342753410339355 0.00804687850177288
0.0 0.33649998903274536 0.2660625004209578 0.008953213691711426 0.005468764342367649
0.0 0.36765626072883606 0.2617343831807375 0.004890739917755127 0.0040312595665454865
0.0 0.3649531304836273 0.2570625115185976 0.007656276226043701 0.0047812554985284805
0.0 0.3762657046318054 0.26051563350483775 0.007687568664550781 0.00734372902661562
0.0 0.3998124599456787 0.2689218819141388 0.00573420524597168 0.00828123651444912
0.0 0.20587506890296936 0.26239062333479524 0.00751572847366333 0.004656256176531315
0.0 0.2005000114440918 0.25704688346013427 0.005015730857849121 0.005062510259449482
0.0 0.20585942268371582 0.25743749691173434 0.0046405792236328125 0.004765640012919903
0.0 0.20374995470046997 0.25231249956414104 0.007218718528747559 0.0038281073793768883
0.0 0.21195313334465027 0.25101563474163413 0.005031287670135498 0.004828152246773243
0.0 0.21376559138298035 0.2588281175121665 0.005406439304351807 0.005031254142522812
0.0 0.2195938527584076 0.2546093841083348 0.0070626139640808105 0.005203125067055225
0.0 0.22593754529953003 0.26176563929766417 0.007546663284301758 0.007687496021389961
0.0 0.23381251096725464 0.259249999653548 0.005906224250793457 0.004703127779066563
0.0 0.20871883630752563 0.24128124024719 0.006937623023986816 0.0034531094133853912
0.0 0.2132343351840973 0.24403125047683716 0.004671871662139893 0.004093771800398827
0.0 0.21907806396484375 0.2491406323388219 0.006687641143798828 0.005453148856759071
0.0 0.18021875619888306 0.2479062546044588 0.005187392234802246 0.003656236454844475
0.0 0.18281245231628418 0.2516093752346933 0.003937482833862305 0.003562518395483494
0.0 0.18862506747245789 0.24915624782443047 0.004828155040740967 0.0032968539744615555
0.0 0.17426568269729614 0.2511249934323132 0.0061719417572021484 0.004359385930001736
0.0 0.17774996161460876 0.2550781252793968 0.006359517574310303 0.0047499993816018105
0.0 0.3281249701976776 0.25675000064074993 0.006187498569488525 0.004187515005469322
0.0 0.33076560497283936 0.259296883828938 0.007609248161315918 0.004281258210539818
0.0 0.30568748712539673 0.2608124911785126 0.006499886512756348 0.0047812554985284805
0.0 0.3124375343322754 0.2616874990053475 0.0069533586502075195 0.005015638656914234
0.0 0.3065313994884491 0.25645313039422035 0.004671871662139893 0.003609364852309227
0.0 0.3148750364780426 0.2575312526896596 0.004797041416168213 0.0042656175792217255
0.0 0.3217499852180481 0.2584843756631017 0.006484508514404297 0.0046562310308218
0.0 0.3085000514984131 0.24918749136850238 0.007234454154968262 0.0046406155452132225
0.0 0.3106094300746918 0.2521093850955367 0.005500137805938721 0.0054687391966581345
0.0 0.3172186613082886 0.2527968813665211 0.005234241485595703 0.003406262956559658
0.0 0.32298433780670166 0.25118750566616654 0.006125092506408691 0.005203125067055225
0.0 0.28868746757507324 0.2528124968521297 0.007702946662902832 0.004703127779066563
0.0 0.2923750579357147 0.2494218870997429 0.00693744421005249 0.00507812574505806
0.0 0.30081257224082947 0.25198438577353954 0.006296932697296143 0.003656236454844475
0.0 0.2797812819480896 0.26089063147082925 0.005187392234802246 0.003953131847083569
0.0 0.2823905348777771 0.2568749999627471 0.005390524864196777 0.004062490537762642
0.0 0.28859376907348633 0.25860937498509884 0.005937337875366211 0.005656275898218155
0.0 0.2961563467979431 0.25989062432199717 0.006687641143798828 0.006968731060624123
0.0 0.17899996042251587 0.24387500761076808 0.005187392234802246 0.004312514327466488
0.0 0.1835312843322754 0.24596876511350274 0.005187392234802246 0.005390611477196217
0.0 0.16374990344047546 0.23604687163606286 0.005624949932098389 0.0036562616005539894
0.0 0.16373443603515625 0.24040624499320984 0.004343748092651367 0.0036405958235263824
0.0 0.16654682159423828 0.2432499984279275 0.005031108856201172 0.005359405651688576
0.0 0.17200002074241638 0.24389063566923141 0.004015624523162842 0.0037343893200159073
0.0 0.17289069294929504 0.23896874021738768 0.0054686665534973145 0.005734378471970558
0.0 0.1938437521457672 0.2519687577150762 0.006625235080718994 0.004953126423060894
0.0 0.19267189502716064 0.24631250696256757 0.006796717643737793 0.005812506191432476
0.0 0.19721868634223938 0.24492187378928065 0.0070626139640808105 0.007656239904463291
0.0 0.1859062910079956 0.24126561218872666 0.008843779563903809 0.007093730382621288
0.0 0.23270314931869507 0.2430468713864684 0.005234241485595703 0.005187509581446648
0.0 0.22540628910064697 0.24587499676272273 0.006625056266784668 0.0045312317088246346
0.0 0.22315627336502075 0.2423906186595559 0.009296894073486328 0.005968736484646797
0.0 0.24606242775917053 0.24299999978393316 0.00856250524520874 0.0052343811839818954
0.0 0.2549532353878021 0.24549999879673123 0.006593763828277588 0.004593743942677975
0.0 0.2627656161785126 0.244984386023134 0.0061095356941223145 0.00517189409583807
0.0 0.2734687924385071 0.24542188365012407 0.0061719417572021484 0.0040312595665454865
0.0 0.25785931944847107 0.24950000224635005 0.005734384059906006 0.003062521107494831
0.0 0.25550004839897156 0.25206251349300146 0.0053749680519104 0.0035156216472387314
0.0 0.2553595006465912 0.254890626296401 0.005078136920928955 0.0035156216472387314
0.0 0.2489061951637268 0.25565625028684735 0.004390597343444824 0.002250012941658497
0.0 0.251656174659729 0.2583124921657145 0.006062507629394531 0.0030468804761767387
0.0 0.24193745851516724 0.25704688346013427 0.008546948432922363 0.00504686962813139
0.0 0.24534377455711365 0.259249999653548 0.004750192165374756 0.004109387286007404
0.0 0.24823439121246338 0.2621718682348728 0.005218863487243652 0.004046900197863579
0.0 0.23307812213897705 0.2507187519222498 0.0070781707763671875 0.004874998703598976
0.0 0.2392500638961792 0.24929687520489097 0.007890701293945312 0.0042031304910779
0.0 0.24006250500679016 0.25379687594249845 0.00732797384262085 0.004796870984137058
0.0 0.24685940146446228 0.2495937580242753 0.005593836307525635 0.005765609443187714
0.0 0.2658281624317169 0.25001562759280205 0.00478130578994751 0.003484390676021576
0.0 0.26368749141693115 0.2526406259275973 0.00579679012298584 0.0037187738344073296
0.0 0.26745304465293884 0.2568281157873571 0.006781160831451416 0.004593743942677975
0.0 0.2713906168937683 0.24989062827080488 0.005906224250793457 0.0038437731564044952
0.0 0.27731257677078247 0.2510937498882413 0.006812453269958496 0.0056406352669000626
0.0 0.25812503695487976 0.2642812537960708 0.006546914577484131 0.005734403617680073
0.0 0.2602812647819519 0.2586406311020255 0.005562543869018555 0.005109356716275215
0.0 0.2634531557559967 0.261265616863966 0.007172048091888428 0.005578123033046722
