0.0 0.34927042620256543 0.29404799262993037 0.011026558466255665 0.014049424789845943
0.0 0.36215431690216066 0.2879603263689205 0.008127354830503464 0.018088744254782796
0.0 0.4070989397354424 0.2834336929488927 0.009671386890113353 0.013529181014746428
0.0 0.3727388484403491 0.2823106116382405 0.011723436042666435 0.013435754226520658
0.0 0.3957879805006087 0.25639335724990814 0.010368034802377224 0.01051217201165855
0.0 0.5085483685135841 0.23505022500175982 0.00982181690633297 0.011225213529542089
0.0 0.41411387799307703 0.24359785004053264 0.011652316711843014 0.012979001039639115
0.0 0.504151486698538 0.1707359390100464 0.01009534690529108 0.010367961367592216
0.0 0.5285795222967863 0.13726494142320006 0.010283135622739793 0.009360554395243526
0.0 0.5298344071954488 0.18556364038959144 0.010000036284327506 0.008948985487222672
0.0 0.7769653545692563 0.017267363565042614 0.008537228778004646 0.008063993882387877
0.0 0.7981967331841588 0.02438054927624762 0.009243369475007058 0.00598198501393199
0.0 0.8091943539679051 0.002987499092705548 0.011026328802108765 0.005974998185411096
0.0 0.7227986827492714 0.06408654660917819 0.010991726070642471 0.009054429829120636
0.0 0.4518285969272256 0.19995207649189978 0.018156328797340394 0.017171705840155482
0.0 0.43942248420789837 0.22892258637584745 0.009103657118976117 0.009581565391272306
0.0 0.4667155034840107 0.22461625323630868 0.010180246084928513 0.012200530618429184
0.0 0.4500038387253881 0.2194159045582637 0.011953559517860413 0.007703338051214814
0.0 0.46898316899314524 0.21753672959748654 0.015055480040609836 0.011936876690015197
0.0 0.4787107853218913 0.21394279187079518 0.013949340954422951 0.007193690398707986
0.0 0.690726008079946 0.0385395965538919 0.010456608608365059 0.008673055563122034
0.0 0.6329537239857018 0.036522370483726266 0.009026643075048923 0.011714831925928593
0.0 0.4731611808761954 0.20588273922912775 0.015906232595443725 0.010821828618645668
0.0 0.6398274953477084 0.03562460753601045 0.0066859060898423195 0.009540602331981063
0.0 0.7281599625945091 0.03505612125154585 0.008349057286977768 0.007349014049395919
0.0 0.7443129310384393 0.03348815354984254 0.010132016614079475 0.007885884260758758
