0.0 0.5578543692827225 0.5564620496705175 0.018106430768966675 0.015407128259539604
0.0 0.5674234181642532 0.5470366079360247 0.014063984155654907 0.019430391490459442
0.0 0.5782726407051086 0.5364636668935419 0.015041649341583252 0.01918703131377697
0.0 0.6198222488164902 0.5303492110222578 0.013910382986068726 0.016588222235441208
0.0 0.6006260365247726 0.4968594007194042 0.013338714838027954 0.017526961863040924
0.0 0.9677685499191284 0.11593295652419329 0.016865015029907227 0.0139621552079916
0.0 0.9049014151096344 0.1379473965615034 0.015254795551300049 0.014451339840888977
0.0 0.7300693094730377 0.44281015656888484 0.015001237392425537 0.017700567841529846
0.0 0.6222268044948578 0.47673315200954675 0.015981316566467285 0.015734927728772163
0.0 0.6496071517467499 0.45641209948807954 0.01653188467025757 0.015203649178147316
0.0 0.6552290171384811 0.43838207256048917 0.016714543104171753 0.011947983875870705
0.0 0.6780331134796143 0.43848952017724513 0.014061570167541504 0.019181549549102783
0.0 0.6824914813041687 0.4265474706888199 0.015232443809509277 0.013700690120458603
0.0 0.6811210960149765 0.4171225067228079 0.01187404990196228 0.014102015644311905
0.0 0.7451992034912109 0.3706544928252697 0.010312199592590332 0.010194271802902222
0.0 0.7106296420097351 0.35831682588905095 0.010366201400756836 0.014179514721035957
0.0 0.7336809039115906 0.30658118817955254 0.009325146675109863 0.0117995236068964
0.0 0.6564873307943344 0.40768926981836556 0.011611908674240112 0.00843060202896595
0.0 0.6514241248369217 0.41372544709593057 0.013111263513565063 0.013753848150372505
0.0 0.9471006095409393 0.16441672593355178 0.010308802127838135 0.007491711527109146
0.0 0.9536723792552948 0.15802913736552 0.008859336376190186 0.007916724309325218
0.0 0.9494118690490723 0.1224335121922195 0.009214997291564941 0.009397127665579319
0.0 0.8332424461841583 0.1486342979595065 0.009489476680755615 0.01097826473414898
0.0 0.8399438560009003 0.1451354233548045 0.007426321506500244 0.00940786488354206
0.0 0.8548736572265625 0.11846997002139688 0.007094979286193848 0.008637475781142712
0.0 0.7960901856422424 0.08960523521527648 0.006900429725646973 0.007285944186151028
0.0 0.801501989364624 0.08444435494020582 0.008315563201904297 0.008904925547540188
0.0 0.8080371022224426 0.08637358406558633 0.005648016929626465 0.005562105216085911
0.0 0.8102862238883972 0.08208733443170786 0.007530927658081055 0.0072738490998744965
0.0 0.7157973647117615 0.09898110218346119 0.008620977401733398 0.009488683193922043
0.0 0.7553890943527222 0.07351579070091248 0.006649017333984375 0.007034663110971451
0.0 0.8407486081123352 0.0720007742755115 0.007692575454711914 0.009566961787641048
0.0 0.8774778842926025 0.04953465443104506 0.007305622100830078 0.00898732803761959
0.0 0.8603239059448242 0.05263430317863822 0.012221574783325195 0.010797089897096157
0.0 0.8854246437549591 0.10908947624266148 0.008328258991241455 0.008853351697325706
0.0 0.87659552693367 0.11180064892396331 0.008031785488128662 0.009981312789022923
0.0 0.8487691283226013 0.12421963708475232 0.011513113975524902 0.008374652825295925
0.0 0.8409700691699982 0.12457103580236435 0.00652080774307251 0.005578123033046722
0.0 0.8424977660179138 0.12003661058843136 0.005873322486877441 0.005819723010063171
0.0 0.8343080878257751 0.12458003796637059 0.011147618293762207 0.012914987280964851
0.0 0.8683435320854187 0.11641075015068054 0.008441805839538574 0.010209208354353905
