0.0 0.7317285627359524 0.4595963502768427 0.012856933707371353 0.009594806469976902
0.0 0.721953117591329 0.45427452931180595 0.007975804852321744 0.014463476836681366
0.0 0.7108958612196148 0.44833114226348697 0.008959750458598138 0.013971441891044378
0.0 0.6764034964842722 0.45295377431903033 0.008597244182601571 0.011834886623546481
0.0 0.6840425772359595 0.42189034873154013 0.0078073316719383 0.012870802311226726
0.0 0.24519702102988958 0.1609134256839752 0.005580507405102297 0.0064742229878902435
0.0 0.2679458641912788 0.1867845197673887 0.004596487712115049 0.0074842157773673534
0.0 0.23930579395964746 0.17164771440438925 0.00701749324798584 0.007225236855447292
0.0 0.304574630362913 0.20233563305810093 0.012080134544521615 0.008571893908083439
0.0 0.2480712890625 0.1991373642347753 0.00939982552081342 0.007523058447986841
0.0 0.35967958499677477 0.20550804149825125 0.010435705911368087 0.009465317009016871
0.0 0.16795162330381574 0.14931155340746044 0.010319241601973728 0.008792030159384012
0.0 0.1538127672392875 0.14075258969096466 0.009697802271694034 0.007730254088528454
0.0 0.1380167396273464 0.15371402837336062 0.010358063038438559 0.007069866172969341
0.0 0.5685889217071235 0.40841096262447535 0.009322182647883892 0.012585942167788744
0.0 0.662238784157671 0.4107934728497639 0.010772430012002588 0.010475309798493981
0.0 0.6357869019731879 0.40086196043994277 0.011432764865458012 0.009827904170379043
0.0 0.6271896948339417 0.38778400416485964 0.012481462256982923 0.006720282137393951
0.0 0.6090501193422824 0.39307992307003586 0.008040482550859452 0.014230379136279225
0.0 0.6027705297339707 0.3845857145031914 0.010617070179432631 0.008766148937866092
0.0 0.6017088301246986 0.376764834462665 0.0073542173486202955 0.010048040421679616
0.0 0.5400524246972054 0.3543898099567741 0.006939998548477888 0.006797967478632927
0.0 0.5647693813312799 0.3366633195662871 0.0059170092456042765 0.01052715559490025
0.0 0.5345885297749191 0.3007183246780187 0.005580359231680631 0.008571893908083439
0.0 0.619175142631866 0.36362211261875926 0.008636065619066357 0.0047909850254654884
0.0 0.6245872138999402 0.367273594555445 0.008610209356993437 0.009387631667777896
0.0 0.33211406841874125 0.2362348028225824 0.00766501110047102 0.004260065732523799
0.0 0.32542018592357635 0.2326480656163767 0.0061889074742794035 0.0050499222707003355
0.0 0.32068137763999405 0.2033197237877175 0.0061241556890309305 0.006344733526930213
0.0 0.4191995889879763 0.19764829794876276 0.005955978855490684 0.007756114471703768
0.0 0.41306239403784273 0.19639228768646716 0.004441053792834282 0.006836810149252415
0.0 0.39507821542210875 0.17856220989488064 0.004337480571120933 0.006202324293553829
0.0 0.4353063362650573 0.1421380894142203 0.004518696665763855 0.00498517754022032
0.0 0.42981658508069814 0.13926352340495213 0.005412034224718809 0.006124659790657461
0.0 0.42505192053504287 0.14229348093504085 0.0038067233748734 0.003703244379721582
0.0 0.42228115163743496 0.13939301286591216 0.005114353820681572 0.004803883959539235
0.0 0.501403906615451 0.13126136020291596 0.0055415377952158455 0.006590792676433921
0.0 0.4640500538051128 0.12002205424942076 0.0043503716588020325 0.004816824570298195
0.0 0.3957126199267804 0.13831828576512634 0.004648200236260891 0.006914537167176604
0.0 0.3613239395432174 0.12881409482797607 0.004441053792834326 0.0064742438262328506
0.0 0.37569572422653436 0.12736386079341172 0.008571239747107029 0.006849729921668768
0.0 0.2579631985165179 0.0959249074338004 0.005865296721458435 0.00633181375451386
0.0 0.3686003658454865 0.17807019578758626 0.0054378164000808745 0.006072834832593799
0.0 0.37625241177156565 0.17821258418262004 0.004855346679687456 0.007212317083030939
0.0 0.4012542318087071 0.18174753810744732 0.008558348659426018 0.00476502045057714
0.0 0.4075467125046998 0.18024551037233322 0.0046222698874771595 0.0034831289667636156
0.0 0.40529388380236925 0.17698251765687018 0.003948969859629869 0.0038845587987452745
0.0 0.41285524759441616 0.17873054202646016 0.006991711072623729 0.009128694422543049
0.0 0.3838786014355719 0.17999949289951472 0.0051789574325084246 0.007315966999158263
0.0 0.1953227363526821 0.1444429142982699 0.00728953965008261 0.008960383129306138
0.0 0.1505889581050724 0.1531702101463452 0.004945880640298106 0.004752100678160787
0.0 0.12034328067675233 0.05823184649925679 0.007406003959476881 0.010630722157657146
0.0 0.05384445670060817 0.04189084541285411 0.006189055647701003 0.008274093153886497
0.0 0.00010132025927306332 0.017962020309641957 0.00020264051854612664 0.00545131042599678
0.0 0.003781651705503486 0.02299899155041203 0.007563303411006972 0.005982208880595863
