0.0 0.5734062612056732 0.9053905852138996 0.014718711376190186 0.02571883052587509
0.0 0.7228906422853469 0.2764219086617231 0.013312429189682007 0.009828049689531326
0.0 0.6759687483310699 0.32262493707239626 0.015437543392181396 0.00937502458691597
0.0 0.9487656325101852 0.2990780923515558 0.009218662977218628 0.0102812759578228
0.0 0.8605468839406967 0.45704685933887956 0.013250023126602173 0.009093794971704483
0.0 0.8739375442266464 0.4587969001382589 0.01732805371284485 0.013453055173158646
0.0 0.8523749530315399 0.44912500530481336 0.012546837329864502 0.021421730518341064
0.0 0.8642343401908874 0.4457343578338623 0.01018756628036499 0.00943748652935028
0.0 0.8856718510389328 0.4543906174600124 0.01239064335823059 0.01734369993209839
0.0 0.9082812637090683 0.45037504881620405 0.01170310378074646 0.014531202614307404
0.0 0.9607500106096267 0.5260312467813492 0.013874977827072144 0.01946881413459778
0.0 0.9236562669277191 0.44531251341104505 0.010390698909759521 0.017328009009361267
0.0 0.9394218891859054 0.44326565265655515 0.010828167200088501 0.015656322240829468
0.0 0.8351562887430191 0.5155000224709511 0.015562444925308228 0.018890663981437683
0.0 0.8494999825954437 0.5139218777418136 0.013624906539916992 0.014187611639499664
0.0 0.8823750138282775 0.3319374494254589 0.01217186450958252 0.012203112244606018
0.0 0.928515625 0.2989688090980053 0.013828039169311523 0.012500032782554626
0.0 0.8295312494039535 0.33732813633978365 0.01401570439338684 0.013078082352876663
0.0 0.8022031158208847 0.3462343946099281 0.012031227350234985 0.011749885976314545
0.0 0.8141249984502792 0.33759372532367704 0.011531263589859009 0.015593759715557098
0.0 0.8233125478029251 0.3455937322229147 0.007718771696090698 0.010921787470579147
0.0 0.5278594017028808 0.30267186686396597 0.015609383583068848 0.01239059865474701
