0.0 0.9464183330535889 0.9927255809307098 0.01973426342010498 0.014548838138580322
0.0 0.8991683602333069 0.9994224365800619 0.02948319911956787 0.001155126839876175
0.0 0.7999397248029709 0.9467622749507427 0.018340855836868286 0.019060850143432617
0.0 0.7412126690149308 0.8532293383032084 0.01646903157234192 0.015738297253847122
0.0 0.6800528049468995 0.8470517918467522 0.016027092933654785 0.01535014808177948
0.0 0.6350101113319397 0.8012524023652077 0.018846631050109863 0.020157404243946075
0.0 0.49853757321834563 0.8782278951257467 0.018650025129318237 0.013557258993387222
0.0 0.5222967594861985 0.8653643056750298 0.01629844307899475 0.014171116054058075
0.0 0.5826401591300965 0.8190201595425606 0.02019631862640381 0.021259993314743042
0.0 0.5804913520812989 0.803726589307189 0.01628977060317993 0.014237601310014725
0.0 0.9860895454883576 0.7050026226788759 0.015372991561889648 0.01683424785733223
0.0 0.9998869091272354 0.7020036447793245 0.0002261817455291748 0.015780340880155563
0.0 0.6610386699438096 0.6224114894866943 0.015518099069595337 0.015550307929515839
0.0 0.5014374434947968 0.5541490605100989 0.011674582958221436 0.015435190871357918
0.0 0.4932723522186279 0.5520080290734768 0.010627985000610352 0.011229772120714188
0.0 0.3922242403030396 0.5425755213946104 0.015285372734069824 0.014103323221206665
0.0 0.34680040478706364 0.5114583345130086 0.01435178518295288 0.01339547149837017
0.0 0.31016527414321904 0.4965857286006212 0.014097332954406738 0.01758912205696106
0.0 0.2362101554870606 0.5082221068441868 0.012562751770019531 0.011573966592550278
0.0 0.3004402101039887 0.4907949734479189 0.014601409435272217 0.015192434191703796
0.0 0.31650637388229375 0.4441526494920254 0.01302480697631836 0.01319677010178566
0.0 0.29430438876152043 0.3858001194894314 0.01242595911026001 0.013177961111068726
0.0 0.2260785579681397 0.41172584891319275 0.012018084526062012 0.01300656795501709
0.0 0.20014168620109563 0.42977553978562355 0.01125723123550415 0.011353790760040283
0.0 0.17025794386863713 0.4318092744797468 0.011662781238555908 0.01166268065571785
0.0 0.1870051205158234 0.3430878184735775 0.011163890361785889 0.009863756597042084
0.0 0.19100322127342229 0.3531264131888747 0.013322174549102783 0.01191469095647335
0.0 0.2175815880298615 0.32917497400194407 0.014843523502349854 0.01342514343559742
0.0 0.3435286462306977 0.26218529511243105 0.009408652782440186 0.008259108290076256
0.0 0.3727271735668183 0.26076923962682486 0.013603270053863525 0.009509654715657234
0.0 0.3286532044410706 0.2553114891052246 0.015305399894714355 0.010105255991220474
0.0 0.17982314825057988 0.3756953664124012 0.012287735939025879 0.011481832712888718
0.0 0.17079429626464848 0.3718345947563648 0.013924956321716309 0.012721516191959381
0.0 0.1817311823368073 0.39162617921829224 0.01197892427444458 0.013547603040933609
0.0 0.1739334642887116 0.39539184980094433 0.010945737361907959 0.016704797744750977
0.0 0.16894929409027104 0.3992818156257272 0.009801864624023438 0.010414497926831245
0.0 0.10493068695068364 0.3515465334057808 0.0117645263671875 0.010614708065986633
0.0 0.03947030305862431 0.33501036278903484 0.011326432228088379 0.010627985000610352
0.0 0.005077147483825706 0.32971148286014795 0.010154294967651412 0.010018905624747276
0.0 0.0661722302436829 0.3250611862167716 0.008763313293457031 0.009966602548956871
0.0 0.09340952634811406 0.3673888836055994 0.010939478874206543 0.008350186049938202
0.0 0.08927052021026616 0.37241898104548454 0.008918523788452148 0.009058188647031784
0.0 0.07269026637077336 0.3790612453594804 0.008407294750213623 0.009299134835600853
0.0 0.0625558972358704 0.3819818440824747 0.01083076000213623 0.009906906634569168
0.0 0.0510561048984528 0.38222087919712067 0.00946265459060669 0.010580107569694519
0.0 0.05774419307708745 0.36258929688483477 0.011966228485107422 0.010644631460309029
0.0 0.0847932875156403 0.35978741105645895 0.009175479412078857 0.010056423023343086
0.0 0.07791413664817814 0.36347002536058426 0.010133922100067139 0.00876951590180397
0.0 0.10429035425186162 0.3875538818538189 0.010893702507019043 0.0172007717192173
0.0 0.11031709909439091 0.3906292524188757 0.010312914848327637 0.010753411799669266
0.0 0.004275250434875533 0.4090539664030075 0.008492588996887207 0.010082725435495377
0.0 0.0017644405364990456 0.409221637994051 0.0035288810729980913 0.009080618619918823
