0.0 0.5293986678123475 0.1682455835863948 0.01761496067047119 0.019512416794896126
0.0 0.5460391372442246 0.16839620638638736 0.01627841591835022 0.022535735741257668
0.0 0.5955961227416993 0.1864862058311701 0.015964150428771973 0.018386341631412506
0.0 0.5600394636392594 0.16783827338367702 0.018088549375534058 0.019162388518452644
0.0 0.5974459528923035 0.15231263339519502 0.015413403511047363 0.01550222933292389
0.0 0.7268534630537034 0.1872009474784136 0.015141159296035767 0.016021236777305603
0.0 0.6232174664735795 0.1481788044795394 0.01781889796257019 0.018650522455573082
0.0 0.7549165666103363 0.117361656203866 0.015064358711242676 0.015233974903821945
0.0 0.7976119250059128 0.09459684304893017 0.014833241701126099 0.01425178349018097
0.0 0.774384754896164 0.14600407779216767 0.01435929536819458 0.013697169721126556
0.0 0.6850540518760682 0.12147323116660118 0.026464641094207764 0.025842949748039246
0.0 0.6572862595319748 0.14561884552240373 0.013683468103408813 0.013982221484184265
0.0 0.6881716281175614 0.15496698934584857 0.015934735536575317 0.017202330753207207
0.0 0.6732433468103409 0.1410050353035331 0.015888959169387817 0.013216434046626091
0.0 0.6941540271043778 0.1486781479790807 0.020964056253433228 0.01900205947458744
0.0 0.7062084555625916 0.1498455123975873 0.01777660846710205 0.013529649004340172
0.0 0.9585547029972077 0.04176105540245771 0.014511287212371826 0.016198614612221718
0.0 0.7044697582721711 0.13855197075754405 0.021386146545410156 0.018188947811722755
0.0 0.9662382483482361 0.04431171044707298 0.0111161470413208 0.012908600270748138
