0.0 0.7645856015384197 0.8575266795232892 0.013175684213638305 0.02296204101294279
0.0 0.6300352085381746 0.29699721885845065 0.011889860779047013 0.008789981156587601
0.0 0.6719663739204407 0.3381007933523506 0.013783957064151763 0.008390249032527209
0.0 0.42867592833936213 0.3176516297273338 0.00824054256081581 0.009185856766998768
0.0 0.5076540194451808 0.45832993821240964 0.011832860112190247 0.00813518101349473
0.0 0.49571756161749364 0.4599172523245215 0.015477793663740158 0.012030349485576153
0.0 0.5149247534573078 0.45124996211379764 0.011230486631393432 0.019126155227422715
0.0 0.5043433967977762 0.44825040167197583 0.009102807193994523 0.008435540646314622
0.0 0.4852456621825695 0.4560118147637695 0.011083002388477325 0.015489642228931188
0.0 0.46507763043045997 0.4524766025133431 0.010464365780353545 0.012980486825108528
0.0 0.35049130246043203 0.5052450097166001 0.01363025456666942 0.01449224017560482
0.0 0.31262787207961085 0.5072807108052075 0.018500263988971755 0.011674832738935947
0.0 0.4184447072446346 0.5200416902545839 0.012410838901996613 0.017387405689805745
0.0 0.24981712326407432 0.45601159054785967 0.011394871771335557 0.011603263020515443
0.0 0.22346416041254996 0.38469541547819974 0.011210237443447157 0.010056352615356446
0.0 0.2199547529220581 0.5093837215099484 0.018709293007850604 0.011717254389077425
0.0 0.18579995334148408 0.37622565948404374 0.010946041345596291 0.01029249681159854
0.0 0.1450531661510468 0.33517508963122966 0.011763662099838257 0.014487935230135918
0.0 0.09928370341658593 0.3405722356401384 0.012517346441745736 0.015116636641323566
0.0 0.4513581279665232 0.4479933605529368 0.009299718588590623 0.01547161526978016
0.0 0.4372963823378086 0.44619981264695524 0.009686446189880371 0.013981924764811993
0.0 0.5304110374301672 0.5103996886406094 0.013914301246404647 0.01687529655173421
0.0 0.5176181346178055 0.5090212540701031 0.012177255749702454 0.01267788503319025
0.0 0.4879399202764034 0.3468180837109685 0.010877640545368194 0.010905503109097481
0.0 0.44673190601170065 0.3175136024132371 0.012354954332113265 0.011173485964536666
0.0 0.5350696261972189 0.35151890479028225 0.012523484975099563 0.011689361929893494
0.0 0.5594550296664238 0.3594055200461298 0.010751362144947051 0.010501107294112444
0.0 0.5488073449581862 0.3517247798386961 0.01031329408288002 0.013927485141903163
0.0 0.5406311772763729 0.3588765498716384 0.006904494762420654 0.009754019882529974
0.0 0.2074883483350277 0.2193825274007395 0.00989802628755565 0.008952806750312448
0.0 0.0767143093049526 0.14265853364486247 0.006943877041339919 0.008723209658637644
0.0 0.07161964550614353 0.1385181402321905 0.005005694925785065 0.008050068654119969
0.0 0.09828208610415462 0.32888529524207116 0.015506891906261422 0.006415803730487823
0.0 0.051336576044559434 0.36272095586173236 0.008640184998512268 0.00726414704695344
0.0 0.031031025201082252 0.3661381857004017 0.012921373546123549 0.008973569143563509
0.0 0.3540667191147804 0.6144803552422673 0.012241989374160767 0.0104069366119802
0.0 0.34244448244571685 0.6009085662197322 0.010471859574317932 0.01013823626562953
0.0 0.8039902422577143 0.3200125335715711 0.013943160325288773 0.011079494655132294
