0.0 0.5600095599889755 0.7572075448930263 0.02092042565345764 0.017050601541996002
0.0 0.6868865847587585 0.7196371894329786 0.018742740154266357 0.016433928161859512
0.0 0.7182392835617065 0.6682957861572504 0.017183303833007812 0.01563047245144844
0.0 0.7981789916753769 0.6919648390263319 0.01602432131767273 0.01596742495894432
0.0 0.8140979021787643 0.6842546615749597 0.010625571012496948 0.010763872414827347
0.0 0.8026568502187729 0.6818189978599548 0.015296012163162231 0.01692185550928116
0.0 0.8154206335544586 0.6758666060864925 0.01741504669189453 0.01500856876373291
0.0 0.856718248128891 0.6537450201809406 0.01535886526107788 0.017578259110450745
0.0 0.8825886458158493 0.6177009087055921 0.013844221830368042 0.013380836695432663
0.0 0.8985101491212845 0.6057498821988702 0.01417592167854309 0.015761280432343483
0.0 0.8763599306344986 0.7962344404309988 0.015406519174575806 0.01658540591597557
0.0 0.885112202167511 0.7890393476933241 0.01563781499862671 0.016662251204252243
0.0 0.977176970243454 0.7599021591246128 0.015379071235656738 0.018297627568244934
0.0 0.93582204580307 0.7117786522954702 0.01661825180053711 0.017715957015752792
0.0 0.9242953419685364 0.7182681061327457 0.014507889747619629 0.01631292700767517
0.0 0.9135859072208404 0.7282176598906517 0.014813661575317383 0.014651097357273102
0.0 0.8945071309804916 0.7358658783137798 0.017770081758499146 0.017550498247146606
0.0 0.8894068211317062 0.7452425122261047 0.016751378774642944 0.01511719822883606
0.0 0.8670514583587646 0.7451660189777612 0.019853174686431885 0.021446574479341507
0.0 0.8768360674381256 0.7479444690048694 0.0147666335105896 0.012766577303409576
0.0 0.8774100601673126 0.7390461567789316 0.013049662113189697 0.0134560726583004
