0.0 0.667741053039208 0.9424153160769493 0.01422358425334096 0.024789603520184757
0.0 0.602564697060734 0.6960160489194095 0.010391047038137913 0.015272977016866206
0.0 0.590777571965009 0.6907514765392989 0.01098055299371481 0.013619663659483194
0.0 0.48363624336197975 0.5985005413647742 0.009934380836784839 0.014370904024690389
0.0 0.4606964881531894 0.54831463820301 0.01876846086233854 0.01045935256406665
0.0 0.4202987449243665 0.48845259617082776 0.017734816297888756 0.008089074958115816
0.0 0.4272127547301352 0.4938325736671686 0.0175916550680995 0.010836921259760856
0.0 0.46856732238084076 0.4150498938281089 0.012768374383449554 0.012785345781594515
0.0 0.3459894785657525 0.4618970640935004 0.01449686698615551 0.01322916392236948
0.0 0.48735126545652746 0.30960588650777937 0.008597631566226482 0.0081721524707973
0.0 0.43828572826460005 0.3097873860737309 0.008657354302704335 0.0076644319575279955
0.0 0.3631912812590599 0.3206480880500749 0.007203129306435541 0.008683415735140443
0.0 0.3283988871611655 0.3073896964313462 0.011527827568352267 0.008857541950419545
0.0 0.35970254372805355 0.16840511402115227 0.007768210396170571 0.007964724395424127
0.0 0.3572387838736176 0.18910456714220344 0.009846372529864311 0.007960915938019753
0.0 0.32425867542624476 0.17401089761406183 0.009602281451225325 0.008932869695127011
0.0 0.33722524577751756 0.1721261540427804 0.007883952744305135 0.008283040579408407
0.0 0.34004265405237677 0.1893728862516582 0.009170040115714118 0.007852419186383486
0.0 0.2994580212049186 0.1863605735823512 0.010038225911557674 0.008679385855793953
0.0 0.28869020091369746 0.18263255876954645 0.009578880853950977 0.00839609862305224
0.0 0.26826648265123365 0.18949537687003612 0.008565406501293227 0.007910343166440726
0.0 0.2772191808559 0.165115005383268 0.007470305822789625 0.00823441632091999
0.0 0.4291169881820679 0.20380078428424894 0.009711326658725738 0.0065832286141812805
0.0 0.4640281974337995 0.19615422107744962 0.0120382284745574 0.008165376959368587
0.0 0.4271804508753121 0.22242662091739476 0.009226690046489239 0.0071795621886849405
0.0 0.3821307161822915 0.2329941381001845 0.007977161183953285 0.007335930364206433
0.0 0.3898336885496974 0.24012122328858823 0.00880429744720459 0.005893056420609355
0.0 0.3030733740888536 0.21195958501193674 0.0054424116387963295 0.008734254213050009
0.0 0.2990970059297979 0.20834325542673468 0.006402545236051082 0.009315309673547744
0.0 0.27481435583904384 0.2081749083241448 0.005687920935451984 0.008614863501861691
0.0 0.3690525399520993 0.2592377088032663 0.005927678570151284 0.008935438189655542
0.0 0.36222492326051 0.25483329424168916 0.007286646589636759 0.006443334231153131
0.0 0.35962599935010076 0.2634531175950542 0.007805162854492664 0.008488033013418318
0.0 0.35219591576606035 0.265348267997615 0.007117090746760368 0.0069628786761313675
0.0 0.6085756565444171 0.14721897547133267 0.011961644701659679 0.005441134236752987
0.0 0.6531959666404873 0.17393749624025076 0.008836404327303172 0.004614743264392018
0.0 0.6471388362813741 0.17254661216866224 0.004873509239405394 0.005423464765772224
0.0 0.6423836694564671 0.1769118793308735 0.008475073892623187 0.005185701884329319
0.0 0.30977090867236257 0.12131971588823945 0.00647581983357659 0.006511266482993961
0.0 0.2800835479050875 0.12386325616389512 0.008653020858764604 0.007416837941855192
0.0 0.2531896038912237 0.10260517762508244 0.008261041156947568 0.006295867217704654
0.0 0.2307240456342697 0.10621590523514897 0.005427047610282898 0.004828371154144406
0.0 0.2097018787637353 0.08141188714653254 0.006525221094489142 0.004669345915317535
0.0 0.20092240013182164 0.07950582064222544 0.004401833564043001 0.005222502211108804
0.0 0.19098140094429256 0.08115720762871206 0.006283966451883338 0.004266180843114853
0.0 0.1803275108337402 0.07993163717910648 0.004775297641754106 0.004555357899516821
0.0 0.1482793292030692 0.07680688644759356 0.005168459191918329 0.004988724924623966
0.0 0.1957381829619408 0.09291969474870712 0.005033886060118675 0.004395004129037261
0.0 0.1982494925148785 0.09930085369851441 0.004957223497331076 0.004723682859912514
0.0 0.21253847237676382 0.10354343096259981 0.004784437268972486 0.0042942128609865906
0.0 0.18502220641821626 0.1020021571079269 0.004024114832282044 0.0041154810693115
0.0 0.1808897160924971 0.09965464167762547 0.004351644404232524 0.003200034191831946
0.0 0.16961429193615912 0.10596749195829033 0.004388124123215653 0.005222280789166689
0.0 0.18762124851346018 0.1216472432250157 0.006630169227719307 0.005908910231664777
0.0 0.20131733445450664 0.13425337008666247 0.006379381008446261 0.005739389592781663
0.0 0.20736587671563034 0.15579039598815142 0.008433275856077671 0.006684019882231951
0.0 0.19588835649192332 0.1554741168860346 0.007809338718652747 0.0064252219162881374
0.0 0.16495623365044593 0.15314119316171854 0.009139469638466902 0.0061604455579072235
0.0 0.2005985736846924 0.18222308317199348 0.008035938441753432 0.008313331101089717
0.0 0.16109296837821602 0.17948032957501708 0.008409796468913489 0.006917398609220982
0.0 0.14406564589589832 0.17765390854328872 0.008637105301022574 0.005780086945742368
0.0 0.15085646770894529 0.1838341713650152 0.007040979713201501 0.005036242073401809
0.0 0.1925554259680211 0.19900487358681856 0.008220543153584003 0.007862870302051305
0.0 0.18778875581920146 0.19738430853467434 0.0059168055653572305 0.008330203453078866
0.0 0.1709358741529286 0.20217375371139495 0.006789088435470991 0.005568009009584785
0.0 0.15234043588861823 0.195105168200098 0.008401602320373014 0.005693333828821779
0.0 0.15663326364010577 0.22161393596325069 0.008647190406918526 0.0071004259865731
0.0 0.12645941469818356 0.1880163447232917 0.006525536254048392 0.0054532238747924565
0.0 0.11973241269588475 0.19453629094641656 0.00450599379837513 0.0048805381637066604
0.0 0.1626738481223583 0.1258531308732927 0.0072162084281444105 0.005589486937969923
0.0 0.15722690606489775 0.12928134037647396 0.007264033891260624 0.005961608653888106
0.0 0.15806152736768125 0.13814207080285995 0.006552876345813252 0.006966509995982051
0.0 0.14415247235447165 0.1282368930755183 0.006669091433286645 0.006542265554890037
0.0 0.1279585105367005 0.1321475809905678 0.007016160897910684 0.005943407770246267
0.0 0.12309406213462352 0.11899711042642594 0.006854090094566279 0.006119216792285442
0.0 0.12069841613993049 0.1259069585474208 0.007990319095551923 0.006538545666262508
0.0 0.1224062657915056 0.09612513163592666 0.0074572267010808435 0.009801950817927719
0.0 0.10627825111150742 0.12049706694670022 0.006772463768720649 0.006172800902277231
0.0 0.09871568232774736 0.12268358648288995 0.007050434499978997 0.0055589749943465
0.0 0.0998599478974938 0.13726331354118884 0.0076738201081753 0.006546561140567064
0.0 0.09122721543535589 0.1366205920698121 0.007645849697291873 0.0065185291226953265
0.0 0.07736389795318244 0.1330721725942567 0.0077738044783473015 0.005984547967091203
0.0 0.12139413086697459 0.14081129017286004 0.004755048640072257 0.005723934341222048
0.0 0.11506489962339402 0.14418655768968164 0.00496628433465951 0.005989020690321922
0.0 0.11360992612317204 0.19028428110759704 0.005591009370982669 0.0040061871986836195
0.0 0.11012445837259292 0.18945255386643112 0.003908608853817053 0.0053374201990664
0.0 0.10595493679866197 0.19269264328759164 0.005144743435084864 0.005194603046402335
0.0 0.15863716630265118 0.11125664217397571 0.009260096959769704 0.006740172486752271
0.0 0.14050477622076868 0.1428478849120438 0.005594791285693623 0.0072654739022254946
0.0 0.09803328309208154 0.1787853746674955 0.00568799972534173 0.0070883363485336305
0.0 0.08541067000478508 0.17606775246094913 0.00686874501407142 0.005404422478750348
0.0 0.044380046986043475 0.08645229195244611 0.006730232387781143 0.004590519703924656
0.0 0.04194532120600347 0.08126694434322417 0.0054061682894825935 0.0036728586070239543
0.0 0.025357094779610623 0.07324026608839632 0.005407665297389008 0.003755404707044363
0.0 0.055019242782145705 0.06471115930471569 0.00558943357318642 0.003909912938252091
0.0 0.06513491915538905 0.07809731138404459 0.004414361156523272 0.005910327332094312
0.0 0.058049620129168034 0.08078437736257911 0.00551434680819507 0.005091198999434709
0.0 0.06809694627299906 0.09114437790121883 0.00494193825870759 0.004640871053561568
0.0 0.10319894524291158 0.076503826235421 0.004189022071659498 0.004104764247313142
0.0 0.09792081052437424 0.07478240348864347 0.005699424259364538 0.004668238805606961
0.0 0.09869251810014246 0.06869994273874909 0.00575938336551185 0.005700773606076836
0.0 0.08434023056179285 0.04795917228329927 0.004974636062979654 0.004930225247517228
0.0 0.07540210848674178 0.04565686014248058 0.004228732176124961 0.004779326193965971
0.0 0.057212674524635077 0.04353487403132021 0.004653252102434724 0.00466314610093832
0.0 0.04938765661790967 0.047969180555082855 0.0036962701007723364 0.0042471828404814
0.0 0.06826681727543477 0.04633577303029597 0.002874176390469052 0.003682246897369623
0.0 0.06650223890319468 0.05005548452027142 0.0029334263876080735 0.0031607539393007757
0.0 0.10882789194583893 0.12671238086186348 0.004659476503729887 0.004236953146755695
0.0 0.10624850792810321 0.1310660233721137 0.004943198896944501 0.0031831618398427963
0.0 0.10146962534636261 0.1287713835015893 0.006914600729942322 0.004896436259150505
0.0 0.08765409393236046 0.07211869752500207 0.005142222158610821 0.008880126988515258
0.0 0.09010532619431616 0.09883956536650658 0.008748592995107107 0.006620958913117647
0.0 0.07845088327303529 0.08413256497588009 0.007865358330309435 0.008007724536582828
0.0 0.03730849679559467 0.1120510819600895 0.007717469707131386 0.007441238639876247
0.0 0.020124736987054304 0.1084247662452981 0.006883084774017334 0.006202250020578504
0.0 0.02935233311727642 0.0901217628037557 0.0047785280272364394 0.003977845190092921
0.0 0.04639182863757013 0.06512791968416423 0.003939573280513309 0.00477407849393785
0.0 0.033473162539303325 0.04217335050925612 0.006245832145214125 0.00672715287655592
0.0 0.013404668495059002 0.05498827826231718 0.0041651487350463645 0.0050669311545789245
0.0 0.10027127051725981 0.0006856214138679206 0.004478811286389828 0.0013712428277358412
0.0 0.09555356828495859 0.0006858649780042469 0.004246538691222601 0.0013717299560084939
0.0 0.048453366104513396 0.0012784565216861666 0.004290818609297253 0.002556913043372333
0.0 0.04483899809420111 0.003451944817788899 0.003681851550936699 0.003449266729876399
