0.0 0.006094437837600708 0.4896800108253956 0.012188875675201416 0.014389380812644958
0.0 0.026547858119010927 0.5040979068726301 0.015560835599899292 0.013381239026784897
0.0 0.02406390905380249 0.5234589213505387 0.012880325317382812 0.011152273043990135
0.0 0.001907464861869812 0.5292814103886485 0.003814929723739624 0.012178519740700722
0.0 0.01208440363407135 0.5683097643777728 0.013606220483779907 0.012722672894597054
0.0 0.4164088606834412 0.6442968295887113 0.014237165451049805 0.012646431103348732
0.0 0.39821686744689944 0.6409371616318822 0.013593792915344238 0.013269742950797081
0.0 0.3810451865196228 0.4495773818343878 0.012073159217834473 0.01140538975596428
0.0 0.26859777569770815 0.45813600067049265 0.00988072156906128 0.011677315458655357
0.0 0.26321502923965456 0.45262898970395327 0.008617758750915527 0.010149260982871056
0.0 0.24511539340019226 0.45427983067929745 0.012286484241485596 0.011766079813241959
0.0 0.23166581392288207 0.45123199466615915 0.013707518577575684 0.013413073495030403
0.0 0.2409510850906372 0.4341956255957484 0.012967944145202637 0.012153172865509987
0.0 0.20205923318862914 0.4283130634576082 0.01131284236907959 0.012343727052211761
0.0 0.1718946635723114 0.4234914490953088 0.013598620891571045 0.013245100155472755
0.0 0.10888653397560119 0.4461196959018707 0.013654768466949463 0.012555252760648727
0.0 0.09746604561805725 0.44355767499655485 0.013031423091888428 0.011990832164883614
0.0 0.09108936190605163 0.4352755080908537 0.014486610889434814 0.013465628027915955
0.0 0.0907137632369995 0.4139782739803195 0.014342665672302246 0.013193903490900993
0.0 0.07787626385688781 0.406569417566061 0.011030495166778564 0.011972878128290176
0.0 0.06374804079532623 0.40250152070075274 0.009672671556472778 0.010202771052718163
0.0 0.05790283679962158 0.5196751961484551 0.011033892631530762 0.009217562153935432
0.0 0.06607731580734252 0.5343174673616886 0.008409440517425537 0.008635137230157852
0.0 0.0757071167230606 0.531379115767777 0.011684507131576538 0.00920056365430355
0.0 0.08095150589942932 0.5307883927598596 0.011593759059906006 0.008736876770853996
0.0 0.0855303943157196 0.5373600479215384 0.012790024280548096 0.010767493396997452
0.0 0.0967463195323944 0.5176765648648143 0.012714922428131104 0.011713525280356407
0.0 0.11412041783332824 0.5142149310559034 0.012992799282073975 0.01098022609949112
0.0 0.0683632731437683 0.46024808939546347 0.008495807647705078 0.009320659562945366
0.0 0.076565021276474 0.46800752729177475 0.00836259126663208 0.009236320853233337
0.0 0.0696919947862625 0.422344452701509 0.011546462774276733 0.00921967439353466
0.0 0.06284878551959991 0.4222975308075547 0.013566166162490845 0.010149562731385231
0.0 0.06383284330368041 0.41746832244098186 0.012580811977386475 0.010263875126838684
0.0 0.03726869225502014 0.4070996902883053 0.013824462890625 0.011851172894239426
0.0 0.04493913948535919 0.4369390979409218 0.01196792721748352 0.013470053672790527
0.0 0.025478416681289674 0.4225665396079421 0.013664066791534424 0.011180134490132332
0.0 0.006247726082801819 0.4121949402615428 0.012495452165603637 0.011111637577414513
0.0 0.009206348657608032 0.43508880119770765 0.008011579513549805 0.01018124632537365
0.0 0.0026065826416015623 0.3179836478084326 0.005213165283203125 0.009555671364068985
0.0 0.015533679723739624 0.3215730469673872 0.010557353496551514 0.008387602865695953
0.0 0.011579746007919311 0.3645279286429286 0.009015977382659912 0.011136582121253014
0.0 0.022202500700950624 0.3753784531727433 0.00849500298500061 0.00787649117410183
0.0 0.028064155578613283 0.38098086696118116 0.010166645050048828 0.009253570809960365
0.0 0.0011238574981689454 0.3508175825700164 0.0022477149963378907 0.0080666933208704
0.0 0.05659861266613007 0.35824565030634403 0.009889751672744751 0.00905517116189003
0.0 0.07194411158561706 0.36785158794373274 0.011223256587982178 0.009740794077515602
0.0 0.1121131420135498 0.38369461707770824 0.011647224426269531 0.012128178030252457
0.0 0.151646488904953 0.3670232379809022 0.008776366710662842 0.009218266233801842
0.0 0.1448541522026062 0.3558639995753765 0.008984684944152832 0.010732289403676987
0.0 0.1587764263153076 0.34268186427652836 0.008077383041381836 0.009442213922739029
0.0 0.17462238073348998 0.3746823947876692 0.009180665016174316 0.009210068732500076
0.0 0.17191120386123657 0.38184801675379276 0.00932013988494873 0.008377645164728165
0.0 0.1892424762248993 0.39309584349393845 0.008500993251800537 0.009374823421239853
0.0 0.2378552794456482 0.3665075749158859 0.00922393798828125 0.008988384157419205
0.0 0.19628238081932067 0.3676029723137617 0.009339988231658936 0.008358031511306763
0.0 0.24514963626861572 0.3950165482237935 0.00969386100769043 0.009409373626112938
0.0 0.24684184193611144 0.4140699552372098 0.008122265338897705 0.007160240784287453
0.0 0.24276014566421508 0.41571197006851435 0.010835409164428711 0.010148255154490471
0.0 0.2588240742683411 0.3836470665410161 0.007839202880859375 0.009007444605231285
0.0 0.26676940321922304 0.36530191358178854 0.007026493549346924 0.009166767820715904
0.0 0.23369043469429016 0.3480884935706854 0.007271111011505127 0.0087241530418396
0.0 0.26578163504600527 0.3545320564880967 0.006937086582183838 0.008979080244898796
0.0 0.27751424312591555 0.3477020291611552 0.0071021318435668945 0.008378500118851662
0.0 0.28902297616004946 0.3428081963211298 0.007145583629608154 0.00815686583518982
0.0 0.30884369611740115 0.34216592460870743 0.006960153579711914 0.00741184875369072
0.0 0.17952894568443298 0.3137796623632312 0.00877314805984497 0.008390167728066444
0.0 0.17201813459396362 0.3169373096898198 0.007843494415283203 0.008903944864869118
0.0 0.15803908705711364 0.3156072525307536 0.008741319179534912 0.009075136855244637
0.0 0.1515130043029785 0.30615359731018543 0.009691715240478516 0.008857324719429016
0.0 0.1037736177444458 0.3316181544214487 0.012823104858398438 0.01285257562994957
0.0 0.10423674583435058 0.3426728369668126 0.007920384407043457 0.008391676470637321
0.0 0.09898274540901184 0.3431944092735648 0.00806361436843872 0.008426779881119728
0.0 0.1270495593547821 0.36711139883846045 0.008957326412200928 0.008859185501933098
0.0 0.12925728559494018 0.36129300855100155 0.009576559066772461 0.00960596278309822
0.0 0.11908169984817504 0.3466689679771662 0.008815884590148926 0.008010819554328918
0.0 0.11884369850158691 0.3408179134130478 0.008281588554382324 0.008723348379135132
0.0 0.16954513788223266 0.34659063909202814 0.007225513458251953 0.00960138626396656
0.0 0.14079954624176025 0.3795927232131362 0.010405898094177246 0.009924760088324547
0.0 0.47241526246070864 0.48473337199538946 0.010221540927886963 0.009455742314457893
0.0 0.4650109350681305 0.4869870813563466 0.009399354457855225 0.008496182039380074
0.0 0.45846267938613894 0.48131820745766163 0.009336590766906738 0.007529933005571365
0.0 0.4496373176574707 0.48152674082666636 0.01069951057434082 0.009393682703375816
0.0 0.45029463768005373 0.48906897008419037 0.010824322700500488 0.011010903865098953
0.0 0.4699913501739502 0.49623323418200016 0.011258482933044434 0.011091571301221848
0.0 0.45940869450569155 0.5126181533560157 0.010991871356964111 0.009794102981686592
0.0 0.45400368571281435 0.5078620184212923 0.008371889591217041 0.007900580763816833
0.0 0.39265807867050173 0.48567512910813093 0.010605096817016602 0.008062468841671944
0.0 0.611929738521576 0.5203321278095245 0.01201772689819336 0.011124160140752792
0.0 0.9012669563293457 0.6277813538908958 0.014042258262634277 0.012108363211154938
0.0 0.749211186170578 0.8648748677223921 0.010923206806182861 0.01227804645895958
0.0 0.730868273973465 0.8592714481055737 0.009794533252716064 0.008655555546283722
0.0 0.7038933873176575 0.8506111148744822 0.008948564529418945 0.009066235274076462
0.0 0.7059381246566773 0.8615226931869984 0.009547948837280273 0.009832575917243958
0.0 0.7230684101581574 0.8647060394287109 0.008955538272857666 0.00967244803905487
0.0 0.7276624977588654 0.877251585945487 0.009342491626739502 0.010236013680696487
0.0 0.8134977459907532 0.6081668958067894 0.009463906288146973 0.008570462465286255
0.0 0.8571576714515686 0.5912865558639169 0.008869528770446777 0.006611259654164314
0.0 0.8419662654399872 0.5768191479146481 0.009939730167388916 0.008074488490819931
0.0 0.8717150926589966 0.5575269823893905 0.008334159851074219 0.007087217643857002
0.0 0.8789944291114807 0.5617109518498182 0.008981823921203613 0.0076073817908763885
0.0 0.8745669066905976 0.5998565908521414 0.009101808071136475 0.006794571876525879
0.0 0.8784298241138458 0.5956346010789275 0.009795606136322021 0.0077240075916051865
0.0 0.8832985699176789 0.6072669308632612 0.00828319787979126 0.005534268915653229
0.0 0.8834994673728943 0.6031960919499397 0.00848400592803955 0.006402701139450073
0.0 0.9045130550861359 0.604983801022172 0.009098231792449951 0.008381668478250504
0.0 0.937397563457489 0.6060392670333385 0.01124417781829834 0.009997230023145676
0.0 0.9256884694099426 0.5797690162435174 0.008941054344177246 0.008499300107359886
0.0 0.8857740700244904 0.5265672579407692 0.0073433518409729 0.005821332335472107
0.0 0.8797880053520203 0.5227530561387539 0.0067026615142822266 0.005907431244850159
0.0 0.8959919452667237 0.6073229555040598 0.009693503379821777 0.008083440363407135
0.0 0.8751046895980835 0.460070108063519 0.008598804473876953 0.006703795865178108
0.0 0.8052187502384186 0.4887733068317175 0.008317530155181885 0.0066878534853458405
0.0 0.7902131319046021 0.48559690080583096 0.006335735321044922 0.005363881587982178
0.0 0.7871256411075592 0.48844779562205076 0.007602274417877197 0.006512386724352837
0.0 0.766548627614975 0.5272030923515558 0.006345927715301514 0.006679806858301163
0.0 0.7676069378852844 0.5055645052343607 0.006826043128967285 0.005922719836235046
0.0 0.7283110558986664 0.4399577397853136 0.0053084492683410645 0.006054583936929703
0.0 0.7126514256000519 0.49059252347797155 0.00803607702255249 0.007761223241686821
0.0 0.6782974243164063 0.47951181512326 0.00817108154296875 0.006953543052077293
0.0 0.6529559135437012 0.46845049411058426 0.00915670394897461 0.008165013045072556
0.0 0.6451646327972412 0.46514921449124813 0.006701946258544922 0.005710288882255554
0.0 0.6987222671508789 0.5500380368903279 0.010277152061462402 0.009815828874707222
0.0 0.761359715461731 0.4894116558134556 0.012011289596557617 0.009546920657157898
0.0 0.7522385060787201 0.449784180149436 0.008059680461883545 0.00868794322013855
0.0 0.74482541680336 0.4486878775060177 0.0050337910652160645 0.005240164697170258
0.0 0.7411681354045868 0.445938671939075 0.004944741725921631 0.005013199523091316
0.0 0.8576421678066254 0.4588028648868203 0.005772650241851807 0.005095275118947029
0.0 0.8494443535804749 0.455925265327096 0.0066089630126953125 0.005823343992233276
0.0 0.8442347884178162 0.45186159294098616 0.0065277814865112305 0.0065573472529649734
0.0 0.9590859055519104 0.6480545038357377 0.00950610637664795 0.008033400401473045
0.0 0.987593138217926 0.6352360006421804 0.006441235542297363 0.005832497030496597
0.0 0.9965656816959381 0.6552958143875003 0.00686863660812378 0.00810290314257145
0.0 0.999387902021408 0.6282465495169163 0.0012241959571838378 0.007791649550199509
0.0 0.9921264290809632 0.6238367967307568 0.008791208267211914 0.008015647530555725
0.0 0.9955020070075988 0.6232314640656114 0.008995985984802246 0.008542248979210854
0.0 0.9829809010028839 0.620689308270812 0.009286701679229736 0.008628901094198227
0.0 0.9606741309165955 0.612365273758769 0.010194540023803711 0.008829765021800995
0.0 0.9650976300239563 0.6180766690522432 0.009986400604248047 0.008562717586755753
0.0 0.931205952167511 0.6289655407890677 0.010254621505737305 0.007799947634339333
0.0 0.9363802015781403 0.6332810977473855 0.008827507495880127 0.007227228954434395
0.0 0.7050667643547058 0.4891251204535365 0.008296966552734375 0.006431417539715767
0.0 0.23440721035003662 0.27945911325514317 0.007944703102111816 0.007100343704223633
0.0 0.24042340517044067 0.2846519537270069 0.007572770118713379 0.006541907787322998
0.0 0.24755995869636535 0.28113733790814877 0.006609857082366943 0.006138671189546585
0.0 0.2674556910991669 0.30610994435846806 0.006369888782501221 0.006477836519479752
0.0 0.27705603241920473 0.2803090885281563 0.006622374057769775 0.006720442324876785
0.0 0.25502427816390993 0.2633885028772056 0.0059680938720703125 0.005869989283382893
0.0 0.2548819422721863 0.25852598901838064 0.006528496742248535 0.005468085408210754
0.0 0.2641382455825806 0.2565005524083972 0.0073757171630859375 0.006580481305718422
0.0 0.3010226428508759 0.31458414904773235 0.0070250630378723145 0.0063573382794857025
0.0 0.30044194459915163 0.3077932232990861 0.0077211856842041016 0.007838873192667961
0.0 0.3061187505722046 0.3033745689317584 0.0071707963943481445 0.0071022044867277145
0.0 0.30620145201683047 0.3722733100876212 0.009065330028533936 0.008711831644177437
0.0 0.12567296028137206 0.3055755728855729 0.012743711471557617 0.01027931459248066
0.0 0.34166901707649233 0.3447183398529887 0.009244143962860107 0.009087106212973595
0.0 0.3336710274219513 0.3244636217132211 0.01041501760482788 0.009757289662957191
0.0 0.3276559948921204 0.3097245143726468 0.005995988845825195 0.006614377722144127
0.0 0.3307754933834076 0.3563982956111431 0.005662500858306885 0.007027119398117065
0.0 0.3818527102470398 0.3545481748878956 0.00630640983581543 0.006640277802944183
0.0 0.41094850897789004 0.33694856707006693 0.007753551006317139 0.007350945845246315
0.0 0.3937974810600281 0.32800388615578413 0.008479714393615723 0.007753176614642143
0.0 0.572530859708786 0.4209724273532629 0.00843590497970581 0.007856525480747223
0.0 0.5597910821437836 0.3880234509706497 0.008266746997833252 0.007510822266340256
0.0 0.5694412231445313 0.3909946931526065 0.007085323333740234 0.006653303280472755
0.0 0.5777603626251221 0.39453976042568684 0.007296323776245117 0.006422515958547592
0.0 0.6094680070877075 0.4079934945330024 0.0063811540603637695 0.006822986528277397
0.0 0.6155230939388275 0.40886300802230835 0.006759703159332275 0.0065829455852508545
0.0 0.6511966526508332 0.40765955951064825 0.007109105587005615 0.006451332941651344
0.0 0.6246736288070679 0.39981100521981716 0.0068138837814331055 0.006588175892829895
0.0 0.6187017798423767 0.40075022261589766 0.00651097297668457 0.006000319495797157
0.0 0.2278614580631256 0.5835863864049315 0.009905397891998291 0.009257392957806587
0.0 0.29783358573913576 0.365447205491364 0.009009361267089844 0.0070258621126413345
0.0 0.29629176259040835 0.3685551146045327 0.004887878894805908 0.005663467571139336
0.0 0.30108764171600344 0.38891803473234177 0.006769895553588867 0.009106669574975967
0.0 0.15921246409416198 0.24033861281350255 0.00796884298324585 0.008145474828779697
0.0 0.1652277648448944 0.24582794634625316 0.006529390811920166 0.006912228651344776
0.0 0.11894249320030212 0.2281714086420834 0.007118046283721924 0.007451905868947506
0.0 0.17903541922569274 0.22378608491271734 0.005734384059906006 0.006539342924952507
0.0 0.19596221446990966 0.23638152051717043 0.004637002944946289 0.004607649520039558
0.0 0.20905085802078247 0.24407278839498758 0.005860090255737305 0.0059385113418102264
0.0 0.21106814742088317 0.23911352641880512 0.005045950412750244 0.0057429783046245575
0.0 0.2174619972705841 0.2405919055454433 0.004829227924346924 0.0045936936512589455
0.0 0.22584407925605773 0.24150358838960528 0.005457580089569092 0.0052123283967375755
0.0 0.23147618174552917 0.25542113510891795 0.006270468235015869 0.006260602734982967
0.0 0.2346661329269409 0.24688338721171021 0.005781769752502441 0.006095948629081249
0.0 0.2378365933895111 0.2581247892230749 0.00555950403213501 0.00598171167075634
0.0 0.24775137901306152 0.24959409469738603 0.007121086120605469 0.00695412140339613
0.0 0.2532008230686188 0.24673111736774445 0.006596624851226807 0.006488649174571037
0.0 0.23937716484069824 0.24322747765108943 0.005889773368835449 0.005948594771325588
0.0 0.24050843119621276 0.24936305591836572 0.007050454616546631 0.006589055992662907
0.0 0.2431200087070465 0.25766267394647 0.005994021892547607 0.006180639378726482
0.0 0.2573453724384308 0.25464042369276285 0.006295144557952881 0.006295178085565567
0.0 0.2833674490451813 0.27523035928606987 0.006482183933258057 0.006187554448843002
0.0 0.709379130601883 0.43620036728680134 0.005766928195953369 0.0060909949243068695
0.0 0.7135355710983277 0.4343856768682599 0.005163431167602539 0.005546288564801216
0.0 0.7031009733676911 0.42953426484018564 0.005384624004364014 0.0054239798337221146
0.0 0.6662859559059143 0.43226574268192053 0.005685925483703613 0.005538543686270714
0.0 0.6743509113788605 0.4349501980468631 0.0053678154945373535 0.006074549630284309
0.0 0.6891834378242493 0.43516640085726976 0.007269859313964844 0.00716174952685833
0.0 0.6789137959480286 0.419059693813324 0.005112290382385254 0.00512218102812767
0.0 0.25237014293670657 0.2849180456250906 0.007908940315246582 0.009214796125888824
0.0 0.2598820269107819 0.2920822845771909 0.011068403720855713 0.009242406114935875
0.0 0.2657055497169495 0.2622718825004995 0.006654024124145508 0.006035397760570049
0.0 0.27184163928031924 0.26250920770689845 0.007073700428009033 0.006268800236284733
0.0 0.3041200578212738 0.2827834514901042 0.0060533881187438965 0.004992982372641563
0.0 0.3058005511760712 0.2796563059091568 0.006219327449798584 0.005797091871500015
0.0 0.30085652470588686 0.27749583683907986 0.0064081549644470215 0.006162609905004501
0.0 0.2925193250179291 0.2764508817344904 0.006092369556427002 0.00612187385559082
0.0 0.2969274461269379 0.28078864235430956 0.0057869553565979 0.00615018792450428
0.0 0.2959348499774933 0.26386715145781636 0.012466013431549072 0.009883898310363293
0.0 0.2903240263462067 0.26623055897653103 0.006951391696929932 0.006450679153203964
0.0 0.30098947286605837 0.27000555861741304 0.0055768489837646484 0.005370570346713066
0.0 0.30705403685569765 0.26791045581921935 0.0053334832191467285 0.004960418678820133
0.0 0.31184705495834353 0.27546114660799503 0.0061991214752197266 0.005658991634845734
0.0 0.312092924118042 0.2804080117493868 0.005463123321533203 0.005266617983579636
0.0 0.3138556718826294 0.28838863130658865 0.008382797241210938 0.006998604163527489
0.0 0.31596639156341555 0.28506021946668625 0.00816643238067627 0.0070569925010204315
0.0 0.33261879682540896 0.28780220821499825 0.006823539733886719 0.006499461829662323
0.0 0.34349417090415957 0.3121427521109581 0.0076577067375183105 0.006872422993183136
0.0 0.3428680539131165 0.3178180130198598 0.005876898765563965 0.006456160917878151
0.0 0.4160733163356781 0.3214452564716339 0.007041513919830322 0.006756652146577835
0.0 0.41868319511413576 0.3272545440122485 0.00683748722076416 0.006346626207232475
0.0 0.421598756313324 0.33323283586651087 0.00701594352722168 0.006603715941309929
0.0 0.4280958712100983 0.3272603526711464 0.0064424872398376465 0.0061479248106479645
0.0 0.4483399331569672 0.3439084216952324 0.0071312785148620605 0.0070625245571136475
0.0 0.44108044505119326 0.3426495520398021 0.006402790546417236 0.006108345463871956
0.0 0.4510910749435425 0.34871012065559626 0.006445884704589844 0.006975973024964333
0.0 0.37046637535095217 0.29120598174631596 0.005816817283630371 0.00623905286192894
0.0 0.37532287240028384 0.2959751170128584 0.0061574578285217285 0.006353817880153656
0.0 0.37979831695556643 0.3008961072191596 0.005890488624572754 0.00618509016931057
0.0 0.38368439078330996 0.29254345688968897 0.007439553737640381 0.006536426022648811
0.0 0.37434896230697634 0.31134362146258354 0.0067212581634521484 0.006858844310045242
0.0 0.38189866542816164 0.31751485634595156 0.006740212440490723 0.006602609530091286
0.0 0.5853817701339722 0.3908093189820647 0.007587075233459473 0.00759677030146122
0.0 0.5805350184440613 0.38610943499952555 0.006324291229248047 0.006226329132914543
0.0 0.589944475889206 0.3855865551158786 0.006580531597137451 0.006207620725035667
0.0 0.5913723051548004 0.3932399535551667 0.00633162260055542 0.006793113425374031
0.0 0.5973549723625183 0.39354104828089476 0.006549954414367676 0.005960991606116295
0.0 0.5497278809547425 0.37071679066866636 0.006400465965270996 0.0066850874572992325
0.0 0.5544266641139984 0.37228351924568415 0.005781590938568115 0.006056545302271843
0.0 0.5554572582244873 0.3760272627696395 0.006708741188049316 0.0074058640748262405
0.0 0.559522145986557 0.3688561087474227 0.007623016834259033 0.0067294444888830185
0.0 0.564487361907959 0.3690451541915536 0.0066912174224853516 0.006691122427582741
0.0 0.5682267189025879 0.37394902016967535 0.006096482276916504 0.005978895351290703
0.0 0.5690894067287445 0.3837203411385417 0.006322324275970459 0.005674229934811592
0.0 0.5661684811115265 0.38088948745280504 0.006540119647979736 0.005970848724246025
0.0 0.5755136549472809 0.37732764799147844 0.005909979343414307 0.006086619570851326
0.0 0.5814008355140686 0.3781076427549124 0.003807663917541504 0.0042494237422943115
0.0 0.6062669694423676 0.39405419677495956 0.0061689019203186035 0.005530647933483124
0.0 0.6074679732322693 0.38941345550119877 0.006841421127319336 0.0061248913407325745
0.0 0.5335352063179016 0.37855018209666014 0.007488727569580078 0.007734267041087151
0.0 0.5362006962299347 0.37328175362199545 0.007664144039154053 0.007163358852267265
0.0 0.5180490255355835 0.36510459519922733 0.007184028625488281 0.007920395582914352
0.0 0.5224845051765442 0.36559335235506296 0.006820321083068848 0.006957767531275749
0.0 0.5259479522705078 0.3702393490821123 0.006898283958435059 0.006760876625776291
0.0 0.4730623006820679 0.35083699505776167 0.007663607597351074 0.007045073434710503
0.0 0.4713521242141724 0.35556994564831257 0.007276654243469238 0.006442129611968994
0.0 0.478045666217804 0.35914433281868696 0.006486654281616211 0.006123432889580727
0.0 0.4581966042518616 0.3456302238628268 0.006067156791687012 0.006008366122841835
0.0 0.4636202991008759 0.34920539055019617 0.0064675211906433105 0.006300760433077812
0.0 0.4681118369102478 0.3461021836847067 0.006749153137207031 0.00639566034078598
0.0 0.46641998887062075 0.3406516248360276 0.006574094295501709 0.006966719403862953
0.0 0.39054798483848574 0.30916778836399317 0.007728874683380127 0.007316345348954201
0.0 0.3965057969093323 0.3201612662523985 0.007577061653137207 0.007645905017852783
0.0 0.3176968634128571 0.26955089904367924 0.0075432658195495605 0.00773954764008522
0.0 0.3189175367355347 0.27556816674768925 0.0064580440521240234 0.006310667842626572
0.0 0.32593035101890566 0.2781454510986805 0.00659555196762085 0.006173271685838699
0.0 0.32288273572921755 0.28239477425813675 0.008076667785644531 0.007998045533895493
0.0 0.2756268620491028 0.2593493349850178 0.0071572065353393555 0.0073732249438762665
0.0 0.27823799252510073 0.25712937116622925 0.0062811970710754395 0.005279794335365295
0.0 0.2841717541217804 0.26031586062163115 0.005163252353668213 0.005506860092282295
0.0 0.3374653697013855 0.27738245483487844 0.00779414176940918 0.007627146318554878
0.0 0.34213911890983584 0.27755570877343416 0.0067275166511535645 0.007149679586291313
0.0 0.3398944675922394 0.2840706603601575 0.006610572338104248 0.006296435371041298
0.0 0.34263783097267153 0.28224148601293564 0.005418241024017334 0.0051727741956710815
0.0 0.35498555898666384 0.30049933306872845 0.007252335548400879 0.006486386060714722
0.0 0.3371437728404999 0.29424036480486393 0.008958756923675537 0.008006494492292404
0.0 0.6655874192714691 0.4236708888784051 0.007602989673614502 0.0067096296697855
0.0 0.669963800907135 0.4225733792409301 0.006994485855102539 0.00615018792450428
0.0 0.6645747065544129 0.4175258306786418 0.007314562797546387 0.007255593314766884
0.0 0.6615763545036316 0.4111569505184889 0.007244110107421875 0.006890527904033661
0.0 0.6576324343681336 0.4190449332818389 0.009132027626037598 0.00816999189555645
0.0 0.5133382618427277 0.35349260829389095 0.005520164966583252 0.004773963242769241
0.0 0.5136900782585144 0.35626572743058205 0.0052596330642700195 0.004974927753210068
0.0 0.5195471286773682 0.3541501685976982 0.0053637027740478516 0.005049359053373337
0.0 0.5273588836193085 0.3602283140644431 0.005695044994354248 0.005410401150584221
0.0 0.5059264242649079 0.34745024517178535 0.008012473583221436 0.006795074790716171
0.0 0.5050265431404114 0.3507085256278515 0.009529709815979004 0.007791951298713684
0.0 0.36423819661140444 0.30259472504258156 0.005812346935272217 0.005134955048561096
0.0 0.371074253320694 0.2972805565223098 0.007281482219696045 0.007625134661793709
0.0 0.367054694890976 0.29957007337361574 0.0072321295738220215 0.007595362141728401
0.0 0.39374356865882876 0.30041760951280594 0.007723510265350342 0.007222753018140793
0.0 0.40102201104164126 0.31864912901073694 0.005421459674835205 0.004793224856257439
0.0 0.39969986081123354 0.31493903044611216 0.004947960376739502 0.004673028364777565
0.0 0.47367974519729616 0.33109439443796873 0.005434870719909668 0.005650894716382027
0.0 0.4599412024021149 0.33487422205507755 0.007262170314788818 0.006515957415103912
0.0 0.4857641696929932 0.3391727805137634 0.007044196128845215 0.008713390678167343
0.0 0.48451810479164126 0.34702995978295803 0.005499422550201416 0.005685746669769287
0.0 0.5080808639526367 0.35656863264739513 0.007527709007263184 0.007537376135587692
0.0 0.5038798987865448 0.35993473790585995 0.005432188510894775 0.006227586418390274
0.0 0.3630272686481476 0.31034830398857594 0.010271251201629639 0.010772019624710083
0.0 0.5447022259235382 0.3663028385490179 0.006947457790374756 0.005504295229911804
0.0 0.5385864317417145 0.36130731645971537 0.007681667804718018 0.007878100499510765
0.0 0.5446449160575867 0.36113924253731966 0.007276296615600586 0.007610248401761055
0.0 0.48940097689628603 0.35279727913439274 0.007167398929595947 0.006274055689573288
0.0 0.4369627177715302 0.3158208904787898 0.007769286632537842 0.007631974294781685
0.0 0.4201036930084229 0.3462823024019599 0.005985260009765625 0.005219394341111183
0.0 0.4104278922080994 0.31466255336999893 0.008307337760925293 0.007787022739648819
0.0 0.49021252393722536 0.35851176735013723 0.0073435306549072266 0.008354762569069862
0.0 0.4540617108345032 0.32712232787162066 0.005251765251159668 0.005457976832985878
0.0 0.45093961954116824 0.3238609544932842 0.005762815475463867 0.006233923137187958
0.0 0.4166023373603821 0.30764156952500343 0.005479574203491211 0.005705360323190689
0.0 0.41142808794975283 0.30640927888453007 0.0047737956047058105 0.004312489181756973
0.0 0.43752803802490237 0.32735522743314505 0.006665468215942383 0.0064592789858579636
0.0 0.39711698293685915 0.3099796427413821 0.007308483123779297 0.008211733773350716
0.0 0.38348948359489443 0.31298900581896305 0.010036289691925049 0.007542606443166733
0.0 0.352934205532074 0.29156410694122314 0.009822607040405273 0.008350085467100143
0.0 0.35438876748085024 0.2849478181451559 0.008760631084442139 0.008937288075685501
0.0 0.43013166785240176 0.32268662471324205 0.005066335201263428 0.004673531278967857
0.0 0.4334632396697998 0.3192089982330799 0.007265210151672363 0.007265198975801468
0.0 0.47494190335273745 0.33801600243896246 0.005579888820648193 0.0061592403799295425
0.0 0.4262033045291901 0.33493273612111807 0.0041672587394714355 0.004186810925602913
0.0 0.43023117780685427 0.3377078417688608 0.005837202072143555 0.0051695555448532104
0.0 0.4307537615299225 0.3334651319310069 0.006105244159698486 0.005574854090809822
0.0 0.38782509565353396 0.3032049359753728 0.006856441497802734 0.00854506529867649
0.0 0.48119681477546694 0.3549298867583275 0.007873356342315674 0.006538186222314835
0.0 0.4752745866775513 0.34666894283145666 0.005725264549255371 0.005538744851946831
0.0 0.4784319043159485 0.35119529627263546 0.005320072174072266 0.005310371518135071
0.0 0.40301319360733034 0.3049588995054364 0.006360411643981934 0.006566600874066353
0.0 0.4211731791496277 0.3166837655007839 0.005765318870544434 0.005657181143760681
0.0 0.537937068939209 0.3680794835090637 0.007570624351501465 0.007236834615468979
0.0 0.5440402567386627 0.3723782682791352 0.007938802242279053 0.006849037483334541
0.0 0.5418027579784394 0.376669735647738 0.006952464580535889 0.006687400862574577
0.0 0.5462797224521637 0.376545918174088 0.005759775638580322 0.005524160340428352
0.0 0.40270125269889834 0.3005998656153679 0.006618082523345947 0.005734629929065704
0.0 0.40800961256027224 0.30011312011629343 0.008672118186950684 0.007818052545189857
0.0 0.4983042120933533 0.3438432440161705 0.005067229270935059 0.004949480295181274
0.0 0.4926520824432373 0.3467698274180293 0.0077898502349853516 0.007770175114274025
0.0 0.4269465446472168 0.3114402564242482 0.011812090873718262 0.01024109311401844
0.0 0.450421416759491 0.3328372435644269 0.008576273918151855 0.008468320593237877
0.0 0.4568773150444031 0.3380463533103466 0.008450746536254883 0.007900882512331009
