0.0 0.7586876213550567 0.6259843977168202 0.012109458446502686 0.018718717619776726
0.0 0.44751561284065244 0.4307500161230564 0.01065605878829956 0.009234409779310226
0.0 0.4581562042236328 0.43217185512185097 0.009312272071838379 0.008296877145767212
0.0 0.4714843690395355 0.4308750154450536 0.011125266551971436 0.008546875789761543
0.0 0.4913750946521759 0.4292343584820628 0.010312378406524658 0.007140627130866051
0.0 0.47465617060661314 0.40542187448590994 0.007640540599822998 0.0060937609523534775
0.0 0.4803594410419464 0.40943749342113733 0.010500133037567139 0.007453138008713722
0.0 0.4965312838554382 0.41557812597602606 0.013296961784362793 0.008625028654932976
0.0 0.5015311896800995 0.4204843807965517 0.010874927043914795 0.008656259626150131
0.0 0.4923124372959137 0.39506252110004425 0.008203089237213135 0.006484374403953552
0.0 0.5198125004768371 0.407968757674098 0.012031316757202148 0.012375008314847946
0.0 0.49365622401237486 0.4090781109407544 0.00854712724685669 0.006015608087182045
0.0 0.49920312166213987 0.40450000762939453 0.0084686279296875 0.005437508225440979
0.0 0.5042343199253082 0.4003906203433871 0.0086250901222229 0.007437547668814659
0.0 0.49121872186660764 0.4022968662902713 0.007718682289123535 0.005953146144747734
0.0 0.5180313348770141 0.41653124894946814 0.00748443603515625 0.00440618209540844
0.0 0.5130156934261322 0.4200468957424164 0.00915616750717163 0.004937510937452316
0.0 0.9555155396461487 0.2958906088024378 0.00845324993133545 0.007687445729970932
0.0 0.9402343690395355 0.2663124902173877 0.006765782833099365 0.005515610799193382
0.0 0.9288436532020569 0.27334375865757465 0.00696873664855957 0.005593813955783844
0.0 0.9180781602859497 0.27521874848753214 0.005937337875366211 0.00290629081428051
0.0 0.9177030086517334 0.2714531281962991 0.006671905517578125 0.006109351292252541
0.0 0.9103906810283661 0.2779374774545431 0.00732797384262085 0.007281292229890823
0.0 0.8938436865806579 0.2766249720007181 0.008156418800354004 0.006796885281801224
0.0 0.8923749983310699 0.291234377771616 0.0089530348777771 0.008046828210353851
0.0 0.9088125586509704 0.2450312739238143 0.005093693733215332 0.004874998703598976
0.0 0.9025782108306885 0.24598439689725637 0.007890701293945312 0.006781244650483131
0.0 0.9828281164169311 0.21507813222706318 0.00754702091217041 0.0051406379789114
0.0 0.9770000338554382 0.21103125717490911 0.005843639373779297 0.004828127101063728
0.0 0.9619219064712524 0.2126718764193356 0.005968809127807617 0.005890608765184879
0.0 0.850859409570694 0.24965624883770943 0.007765710353851318 0.005312584340572357
0.0 0.8559062540531158 0.2714062314480543 0.006593763828277588 0.006515655666589737
0.0 0.8590624988079071 0.28434372413903475 0.008062541484832764 0.006781244650483131
0.0 0.8528125047683716 0.2879843953996897 0.005031466484069824 0.004828076809644699
0.0 0.8300781905651092 0.29126560874283314 0.008156239986419678 0.007281292229890823
0.0 0.7779687702655792 0.2874999884516001 0.007781088352203369 0.0064375028014183044
0.0 0.765781170129776 0.2902968702837825 0.006578028202056885 0.005374995991587639
0.0 0.7643281280994415 0.2799062356352806 0.004046738147735596 0.00537494570016861
0.0 0.8400937378406524 0.26842188835144043 0.00810939073562622 0.005265612155199051
0.0 0.8340780794620514 0.26589062064886093 0.005921781063079834 0.00520315021276474
0.0 0.8308436930179596 0.2720937402918935 0.005062401294708252 0.0037499796599149704
0.0 0.8241719663143158 0.26696871779859066 0.005734384059906006 0.00429689884185791
0.0 0.7953906118869781 0.26568749360740185 0.007359445095062256 0.0055937133729457855
0.0 0.8004843950271606 0.2640468617901206 0.0055779218673706055 0.0054687391966581345
0.0 0.8049999833106994 0.26550000719726086 0.006046772003173828 0.006265606731176376
0.0 0.8118125259876251 0.26467185840010643 0.0061563849449157715 0.005656275898218155
0.0 0.8175468206405639 0.2641562456265092 0.005203127861022949 0.004609359428286552
0.0 0.8899686992168426 0.22085938230156898 0.00700002908706665 0.006624989211559296
0.0 0.9371718227863312 0.17096874816343188 0.005202949047088623 0.004578103311359882
0.0 0.928343778848648 0.1726718796417117 0.004437625408172607 0.003890644758939743
0.0 0.9215312361717224 0.17279687896370888 0.00435948371887207 0.0038750041276216507
0.0 0.9180312216281891 0.1693593724630773 0.004187643527984619 0.0029843682423233986
0.0 0.9330000042915344 0.1708750049583614 0.004281163215637207 0.003906260244548321
