0.0 0.6227486222516745 0.5899725638329982 0.015678237285465003 0.0172670841217041
0.0 0.6326589724048972 0.5791493829339742 0.01458326205611229 0.019857164472341537
0.0 0.6737518600653857 0.5573090288788081 0.014223634358495474 0.016257313638925554
0.0 0.6405475901439786 0.5696400828659535 0.01608125064522028 0.016973967850208282
0.0 0.6524128193501383 0.5359652258455754 0.013685652147978544 0.013748092949390412
0.0 0.7516123609617352 0.4716587210074067 0.013460598886013031 0.014191890135407448
0.0 0.6648948743473738 0.51663054600358 0.015836792159825565 0.016524983942508696
0.0 0.7223199789877981 0.4121159762144089 0.013377535063773394 0.013508528470993042
0.0 0.7325521324295551 0.3707085594534874 0.013156504835933447 0.012653118371963501
0.0 0.7525980832055211 0.416222308203578 0.012734086252748966 0.012162906676530838
0.0 0.6894192903768271 0.21634560450911522 0.010554153937846422 0.009998669475317001
0.0 0.7218035318423063 0.18829869516193867 0.011676817107945681 0.011631999164819717
0.0 0.8903092233464122 0.08180069196969271 0.012137099541723729 0.011573349311947822
0.0 0.9314850170630962 0.12850197833031415 0.009525677096098662 0.008855152502655983
0.0 0.9225837385281921 0.1595410719513893 0.01103731244802475 0.010774727165699004
0.0 0.9456060640513897 0.15803570356220006 0.010874182358384133 0.009131423011422158
0.0 0.9474378067068756 0.1326215874403715 0.013132603280246258 0.01127176582813263
0.0 0.8892019029241055 0.225260603800416 0.01369085842743516 0.01264815330505371
0.0 0.6838265235535801 0.460349983163178 0.02348189800977707 0.02293501831591129
0.0 0.6833021092228592 0.49278213270008564 0.012154296040534973 0.012395555526018143
0.0 0.7076482890639454 0.47803595047444103 0.014173306990414858 0.015231362357735635
0.0 0.6896824441384524 0.47960047852247956 0.014049776177853347 0.011778690293431282
0.0 0.7070478709414602 0.47040843293070794 0.018570325523614883 0.016895413398742676
0.0 0.7149216192308814 0.4631914421916008 0.01569259399548173 0.01208958327770233
0.0 0.848647115798667 0.21343651860952378 0.013047488499432802 0.012087100744247436
0.0 0.7927678817417473 0.23404695466160774 0.012918278109282255 0.01433228626847267
0.0 0.7064839362166822 0.45767886582762 0.01891914624720812 0.016200171038508415
0.0 0.7989723864011467 0.23051102906465532 0.00990644544363022 0.011411940306425094
0.0 0.8829848558641971 0.19551901072263717 0.010583735071122646 0.010041936486959457
0.0 0.8977765663061291 0.1877256954088807 0.012439773697406054 0.011234394833445549
0.0 0.9921913793310523 0.08562430329620838 0.012344877421855926 0.012551777809858323
0.0 0.9999678994528949 0.0712386203929782 6.420109421014785e-05 0.008331116288900375
0.0 0.9683052847161889 0.09327436313033104 0.009438826888799667 0.011149456724524498
0.0 0.8156804415397346 0.15091983173042536 0.008301333710551261 0.008655308559536935
0.0 0.7989413064904511 0.15746560748666524 0.01081849094480276 0.011558986082673074
0.0 0.7899481686763465 0.17431895080953835 0.008433541655540467 0.009490060433745385
