0.0 0.37279688119888305 0.9977656584233046 0.025156259536743164 0.004468683153390884
0.0 0.019687506556510925 0.7890469208359718 0.01215621829032898 0.017265647649765015
0.0 0.08857812285423279 0.9316249545663595 0.011593759059906006 0.018124926835298538
0.0 0.0018398404121398927 0.9587812647223473 0.0036796808242797853 0.011968754231929779
0.0 0.003464856743812561 0.9425781238824129 0.006929713487625122 0.014062587171792984
0.0 0.010078155994415283 0.9613281227648258 0.020156311988830566 0.012671828269958496
0.0 0.02434377670288086 0.9491093698889017 0.011890590190887451 0.017749954015016556
0.0 0.05073438882827759 0.9453906212002039 0.01692187786102295 0.020468708127737045
0.0 0.06928123831748963 0.937531279399991 0.012046873569488525 0.021265525370836258
0.0 0.3385000109672546 0.9229374639689922 0.014609277248382568 0.015656322240829468
0.0 0.3693437159061432 0.8168906141072512 0.013562500476837158 0.012499932199716568
0.0 0.426468688249588 0.7941875085234642 0.013187527656555176 0.012203112244606018
0.0 0.45723438560962676 0.7377968970686197 0.01482805609703064 0.01673426851630211
0.0 0.6095780909061432 0.7744218744337559 0.016734302043914795 0.009328052401542664
0.0 0.583203125 0.7685625217854977 0.01387488842010498 0.010781273245811462
0.0 0.5124687135219574 0.7405312415212393 0.015999913215637207 0.017546776682138443
0.0 0.5103437334299088 0.7252343520522118 0.013843685388565063 0.010859325528144836
0.0 0.09321874678134918 0.7414531335234642 0.011968642473220825 0.014093667268753052
0.0 0.07196881175041199 0.7443906050175428 0.012015581130981445 0.012984339147806168
0.0 0.3831874459981918 0.5729375518858433 0.012546926736831665 0.012593775987625122
0.0 0.517968761920929 0.46354687586426735 0.008234381675720215 0.013703104108572006
0.0 0.5252344191074372 0.45925002731382847 0.008406221866607666 0.009281281381845474
0.0 0.6198281526565552 0.42248438484966755 0.01275014877319336 0.011031322181224823
0.0 0.6549844026565552 0.38010936323553324 0.011921882629394531 0.010531274601817131
0.0 0.6861405849456788 0.355765625834465 0.01028144359588623 0.01535940170288086
0.0 0.7604531526565552 0.34668749663978815 0.010484576225280762 0.009046873077750206
0.0 0.6939062058925629 0.34753123577684164 0.01162487268447876 0.012484392151236534
0.0 0.6656719326972962 0.3070781258866191 0.01048421859741211 0.010734351351857185
0.0 0.6710311651229859 0.24487500824034214 0.009812593460083008 0.010906197130680084
0.0 0.7437499642372132 0.25110935885459185 0.009406328201293945 0.010843785479664803
0.0 0.7736405909061432 0.261359378695488 0.00907820463180542 0.009218718856573105
0.0 0.8029374659061432 0.25512500293552876 0.009437620639801025 0.00943748652935028
0.0 0.7625155925750733 0.17439062893390656 0.009453177452087402 0.00756252184510231
0.0 0.7614218771457673 0.18514059577137232 0.0112343430519104 0.00918748788535595
0.0 0.7292968809604645 0.1693906057626009 0.012468874454498291 0.01040630042552948
0.0 0.589812445640564 0.13948438595980406 0.007984399795532227 0.006312528625130653
0.0 0.5613438367843628 0.14612501580268145 0.012328147888183594 0.006374990567564964
0.0 0.6022343814373017 0.1287968810647726 0.014062464237213135 0.006500015035271645
0.0 0.7783594012260437 0.20378123596310616 0.010203123092651367 0.009031232446432114
0.0 0.7859843850135804 0.1975937569513917 0.01165616512298584 0.009906252846121788
0.0 0.7808905124664307 0.2196250194683671 0.009187459945678711 0.011468706652522087
0.0 0.7894218146800995 0.22110934555530548 0.00700002908706665 0.015374992042779922
0.0 0.7952811896800995 0.22348438296467066 0.007734239101409912 0.008625028654932976
0.0 0.8437656939029694 0.16003124695271254 0.009890735149383545 0.00821867398917675
0.0 0.9021875143051148 0.1261874856427312 0.009390592575073242 0.008375030010938644
0.0 0.9339530944824219 0.11162498919293284 0.00859379768371582 0.007968750782310963
0.0 0.8737812221050263 0.12393749784678221 0.006703197956085205 0.008453132584691048
0.0 0.8591875910758973 0.1721093850210309 0.009687423706054688 0.005921864882111549
0.0 0.864546823501587 0.17581249307841063 0.0071718692779541016 0.00737498514354229
0.0 0.8823125243186951 0.17765627708286047 0.006515622138977051 0.007812520489096642
0.0 0.8928593277931214 0.17768750805407763 0.00906229019165039 0.007718777284026146
0.0 0.9039843261241913 0.17476562689989805 0.007296860218048096 0.008921848610043526
0.0 0.8921718776226044 0.1577187469229102 0.010109245777130127 0.008187493309378624
0.0 0.8653906464576722 0.16243749018758535 0.007140755653381348 0.008421851322054863
0.0 0.8730156302452088 0.16409373749047518 0.008640646934509277 0.006656220182776451
0.0 0.8542500913143158 0.19448436424136162 0.006781160831451416 0.015953142195940018
0.0 0.8492969453334809 0.19909374881535769 0.008203089237213135 0.008843796327710152
0.0 0.9836250126361847 0.205249996855855 0.0089530348777771 0.010359328240156174
0.0 0.9563280820846558 0.18774999119341373 0.0063593387603759766 0.008671849966049194
0.0 0.9620936691761017 0.18628125544637442 0.008843600749969482 0.006921859458088875
0.0 0.976718682050705 0.19153122697025537 0.007734239101409912 0.01064060814678669
0.0 0.9736406683921814 0.17698438372462988 0.008640646934509277 0.009640613570809364
0.0 0.9966211259365082 0.18649999797344208 0.006757748126983642 0.008999951183795929
0.0 0.9983710885047913 0.1787343742325902 0.0032578229904174803 0.008937539532780647
0.0 0.9983750224113465 0.15173436980694532 0.0032499551773071287 0.008359389379620552
0.0 0.9993163883686066 0.098000000230968 0.0013672232627868653 0.007343754172325134
0.0 0.994234311580658 0.09649999579414725 0.0069844722747802734 0.006843731738626957
0.0 0.9846718788146973 0.09782812930643559 0.007843494415283203 0.00701560266315937
0.0 0.9945780813694001 0.10707811685279012 0.006453216075897217 0.005937480367720127
0.0 0.9817499697208405 0.11032811179757118 0.007124841213226318 0.006546836346387863
0.0 0.9974218547344208 0.12209375156089664 0.005156290531158447 0.004812461324036121
0.0 0.9991601943969727 0.11509375181049109 0.0016796112060546875 0.005171868950128555
0.0 0.9887967586517334 0.11193751264363527 0.0054531097412109375 0.0063281189650297165
0.0 0.9920782625675202 0.11742187989875674 0.007046878337860107 0.005812506191432476
