0.0 0.25601610243320466 0.3692568432539701 0.022430509328842163 0.011409413069486618
0.0 0.23003966808319093 0.44884336590766905 0.018459320068359375 0.016975566744804382
0.0 0.19113230407238008 0.46483503133058546 0.015110224485397339 0.020798519253730774
0.0 0.36163170337677003 0.42629420235753057 0.012032926082611084 0.019359581172466278
0.0 0.4013416737318039 0.3351506110280752 0.013549178838729858 0.013595681637525558
0.0 0.4088267356157303 0.25172579698264597 0.011960774660110474 0.012625660747289658
0.0 0.36564862430095674 0.3179246935993433 0.017527788877487183 0.013122539967298508
0.0 0.2845753699541092 0.36385841146111486 0.016145557165145874 0.01095186173915863
0.0 0.20235748291015626 0.5184266738593578 0.01895982027053833 0.015559159219264984
0.0 0.1408893883228302 0.5341305717825889 0.021644890308380127 0.00952640175819397
0.0 0.14829085469245912 0.5155991896986961 0.016916871070861816 0.0173652246594429
0.0 0.142521870136261 0.5246630612760782 0.02095484733581543 0.01511186733841896
0.0 0.26415289640426637 0.4252531699836254 0.02091515064239502 0.018720075488090515
0.0 0.2729915797710419 0.4067528177052736 0.012286126613616943 0.015284869819879532
0.0 0.30246360301971437 0.40367669276893137 0.017710447311401367 0.022919710725545883
0.0 0.30337001085281373 0.38757609613239763 0.017889440059661865 0.014797847718000412
0.0 0.6338941574096679 0.09591732304543257 0.010579347610473633 0.011986004188656807
0.0 0.6844850450754165 0.09206673540174962 0.013026505708694458 0.012933745980262756
0.0 0.7093899369239807 0.09086389038711787 0.015511751174926758 0.00866425596177578
0.0 0.7826943516731262 0.08616207018494607 0.01562798023223877 0.007853105664253235
0.0 0.7528828054666519 0.06542065683752299 0.011002689599990845 0.00919402576982975
0.0 0.8362900733947753 0.00579235926270485 0.009811162948608398 0.010274939239025116
0.0 0.8832138001918792 0.0009881231933832168 0.011009037494659424 0.0019762463867664336
0.0 0.8721023917198181 0.00892496146261692 0.007700800895690918 0.014532912522554398
0.0 0.7744357407093048 0.03132076133042574 0.009353578090667725 0.008379707112908363
0.0 0.4326917797327042 0.006982329674065113 0.008609801530838013 0.010418320074677467
0.0 0.5198531568050384 0.017210598476231097 0.00977468490600586 0.00979028083384037
0.0 0.5264951109886169 0.012734335288405419 0.009967625141143799 0.010292239487171173
0.0 0.53775095641613 0.012245175801217556 0.009347230195999146 0.007785966619849205
0.0 0.5349140733480453 0.01743391752243042 0.006674140691757202 0.007632426917552948
0.0 0.6155370742082595 0.06048490609973669 0.008223563432693481 0.009351840242743492
0.0 0.6064640551805496 0.06288813184946776 0.007900446653366089 0.01128554530441761
0.0 0.5964216858148574 0.06387469861656428 0.007114917039871216 0.010871043428778648
0.0 0.5814943432807922 0.06430901531130076 0.006774187088012695 0.00822722353041172
0.0 0.5730948269367218 0.06948525961488486 0.011369168758392334 0.00841682218015194
0.0 0.5586555123329162 0.06372136007994414 0.00975412130355835 0.010789873078465462
0.0 0.5606580942869186 0.09129116628319026 0.007524222135543823 0.009703679010272026
0.0 0.5522679656744003 0.09412362929433585 0.009516388177871704 0.010474847629666328
0.0 0.5737186193466186 0.009613476134836674 0.008107960224151611 0.01024109311401844
0.0 0.61683329641819 8.07151198387146e-05 0.006411999464035034 0.0001614302396774292
0.0 0.6854169338941574 0.13356341738253832 0.007834285497665405 0.006551312282681465
0.0 0.6791865646839141 0.140466015227139 0.009118974208831787 0.006893092766404152
0.0 0.7834198892116546 0.03724514078348875 0.007658600807189941 0.010579956695437431
0.0 0.8959449052810669 0.015023676119744778 0.007005929946899414 0.0065268706530332565
0.0 0.9114419043064117 0.01684550791978836 0.006567656993865967 0.006444040685892105
