0.0 0.3455803692340851 0.663672311231494 0.008844316005706787 0.010954778641462326
0.0 0.3412386327981949 0.6697504315525293 0.011389106512069702 0.013106446713209152
0.0 0.3897540271282196 0.999169310554862 0.01566624641418457 0.0016613788902759552
0.0 0.2241523414850235 0.8273920528590679 0.015141159296035767 0.01645193248987198
0.0 0.44002658128738403 0.6049748575314879 0.01304858922958374 0.01210489310324192
0.0 0.46609067916870117 0.551483646966517 0.01239001750946045 0.01064654253423214
0.0 0.46335889399051666 0.4626091793179512 0.013712435960769653 0.013397835195064545
0.0 0.5683607161045074 0.48820341285318136 0.010918200016021729 0.010197238996624947
0.0 0.49730032682418823 0.5156870447099209 0.015874385833740234 0.011129088699817657
0.0 0.5019417554140091 0.5079357288777828 0.008185654878616333 0.00800216943025589
0.0 0.4545307159423828 0.3915992043912411 0.011386692523956299 0.011098410934209824
0.0 0.5258299559354782 0.38353316485881805 0.010751456022262573 0.010790728032588959
0.0 0.5922282636165619 0.3768100570887327 0.01282811164855957 0.010350678116083145
0.0 0.5637969821691513 0.38963454496115446 0.011872261762619019 0.010915299877524376
0.0 0.31866922974586487 0.3031205553561449 0.011902391910552979 0.007327459752559662
0.0 0.34247276186943054 0.2926088944077492 0.009258270263671875 0.00790802389383316
0.0 0.3580278754234314 0.2771992515772581 0.012844741344451904 0.007470186799764633
0.0 0.49536868929862976 0.2979266084730625 0.010061502456665039 0.009025901556015015
0.0 0.5268530398607254 0.29732957389205694 0.009371548891067505 0.009253470227122307
0.0 0.5307600796222687 0.31175083946436644 0.008343994617462158 0.009444979950785637
0.0 0.5578801184892654 0.31979550514370203 0.010866254568099976 0.009057233110070229
0.0 0.5544142127037048 0.3257094491273165 0.008090972900390625 0.010765179991722107
0.0 0.5620822012424469 0.34273746982216835 0.007386445999145508 0.011096198111772537
0.0 0.5683979988098145 0.33884136844426394 0.004831910133361816 0.005094168707728386
0.0 0.5710371136665344 0.3457269426435232 0.006512939929962158 0.008518662303686142
0.0 0.5777522474527359 0.34488358069211245 0.0075401365756988525 0.009021325036883354
0.0 0.5997606664896011 0.2687917836010456 0.011746376752853394 0.00888870656490326
0.0 0.6626621782779694 0.22135188803076744 0.0098227858543396 0.008944530040025711
0.0 0.691119521856308 0.20035310834646225 0.01054161787033081 0.009506184607744217
0.0 0.6333764791488647 0.223528022877872 0.008176445960998535 0.00843844749033451
0.0 0.6749839782714844 0.271920588798821 0.009981393814086914 0.009693017229437828
0.0 0.6587727963924408 0.25618661660701036 0.009288132190704346 0.008803160861134529
0.0 0.6256363391876221 0.26684766821563244 0.010056495666503906 0.009191259741783142
0.0 0.6278843879699707 0.2794974436983466 0.009014725685119629 0.00879189558327198
0.0 0.6177617311477661 0.27902374882251024 0.007466554641723633 0.007938550785183907
0.0 0.6343297362327576 0.2679013488814235 0.01043701171875 0.009611142799258232
0.0 0.6570009291172028 0.2795435357838869 0.01823633909225464 0.018550995737314224
0.0 0.6680431365966797 0.27899294532835484 0.007815957069396973 0.007055584341287613
0.0 0.6268113255500793 0.3057985231280327 0.006641864776611328 0.009866472333669662
0.0 0.6310350894927979 0.3019664930179715 0.008892416954040527 0.010675309225916862
0.0 0.6352072656154633 0.2967515494674444 0.008116185665130615 0.00913875550031662
0.0 0.9730828106403351 0.5934804016724229 0.012216389179229736 0.010695727542042732
0.0 0.7649787962436676 0.29119102843105793 0.010319530963897705 0.009034853428602219
0.0 0.7539779841899872 0.2764693973585963 0.011192142963409424 0.010510353371500969
0.0 0.7470861375331879 0.2623738441616297 0.009209096431732178 0.009576089680194855
0.0 0.7324847280979156 0.2768805045634508 0.00919121503829956 0.010554458945989609
0.0 0.7391188144683838 0.2750854529440403 0.011299610137939453 0.010722935199737549
0.0 0.773582249879837 0.2684902362525463 0.010945737361907959 0.009582526981830597
0.0 0.7765159606933594 0.2594805033877492 0.011227011680603027 0.009942060336470604
0.0 0.7979540526866913 0.24910596199333668 0.010219752788543701 0.00997067615389824
0.0 0.810194581747055 0.24707796052098274 0.010099947452545166 0.00888076052069664
0.0 0.8300447165966034 0.24990257807075977 0.008028209209442139 0.008853703737258911
0.0 0.8417170643806458 0.24443655461072922 0.009785056114196777 0.006403002887964249
0.0 0.7578967809677124 0.23410785384476185 0.009004712104797363 0.007628101855516434
0.0 0.7706166207790375 0.23440940119326115 0.009490907192230225 0.008547026664018631
0.0 0.789425790309906 0.22963229473680258 0.00959479808807373 0.00783826969563961
0.0 0.7944721877574921 0.22194608114659786 0.007843315601348877 0.008931353688240051
0.0 0.7714986205101013 0.21008102782070637 0.00942850112915039 0.008235722780227661
0.0 0.8212745189666748 0.1590349986217916 0.009087681770324707 0.008576522581279278
0.0 0.766584187746048 0.17106451746076345 0.007135212421417236 0.007344961166381836
0.0 0.9076836705207825 0.18050792580470443 0.010778188705444336 0.0100703788921237
0.0 0.9329830706119537 0.17549046408385038 0.00870734453201294 0.009650973603129387
0.0 0.9268365204334259 0.11561065912246704 0.008813560009002686 0.008957656100392342
0.0 0.9965356290340424 0.15720606315881014 0.006928741931915283 0.010374164208769798
0.0 0.7302373051643372 0.1927684205584228 0.006188750267028809 0.0059789204970002174
0.0 0.7375605404376984 0.17601397261023521 0.006847679615020752 0.006742922589182854
0.0 0.7468762993812561 0.17303831735625863 0.0052034854888916016 0.005256081931293011
0.0 0.7554797530174255 0.17339446861296892 0.005949854850769043 0.00589747354388237
0.0 0.7486098110675812 0.18416988290846348 0.005304872989654541 0.005226133391261101
0.0 0.7457904517650604 0.1910130362957716 0.0049079060554504395 0.005196260288357735
0.0 0.7403152585029602 0.19607770908623934 0.006134748458862305 0.005623636767268181
0.0 0.7553045153617859 0.20186685491353273 0.0068836212158203125 0.006084205582737923
0.0 0.7990613579750061 0.2582937264814973 0.006122231483459473 0.005440576002001762
0.0 0.8045800030231476 0.2636368377134204 0.0057411789894104 0.006711138412356377
0.0 0.8252193331718445 0.19707634579390287 0.007789492607116699 0.007081786170601845
0.0 0.8219329118728638 0.20907892100512981 0.00676274299621582 0.007077209651470184
0.0 0.811361163854599 0.21377769857645035 0.008760631084442139 0.007213801145553589
0.0 0.8049056231975555 0.21080472134053707 0.004846394062042236 0.005186956375837326
0.0 0.8047884106636047 0.20450119487941265 0.007398247718811035 0.005694195628166199
0.0 0.7935057878494263 0.2016904829069972 0.0058057308197021484 0.005543572828173637
0.0 0.7576239109039307 0.1918281470425427 0.004546165466308594 0.004899968393146992
0.0 0.7627568542957306 0.1888855709694326 0.004797399044036865 0.005164400674402714
0.0 0.7724061012268066 0.19218075275421143 0.004884123802185059 0.005539800971746445
0.0 0.8207978904247284 0.17905083252117038 0.0053688883781433105 0.006745261140167713
0.0 0.8328680992126465 0.17673259926959872 0.006333589553833008 0.005940497852861881
0.0 0.8303499519824982 0.2012139717116952 0.007630884647369385 0.00683133490383625
0.0 0.8387932777404785 0.202495195902884 0.007794857025146484 0.007414614781737328
0.0 0.8405912518501282 0.20946070831269026 0.007042050361633301 0.004538347944617271
0.0 0.8380925953388214 0.21372680366039276 0.0064446330070495605 0.005776170641183853
0.0 0.8462810218334198 0.21123800706118345 0.005792677402496338 0.004560476168990135
0.0 0.8492922484874725 0.20305410958826542 0.008461296558380127 0.007228787988424301
0.0 0.8534814119338989 0.19930631760507822 0.00591588020324707 0.005273507907986641
0.0 0.8629777729511261 0.19470720505341887 0.00816410779953003 0.0065649161115288734
0.0 0.8667711317539215 0.19721424486488104 0.009917914867401123 0.0059852320700883865
0.0 0.881328821182251 0.1990073351189494 0.008164644241333008 0.007863113656640053
0.0 0.7826362252235413 0.19649415975436568 0.011688709259033203 0.009604529477655888
0.0 0.8537009060382843 0.17686408618465066 0.009454786777496338 0.008707632310688496
0.0 0.9084866344928741 0.1544057740829885 0.006944596767425537 0.006485858000814915
0.0 0.905950516462326 0.15894620912149549 0.007139861583709717 0.00687772873789072
0.0 0.8958438634872437 0.15565707487985492 0.006555318832397461 0.006306217052042484
0.0 0.8466290831565857 0.15844992082566023 0.006368279457092285 0.006368352100253105
0.0 0.8501251637935638 0.1553444005548954 0.006726443767547607 0.007237790152430534
0.0 0.8530292809009552 0.15093790413811803 0.008089721202850342 0.008863083086907864
0.0 0.8660984337329865 0.15177124552428722 0.009179413318634033 0.00948098860681057
0.0 0.8677523732185364 0.1602915171533823 0.008611321449279785 0.006526971235871315
0.0 0.878007709980011 0.16706637479364872 0.007431507110595703 0.006710585206747055
0.0 0.879775732755661 0.16079333750531077 0.007609426975250244 0.005892268382012844
0.0 0.886775940656662 0.1557821873575449 0.005297720432281494 0.006176037713885307
0.0 0.9182261824607849 0.16080049145966768 0.005835056304931641 0.006136709824204445
0.0 0.9264542162418365 0.14522063732147217 0.007355153560638428 0.006804630160331726
0.0 0.9051834940910339 0.13979821652173996 0.005849003791809082 0.0064255837351083755
0.0 0.8963464200496674 0.14082074165344238 0.005881369113922119 0.00664183683693409
0.0 0.953293114900589 0.17310936655849218 0.006208956241607666 0.005514051765203476
0.0 0.8785113394260406 0.12667605374008417 0.0069803595542907715 0.006521489471197128
0.0 0.8802902698516846 0.1319535095244646 0.00541234016418457 0.005438664928078651
0.0 0.884432315826416 0.12601621774956584 0.007944345474243164 0.007105247117578983
0.0 0.8906684517860413 0.12472391687333584 0.0061751604080200195 0.006188157945871353
0.0 0.8985679149627686 0.12335351342335343 0.006769537925720215 0.00513105746358633
0.0 0.904789924621582 0.1271836324594915 0.006252765655517578 0.006003714166581631
0.0 0.9534359872341156 0.1350335320457816 0.006161391735076904 0.0063974205404520035
0.0 0.9563519060611725 0.12757520144805312 0.005795180797576904 0.0068702856078743935
0.0 0.96381014585495 0.1330986451357603 0.005978822708129883 0.0056905243545770645
0.0 0.9609793424606323 0.14174512308090925 0.007372140884399414 0.007712893187999725
0.0 0.9748449325561523 0.13875987473875284 0.006062507629394531 0.007439056411385536
0.0 0.9857470393180847 0.14020591648295522 0.009275078773498535 0.007321902550756931
0.0 0.9577535390853882 0.1763687408529222 0.006091117858886719 0.004937787540256977
0.0 0.960046648979187 0.1726237148977816 0.006961941719055176 0.006699847988784313
0.0 0.9676832556724548 0.1739006768912077 0.0071125030517578125 0.006496192887425423
0.0 0.9383621513843536 0.12941518845036626 0.006708204746246338 0.006918012164533138
0.0 0.9605766534805298 0.15974280005320907 0.007938265800476074 0.008160964585840702
0.0 0.9629131257534027 0.15722385374829173 0.008325040340423584 0.008023266680538654
0.0 0.9829786419868469 0.07633768767118454 0.006730556488037109 0.00616663321852684
0.0 0.9887886643409729 0.08057787036523223 0.006432652473449707 0.0053969984874129295
0.0 0.9788902401924133 0.09201747085899115 0.006116151809692383 0.00549997016787529
0.0 0.9939444065093994 0.10971243120729923 0.007579207420349121 0.0066876523196697235
0.0 0.9975995719432831 0.07537299767136574 0.004800856113433838 0.007231654599308968
0.0 0.9977282285690308 0.08036014623939991 0.0045435428619384766 0.004918048158288002
0.0 0.9281512498855591 0.07734150439500809 0.005478501319885254 0.005176998674869537
0.0 0.9271008968353271 0.059974833857268095 0.0070427656173706055 0.005338459275662899
0.0 0.9345738887786865 0.05860582599416375 0.0065528154373168945 0.005792590789496899
0.0 0.9570021629333496 0.05716813262552023 0.005445957183837891 0.004960745573043823
0.0 0.9567596018314362 0.06297304481267929 0.005756556987762451 0.004721006378531456
0.0 0.9710353910923004 0.0541416578926146 0.006838023662567139 0.006379139609634876
0.0 0.997217446565628 0.052523921243846416 0.0055651068687438965 0.0056329406797885895
0.0 0.9996146261692047 0.053381264209747314 0.0007707476615905762 0.0053122323006391525
0.0 0.997955858707428 0.06204222608357668 0.004088282585144043 0.006234526634216309
0.0 0.9998306334018707 0.06160469073802233 0.0003387331962585449 0.008153395727276802
0.0 0.8695751130580902 0.08479198953136802 0.006484329700469971 0.008529399521648884
0.0 0.811415433883667 0.26160589419305325 0.006287097930908203 0.005933482199907303
0.0 0.8146053850650787 0.2594001377001405 0.0054822564125061035 0.005600200966000557
0.0 0.8185891807079315 0.2617045156657696 0.005429327487945557 0.00584879145026207
0.0 0.96232670545578 0.05914295092225075 0.005084037780761719 0.004664428532123566
0.0 0.9234013259410858 0.08166413987055421 0.006961047649383545 0.00609589833766222
