0.0 0.18650712668895722 0.4554883087053895 0.010708719491958618 0.012055406346917152
0.0 0.179635888338089 0.4584177084267139 0.013534069061279297 0.014629773795604706
0.0 0.041046103835105895 0.7901644002646208 0.02477404475212097 0.02500821277499199
0.0 0.11076565682888032 0.8568240165710449 0.019028574228286743 0.016661547124385834
0.0 0.04595919549465179 0.7708588823676109 0.017978936433792114 0.017895296216011047
0.0 0.14027138650417328 0.8754708174616098 0.020240217447280884 0.016493070870637894
0.0 0.0032365947961807253 0.5320615455508232 0.0064731895923614505 0.018580365926027298
0.0 0.29770315289497373 0.45453837923705576 0.014761269092559814 0.014159146696329117
0.0 0.3478034645318985 0.4224353045225143 0.013799518346786499 0.012687016278505325
0.0 0.39173724353313444 0.3451310064643621 0.015685468912124634 0.015484727919101715
0.0 0.46806535720825193 0.42164547778666017 0.012368917465209961 0.01190880686044693
0.0 0.3930856794118881 0.40811882112175224 0.017037659883499146 0.014009831473231316
0.0 0.40108380317687986 0.4039168724790215 0.009364664554595947 0.009247535839676857
0.0 0.4211659491062164 0.27990597803145645 0.013018190860748291 0.012834219262003899
0.0 0.48624116778373716 0.310135999135673 0.012371599674224854 0.012396683916449547
0.0 0.5464327991008758 0.33896125517785547 0.014115393161773682 0.01253463327884674
0.0 0.5154817163944244 0.3351102903485298 0.01340550184249878 0.012794740498065948
0.0 0.3512257844209671 0.13363505797460676 0.012514382600784302 0.009595225565135479
0.0 0.37702170610427854 0.13705166839063168 0.010299324989318848 0.009437788277864456
0.0 0.3983247488737106 0.13199240192770959 0.013393253087997437 0.009963937103748322
0.0 0.5047979414463043 0.22118644639849663 0.011303365230560303 0.01064256951212883
0.0 0.5319905340671539 0.23706681691110135 0.010744750499725342 0.010669425129890442
0.0 0.5278190732002258 0.2514137769117951 0.009875178337097168 0.010577743873000145
0.0 0.5467866718769073 0.27240058723837135 0.01203078031539917 0.010876474902033806
0.0 0.5407486617565155 0.27564571648836134 0.009986937046051025 0.011693157255649567
0.0 0.5384313225746155 0.29417624361813066 0.009441733360290527 0.011808827519416809
0.0 0.5458521008491516 0.2941375695168972 0.0056226253509521484 0.005789950489997864
0.0 0.5445208311080932 0.30139042194932697 0.008001565933227539 0.009281231090426445
0.0 0.5506933987140655 0.30416610594838855 0.009048163890838623 0.009993357583880424
0.0 0.6090962648391723 0.25065505541861055 0.012774467468261719 0.010950956493616104
0.0 0.6874985754489898 0.2428954415023327 0.011069118976593018 0.010508693754673004
0.0 0.7227273344993591 0.239780692756176 0.011855363845825195 0.01119476929306984
0.0 0.6613613426685333 0.22950799148529769 0.009468019008636475 0.009635182097554207
0.0 0.6716941058635711 0.2924862004816532 0.011402428150177002 0.01121840626001358
0.0 0.666043496131897 0.27061310447752474 0.010555028915405273 0.010245569050312042
0.0 0.63220134973526 0.2624654922634363 0.011341094970703125 0.010789018124341965
0.0 0.62753546833992 0.27443628329783676 0.010307729244232178 0.010165555402636528
0.0 0.6191392600536346 0.2687622545287013 0.008705556392669678 0.009006639942526817
0.0 0.6390754044055938 0.26789077967405317 0.011788666248321533 0.011261757463216782
0.0 0.6523715615272522 0.28963316828012464 0.02104783058166504 0.021248627454042435
0.0 0.6620862543582916 0.29491140358150003 0.008791744709014893 0.008306734263896942
0.0 0.6129275321960449 0.2963339215144515 0.008461475372314453 0.010519003495573997
0.0 0.6185286104679107 0.2952608535066247 0.01068037748336792 0.0118179302662611
0.0 0.6248057842254638 0.2929802382364869 0.009593367576599121 0.01024571992456913
0.0 0.7588175296783447 0.7222223024815321 0.01365673542022705 0.012686613947153091
0.0 0.7385011374950409 0.3557889902964234 0.011536180973052979 0.010716548189520836
0.0 0.7367721855640411 0.33749267030507324 0.012693822383880615 0.012258784845471382
0.0 0.7382257640361786 0.32186989244073627 0.010682165622711182 0.01091630570590496
0.0 0.7182070076465606 0.3266546934843063 0.010916411876678467 0.011786296963691711
0.0 0.7248057782649994 0.32857567481696603 0.012844383716583252 0.012476295232772827
0.0 0.7576644480228424 0.3408855305984616 0.012236058712005615 0.011366313323378563
0.0 0.7648595631122589 0.33472010437399147 0.012579381465911865 0.011759692803025246
0.0 0.7885643899440765 0.33702237010002134 0.011686384677886963 0.011527597904205322
0.0 0.8000712454319 0.3416630359366536 0.011300504207611084 0.010522624477744102
0.0 0.8155492007732391 0.3544082896783948 0.009441554546356201 0.009968413040041924
0.0 0.8283606827259063 0.3558177318423986 0.010385334491729736 0.008227173238992691
0.0 0.7621706485748291 0.30336383208632467 0.010001063346862793 0.009122662246227264
0.0 0.7728740036487579 0.3102429689839482 0.010670721530914307 0.010068492963910103
0.0 0.7914204955101013 0.3159558981657028 0.010582208633422852 0.009461525827646255
0.0 0.7997304260730743 0.31202034316956995 0.00929635763168335 0.009990591555833817
0.0 0.7862919330596924 0.28993023969233034 0.010535359382629395 0.009774237871170044
0.0 0.8553648054599762 0.2722587402909994 0.010317742824554443 0.00999169796705246
0.0 0.80240718126297 0.2540590552613139 0.008257627487182617 0.008391274139285088
0.0 0.9179637193679809 0.3355754356831312 0.012211203575134277 0.011759642511606216
0.0 0.9421767354011535 0.3444618539884686 0.010252833366394043 0.010854849591851234
0.0 0.9681008219718933 0.29013583101332185 0.010170221328735352 0.010262265801429749
0.0 0.7600750386714935 0.253668743558228 0.007061898708343506 0.006927995011210442
0.0 0.7750498116016388 0.24317589160054923 0.007846534252166748 0.007779529318213463
0.0 0.784552788734436 0.24548482093960047 0.005996346473693848 0.0060297902673482895
0.0 0.7917131245136261 0.25026768576353786 0.006827652454376221 0.006794119253754616
0.0 0.7802380979061126 0.25589152369648216 0.006079137325286865 0.006028885021805763
0.0 0.7742683947086334 0.2602665754035115 0.005716502666473389 0.005900641903281212
0.0 0.7669570505619049 0.2617405666038394 0.006922781467437744 0.006596574559807777
0.0 0.7767413020133972 0.2744865495711565 0.007710099220275879 0.00719992071390152
0.0 0.7847269535064697 0.3454435173422098 0.006864666938781738 0.006429757922887802
0.0 0.7866572499275207 0.3528783744201064 0.0068492889404296875 0.007468024268746376
0.0 0.8389293909072876 0.3067925753071904 0.008775115013122559 0.00832338072359562
0.0 0.8298750579357147 0.31532966941595075 0.007855832576751709 0.008056584745645523
0.0 0.8184027135372162 0.31383810136467216 0.009676873683929443 0.00868990458548069
0.0 0.8144385874271393 0.30793914422392843 0.005659282207489014 0.005876552313566208
0.0 0.8176200449466705 0.3024960787966847 0.008070409297943115 0.006983013823628426
0.0 0.8094499468803406 0.2942227380350232 0.006608247756958008 0.006440872326493263
0.0 0.7839476823806762 0.26712282970547674 0.005317568778991699 0.005543220788240433
0.0 0.7898620426654815 0.26728250496089456 0.005609571933746338 0.005843862891197205
0.0 0.7963853538036346 0.27511916533112524 0.005783379077911377 0.006201736629009247
0.0 0.8445381581783294 0.28910045642405746 0.006525099277496338 0.007403349503874779
0.0 0.856050556898117 0.2934045972302556 0.007181704044342041 0.00693071074783802
0.0 0.8411559820175171 0.31299622301012275 0.008569121360778809 0.008058948442339897
0.0 0.8476981580257416 0.3184855816885829 0.008865058422088623 0.008622312918305397
0.0 0.8456070184707641 0.32536876704543827 0.007456183433532715 0.005858598276972771
0.0 0.8412528991699219 0.32771043609827755 0.00723874568939209 0.006812224164605141
0.0 0.849539852142334 0.3298482237383723 0.006345033645629883 0.005558660253882408
0.0 0.8563713490962982 0.32442831750959156 0.009412944316864014 0.008626637980341911
0.0 0.8618990242481231 0.3234091619029641 0.006637394428253174 0.006227636709809303
0.0 0.8724013030529022 0.3244260041043162 0.008977711200714111 0.007957259193062782
0.0 0.8743350863456726 0.32854130063205955 0.010396957397460938 0.007887756451964378
0.0 0.8858312129974365 0.3376507362350821 0.009310126304626465 0.009117783978581429
0.0 0.8028744220733642 0.2841275906190276 0.012906074523925781 0.011576129123568535
0.0 0.8737694978713989 0.30436199102550743 0.010679483413696289 0.010202771052718163
0.0 0.9322376310825348 0.313707092218101 0.007867276668548584 0.0075745414942502975
0.0 0.9277085423469543 0.3162634804844856 0.00814211368560791 0.007974810898303986
0.0 0.9207916617393493 0.30819394569844005 0.007473349571228027 0.007314333692193031
0.0 0.8773174345493316 0.2849582539871335 0.00732189416885376 0.007322078570723534
0.0 0.8819191217422485 0.2841267608106136 0.007864594459533691 0.008190862834453583
0.0 0.8866925597190857 0.2818761946633458 0.009498953819274902 0.009992552921175957
0.0 0.8974173724651336 0.2893912414088845 0.010631382465362549 0.010823668912053108
0.0 0.8943941652774811 0.29752700999379156 0.009367525577545166 0.00803767517209053
0.0 0.8996233999729156 0.3086501894518733 0.008360087871551514 0.007900027558207512
0.0 0.9043985366821289 0.3042145617306232 0.008309483528137207 0.007214002311229706
0.0 0.9129841089248657 0.3035801354795694 0.006315708160400391 0.006876245141029358
0.0 0.937224394083023 0.32423715982586143 0.006786167621612549 0.006978588178753853
0.0 0.9523600995540619 0.3152182487770915 0.008315742015838623 0.007964501157402992
0.0 0.9370216190814972 0.29951540697365997 0.006872355937957764 0.007240304723381996
0.0 0.9289441466331482 0.29578805845230816 0.006956934928894043 0.007441973313689232
0.0 0.9607572913169861 0.35300178956240413 0.006960868835449219 0.006517617031931877
0.0 0.9210797309875488 0.2744265267625451 0.007908225059509277 0.007615579292178154
0.0 0.9198513686656952 0.2798586286604404 0.006229698657989502 0.006246395409107208
0.0 0.9264786601066589 0.27694549821317194 0.008919239044189453 0.008383981883525848
0.0 0.9324759900569916 0.27908856645226476 0.007103383541107178 0.007111608982086182
0.0 0.9399339616298675 0.28203076533973215 0.007364094257354736 0.006318714469671249
0.0 0.9432524800300598 0.28854000885039566 0.007125377655029297 0.006966518238186836
0.0 0.9807006776332855 0.3205665400251746 0.007144510746002197 0.007295122370123863
0.0 0.9870729804039001 0.3157164355739951 0.006937980651855469 0.007624128833413124
0.0 0.9905654847621918 0.3243150360882282 0.006800472736358643 0.006616540253162384
0.0 0.9836474418640136 0.3302238754928112 0.008563399314880371 0.00878078117966652
0.0 0.9966894268989563 0.33489315714687107 0.006621146202087402 0.00820097140967846
0.0 0.9628688156604767 0.35810667034238575 0.006708204746246338 0.005972357466816902
0.0 0.9667763471603393 0.3561028590425849 0.00793755054473877 0.0077702756971120834
0.0 0.9726317882537842 0.36116861309856174 0.008019804954528809 0.007626743987202644
0.0 0.9707553148269653 0.3079223971813917 0.007766604423522949 0.007900379598140717
0.0 0.9739343583583832 0.34538085423409937 0.009184062480926514 0.009326141327619553
0.0 0.9772406280040741 0.3444464899599552 0.009494483470916748 0.00930200144648552
0.0 0.9891455233097076 0.258145559951663 0.00622183084487915 0.006029438227415085
0.0 0.9967293918132782 0.2427708948031068 0.006541216373443603 0.006573943421244621
0.0 0.9352539539337158 0.2340133734047413 0.007978677749633789 0.00928349420428276
0.0 0.793550705909729 0.35470274593681095 0.007138252258300781 0.006912605836987495
0.0 0.7974226534366607 0.354480080679059 0.006333410739898682 0.0064087361097335815
0.0 0.7996243894100189 0.3585213733837008 0.0063498616218566895 0.006617395207285881
0.0 0.9828396499156952 0.25936354268342254 0.007782161235809326 0.0072301458567380905
