0.0 0.7578495025634766 0.6724194757640362 0.015264272689819336 0.013514310121536255
0.0 0.989697414636612 0.33369090165942905 0.0116921067237854 0.011775786057114601
0.0 0.9600413024425507 0.3378974268212914 0.012104809284210205 0.012104691937565804
0.0 0.9702772378921509 0.2481912648305297 0.011475563049316406 0.010349119082093239
0.0 0.9749964058399201 0.25791171602904794 0.0137062668800354 0.012486957013607025
0.0 0.9960579812526703 0.2320867706090212 0.007884037494659425 0.01405564695596695
0.0 0.1347452580928803 0.776647687330842 0.017285048961639404 0.01399901881814003
0.0 0.9654910147190094 0.28123556859791277 0.012684166431427002 0.011986054480075836
0.0 0.9562047600746155 0.2780431447550654 0.01434946060180664 0.013306858018040657
0.0 0.9685552597045899 0.2969849299639463 0.012567400932312012 0.013926498591899872
0.0 0.9610525846481324 0.301308935880661 0.01185464859008789 0.016843903809785843
0.0 0.9563653349876404 0.30555187202990053 0.010226011276245117 0.010756630450487137
0.0 0.8890375971794129 0.262609688937664 0.012111783027648926 0.011115610599517822
0.0 0.8225460827350617 0.2508887708187103 0.011695683002471924 0.011090666055679321
0.0 0.787711250782013 0.24812156092375517 0.01080787181854248 0.010435519739985466
0.0 0.848451840877533 0.23901981990784407 0.009198546409606934 0.01024109311401844
0.0 0.8787018835544587 0.2792496610432863 0.01113206148147583 0.00888870656490326
0.0 0.8749403536319733 0.28456807918846605 0.009268462657928467 0.00938950851559639
0.0 0.8588884949684144 0.29240114372223613 0.008802294731140137 0.00957503356039524
0.0 0.8489939153194428 0.29605265278369186 0.011162102222442627 0.01036159135401249
0.0 0.8375421345233918 0.2971292411908507 0.009917199611663818 0.010885225608944893
0.0 0.8427814722061158 0.2770623866468668 0.0123063325881958 0.011161375790834427
0.0 0.8695543885231019 0.2722964197397232 0.009598731994628906 0.010362043976783752
0.0 0.8629619657993317 0.2764706326648593 0.01040107011795044 0.009218869730830193
0.0 0.8910234153270722 0.2985679529607296 0.01184767484664917 0.017311714589595795
0.0 0.8972583889961243 0.30119588077068327 0.010741353034973145 0.011123154312372208
0.0 0.13580964803695683 0.8663641590625047 0.01417386531829834 0.014043476432561874
0.0 0.7732150733470917 0.35311108399182556 0.011966407299041748 0.012804044410586357
0.0 0.792841511964798 0.32730069793760774 0.008950889110565186 0.010328449308872223
0.0 0.7869222342967988 0.32790142893791197 0.010682880878448486 0.009538069367408752
0.0 0.774989801645279 0.3378548551350832 0.010918200016021729 0.012649599462747574
0.0 0.772884625196457 0.3231357134878635 0.011426031589508057 0.012021761387586594
0.0 0.7534803628921509 0.34036336597055195 0.011616826057434082 0.011570295318961143
0.0 0.7467045664787293 0.3345725856721401 0.013239026069641113 0.012112688273191452
0.0 0.7382827877998352 0.308903644233942 0.01132357120513916 0.010941904038190842
0.0 0.7293269813060761 0.31648753993213175 0.013505637645721436 0.012146685272455215
0.0 0.71461381316185 0.3404014617204666 0.011087357997894287 0.010296162217855453
0.0 0.7057138860225678 0.34340639915317295 0.012386620044708252 0.011241691187024117
0.0 0.6966405093669892 0.3523975744843483 0.011049449443817139 0.01057477667927742
0.0 0.6816645741462708 0.3557112006470561 0.011930108070373535 0.011036502197384834
0.0 0.41898475885391234 0.4768234737217426 0.013544082641601562 0.012147992849349976
0.0 0.4197029650211334 0.4849291931837797 0.01379460096359253 0.012519244104623795
0.0 0.209026712179184 0.47427613791078327 0.011642038822174072 0.012126216664910316
0.0 0.1255797922611237 0.5096823530271649 0.012308657169342041 0.011098762974143028
0.0 0.1710887432098389 0.4377727400511503 0.00946033000946045 0.009358026087284088
0.0 0.11464710831642155 0.47596432026475666 0.009789884090423584 0.010050589218735695
0.0 0.10861410498619084 0.4786196820437908 0.012221038341522217 0.011066626757383347
0.0 0.07592951059341435 0.49265139028429983 0.010988116264343262 0.010615814477205276
0.0 0.049571442604064986 0.5023732496425509 0.010410904884338379 0.010531878098845482
0.0 0.002444797754287742 0.5085986735299229 0.004889595508575484 0.012281516566872597
0.0 0.7104870557785035 0.3141933962702751 0.0071446895599365234 0.00688399001955986
0.0 0.7110410213470459 0.3208951050415635 0.012392163276672363 0.01191740669310093
0.0 0.6646403253078461 0.29295990653336046 0.010262668132781982 0.012142963707447052
0.0 0.6490862846374512 0.29851459376513956 0.010358333587646484 0.00976267084479332
0.0 0.6356161415576935 0.30776597689837215 0.010997235774993896 0.009945480152964592
0.0 0.5911565601825715 0.3375498628243804 0.010442912578582764 0.00995875708758831
0.0 0.5613230645656586 0.3477773018181324 0.009442627429962158 0.009135335683822632
0.0 0.5398553788661957 0.3548124426975846 0.014042079448699951 0.010728316381573677
0.0 0.5362206280231476 0.35870364066213367 0.012408435344696045 0.010779211297631264
0.0 0.49623470306396483 0.3643251651898026 0.008798360824584961 0.008937841281294823
0.0 0.5293835878372193 0.3456482900306582 0.012700080871582031 0.010847808793187141
0.0 0.42330633401870726 0.40451950058341024 0.012085676193237305 0.00975864753127098
0.0 0.3556920468807221 0.4128407187759876 0.012700974941253662 0.011788811534643173
0.0 0.3089926421642304 0.43386077173054216 0.010162532329559326 0.009296972304582596
0.0 0.30708737969398503 0.43738577272742984 0.010362088680267334 0.00907755084335804
0.0 0.3148536264896393 0.4379230862483382 0.010583102703094482 0.009577849879860878
0.0 0.29415877461433415 0.44193050768226383 0.009562432765960693 0.008454540744423866
0.0 0.2829127192497254 0.44689145442098377 0.011057853698730469 0.00910319946706295
0.0 0.2979300498962403 0.4456922052428126 0.010047554969787598 0.009572619572281837
0.0 0.30747898221015935 0.4487386833876371 0.010175049304962158 0.008983757346868515
0.0 0.304541963338852 0.4531733052805066 0.011931002140045166 0.009752964600920677
0.0 0.7247901141643525 0.3530342638492584 0.00857609510421753 0.008538879454135895
0.0 0.726852285861969 0.34620773177593944 0.008808732032775879 0.00778496079146862
0.0 0.7157265722751618 0.3525887573137879 0.012711703777313232 0.010114660486578941
0.0 0.7111480414867402 0.35872169528156517 0.01248997449874878 0.013262500986456871
0.0 0.7069725573062897 0.2619076458737254 0.009767711162567139 0.00971192680299282
0.0 0.7183461964130402 0.25897965431213377 0.010402500629425049 0.009778764098882675
0.0 0.7259021580219269 0.25461941342800853 0.008910119533538818 0.008826194331049919
0.0 0.7353390634059906 0.2525826612487435 0.009775936603546143 0.009282639250159264
0.0 0.7292122721672059 0.2646722154691815 0.008099913597106934 0.007792605087161064
0.0 0.74237619638443 0.26331884823739526 0.008939981460571289 0.008595608174800873
0.0 0.7312140941619873 0.2799282934516668 0.007464051246643066 0.006644804030656815
0.0 0.7139896631240845 0.2822340292856097 0.008970022201538086 0.009407462552189827
0.0 0.716079193353653 0.29727503601461647 0.007729589939117432 0.00730125792324543
0.0 0.6953624367713929 0.2988115394487977 0.00788426399230957 0.007306991145014763
0.0 0.6971148133277894 0.30970018487423656 0.007024884223937988 0.007564784958958626
0.0 0.6858481049537659 0.30759792812168596 0.00872504711151123 0.007868696004152298
0.0 0.68662388920784 0.32027440834790466 0.007388055324554443 0.008384132757782936
0.0 0.6808132410049439 0.3174414424225688 0.009878039360046387 0.009561656042933464
0.0 0.6695420622825623 0.31141454391181467 0.009621620178222656 0.009277056902647018
0.0 0.6615851998329163 0.3169529115781188 0.010114073753356934 0.00954616628587246
0.0 0.6561334311962128 0.32365472093224523 0.01014178991317749 0.0088571235537529
0.0 0.6629708290100098 0.3279756087809801 0.012176156044006348 0.011291831731796265
0.0 0.6414030075073243 0.3240003990009427 0.009554028511047363 0.008362507447600365
0.0 0.6452491164207459 0.3255553090944886 0.008673548698425293 0.007519321516156197
0.0 0.6307726085186005 0.32973442543298004 0.010350286960601807 0.010852837935090065
0.0 0.6266066014766694 0.3350843260064721 0.010187208652496338 0.009051701053977013
0.0 0.6173527121543885 0.3395330797880888 0.011326074600219727 0.009836800396442413
0.0 0.7202674627304078 0.27469773441553114 0.0067670345306396484 0.006720442324876785
0.0 0.7258749783039093 0.27442731745541094 0.006927073001861572 0.006740860641002655
0.0 0.7363107383251191 0.26725050564855335 0.007294714450836182 0.007816040888428688
0.0 0.7351124167442322 0.2735282829031348 0.008614540100097656 0.00787910632789135
0.0 0.7072696566581727 0.2896991366520524 0.013917803764343262 0.01115327887237072
0.0 0.6459017872810364 0.2811622185632586 0.010410189628601074 0.008027264848351479
0.0 0.5675188779830933 0.24515756070613862 0.009554743766784668 0.009303510189056396
0.0 0.5115359902381897 0.2675427239388227 0.007947206497192383 0.00810546800494194
0.0 0.5019507586956025 0.2517490055412054 0.011450350284576416 0.008229687809944153
0.0 0.459676194190979 0.27040226887911556 0.006061434745788574 0.006424276158213615
0.0 0.4771031320095062 0.2648281691595912 0.006945669651031494 0.006200982257723808
0.0 0.47984738945961 0.2698305811733007 0.0070157647132873535 0.005349498242139816
0.0 0.47340874671936034 0.2681922124698758 0.007311701774597168 0.006576457992196083
0.0 0.4821915507316589 0.3015817668288946 0.006478786468505859 0.007149025797843933
0.0 0.5188687920570374 0.26762293875217436 0.010072588920593262 0.008946239948272705
0.0 0.5843236327171326 0.2817859578877687 0.007969379425048828 0.007922910153865814
0.0 0.6108780384063721 0.3039019865915179 0.009994983673095703 0.008282242342829704
0.0 0.6089743852615357 0.31261713746935127 0.007590651512145996 0.00786069966852665
0.0 0.5218539118766785 0.3327464036643505 0.009903788566589355 0.010257437825202942
0.0 0.49805261492729186 0.3455926928669214 0.010714352130889893 0.008024096488952637
0.0 0.5089967429637909 0.3377141648903489 0.009294569492340088 0.008661741390824318
0.0 0.5146755158901215 0.3280843891203403 0.00700610876083374 0.006922312080860138
0.0 0.5390744984149933 0.2956708151847124 0.008152663707733154 0.007659383118152618
0.0 0.014982211589813277 0.5196136761456728 0.009050846099853516 0.007542908191680908
0.0 0.009930717945098921 0.5129427457228303 0.008987188339233398 0.008829010650515556
0.0 0.07145075798034672 0.4446445846930146 0.01163184642791748 0.012236857786774635
0.0 0.470021116733551 0.32539764549583194 0.009508252143859863 0.00935002975165844
0.0 0.6194073736667634 0.28855480570346115 0.011598765850067139 0.009504323825240135
0.0 0.6268071413040162 0.29009130913764236 0.00895535945892334 0.008359791710972786
0.0 0.6320006132125855 0.28968948069959877 0.006475210189819336 0.005609454587101936
0.0 0.6107592165470124 0.2963423816487193 0.009872138500213623 0.0087458286434412
0.0 0.6060414791107178 0.2949065364897251 0.007463693618774414 0.007165923714637756
0.0 0.6001956939697266 0.30817434322088955 0.006555676460266113 0.006350850686430931
0.0 0.5925142943859101 0.3095525041222572 0.007723510265350342 0.0076677314937114716
0.0 0.5855172157287598 0.2870060311630368 0.007231593132019043 0.007017513737082481
0.0 0.5768175601959229 0.3010679142549634 0.01029503345489502 0.010006433352828026
0.0 0.5840336859226227 0.31561505924910305 0.010113537311553955 0.009927375242114067
0.0 0.576877373456955 0.3216592328622937 0.009853899478912354 0.009044257923960686
0.0 0.5704110145568848 0.32831615712493656 0.007415771484375 0.007033908739686012
0.0 0.5700398862361908 0.3202498661354184 0.008823215961456299 0.008171500638127327
0.0 0.5536005377769471 0.3182423835620284 0.009240031242370605 0.008095158264040947
0.0 0.536189603805542 0.31116660721600053 0.007930755615234375 0.008442722260951996
0.0 0.528182852268219 0.3245758082717657 0.008399248123168945 0.008194483816623688
0.0 0.5237289547920227 0.3190839098766446 0.006830692291259766 0.0071378108114004135
0.0 0.5687560021877289 0.3041822355240583 0.01062101125717163 0.009820606559515
0.0 0.5629592120647431 0.29651945773512123 0.008848965167999268 0.009007243439555168
0.0 0.5649487853050232 0.28940337281674144 0.008332014083862305 0.0072800349444150925
0.0 0.57870512008667 0.2840734630823135 0.0057266950607299805 0.005856938660144806
0.0 0.5733492851257325 0.28398565426468847 0.008442878723144531 0.007549446076154709
0.0 0.46152262687683104 0.3363247387111187 0.008404254913330078 0.008069157600402832
0.0 0.45369513630867003 0.33521085921674965 0.006910264492034912 0.007459273561835289
0.0 0.44775243401527404 0.3442550668492913 0.008752763271331787 0.008222093805670738
0.0 0.4409279108047485 0.3396965771913528 0.007353544235229492 0.00679517537355423
0.0 0.43115394115447997 0.3429047171026468 0.0076857805252075195 0.006903905421495438
0.0 0.41513686180114745 0.34473577737808225 0.008229732513427734 0.0075222887098789215
0.0 0.39119305014610295 0.3475022580474615 0.006181061267852783 0.006925731897354126
0.0 0.36914582848548894 0.35227038748562334 0.006156742572784424 0.006268523633480072
0.0 0.3835375785827637 0.34103493243455885 0.0064612627029418945 0.006545126438140869
0.0 0.3782531797885895 0.3355472082272172 0.007270395755767822 0.0070189218968153
0.0 0.3846042931079865 0.32711902018636463 0.00727003812789917 0.007540041580796242
0.0 0.39569039940834044 0.32604306042194364 0.009043157100677445 0.00943426787853241
0.0 0.4117967069149017 0.32627565823495386 0.00704115629196167 0.006566449999809265
0.0 0.4030011177062988 0.31232275664806364 0.007884621620178178 0.006925731897354126
0.0 0.4183788478374481 0.32157283220440147 0.0070833563804626465 0.006925178691744804
0.0 0.42607017159461974 0.32413397300988434 0.00843733549118042 0.007394799962639809
0.0 0.43506361842155455 0.3152885170653462 0.00933462381362915 0.008561963215470314
0.0 0.43336703181266784 0.30650904346257446 0.010641753673553467 0.009459463879466057
0.0 0.4628260910511017 0.29152728002518413 0.010127127170562744 0.008851742371916771
0.0 0.4582850217819214 0.2991272438317537 0.010515689849853516 0.009324431419372559
0.0 0.44598432183265685 0.30179530419409273 0.008824288845062256 0.007549043744802475
0.0 0.4495254635810852 0.30442672725766895 0.008281230926513672 0.007871663197875023
0.0 0.4326485574245453 0.2819328339770436 0.009862124919891357 0.008996380493044853
0.0 0.04862247705459599 0.45592054948210714 0.010504961013793945 0.008494120091199875
0.0 0.04866074323654179 0.4675357801839709 0.009618043899536133 0.007877497002482414
0.0 0.055073547363281294 0.4607320301234722 0.011302471160888672 0.00931970402598381
0.0 0.030362445116043135 0.46808808054775 0.00855034589767456 0.008504027500748634
0.0 0.023602384328842207 0.47107586860656736 0.008588612079620361 0.008746784180402756
0.0 0.013343471288681075 0.47700676079839466 0.008635461330413818 0.009361395612359047
0.0 0.0057953238487243874 0.4806746397167444 0.011590647697448775 0.012209650129079819
0.0 0.06299312710762028 0.45818537324666975 0.009831011295318604 0.00932825356721878
0.0 0.06884222030639653 0.4534344686195254 0.011377930641174316 0.010847305878996849
0.0 0.09897031188011174 0.4445134749636054 0.011237561702728271 0.01070709340274334
0.0 0.10144858360290532 0.4344568759202957 0.006714463233947754 0.00765465572476387
0.0 0.11479892134666447 0.4297912152484059 0.00921410322189331 0.010005226358771324
0.0 0.33585326671600346 0.33938959836959837 0.010118722915649414 0.009942010045051575
0.0 0.34659327864646916 0.3285412112250924 0.007829725742340088 0.006740408018231392
0.0 0.42127473950386046 0.2966897444799542 0.00749891996383667 0.007331332191824913
0.0 0.435364294052124 0.2910882610827684 0.014508962631225586 0.01304740458726883
0.0 0.42626025080680846 0.2882118936628103 0.010263383388519287 0.00967707484960556
0.0 0.4188334822654724 0.290195663832128 0.0053730010986328125 0.00568951852619648
0.0 0.41604362726211547 0.2938944216817617 0.006488442420959473 0.0066185519099235535
0.0 0.41189836263656615 0.2915670856833458 0.008538365364074707 0.007253833115100861
0.0 0.40709622502326964 0.2950866552069783 0.007815062999725342 0.0068748872727155685
0.0 0.40873129963874816 0.29933011941611765 0.005489051342010498 0.005693793296813965
0.0 0.40456010699272155 0.30038960874080656 0.005497634410858154 0.005404617637395859
0.0 0.14380209445953374 0.4115156907588243 0.009039759635925293 0.009598217904567719
0.0 0.15111156105995183 0.41712791137397287 0.007924497127532959 0.007486984133720398
0.0 0.15787233710289006 0.4189646042883396 0.014152586460113525 0.01057809591293335
0.0 0.14737676382064824 0.4232019329443574 0.012369990348815918 0.010536404326558113
0.0 0.1379674851894379 0.42140207849442957 0.009248793125152588 0.010030623525381088
0.0 0.13626186847686772 0.41418981123715637 0.008133888244628906 0.008199160918593407
0.0 0.1309588730335236 0.4250297242775559 0.008608639240264893 0.007584599778056145
0.0 0.13670747280120854 0.4296489659696817 0.011420130729675293 0.011206034570932388
0.0 0.1303575217723847 0.4305734982714057 0.007922351360321045 0.006647167727351189
0.0 0.12390832901000981 0.4282235814258456 0.007599949836730957 0.007190315052866936
0.0 0.13158615231513981 0.41523413769900797 0.007900536060333252 0.006969686597585678
0.0 0.12701674103736882 0.4175705261528492 0.008182346820831299 0.00833127647638321
0.0 0.12472345232963566 0.42271817978471515 0.010554134845733643 0.009707098826766014
0.0 0.16207330226898198 0.4011075546965003 0.011381149291992188 0.010543445125222206
0.0 0.1765913844108582 0.3956322021782398 0.010276079177856445 0.008702829480171204
0.0 0.2080244600772858 0.3915078531950712 0.009991943836212158 0.010429535061120987
0.0 0.32948677539825444 0.33699283506721256 0.007544159889221191 0.006725018844008446
0.0 0.3222340822219849 0.33490345291793344 0.01187753677368164 0.010267294943332672
0.0 0.35549544095993046 0.3252692263573408 0.008574128150939941 0.0071778930723667145
0.0 0.3613997876644135 0.3251731194555759 0.007739603519439697 0.007711786776781082
0.0 0.37602068781852727 0.3145193601027131 0.008246362209320068 0.00784621573984623
0.0 0.36804183125495915 0.3189509896561503 0.009235203266143799 0.008220484480261803
0.0 0.38674737811088566 0.3104137949645519 0.007298648357391357 0.006088580936193466
0.0 0.38331343531608586 0.31526309475302694 0.007790744304656982 0.00659903883934021
0.0 0.39437710046768193 0.30329813752323387 0.007475495338439941 0.00761517696082592
0.0 0.3940182209014893 0.2989041259512305 0.008137106895446777 0.007234169170260429
0.0 0.3889177322387696 0.30201703906059263 0.006331443786621094 0.0057730525732040405
0.0 0.3834557712078095 0.30168521627783773 0.007858693599700928 0.007272239774465561
0.0 0.37507422566413884 0.3063805740326643 0.009430468082427979 0.009207252413034439
0.0 0.23583431839942937 0.36596579700708387 0.00828784704208374 0.0067426711320877075
0.0 0.24799724221229558 0.3609191285446286 0.008681237697601318 0.007992563769221306
0.0 0.23637961149215703 0.37287043165415523 0.009272933006286621 0.0067597199231386185
0.0 0.2269914329051972 0.3716285353526473 0.00623399019241333 0.005610259249806404
0.0 0.21800442337989812 0.37453221101313827 0.009292423725128174 0.008203284814953804
0.0 0.20679126977920537 0.3783997468650341 0.010276079177856445 0.008181609213352203
0.0 0.19192637801170354 0.3877951143309474 0.009658277034759521 0.007917528972029686
0.0 0.197969663143158 0.390127077139914 0.010227084159851074 0.008951922878623009
0.0 0.2000117182731629 0.3964843399822712 0.006635427474975586 0.006290953606367111
0.0 0.19166468381881718 0.3980892900377512 0.0070645809173583984 0.006282605230808258
0.0 0.1943993747234345 0.400017362460494 0.007277190685272217 0.007733311504125595
0.0 0.18746210932731633 0.3942856242880225 0.007866919040679932 0.007364222779870033
0.0 0.18186594843864445 0.39940986726433036 0.009376108646392822 0.009301850572228432
0.0 0.16977419257164006 0.40160224623978136 0.007053673267364502 0.006774455308914185
0.0 0.17355110049247746 0.4026500679552555 0.007335841655731201 0.007233615964651108
0.0 0.17888994812965398 0.40660390388220546 0.011909544467926025 0.009033193811774254
0.0 0.16900761723518376 0.4074226481840014 0.008126556873321533 0.00786592997610569
0.0 0.16046594381332402 0.4084499258548021 0.011687278747558594 0.010337602347135544
0.0 0.209542590379715 0.38210187423974273 0.01013249158859253 0.008345207199454308
0.0 0.3632203817367554 0.3080866852775216 0.007076382637023926 0.00568951852619648
0.0 0.36788751482963566 0.30965748745948074 0.00705188512802124 0.00711699016392231
0.0 0.3663409531116486 0.31448211930692194 0.00853496789932251 0.006375443190336227
0.0 0.3616967082023621 0.31370149590075014 0.006703734397888184 0.005921915173530579
0.0 0.3587983131408692 0.31946964506059883 0.005688786506652832 0.005093162879347801
0.0 0.35476552248001103 0.31658545732498167 0.007313847541809082 0.006895054131746292
0.0 0.3496349930763245 0.3215727064758539 0.007103919982910156 0.006564036011695862
0.0 0.3461582243442536 0.3160229729488492 0.007841885089874268 0.006427092477679253
0.0 0.3437071323394776 0.32187709528952835 0.008178234100341797 0.00769413448870182
0.0 0.3367467105388642 0.3218602979555726 0.005957186222076416 0.005826814100146294
0.0 0.33437581658363347 0.32843378875404594 0.01091676950454712 0.009204084053635597
0.0 0.32756559848785405 0.3265984788537025 0.00935661792755127 0.010603945702314377
0.0 0.31407846808433537 0.3287521082907915 0.00996333360671997 0.007291853427886963
0.0 0.3207689702510834 0.3418610947206616 0.008336126804351807 0.00687478668987751
0.0 0.29141192436218266 0.36380967814475296 0.00660860538482666 0.006217578426003456
0.0 0.2835870265960694 0.3485534744337201 0.006237387657165527 0.005827618762850761
0.0 0.2802431166172028 0.3515564505010843 0.006911337375640869 0.006315596401691437
0.0 0.27231692075729375 0.3600449379533529 0.008095622062683105 0.007155463099479675
0.0 0.27331193089485173 0.3684986488893628 0.00829392671585083 0.0075585488229990005
0.0 0.26274411678314213 0.3741764998063445 0.008340239524841309 0.008554218336939812
0.0 0.26189537644386296 0.36839773915708063 0.009180843830108643 0.007272642105817795
0.0 0.26318873763084416 0.36233478169888256 0.00907820463180542 0.007235174998641014
0.0 0.2658874869346619 0.35615718495100734 0.008244037628173828 0.007908878847956657
0.0 0.2689088165760041 0.3512258095666766 0.008595764636993408 0.007897714152932167
0.0 0.2533474445343018 0.3762318598106503 0.006852149963378906 0.006675330922007561
0.0 0.3071167051792145 0.35079639628529546 0.0066381096839904785 0.005847081542015076
0.0 0.3090510249137879 0.3463956456631422 0.0075942277908325195 0.0070356689393520355
0.0 0.29479526281356816 0.356000904366374 0.006858229637145996 0.005927547812461853
0.0 0.2994849264621735 0.35012669060379265 0.00666278600692749 0.005983220413327217
0.0 0.3158668756484986 0.33282302264124153 0.007878899574279785 0.00691099651157856
0.0 0.3121557712554932 0.33732450697571037 0.00844573974609375 0.008147964254021645
0.0 0.3044520199298859 0.3345016747713089 0.007936298847198486 0.0068938471376895905
0.0 0.30468108057975773 0.33935909662395713 0.007691323757171631 0.006918640807271004
0.0 0.278136420249939 0.34552231002599 0.006257057189941406 0.005186503753066063
0.0 0.29420088529586796 0.3410453427582979 0.007441163063049316 0.007208570837974548
0.0 0.2912491142749787 0.3446202831342816 0.006624877452850342 0.006401544436812401
0.0 0.2999003112316132 0.3398429503664374 0.0055863261222839355 0.005716675892472267
0.0 0.3016887187957764 0.3463261932134628 0.005646228790283203 0.004454612731933594
0.0 0.29733531475067143 0.34620451312512157 0.009124517440795898 0.008752064779400826
0.0 0.28554772138595585 0.3572363885119557 0.007164359092712402 0.006764044985175133
0.0 0.28071822524070744 0.35808741990476844 0.006509721279144287 0.0061560217291116714
0.0 0.28538401722908024 0.3620210889726877 0.0059389472007751465 0.005985483527183533
0.0 0.2805650711059571 0.3642657961696386 0.009135603904724121 0.00735783576965332
0.0 0.2828747212886811 0.3665323046967387 0.008754551410675049 0.0073582883924245834
0.0 0.2917649030685425 0.3515356549993157 0.007028102874755859 0.006739703938364983
0.0 0.28775124549865727 0.34965935759246347 0.007812380790710449 0.007458720356225967
0.0 0.21971290111541752 0.3796139074489474 0.0073778629302978516 0.006270082667469978
0.0 0.22273655533790593 0.38178571723401544 0.006734311580657959 0.006352510303258896
0.0 0.22063397169113164 0.3861814387142658 0.007931113243103027 0.007540293037891388
0.0 0.2359374046325684 0.38085145354270933 0.011201977729797363 0.010261762887239456
0.0 0.2292068481445313 0.38023483045399187 0.00812530517578125 0.006784915924072266
0.0 0.22775443196296696 0.37580817975103853 0.0068566203117370605 0.005748912692070007
0.0 0.23219161033630376 0.3889425633475184 0.007688641548156738 0.006981203332543373
0.0 0.2280263185501099 0.385241718403995 0.01042020320892334 0.009480183944106102
0.0 0.2415298998355866 0.3826328761875629 0.007768213748931885 0.006781496107578278
0.0 0.24833377003669743 0.3765346141532063 0.006752908229827881 0.005812732502818108
0.0 0.25269164443016057 0.36720485184341667 0.00611346960067749 0.006532302126288414
0.0 0.24835379719734196 0.3698558634147048 0.004481971263885498 0.0048170629888772964
0.0 0.24293671846389775 0.37055579423904417 0.006379365921020508 0.0062863267958164215
0.0 0.24354200363159184 0.3761240852996707 0.009558320045471191 0.008999699726700783
0.0 0.25530679821968083 0.3620726628229022 0.008061110973358154 0.006608946248888969
0.0 0.2572897553443909 0.357986887358129 0.006406188011169434 0.0051774512976408005
0.0 0.2568886756896973 0.35470637809485195 0.0056383609771728516 0.00464245118200779
0.0 0.2522649943828583 0.3578944768756628 0.006127774715423584 0.005355332046747208
