0.0 0.04005555491894484 0.6938614438753575 0.026384842582046986 0.020073285233229397
0.0 0.028042292082682253 0.613217972125858 0.01686297031119466 0.01756333913654089
0.0 0.08081872886978089 0.5247981972526758 0.015176064800471067 0.014469305146485567
0.0 0.1376936925575137 0.5177576779387891 0.014767883345484734 0.014113206602632999
0.0 0.1787160538136959 0.47412055395543573 0.017313995398581028 0.018587462417781354
0.0 0.3075295189395547 0.543014227412641 0.017291156575083733 0.012354002892971038
0.0 0.2851150474511087 0.5315212102141231 0.015053451992571354 0.012992204260081052
0.0 0.22790021039545535 0.48958537820726633 0.018562295474112034 0.019596205092966557
0.0 0.2295824897941202 0.4752840874250978 0.015043699648231268 0.013055227231234312
0.0 0.15070761260576546 0.307955730962567 0.014282016549259424 0.01431498327292502
0.0 0.29803419471718373 0.24097783390898259 0.010652644094079733 0.014301009429618716
0.0 0.30559963835403325 0.23881090346258133 0.009767181240022182 0.010351945040747523
0.0 0.39958439776673915 0.2279000046895817 0.014097555540502071 0.01295314314775169
0.0 0.8215104067698121 0.4125207108911127 0.013739636167883873 0.011782388295978307
0.0 0.44126983508467676 0.1979412803892046 0.013232847675681114 0.012307017017155886
0.0 0.47510405173525216 0.18330951759126038 0.012888931669294834 0.016277042170986532
0.0 0.5442782636731863 0.19260634367819876 0.011586785316467285 0.010629546223208308
0.0 0.48404703484848144 0.1777076710946858 0.013424393720924854 0.013999258819967508
0.0 0.46809486681595447 0.1345657979371026 0.011983714066445827 0.012151944870129227
0.0 0.4875653806142509 0.07970580209512264 0.011418244801461697 0.012148943776264787
0.0 0.551698880828917 0.10244288637768477 0.011036986485123634 0.011997013399377466
0.0 0.576251866389066 0.11872459431178868 0.010358656756579876 0.010453653987497091
0.0 0.6041478222236037 0.11999398667830974 0.010734247043728828 0.010735616134479643
0.0 0.5866789562627673 0.037641391973011196 0.01030714437365532 0.00904759461991489
0.0 0.5831629443913698 0.047082880162633955 0.012296289205551147 0.010932844271883369
0.0 0.5578884520567954 0.025313179730437695 0.013696792535483837 0.01232300722040236
0.0 0.5940564797259867 0.06788667384535074 0.011329223401844501 0.010549220070242882
0.0 0.6023908998817206 0.06409851966891437 0.012846088036894798 0.011680585565045476
0.0 0.5926118824630976 0.08277695274446159 0.01098664104938507 0.012509356392547489
0.0 0.5999588152393699 0.08612375855445861 0.009932387620210648 0.015518937725573778
0.0 0.6046857848763466 0.08964540152810514 0.009006498381495476 0.009601718466728925
0.0 0.6633542213588953 0.04380594356916845 0.010856276378035545 0.009742582309991121
0.0 0.7240204714238644 0.027019207808189095 0.010441843420267105 0.009765981463715434
0.0 0.7561029336415231 0.021355674765072764 0.009627480991184711 0.00921190450899303
0.0 0.6989241885952652 0.01830459393095225 0.008036098442971706 0.009204026637598872
0.0 0.6744246325455606 0.05833222260698676 0.010132602415978909 0.007622497063130141
0.0 0.6783879186026752 0.0629343766020611 0.008205139078199863 0.008341587288305164
0.0 0.6939808336086571 0.06877856142818928 0.007716021500527859 0.008581909257918597
0.0 0.7034878689795733 0.07128860130906105 0.009991401806473732 0.009096596855670214
0.0 0.7142112800851464 0.07127036028541625 0.008681753650307655 0.00976659106090665
0.0 0.7075660993345082 0.053110553743317725 0.011046155355870724 0.009765840787440538
0.0 0.6822962747886777 0.05106570685748011 0.00842335820198059 0.009278772631660104
0.0 0.6887850846163929 0.05435434302780777 0.00936108361929655 0.008038758160546422
0.0 0.6647057962603867 0.07735753993038089 0.00987087283283472 0.01598903094418347
0.0 0.6591529614292085 0.08035066213924438 0.009481112472712994 0.009909471264109015
0.0 0.7788833264261484 0.11751524726860225 0.010514194145798683 0.011453299596905709
0.0 0.7583760634064675 0.0953027917072177 0.007777202874422073 0.009320459701120854
0.0 0.7639228967949748 0.0953344204230234 0.00960664264857769 0.00832611289806664
0.0 0.7758810213766992 0.10351263566408306 0.009480779059231281 0.011420240672305227
0.0 0.7765270099975169 0.08966383012011647 0.010063252411782742 0.01073134895414114
0.0 0.7960655401460827 0.10392983460333198 0.010306977666914463 0.010256191389635206
0.0 0.8018394281156361 0.097953015496023 0.011871020309627056 0.01061172722838819
0.0 0.8073749254457653 0.07337975413538515 0.01008592452853918 0.009659958444535733
0.0 0.8163600020110607 0.07962313133757562 0.012134583666920662 0.010614822106435894
0.0 0.8321390450932086 0.10051189349032938 0.009924218989908695 0.0090396698564291
0.0 0.8406655947677791 0.10251022342126817 0.011117505840957165 0.009837069874629378
0.0 0.8498848943039775 0.1100493463454768 0.009853702038526535 0.009323507687076927
0.0 0.8640777227468789 0.11179431830532849 0.010683401487767696 0.009684342332184315
0.0 0.8336405727081001 0.07581983101554216 0.006366030313074589 0.006075058039277792
0.0 0.8337218422442675 0.0820893740048632 0.011044321581721306 0.010514285461977125
0.0 0.87430226393044 0.05203820194583386 0.008882135152816772 0.010988176940008998
0.0 0.8892306858673692 0.05581188991200179 0.00925489142537117 0.00858917753212154
0.0 0.9025534718297422 0.06320184909272938 0.009874540381133556 0.008698248537257314
0.0 0.9464601931162179 0.08689595407340675 0.00931673962622881 0.00877608940936625
0.0 0.9750557337887585 0.09373795571736991 0.008409188129007816 0.008066377602517605
0.0 0.9945925234816968 0.09836032020393759 0.010814953036606312 0.009129561996087433
0.0 0.9968631526455283 0.10164907360449434 0.006273694708943367 0.009370634239166975
0.0 0.9993845921009779 0.0889240839285776 0.0012308157980442046 0.009405475063249468
0.0 0.8238172112964094 0.11314138742163778 0.007609662599861622 0.007568758726119995
0.0 0.8212970221415162 0.10698844161815942 0.00793057307600975 0.006785379443317652
0.0 0.8321891404688359 0.11192259162198752 0.011574449017643929 0.008668706519529223
0.0 0.8369830428622663 0.11720817440655082 0.010986140929162502 0.011852304404601454
0.0 0.8322572401724756 0.026977802091278136 0.008668583817780018 0.008606996526941657
0.0 0.8214417235925794 0.02527067204937339 0.009297234937548637 0.008600197173655033
0.0 0.814042194839567 0.021895027603022754 0.007911068387329578 0.007818177761510014
0.0 0.8051032960414887 0.02084305041935295 0.008726431056857109 0.008175401715561748
0.0 0.8118633377365768 0.03151974664069712 0.0072185685858130455 0.006875506043434143
0.0 0.7995262053795159 0.0314332541776821 0.007967748679220676 0.007583342166617513
0.0 0.8113608836196363 0.04585777737665921 0.0067144474014639854 0.005797972669824958
0.0 0.8275508588179946 0.046467515244148674 0.00790356658399105 0.008394293999299408
0.0 0.8269477971829474 0.06061368698719889 0.006904159672558308 0.006425670208409428
0.0 0.8463105350732804 0.06019913745112717 0.007058696821331978 0.0064134313724935055
0.0 0.8456515433266759 0.07046126069035381 0.006166815757751465 0.0067719214130192995
0.0 0.8559207619167865 0.06750898149330169 0.007836717180907726 0.006879116734489798
0.0 0.8563269428908825 0.07934379514772445 0.006435880437493324 0.007551643112674355
0.0 0.8614679287187755 0.07619803918059916 0.008796614594757557 0.008443343127146364
0.0 0.8713926478289068 0.0696026430465281 0.008572227321565151 0.008187734335660935
0.0 0.8792690412141383 0.07403617308009416 0.009035005234181881 0.008400389971211553
0.0 0.8849239839240909 0.07977220129687339 0.009142864495515823 0.007706011878326535
0.0 0.8789624675177038 0.08439015792682766 0.01090045366436243 0.009911862760782241
0.0 0.8986253608949483 0.07878420837223529 0.008610903285443783 0.007278121542185545
0.0 0.8951940360479057 0.08056917928624899 0.007825714536011219 0.006534647429361939
0.0 0.9090001882053912 0.08316184303257615 0.009120025672018528 0.009683826519176365
0.0 0.9133417318575084 0.0877572680125013 0.009166036732494831 0.007895924849435687
0.0 0.9223250580020249 0.09106426243670285 0.010216956026852131 0.008551054261624813
0.0 0.8210552140139044 0.04003035647328943 0.0060062771663069725 0.005954967392608523
0.0 0.8158270405605436 0.04027759502641857 0.0061644818633794785 0.005956796184182167
0.0 0.8055045591667295 0.03454355972353369 0.0064082071185112 0.00699259559623897
0.0 0.8071743772365153 0.04026387908961624 0.00772469025105238 0.00690246899612248
0.0 0.8344505174085498 0.05279928403906524 0.012663710862398148 0.00957030076533556
0.0 0.8906444423832 0.03942305699456483 0.009508785791695118 0.0068422595504671335
0.0 0.9601889933459461 0.0015757424291223288 0.00850221049040556 0.0031514848582446576
0.0 0.9478473599068821 0.03453075818251818 0.00707253348082304 0.007021387340500951
0.0 0.9251684081740678 0.05741745168343186 0.009062678553164005 0.007146354764699936
0.0 0.9277094356715679 0.06533740872982889 0.006699943915009499 0.00700300564058125
0.0 0.9910743344575167 0.0433978182496503 0.007287085056304932 0.006735720718279481
0.0 0.915889260917902 0.04393058274872601 0.010529197752475739 0.00818585865199566
0.0 0.9091584762558341 0.046014162502251564 0.008010925725102425 0.007344942772760987
0.0 0.9043029757216573 0.04610264787916094 0.005842737853527069 0.004874386033043266
0.0 0.924607106577605 0.050390320061706004 0.00888530258089304 0.0076256388332694765
0.0 0.9288578784093261 0.04863845496438444 0.006653266027569771 0.0063207725994288925
0.0 0.935461715888232 0.06043376203160733 0.0058372365310788155 0.005608716187998653
0.0 0.9427128756418824 0.06103044045157731 0.006855648010969162 0.006794007588177919
0.0 0.9472034551203251 0.03948190656956285 0.006437880918383598 0.006198900053277612
0.0 0.956526446249336 0.051760694547556343 0.00916303601115942 0.008841081848368048
0.0 0.9511218970641494 0.0659039824269712 0.008990161120891571 0.008782888762652874
0.0 0.9583002893254161 0.0708781079389155 0.008832456544041634 0.007927201874554157
0.0 0.9648927907459438 0.07648232248611748 0.006620424799621105 0.006193976383656263
0.0 0.964520534593612 0.06896249565761536 0.007900065742433071 0.007171535817906261
0.0 0.9795987425372005 0.06563859663438051 0.008327001705765724 0.00704642771743238
0.0 0.995128308981657 0.057524107745848596 0.0069733429700136185 0.007547329040244221
0.0 0.9642846445553005 0.05393503394443542 0.009511786513030529 0.00861675008200109
0.0 0.9689834407530725 0.04630768354982138 0.00782871525734663 0.008006918430328368
0.0 0.9665050116367638 0.03987950461450964 0.007510972209274769 0.006334324413910508
0.0 0.9532649122178555 0.03615477199200541 0.005063217133283615 0.0052096644882112745
0.0 0.9582275218330324 0.03559736569877714 0.007590991444885731 0.0065916682127863165
