0.0 0.0025110410060733557 0.5817438965663314 0.005022082012146711 0.007825183495879174
0.0 0.0395456550642848 0.4953129860572517 0.010112898238003255 0.007806031592190265
0.0 0.014190605049952865 0.5008017418440431 0.009254564624279737 0.008361645881086588
0.0 0.0019044366665184498 0.4193276618141681 0.0038088733330368997 0.00714303283020854
0.0 0.0020178077975288033 0.4317327638156712 0.004035615595057607 0.007386613264679908
0.0 0.021514774253591894 0.44298559445887803 0.008543624635785818 0.006858723238110542
0.0 0.017667815508320927 0.4471923017408699 0.006046113278716803 0.008530333172529936
0.0 0.020945799164474012 0.4623703944962472 0.005420099385082722 0.00886737322434783
0.0 0.026760262018069626 0.46029960536397996 0.0037154794670641424 0.003957962524145842
0.0 0.02771036340855062 0.466356917610392 0.004878565389662981 0.0067415119148790835
0.0 0.033319055242463945 0.46683776420541107 0.005713845510035754 0.007088922429829836
0.0 0.0644446921069175 0.40878865774720907 0.009306323435157537 0.006646212376654148
0.0 0.12385406503453851 0.3811414421070367 0.007663873583078384 0.006844547484070063
0.0 0.15065092514269054 0.36901046740822496 0.00823188191279769 0.007266391161829233
0.0 0.09965458996593952 0.37782324934378264 0.006301486492156982 0.0065428422763943676
0.0 0.12508869115263224 0.4244010345544666 0.007740321941673756 0.007469367887824774
0.0 0.11463660909794271 0.4087909576483071 0.007219610456377268 0.006766141764819622
0.0 0.08583015366457403 0.41170311332680287 0.007843393366783857 0.00703631741926074
0.0 0.08546040537767112 0.422379546938464 0.006987588200718165 0.006777975801378488
0.0 0.0773089132271707 0.420235830033198 0.005736006610095501 0.006172892730683088
0.0 0.09271846311166883 0.41407017153687775 0.0081344623118639 0.0073639069683849815
0.0 0.10913626868277788 0.4274753541685641 0.014075421914458274 0.014363258704543113
0.0 0.11821384197100997 0.42894595274701713 0.006102780252695084 0.005393895320594311
0.0 0.08001680630259216 0.4435793452896178 0.0048824324272573 0.007878792099654674
0.0 0.08411846896633506 0.4411971913650632 0.0067357845604419705 0.008390959165990353
0.0 0.08841846603900194 0.43768156254664065 0.006195291690528393 0.007143743708729744
0.0 0.31168344323523345 0.7376584990881383 0.009564820025116206 0.008147755078971386
0.0 0.49605040983296933 0.46702641882002355 0.008584972191601991 0.0058275312185287476
0.0 0.49950925186276435 0.46364240706898274 0.007668335549533367 0.006702706310898065
0.0 0.19494270952418447 0.4557048002257943 0.008079728856682778 0.006882558576762676
0.0 0.18855287609621882 0.4418230780865997 0.008707081340253353 0.00807026932016015
0.0 0.18539655539207162 0.429164276085794 0.007091700751334429 0.0074303532019257545
0.0 0.17099845893681048 0.4384234270080924 0.006999635510146618 0.008264673687517644
0.0 0.1767068013548851 0.4381163483951241 0.008782042376697063 0.00824280371889472
0.0 0.20588597971946002 0.4387407715432346 0.008569950237870216 0.007299718819558621
0.0 0.2098380177747458 0.43192432466894387 0.008781298715621232 0.007583735696971417
0.0 0.22907890952192247 0.42721281000413003 0.00792132904753089 0.007687063980847597
0.0 0.23938805991783738 0.4276903112884611 0.007904819771647453 0.006768608931452036
0.0 0.25504353852011263 0.43343556877225636 0.00614249175414443 0.006907982937991619
0.0 0.2654878864996135 0.431018769973889 0.007831048592925072 0.004683894943445921
0.0 0.19910237775184214 0.40805846005678176 0.007070283312350512 0.005788056552410126
0.0 0.20939635746181012 0.41051339539699255 0.007412218675017357 0.006532179098576308
0.0 0.2255262918304652 0.4098966246470809 0.0075563401915133 0.005920698121190071
0.0 0.23096676752902567 0.4045234075281769 0.005979183781892061 0.006988563109189272
0.0 0.21434170361608268 0.39088449222035704 0.007383662089705467 0.006272081192582846
0.0 0.26370116639882324 0.3580247598234564 0.00706656500697136 0.006588965747505426
0.0 0.21712485519237817 0.3583052014000714 0.005500563513487577 0.005693551525473595
0.0 0.33025593240745366 0.3904965616296977 0.008389240596443415 0.007728127669543028
0.0 0.35170676177367566 0.39081187807023526 0.006658443808555603 0.007533472403883934
0.0 0.3571133265271783 0.34105398824904115 0.006803308986127377 0.00693489178083837
0.0 0.4084333030041307 0.3873810737859458 0.008970188628882169 0.007931104395538568
0.0 0.5204485167749227 0.3894656414166093 0.007015401124954223 0.005952729471027851
0.0 0.47690961486659944 0.4017859816085547 0.007078909780830145 0.007003198843449354
0.0 0.6530664888210594 0.40205753720365467 0.009573595225811004 0.007864030916243792
0.0 0.5832755329087377 0.39823313620872797 0.006165842711925507 0.004725711327046156
0.0 0.5762972404714674 0.40298013207502664 0.008653686475008726 0.005896319169551134
0.0 0.5647159090731293 0.3966080888174474 0.008078985195606948 0.007515658624470234
0.0 0.5605862847529351 0.39988668146543205 0.00752852726727724 0.005247077997773885
0.0 0.5679620640352369 0.40561500331386924 0.007228385657072067 0.006482375785708427
0.0 0.5703550166450441 0.4101973262615502 0.009475431963801384 0.006023315526545048
0.0 0.8162103350739927 0.6390644152648747 0.012016521859914064 0.01301166955381632
0.0 0.18378801648505033 0.36963890492916107 0.004801522102206945 0.004604820162057877
0.0 0.19265654664486648 0.35728759970515966 0.005302898399531841 0.005203547142446041
0.0 0.20075114872306585 0.35648639779537916 0.004019339382648468 0.004066643305122852
0.0 0.2076874986756593 0.35827064015902577 0.0046046006493270395 0.004554180521517992
0.0 0.2002267932984978 0.3658389665186405 0.0041078350506722925 0.004033273831009865
0.0 0.19674415411427618 0.37091355193406345 0.003772146441042423 0.004038960859179497
0.0 0.19141039378009736 0.37408059937879445 0.004783376771956682 0.004306585714221001
0.0 0.20259684114716947 0.3813919431529939 0.0053851473145186905 0.004639945924282074
0.0 0.22838299148716032 0.43487603864632546 0.004787243809551001 0.0041517396457493305
0.0 0.23194334325380622 0.44017942240461705 0.0043630595318973064 0.005263260938227177
0.0 0.2602989169768989 0.3896426710765809 0.006078388169407844 0.005418190639466048
0.0 0.2555397835560143 0.3988313823007047 0.005204140208661556 0.005494840070605278
0.0 0.24612399321049452 0.4008155069779605 0.006894928030669689 0.005454487260431051
0.0 0.24138969806954264 0.3972766073420644 0.003720387630164623 0.004035782814025879
0.0 0.24238984785042703 0.3921306413598359 0.005853951256722212 0.004267612844705582
0.0 0.23370083747431636 0.3878851075656712 0.004509560763835907 0.004264183901250362
0.0 0.20622806381434203 0.37363211866468193 0.0034871755167841913 0.0038150759413838387
0.0 0.21091461591422558 0.3721311613917351 0.003680527396500111 0.004020478017628193
0.0 0.21819081897847353 0.37648688135668634 0.003724998328834772 0.004333264566957951
0.0 0.25983509556390344 0.374217464402318 0.004043285269290209 0.005321469344198704
0.0 0.2700560477562249 0.3744293480180204 0.0049280932173132895 0.004560745693743229
0.0 0.26375322267413137 0.3938984289765358 0.0059629719704389576 0.005217430181801319
0.0 0.2703985036816448 0.3964070356450975 0.006056821998208761 0.005701162107288838
0.0 0.2706503816880286 0.40238326592370866 0.005641115456819534 0.003311523050069809
0.0 0.26787660024128856 0.40541804814711213 0.005035329144448042 0.004412130266427994
0.0 0.2749696395825595 0.4048168958164752 0.004575449135154485 0.003428274393081665
0.0 0.27884136224165557 0.3986854640301317 0.006638811156153679 0.005490700248628855
0.0 0.28290019002743066 0.39636576287448405 0.004624530766159296 0.004025663249194622
0.0 0.29142388454638424 0.3942758636549115 0.006437873933464289 0.00494880173355341
0.0 0.29407377205789087 0.3969733967445791 0.007976806163787842 0.004317876137793064
0.0 0.3056035677436739 0.4009604843799025 0.006336438562721014 0.00605396693572402
0.0 0.22576247858814896 0.3817714686505497 0.009201318491250277 0.007260160520672798
0.0 0.28697887356393037 0.3781554596032947 0.007368937600404024 0.006671762187033891
0.0 0.3354452737607062 0.369411611976102 0.0054055236279964445 0.004977111425250769
0.0 0.3325931848026812 0.37266296125017107 0.005541167408227921 0.005295417737215757
0.0 0.3249440357089043 0.36823272448964417 0.0050881290808320045 0.004854673054069281
0.0 0.28442670311778784 0.3619537645019591 0.004923928715288639 0.00492229014635086
0.0 0.2878102122806013 0.3600359606090933 0.005160710401833057 0.0056343813426792625
0.0 0.29093812513165174 0.3569573966320604 0.0061942505650222305 0.006911119166761637
0.0 0.3014238950330764 0.3599054725840688 0.007073852885514498 0.007351738400757313
0.0 0.3012885487172753 0.36712088957428934 0.006821603048592806 0.004881477355957032
0.0 0.3084530538879335 0.37441134606488047 0.00580263864248991 0.005130243021994829
0.0 0.3109812784474343 0.36961770402267574 0.006018151622265577 0.004419657215476036
0.0 0.31754624405875803 0.3667591151315719 0.004027370922267437 0.004842462670058012
0.0 0.342256168089807 0.37630337015725673 0.00448814332485199 0.004766858648508787
0.0 0.3516565646510571 0.36506433892063794 0.005730206053704024 0.005216301139444113
0.0 0.3352969877421856 0.35695992652326825 0.004477137140929699 0.005011693574488163
0.0 0.3279310991521925 0.35625613587908445 0.004487994592636824 0.005193218495696783
0.0 0.3686409655958414 0.3924041205085814 0.004855214431881904 0.004207480885088444
0.0 0.31588193057104946 0.3416562382597476 0.005433187820017338 0.005004626605659724
0.0 0.3164118634536862 0.34625658406876025 0.004182647354900837 0.004205766413360834
0.0 0.3208127753343433 0.3421483439160511 0.006208231393247843 0.005426031211391092
0.0 0.32611002190969884 0.3421809188788757 0.00477356044575572 0.004783982457593083
0.0 0.3327735969796777 0.342438936419785 0.00536268875002861 0.0038374895229935646
0.0 0.3371690057683736 0.3466342487372458 0.004854173306375742 0.0046208776533603665
0.0 0.37537429607473316 0.36146833901293574 0.004745598789304495 0.004963228385895491
0.0 0.3790422555990517 0.3559102934785187 0.004396524280309677 0.005394480749964714
0.0 0.38414897620677946 0.36169726280495523 0.004645502008497715 0.004375750012695789
0.0 0.3803437368478626 0.36823621615767477 0.005673390347510576 0.00598818976432085
0.0 0.39214102742262186 0.36821760786697266 0.0045796136371791364 0.005857722647488117
0.0 0.400757530843839 0.37128741131164134 0.007324615400284529 0.005506172310560942
0.0 0.37170269261114297 0.39582930048927667 0.004800034780055284 0.0037260906770825385
0.0 0.3742187954951078 0.3931824697647244 0.005403590109199286 0.0051579254679381846
0.0 0.3802086136303842 0.3955474789720029 0.005547711625695229 0.004972762521356344
0.0 0.3640893879812211 0.3542811689898372 0.005170377995818853 0.00536353662610054
0.0 0.376888390025124 0.38280067439191046 0.006120181921869516 0.006325271632522345
0.0 0.37922675791196525 0.3811583777423948 0.006460481230169535 0.0061777434311807156
0.0 0.40960516412742437 0.3188732820795849 0.005248313676565886 0.004722136026248336
0.0 0.4135942365042865 0.32333044859115034 0.0050548130646348 0.004090290470048785
0.0 0.40355473761446775 0.33091272071469574 0.004777130018919706 0.0042027765419334175
0.0 0.41272474797442554 0.347916339058429 0.005929953418672085 0.005099173448979854
0.0 0.42368713025934995 0.3533269818406552 0.005492829438298941 0.005137435439974069
0.0 0.43359589353203776 0.35137252588756385 0.0038911322131752967 0.0040848334319889545
0.0 0.43801770228892567 0.35793822081759574 0.0063490808010101315 0.004762551560997963
0.0 0.4425990263465792 0.3529948761221021 0.003619695920497179 0.004727467615157366
0.0 0.44730736771598456 0.352861837297678 0.004691906459629536 0.0047144627198576925
0.0 0.45968925026245416 0.3483230242971331 0.005132897477596998 0.004741099756211042
0.0 0.48244275073520837 0.34452581440564245 0.004156916681677103 0.005276663089171052
0.0 0.4488402762915939 0.3345502756536007 0.003609879594296217 0.0037061024457216265
0.0 0.453602533088997 0.3307111134752631 0.005540126282721758 0.004636349715292453
0.0 0.457882897509262 0.333571897726506 0.004616201762109995 0.004102647211402655
0.0 0.4315243512392044 0.3226528872735798 0.005774082057178021 0.0055161664262413975
0.0 0.4226756024640054 0.32084461094345895 0.005636207293719053 0.005585393449291587
0.0 0.42184485867619514 0.324907469865866 0.005454605259001255 0.0036492112558335066
0.0 0.4351625643204898 0.3286117219366133 0.005075784306973219 0.004866841621696949
0.0 0.46669431449845433 0.32670963054988533 0.0044726751744747165 0.00515355565585196
0.0 0.4717123163398355 0.32878186234738677 0.004894033540040255 0.004209843510761857
0.0 0.4765686462633312 0.3264060854213312 0.005321341194212436 0.005295104114338756
0.0 0.4862641275394708 0.3318836239632219 0.0053265468217432495 0.004520141985267401
0.0 0.48511167597025634 0.3373978563817218 0.00367904007434845 0.004640594078227878
0.0 0.5013261646032333 0.3427212492795661 0.005383511260151863 0.004394379211589694
0.0 0.6110790870152414 0.5048896487802267 0.003880126029253006 0.0054021749645471575
0.0 0.6149764659814536 0.5082740159705281 0.004058307223021984 0.004715131781995297
0.0 0.6239957362413406 0.5044438443146646 0.0046565081924200055 0.0049836765974760056
0.0 0.6434524384327233 0.5058755954727531 0.004256715998053551 0.004998479597270488
0.0 0.6500817307271063 0.5045436600223183 0.004361720941960812 0.005030594579875469
0.0 0.6572804443072527 0.5080226367805153 0.004284826386719942 0.006111339014023542
0.0 0.9869343930389732 0.44014596929773686 0.006841533165425062 0.007143910974264145
0.0 0.9924013430718333 0.4349826076999307 0.005974424351006746 0.004119833745062351
0.0 0.9478150689043104 0.43767357561737297 0.007200721465051174 0.006454944238066673
0.0 0.9188651612494141 0.4319478672929108 0.010153502132743597 0.008480446226894856
0.0 0.8826467102393508 0.4331903784070164 0.007934268750250339 0.007687816675752401
0.0 0.8847649544477463 0.42094020610675215 0.008302529715001583 0.00693474542349577
0.0 0.8386720973066986 0.43026946219615636 0.00904440600425005 0.007664232235401869
0.0 0.9256577615160495 0.38533205008134247 0.00672552203759551 0.006503785774111748
0.0 0.8975516860838979 0.4003907361533493 0.006525625940412283 0.004902427364140749
0.0 0.8922077375929802 0.3972446596249938 0.005076676700264215 0.005525867827236653
0.0 0.9502878907136619 0.40873295832425355 0.007697189599275589 0.006756105832755566
0.0 0.9302236174233258 0.41975947869941593 0.004975390061736107 0.004486061632633209
0.0 0.9384612255264073 0.4193964079488069 0.005522575881332159 0.004131333250552416
0.0 0.9416292217094451 0.4221381827723235 0.005973234493285418 0.003887209203094244
0.0 0.9433593492023646 0.41827261354774237 0.0054891111329197885 0.003573795408010483
0.0 0.9490696251392364 0.42030840236693623 0.006458250246942044 0.0052860090509057045
0.0 0.9559046884533018 0.4239868223667145 0.008105459529906512 0.0062380008399486545
0.0 0.9587526129093021 0.4192905079573393 0.006998891849070788 0.006106781028211117
0.0 0.9660091833211482 0.4196492925286293 0.0073482638224959375 0.0065412532538175585
0.0 0.973130407417193 0.42074182918295266 0.006936424318701029 0.006141739524900913
0.0 0.9809184723999351 0.42135389558970926 0.009541915263980627 0.007125595398247242
0.0 0.8558642771560698 0.40942560490220786 0.0069233358837664126 0.006140986829996109
0.0 0.8529497950337828 0.41652573412284255 0.004293601587414741 0.006900121457874775
0.0 0.8591076805721969 0.41761235375888645 0.006839748378843069 0.004753393772989512
0.0 0.8632181184366345 0.41551703931763767 0.0059466114267706875 0.0053714817389845845
0.0 0.8660243978723884 0.4214518504682928 0.008918876014649867 0.007940973062068224
0.0 0.8638149808160961 0.37297946945764127 0.006418092548847199 0.004831339512020349
0.0 0.8515520096756518 0.37100469074212017 0.006676589138805866 0.005906438734382391
0.0 0.8422551307361573 0.3725274134427309 0.005114454682916403 0.004649480059742928
0.0 0.9081107809673995 0.3433420448563993 0.006962898653000593 0.007009094953536988
0.0 0.9157665486447513 0.3420458937762305 0.005894852615892887 0.0034430983010679483
0.0 0.9136356621980667 0.34586129379458724 0.003917904011905194 0.0040993855334818365
0.0 0.9187029687687754 0.346036211727187 0.004265639930963516 0.0038618684746325018
0.0 0.72196304355748 0.40970673644915223 0.009076978359371424 0.006916680745780468
0.0 0.7255413175560534 0.37819054354913534 0.005896042473614216 0.004967911820858717
0.0 0.8107306684367359 0.37517183972522616 0.004517294839024544 0.005039961449801922
0.0 0.8153184623457491 0.375955646019429 0.005018522404134274 0.004346562176942825
0.0 0.810436550481245 0.38242976306937637 0.005227491166442633 0.004811351280659437
0.0 0.8057966259308159 0.38942604130133984 0.005535218119621277 0.004984931088984013
0.0 0.7737295885104686 0.38335647685453295 0.006121074315160513 0.005911833047866822
0.0 0.7637342630885542 0.3811277681495994 0.006301783956587315 0.0048372774384915825
0.0 0.7513039682060481 0.38149872128851714 0.006476098112761975 0.007083151768893003
0.0 0.7190894627943635 0.37765895277261735 0.00511876791715622 0.004507638886570931
0.0 0.5730317503213882 0.3979677903465927 0.0066298872232437136 0.004702001437544822
0.0 0.6682272097095847 0.3615552125498652 0.006616798788309097 0.005127608589828014
0.0 0.6798634232953191 0.3441122503718361 0.007041280530393124 0.005308192642405629
0.0 0.6752992034424097 0.33947729105129837 0.004924374911934137 0.004069528635591268
0.0 0.6764689079485834 0.331946693523787 0.00508485697209835 0.004156694887205959
0.0 0.6787828837521375 0.33416848161723467 0.004015769809484482 0.003575488971546292
0.0 0.6908698303159326 0.3414429747033864 0.00451893089339137 0.0039934228174388405
0.0 0.7172834075056016 0.3419399415142834 0.005279696173965931 0.0039616841822862625
0.0 0.7626524593215436 0.3537041865289211 0.005491639580577612 0.0042587477713823315
0.0 0.7623367008287459 0.3453292430378497 0.0055445882491767405 0.0044945085421204565
0.0 0.7550309744197875 0.3501086047850549 0.004652789887040853 0.004285761155188084
0.0 0.7763537453487516 0.3493098909500986 0.003969365358352661 0.004309220146387816
0.0 0.7593497117515653 0.3490930939093232 0.0033829142339527607 0.003369396924972534
0.0 0.36483334652148186 0.31016458112280815 0.004259541910141706 0.003977804398164153
0.0 0.36699717715382574 0.295860743499361 0.005578945390880108 0.003992607397958636
0.0 0.3733136855997145 0.2960458019049838 0.005126204527914524 0.004417629120871425
0.0 0.3918069748673588 0.2987731396220624 0.004248833190649748 0.003796258568763733
0.0 0.39060083096846937 0.30345114890951663 0.004532168060541153 0.0035677947569638492
0.0 0.40374771766364576 0.2987501510651782 0.00532312598079443 0.004894628608599305
0.0 0.42578507252037523 0.302081338269636 0.005259468592703343 0.004270581807941198
0.0 0.42968810331076385 0.303643891075626 0.005603337474167347 0.003968249354511499
0.0 0.43325410690158606 0.3060451969038695 0.004145761765539646 0.004022652469575405
0.0 0.43878590418025853 0.3112590308766812 0.003977099433541298 0.004438892751932144
0.0 0.457718622777611 0.31901075344067065 0.0051110338419675825 0.005024008499458432
0.0 0.42512366035953164 0.3100329954177141 0.0047757914289832115 0.004822934418916703
0.0 0.4288221843540668 0.3104509083554149 0.005824056081473827 0.006346179824322462
0.0 0.3158919699955732 0.306046608206816 0.004853280913084746 0.0067529068794101475
0.0 0.44730610349215566 0.3100930123822764 0.005510379839688539 0.004789627669379115
0.0 0.2378563411999494 0.4397154905367643 0.004888976644724608 0.004558445792645216
0.0 0.24083448071032762 0.4384761156514287 0.004229646734893322 0.004337780736386776
0.0 0.243674373626709 0.44104192713275553 0.004165096953511238 0.004553553275763988
0.0 0.5159547216258943 0.32315471523907036 0.00573451928794384 0.006146945664659143
0.0 0.5203182273544371 0.32074925913475455 0.004571730829775333 0.003583120461553335
0.0 0.5235116567462683 0.31831240938045086 0.004350714758038521 0.003556901589035988
0.0 0.5259368842467665 0.3167403851635754 0.0038007030263543127 0.0042990587651729585
0.0 0.5279068424366414 0.32207818380557 0.004543769173324108 0.0046151488088071345
0.0 0.5288724119774997 0.33176772985607383 0.005170229263603688 0.004291071835905313
0.0 0.5529622714035213 0.33215084110852333 0.004628844000399113 0.0038837593514472247
0.0 0.5484168661758304 0.3261243475368246 0.0035817692056298255 0.0038853065576404332
0.0 0.5035585607867687 0.31820438720751554 0.004099803511053324 0.004329981980845332
0.0 0.4975913499481976 0.3176238503539935 0.005020902119576931 0.003959028841927647
0.0 0.49095201822929085 0.31847361153922976 0.005541911069303751 0.004881979152560234
0.0 0.49008557870984076 0.3142695177812129 0.004484276287257671 0.003629536647349596
0.0 0.4826229398138821 0.317113125952892 0.004001788981258869 0.003561731381341815
0.0 0.48593260343186556 0.3162060867762193 0.004527557361871004 0.004562481073662639
0.0 0.46825682078488173 0.3139574734726921 0.003305870946496725 0.004023760603740811
0.0 0.47174607855267825 0.31611987184733153 0.003804123867303133 0.0034981077536940576
0.0 0.47719324720092116 0.3136625216109678 0.006466430518776179 0.004136539390310645
0.0 0.39579485738649967 0.30130395079031586 0.00396371353417635 0.003572373650968075
0.0 0.3602184833493084 0.3128542527323589 0.005449994560331106 0.004643855756148696
0.0 0.4379950949922204 0.30428721522912383 0.004272481612861157 0.003978619817644358
0.0 0.44249454196542504 0.30718721279408784 0.005024174228310585 0.0035845213104039432
0.0 0.4509051256347448 0.3095678195124492 0.003918052744120359 0.0036729629617184402
0.0 0.453634807979688 0.3077017529401928 0.003781219106167555 0.0035484546795487406
0.0 0.4447696242947131 0.30443477479275316 0.003135423827916384 0.0026955049950629474
0.0 0.44645252930931745 0.3054601856973022 0.003014355804771185 0.002403982076793909
0.0 0.4481646602042019 0.3068647980224341 0.002682831697165966 0.002474442683160305
0.0 0.4822719317860901 0.3084627588512376 0.0035767123103141786 0.0035878248047083615
0.0 0.48547733412124217 0.30561012879479676 0.0039126983843743805 0.0035821795929223297
0.0 0.4871861185412854 0.30944845464546233 0.0037339222617447376 0.00362311783246696
0.0 0.4844432733952999 0.31153498764615506 0.0042290518060326574 0.003472035238519311
0.0 0.4595022195018828 0.30972099292557687 0.005209792032837867 0.004513095924630761
0.0 0.46178146633319556 0.3056021732278168 0.004654574673622847 0.003239222522825003
0.0 0.46707090446725485 0.304684167704545 0.00392563808709383 0.0031565724406391383
0.0 0.46704643801786005 0.3085482629016042 0.004101588297635317 0.003929527383297682
0.0 0.4716590702068061 0.3063270288752392 0.0030536211095750334 0.0036984709557145836
0.0 0.47584707192145287 0.3087787757162005 0.004106645192950964 0.0027281844988465307
0.0 0.4761780011001974 0.30566198111046106 0.004117353912442922 0.0031164287123829127
0.0 0.4932303726673126 0.3100466171046719 0.005992123484611511 0.004844490764662623
0.0 0.5009231746662408 0.3133211222011596 0.00542738726362586 0.005340244900435209
0.0 0.5011998165864497 0.3076500260736793 0.005242364387959242 0.0044116702862083915
0.0 0.5057412060443311 0.3111512805102393 0.003262143675237894 0.00329749365337193
0.0 0.5097222468815744 0.3103367078118026 0.0034261953085660936 0.0028034539893269537
0.0 0.5107786918058992 0.31505984743125737 0.006201240979135036 0.004882899112999439
0.0 0.514715559175238 0.31368294891435655 0.004203916061669588 0.003909852774813771
0.0 0.5186710924375803 0.31372587343212216 0.004086120147258043 0.004316224390640855
0.0 0.5165500966832042 0.3100319500081241 0.004338518716394901 0.004215133283287287
0.0 0.8005612519569695 0.35335742416791616 0.00455358549952507 0.0045640491880476475
0.0 0.7809384158812464 0.3512258758302778 0.0040767500177025795 0.0037342448718845843
0.0 0.7878465810790658 0.35131638739258053 0.004149331338703632 0.0036481449380517004
0.0 0.7927563058678061 0.3528093995526433 0.003660151083022356 0.003256910853087902
0.0 0.7965582731179893 0.35345479361712934 0.004303417913615703 0.004277648776769638
0.0 0.748800210095942 0.3502280323766172 0.005225557647645473 0.0045657636597752575
0.0 0.7468028851784766 0.3421033076709136 0.005026553943753243 0.005548720480874181
0.0 0.7409153948072345 0.34344081515446306 0.005254857894033194 0.004192761518061161
0.0 0.740075429622084 0.3487396200187504 0.0041781853884458545 0.003701586276292801
0.0 0.7452656633686274 0.34708676473237576 0.004052506666630507 0.0037585820071399214
0.0 0.6936092546209693 0.34719151477329435 0.006238721497356892 0.00443291300907731
0.0 0.698800008930266 0.3468272313475609 0.004380758665502071 0.004269369132816792
0.0 0.6868028222583235 0.33331074395682664 0.010573373176157475 0.0032208442222326993
0.0 0.6855507944710553 0.3406932069454342 0.006408871151506901 0.007040331792086363
0.0 0.6712763688527048 0.3433609876781702 0.007707005925476551 0.004986520111560822
0.0 0.6973608016502112 0.34132617108989505 0.0042622190900146965 0.0035903337877243756
0.0 0.6953500908333808 0.33731349182780834 0.006595827545970679 0.00435105743817985
0.0 0.7045698521193117 0.340745006990619 0.006749914120882749 0.006479427730664611
0.0 0.7236995665356517 0.3488990449812263 0.005174988694489002 0.007159843016415835
0.0 0.5630065297242254 0.3337837917963043 0.006472974736243487 0.004240285838022828
0.0 0.5588110170327127 0.32907991907559336 0.0044176442548632625 0.00445248307660222
0.0 0.5632412291597575 0.32967202861327677 0.004091177042573691 0.00418734629638493
0.0 0.5617460985668004 0.3253129424294457 0.006184880435466766 0.0035381051246076824
0.0 0.5686217657756061 0.32464662971906366 0.004418685380369425 0.0042587477713823315
0.0 0.5697358444333076 0.3312214197125286 0.004740393161773682 0.004446085169911384
0.0 0.5747858237009495 0.32801130139268936 0.006124048959463835 0.004671517293900251
0.0 0.5796949535608291 0.3342679418856278 0.006650114804506302 0.006757673947140575
0.0 0.5863591235596687 0.3325736674712971 0.005138846766203642 0.004198720352724195
0.0 0.5664232061710208 0.3164056241046637 0.00593277933076024 0.003212794568389654
0.0 0.5700347961857914 0.3189138021552935 0.00408359169960022 0.0036312720272690057
0.0 0.5746310678310692 0.3234465831425041 0.005825245939195156 0.004860276449471712
0.0 0.5424292790237815 0.32047959573101253 0.004489779379218817 0.00329389744438231
0.0 0.5443975267931819 0.3236827516229823 0.0034473152831196786 0.003153645293787122
0.0 0.5493462194222957 0.3219372625928372 0.0041735746897757055 0.002977661043405533
0.0 0.5373256817925721 0.3228534909198061 0.0053423124365508555 0.003926704777404666
0.0 0.5400208582635969 0.3263086741557345 0.005517518986016512 0.004260274069383741
0.0 0.6647885208949447 0.3352131698746234 0.005346625670790672 0.0037848426960408687
0.0 0.6668536677025259 0.337459023296833 0.006531723961234093 0.003933709021657706
0.0 0.6459563452750444 0.3374633512925357 0.005635761097073555 0.004293246287852525
0.0 0.651516847871244 0.33852701373398303 0.006023952178657055 0.004510440584272146
0.0 0.6468749898020179 0.33388736052438617 0.004059348348528146 0.0032292284071445466
0.0 0.6537485003937036 0.33519926592707633 0.004196181986480951 0.0037801592610776425
0.0 0.6594088766723871 0.33633399531245234 0.005616723373532295 0.004188705328851938
0.0 0.6488727609161288 0.32795545561239126 0.0062385727651417255 0.0042132515460252765
0.0 0.6504781020805239 0.33048600542824713 0.004840043745934964 0.004813881171867251
0.0 0.6559310712851584 0.3313869916833937 0.004516104981303215 0.003088767174631357
0.0 0.660798630490899 0.33033945991192015 0.005345733277499676 0.004624662036076188
0.0 0.6322418220806867 0.32997375472914425 0.006630630884319544 0.004288541944697499
0.0 0.6354731038212776 0.3273439537268132 0.0060138383880257605 0.004561498388648033
0.0 0.6423503327183425 0.3298925368580967 0.005410877987742424 0.0033493668772280214
0.0 0.624443345842883 0.33623322828207164 0.004504652600735426 0.0035403213929384946
0.0 0.6268105677794665 0.33303077281452714 0.004678669292479754 0.0036412452347576616
0.0 0.6318741560447961 0.3347803493961692 0.005212320480495691 0.0049913708120584484
0.0 0.6380890803877264 0.3362217810470611 0.005900950636714697 0.006118196900933981
0.0 0.541618911549449 0.31707282541319726 0.004522649198770523 0.0038385767489671706
0.0 0.5452763854525984 0.3190371082164347 0.004576490260660648 0.004733405541628599
0.0 0.5293487268965691 0.3098133339546621 0.004852983448654413 0.003315788321197033
0.0 0.5291179688647389 0.31343074385076763 0.0037885069847106933 0.0032387625426054
0.0 0.5313107279129327 0.31593158312607555 0.004445010982453823 0.00469968062825501
0.0 0.5358063078485429 0.31673588990233836 0.003520788997411728 0.003300190810114145
0.0 0.5367919562384487 0.3126953400205821 0.0048272527754306795 0.005032769031822681
0.0 0.5535384600050748 0.3245324605377391 0.005748500116169453 0.004442175338044763
0.0 0.5528483425267041 0.3197793176630512 0.005933820456266403 0.005164009751752019
0.0 0.5566929215565324 0.31885240525007247 0.006246753036975861 0.006707557011395693
0.0 0.5474834971595556 0.31525231779087337 0.007697338331490755 0.0063297250773757694
0.0 0.5862483180593699 0.3190699863480404 0.004605195578187704 0.004567164508625865
0.0 0.580048490036279 0.32105251154862346 0.005727082677185536 0.004091984033584595
0.0 0.5783546532038599 0.31804808801971374 0.008017410058528185 0.00541865061968565
0.0 0.5973423283547163 0.31969888384919615 0.007370871119201183 0.004772441135719419
0.0 0.6045990474987775 0.3222182582365349 0.005704326648265123 0.004142310051247477
0.0 0.6111112131737173 0.3221808221191168 0.005331157520413399 0.004597962275147438
0.0 0.6199758762959391 0.32307895440608264 0.005325951892882585 0.0036543755792081355
0.0 0.6068118853960186 0.32568342513404785 0.004914261121302843 0.0028284601867198944
0.0 0.6047249493189156 0.3276923260185868 0.004638362862169743 0.003186575695872307
0.0 0.6044668245594949 0.3300325590185821 0.004391913581639528 0.0031717308796942235
0.0 0.5990705966949463 0.33034542920067905 0.0037578681483864786 0.0020869302563369272
0.0 0.6012208926957101 0.33268752302974464 0.005185846146196127 0.0028318891301751135
0.0 0.5932151581160724 0.3311512727290392 0.007348561286926269 0.00461602695286274
0.0 0.5959330906160176 0.3331500854110345 0.004149331338703632 0.0036481658462435007
0.0 0.5981869786046445 0.33571967082098125 0.004535440169274807 0.0036197097972035406
0.0 0.5861759598366916 0.325456215813756 0.006120628118515015 0.004399961698800326
0.0 0.591371399210766 0.32458461602218447 0.006761515233665705 0.00388294393196702
0.0 0.5918209423311055 0.3283601127564907 0.006324093788862228 0.004347607586532831
0.0 0.5976743730250746 0.3252113913418725 0.0049327039159834385 0.005064946739003063
0.0 0.613402432948351 0.3265097273280844 0.004143976978957653 0.0031309808138757942
0.0 0.6114937524311245 0.32858141551259906 0.004998889751732349 0.003376275720074773
0.0 0.6144107630010694 0.33224515796173365 0.005859900545328855 0.0041516769211739305
0.0 0.6180269637145102 0.3266840284690261 0.005095863156020642 0.0034854792058467863
0.0 0.6228835911024362 0.32797862188890575 0.00593813369050622 0.005022147670388222
0.0 0.6062934048939497 0.3379648238187656 0.005722471978515387 0.005086691258475185
0.0 0.6083656908478587 0.3333910105051473 0.004873805958777666 0.004518699320033193
0.0 0.6108678872697055 0.3357282431796193 0.006233664602041245 0.004988234583288431
