0.0 0.3590689381118864 0.926784907002002 0.011920623015612364 0.020837015472352505
0.0 0.48013571549672635 0.41720380331389606 0.0107816809322685 0.00796254025772214
0.0 0.44213386909104885 0.45463681244291365 0.012502802070230246 0.007595506031066179
0.0 0.6630709289340302 0.43555950769223273 0.007466156734153628 0.008329737465828657
0.0 0.5916229320457205 0.563543462427333 0.010731138521805406 0.0073676579631865025
0.0 0.6024679720168933 0.5649613195564598 0.01403391850180924 0.01089946599677205
0.0 0.5850045192521065 0.5571252936497331 0.010161631274968386 0.01735556870698929
0.0 0.5946093874983489 0.5543782413005829 0.00825086748227477 0.007646111771464348
0.0 0.611971538211219 0.5613914146088064 0.010035130428150296 0.014051608741283417
0.0 0.6302828073268756 0.5581380603834987 0.009478294989094138 0.01177296508103609
0.0 0.7344683472067117 0.605850309599191 0.012350885197520256 0.01314021646976471
0.0 0.7688635436818003 0.6076226513832808 0.016780080273747444 0.010570324957370758
0.0 0.6727770268218591 0.6194335911422968 0.011237286729738116 0.015773344784975052
0.0 0.8258093444630503 0.5609104156028479 0.010326292365789413 0.01051971921697259
0.0 0.849600048083812 0.49605752946808934 0.010161776095628738 0.009114574640989304
0.0 0.8530421455390751 0.6093442651908845 0.01696979533880949 0.010608381126075983
0.0 0.8837928576860576 0.48828486260026693 0.009921228978782892 0.009329710155725479
0.0 0.9207190124318003 0.45090241846628487 0.010655324906110764 0.01314013497903943
0.0 0.9623020927421748 0.4557128567248583 0.011338588781654835 0.013709836639463902
0.0 0.6427349583711475 0.5540364691987634 0.008415383752435446 0.014038896188139915
0.0 0.6555034701479598 0.5523781329393387 0.008769687497988343 0.012684520334005356
0.0 0.571059194789268 0.6109013492241502 0.012603959301486611 0.015304936096072197
0.0 0.5826760926749557 0.609622759744525 0.011034755036234856 0.011494592763483524
0.0 0.609301443491131 0.462181671988219 0.00985794235020876 0.009886780753731728
0.0 0.6466705322265625 0.43547096801921725 0.01119927130639553 0.010127341374754906
0.0 0.5665034988662228 0.4665491266641766 0.011351260589435697 0.010595668572932482
0.0 0.5443705573445186 0.47376484517008066 0.009744040900841355 0.00951958354562521
0.0 0.5540260404115542 0.4667643029242754 0.009339122334495187 0.012633833102881908
0.0 0.5614669983508065 0.473245789995417 0.006251401035115123 0.008848670404404402
0.0 0.8637732840608805 0.34581886511296034 0.008972074370831251 0.008114520460367203
0.0 0.982397624803707 0.27583911223337054 0.006289416458457708 0.00791193451732397
0.0 0.9870166073553264 0.27206668246071786 0.0045302798971533775 0.007304298924282193
0.0 0.9631879607215523 0.4450918852817267 0.014071933925151825 0.005797820631414652
0.0 0.7314438039204105 0.7051106579601765 0.011098114075139165 0.009431084617972374
0.0 0.7419725193642079 0.6927553601562977 0.009490966796875 0.009190523996949196
0.0 0.3221807263791561 0.43847113056108356 0.012641974724829197 0.010038679465651512
