0.0 0.5523961901664733 0.5751130469143391 0.011328577995300293 0.010329857468605042
0.0 0.08147932291030884 0.4381305119022727 0.012212634086608887 0.011678120121359825
0.0 0.16461483836174012 0.2918602582067251 0.010853826999664307 0.009390614926815033
0.0 0.1259387254714966 0.40404917392879725 0.011388659477233887 0.010474344715476036
0.0 0.1477154016494751 0.3461708165705204 0.011839628219604492 0.010517444461584091
0.0 0.2300889015197754 0.391996156424284 0.01101672649383545 0.009159576147794724
0.0 0.2885482728481293 0.31916462630033493 0.010940015316009521 0.010292742401361465
0.0 0.008285415172576905 0.7165552489459515 0.015357255935668945 0.011362239718437195
0.0 0.1680558443069458 0.3775606583803892 0.00754237174987793 0.010384172201156616
0.0 0.15710983872413636 0.39125335216522217 0.008407294750213623 0.0070145465433597565
0.0 0.2616961419582367 0.3178072106093168 0.007997095584869385 0.007237337529659271
0.0 0.07522530555725097 0.1892035026103258 0.009548664093017578 0.007508911192417145
0.0 0.1177401065826416 0.17892008926719427 0.009570121765136719 0.007248954847455025
0.0 0.23726890683174134 0.23030529636889696 0.011656343936920166 0.006662255153059959
0.0 0.2719674825668335 0.23939743172377348 0.008938193321228027 0.006602911278605461
0.0 0.2682341158390045 0.24742240831255913 0.008876502513885498 0.008538980036973953
0.0 0.2909193456172943 0.266102678142488 0.007593691349029541 0.006243227049708366
0.0 0.283366334438324 0.26826900616288185 0.009121298789978027 0.00981064885854721
0.0 0.27746011018753053 0.28211365547031164 0.005722761154174805 0.009886639192700386
0.0 0.2874846875667572 0.28446865174919367 0.013887226581573486 0.013394767418503761
0.0 0.34862412214279176 0.27458382304757833 0.009900569915771484 0.007804473862051964
0.0 0.35299344062805177 0.2679537795484066 0.009483575820922852 0.008442822843790054
0.0 0.37412567138671876 0.2513105133548379 0.007452249526977539 0.0062142591923475266
0.0 0.3788763999938965 0.25645763892680407 0.00921320915222168 0.007384339347481728
0.0 0.3622799634933472 0.23713494651019573 0.009461760520935059 0.0064371004700660706
0.0 0.3839598119258881 0.24251866806298494 0.008494555950164795 0.007284862920641899
0.0 0.4022828757762909 0.2390114702284336 0.0092734694480896 0.008176077157258987
0.0 0.39263434410095216 0.2461886340752244 0.008831620216369629 0.008873669430613518
0.0 0.4122299373149872 0.2566313957795501 0.007584035396575928 0.008400024846196175
0.0 0.3934970319271088 0.25851410534232855 0.006686389446258545 0.006588025018572807
0.0 0.4007744908332825 0.26054374128580093 0.011411547660827637 0.009258951991796494
0.0 0.393865567445755 0.20719138532876968 0.0089530348777771 0.006434787064790726
0.0 0.421203088760376 0.2118443977087736 0.008751153945922852 0.005937706679105759
0.0 0.4581762671470642 0.20288354810327291 0.011816024780273438 0.008496182039380074
0.0 0.48410670161247255 0.2690724115818739 0.009274184703826904 0.00834576040506363
0.0 0.48391948342323304 0.2820352762937546 0.009115040302276611 0.008130211383104324
0.0 0.48673481941223146 0.2957716481760144 0.01062154769897461 0.009060150012373924
0.0 0.4631692886352539 0.2766148168593645 0.007953286170959473 0.012427009642124176
0.0 0.46931923627853395 0.27648051362484694 0.008788347244262695 0.008422555401921272
0.0 0.506825190782547 0.2811634745448828 0.01159125566482544 0.009044911712408066
0.0 0.5141946494579315 0.273030798882246 0.012526094913482666 0.01189301535487175
0.0 0.5271426558494567 0.25070819817483425 0.008903145790100098 0.008818801492452621
0.0 0.5393979370594024 0.25370011013001204 0.010014832019805908 0.008031187579035759
0.0 0.557254296541214 0.2710085306316614 0.012677013874053955 0.008794259279966354
0.0 0.5576554656028747 0.2536711925640702 0.011352896690368652 0.009130055084824562
0.0 0.5503265082836151 0.2480736067518592 0.00912541151046753 0.007113972678780556
0.0 0.5691551685333252 0.27327596955001354 0.009549379348754883 0.007354818284511566
0.0 0.5700027465820312 0.2790232729166746 0.010258197784423828 0.006867695599794388
0.0 0.5844198882579803 0.27828207798302174 0.007991373538970947 0.006373632699251175
0.0 0.5144036829471588 0.19463263731449842 0.008821070194244385 0.006021441891789436
0.0 0.5249216973781585 0.19461752474308014 0.005920708179473877 0.004865795373916626
0.0 0.5335930109024047 0.19717275630682707 0.007943987846374512 0.006199674680829048
0.0 0.5468580543994903 0.1974829537793994 0.007171332836151123 0.005370570346713066
0.0 0.5238889575004577 0.20443878509104252 0.006917238235473633 0.005454204976558685
0.0 0.5976319134235382 0.22018170915544033 0.009512364864349365 0.00970936194062233
0.0 0.621913594007492 0.20376090705394745 0.01062709093093872 0.007180407643318176
0.0 0.5691867291927337 0.23024004325270653 0.008193790912628174 0.006069369614124298
0.0 0.5632846176624298 0.23796362336724997 0.007828295230865479 0.006281046196818352
0.0 0.5808016777038574 0.23467763233929873 0.008158206939697266 0.006343407556414604
0.0 0.5982433676719665 0.23546547256410122 0.009109854698181152 0.006788838654756546
0.0 0.900017899274826 0.3469918742775917 0.009287774562835693 0.006713401526212692
0.0 0.9005297541618347 0.3399931946769357 0.010263919830322266 0.0069299060851335526
0.0 0.9655322849750518 0.26734751649200916 0.011474311351776123 0.009758144617080688
0.0 0.818458092212677 0.20789906103163958 0.00865781307220459 0.008024850860238075
0.0 0.7909261107444763 0.23188872169703245 0.008674263954162598 0.008195942267775536
0.0 0.7744213163852691 0.22918130829930305 0.009861409664154053 0.006105478852987289
0.0 0.7599682331085205 0.22668569721281528 0.010375142097473145 0.0077728405594825745
0.0 0.7908899903297424 0.24984167702496052 0.010683417320251465 0.008095107972621918
0.0 0.6316450953483581 0.2261005062609911 0.009974241256713867 0.009059898555278778
0.0 0.6208185374736785 0.2209691721946001 0.009190142154693604 0.007305130362510681
0.0 0.6623740911483764 0.2517651980742812 0.009088754653930664 0.009144840762019157
0.0 0.6499612748622894 0.2479576850309968 0.009285986423492432 0.007822880521416664
0.0 0.6416728019714355 0.24616104923188686 0.009247541427612305 0.008389413356781006
0.0 0.635488075017929 0.24370217602699995 0.007695972919464111 0.004573049023747444
0.0 0.6834435582160949 0.2438273010775447 0.00964665412902832 0.009984204545617104
0.0 0.6253369867801666 0.24332853592932224 0.008396565914154053 0.0083543099462986
0.0 0.6166706800460815 0.24334794841706753 0.009414196014404297 0.010131508111953735
0.0 0.6095253646373748 0.23845854122191668 0.006757557392120361 0.006687300279736519
0.0 0.5813890814781189 0.2438061786815524 0.007198333740234375 0.007268870249390602
0.0 0.7431481003761291 0.25306455232203007 0.009512186050415039 0.0072896406054496765
0.0 0.7370417833328247 0.2486354624852538 0.006478786468505859 0.006028784438967705
0.0 0.7481266379356384 0.24991454929113388 0.008732199668884277 0.006706461310386658
0.0 0.7545530319213867 0.24015346262603998 0.007368922233581543 0.0059905629605054855
0.0 0.7487586557865142 0.2401804942637682 0.009300649166107178 0.007331080734729767
0.0 0.7218826532363891 0.2461351491510868 0.009383440017700195 0.007554676383733749
0.0 0.8788979172706604 0.2726768981665373 0.0081099271774292 0.008095711469650269
0.0 0.664674174785614 0.207658969797194 0.009644508361816406 0.00657796673476696
0.0 0.6598720371723175 0.22440307028591633 0.006580531597137451 0.005961444228887558
0.0 0.6384194612503051 0.20777119509875774 0.007541656494140625 0.00602249801158905
0.0 0.6786685109138488 0.2957648588344455 0.008415699005126953 0.006136810407042503
0.0 0.7228246450424194 0.2191963493824005 0.008342742919921875 0.005050968378782272
0.0 0.7408690273761749 0.20990199223160744 0.00588458776473999 0.006742570549249649
0.0 0.7681993961334228 0.22070722933858633 0.008241534233093262 0.006089335307478905
0.0 0.7493841469287872 0.22082410659641027 0.007060825824737549 0.0050209444016218185
0.0 0.7497744083404541 0.21411203779280186 0.007656097412109375 0.006896462291479111
0.0 0.7326586067676544 0.19480247143656015 0.005138576030731201 0.0058698635548353195
0.0 0.7082167088985443 0.19450716022402048 0.005197584629058838 0.0037486720830202103
0.0 0.7086764395236969 0.19971516355872154 0.0058359503746032715 0.005104277282953262
0.0 0.7037750601768493 0.20944929402321577 0.005504608154296875 0.004702700302004814
0.0 0.695136559009552 0.20835691411048174 0.006796717643737793 0.005643049255013466
0.0 0.6837583601474762 0.1912594409659505 0.005041301250457764 0.005336573347449303
0.0 0.6845217168331146 0.19690455216914415 0.004745185375213623 0.004013707861304283
0.0 0.6948281049728393 0.19088899437338114 0.005579710006713867 0.005326414480805397
0.0 0.6902405440807342 0.19241259805858135 0.0049629807472229 0.004358153790235519
0.0 0.6721030890941619 0.21762964595109224 0.006800830364227295 0.005042368546128273
0.0 0.6790154993534088 0.21970288455486298 0.005176842212677002 0.005626905709505081
0.0 0.6900098741054534 0.22094191424548626 0.008010685443878174 0.0062522292137146
0.0 0.7019367635250091 0.22737132012844086 0.008077561855316162 0.006628509610891342
0.0 0.7042322874069213 0.23110666498541832 0.008529424667358398 0.007164917886257172
0.0 0.7069218277931213 0.22431606613099575 0.008460402488708496 0.0072508156299591064
0.0 0.6587728679180145 0.21734459418803453 0.009656131267547607 0.0075037311762571335
0.0 0.6563344717025756 0.21083313785493374 0.006238818168640137 0.005774661898612976
0.0 0.6511645138263702 0.20547322928905487 0.007377326488494873 0.005914270877838135
0.0 0.6456901252269744 0.20363158266991377 0.006485402584075928 0.005289601162075996
0.0 0.6321931600570678 0.20788254030048847 0.0060596466064453125 0.005510933697223663
0.0 0.5982389867305755 0.24864982068538666 0.005361020565032959 0.004812285304069519
0.0 0.5974247574806213 0.24452237877994776 0.008366703987121582 0.005623536184430122
0.0 0.5353610336780548 0.27935431618243456 0.005686461925506592 0.0040265824645757675
0.0 0.5381390869617462 0.28494078759104013 0.0061563849449157715 0.004749571904540062
0.0 0.553723257780075 0.287261962890625 0.006504714488983154 0.005815498530864716
0.0 0.5467718660831451 0.28477691300213337 0.00480419397354126 0.005113530904054642
0.0 0.5334333300590515 0.21214737836271524 0.006469130516052246 0.005442185327410698
0.0 0.5401610255241394 0.21927281748503447 0.004239678382873535 0.005013400688767433
0.0 0.5269879817962646 0.21339928265661 0.007274150848388672 0.005966121330857277
0.0 0.5276919722557067 0.21933691389858723 0.009158134460449219 0.00648517906665802
0.0 0.5502615988254547 0.2315079402178526 0.006711781024932861 0.004432786256074905
0.0 0.5489506244659423 0.22436643298715353 0.010418057441711426 0.007252877578139305
0.0 0.5151218891143798 0.20945568103343248 0.004602313041687012 0.004292825236916542
0.0 0.5197278678417205 0.2064269809052348 0.0075797438621521 0.006257308647036552
0.0 0.763878446817398 0.16195156332105398 0.008305370807647705 0.0064345356076955795
0.0 0.825235229730606 0.17426622193306684 0.007476389408111572 0.007757803425192833
0.0 0.8283330917358398 0.1807779548689723 0.00786280632019043 0.0066388193517923355
0.0 0.8455607414245605 0.2202678332105279 0.008285880088806152 0.007357383146882057
0.0 0.8704579889774322 0.2169494293630123 0.008153021335601807 0.006450779736042023
0.0 0.8844059228897094 0.21487626619637012 0.008116722106933594 0.006878860294818878
0.0 0.8562796533107757 0.2143701585009694 0.006756484508514404 0.005223015323281288
0.0 0.9318958640098571 0.21231995336711407 0.005723476409912109 0.005540505051612854
0.0 0.9094118893146514 0.21288671251386404 0.005722939968109131 0.004569428041577339
0.0 0.9158453464508056 0.2043663403019309 0.006154775619506836 0.006506452336907387
0.0 0.9218803167343139 0.1982094133272767 0.005053281784057617 0.005784669890999794
0.0 0.8291695833206176 0.21653532981872559 0.00698697566986084 0.01037733256816864
0.0 0.5747665286064148 0.247897838242352 0.005321502685546875 0.008753975853323936
0.0 0.8629284918308258 0.18372304551303387 0.007435977458953857 0.007014244794845581
0.0 0.8444060504436492 0.18077574204653502 0.006918847560882568 0.005793420597910881
0.0 0.8524429321289062 0.16845316253602505 0.0067234039306640625 0.006329577416181564
0.0 0.8958220303058624 0.1818123236298561 0.006490767002105713 0.0061532557010650635
0.0 0.9137019038200378 0.19213820807635784 0.0058307647705078125 0.005858950316905975
0.0 0.8562369167804718 0.17030687909573317 0.0062583088874816895 0.004204513505101204
0.0 0.8591578423976898 0.16881234385073185 0.0065018534660339355 0.007556788623332977
0.0 0.8572653651237487 0.16020264150574803 0.0078095197677612305 0.008020802401006222
0.0 0.90326828956604 0.1932444181293249 0.005947709083557129 0.005793068557977676
0.0 0.8974489688873291 0.19402250181883574 0.004804015159606934 0.004466230049729347
0.0 0.8839567422866821 0.19789715390652418 0.005339384078979492 0.005072241649031639
0.0 0.8770731210708618 0.19453957304358482 0.00668942928314209 0.006295479834079742
0.0 0.8616553366184234 0.19753960706293583 0.005191147327423096 0.006583850830793381
0.0 0.8556292176246643 0.19194096513092518 0.006272792816162109 0.005161408334970474
0.0 0.8399475932121276 0.1858747387304902 0.007050633430480957 0.005883039906620979
0.0 0.795931738615036 0.18854330200701952 0.005771934986114502 0.006855173036456108
0.0 0.8235918402671814 0.15335883432999253 0.006108641624450684 0.006024233065545559
0.0 0.8043890118598938 0.15227712877094746 0.007928609848022461 0.006521841511130333
0.0 0.8003748178482055 0.15732440073043108 0.0060356855392456055 0.005585717037320137
0.0 0.7759445428848266 0.14590164786204696 0.006738066673278809 0.00551412720233202
0.0 0.7000949800014495 0.1528581832535565 0.006734311580657959 0.006284390576183796
0.0 0.6948353469371795 0.15320311952382326 0.005120337009429932 0.005035931244492531
0.0 0.8687237620353698 0.1629928471520543 0.0061168670654296875 0.006595266982913017
0.0 0.8693255603313446 0.17114958725869656 0.0045885443687438965 0.004954207688570023
0.0 0.9844777107238769 0.18965680431574583 0.005708098411560059 0.004737602546811104
0.0 0.9783696055412292 0.19329536333680153 0.007214784622192383 0.006468985229730606
0.0 0.97881520986557 0.20062098745256662 0.004870891571044922 0.0040410663932561874
0.0 0.9942992448806762 0.19216503854840994 0.005008220672607422 0.00467071495950222
0.0 0.9965307474136352 0.17740971222519875 0.006938505172729492 0.005237448960542679
0.0 0.9976040780544281 0.18178830947726965 0.004791843891143799 0.004012400284409523
0.0 0.9997028172016144 0.18463769555091858 0.0005943655967712402 0.00495239719748497
0.0 0.9179843187332153 0.17705530859529972 0.006480216979980469 0.0050733983516693115
0.0 0.9221869826316833 0.17988985870033503 0.006661176681518555 0.005352666601538658
0.0 0.9481005191802978 0.1856467928737402 0.008112430572509766 0.007155865430831909
0.0 0.9263926863670349 0.17710544914007187 0.005774259567260742 0.004944249987602234
0.0 0.9306960225105285 0.17987115029245615 0.008222579956054688 0.005887163802981377
0.0 0.9278275787830352 0.16997525747865438 0.006197512149810791 0.005986439064145088
0.0 0.8799613237380981 0.16612298507243395 0.006021738052368164 0.005599798634648323
0.0 0.8846948862075805 0.1642208881676197 0.006451249122619629 0.005255553871393204
0.0 0.8931400895118713 0.1676648948341608 0.005369067192077637 0.005059719085693359
0.0 0.7523919761180877 0.16372627206146717 0.007901608943939209 0.0062417685985565186
0.0 0.9649432718753814 0.18563962634652853 0.006661713123321533 0.005522249266505241
0.0 0.9657523155212402 0.18012912012636662 0.004541158676147461 0.004780199378728867
0.0 0.9602995634078979 0.17970219627022743 0.005664825439453125 0.006058908998966217
0.0 0.9573946416378021 0.18628383427858353 0.00594252347946167 0.00702551007270813
0.0 0.9538644969463348 0.1839687442407012 0.007008969783782959 0.00786723755300045
0.0 0.9548047006130218 0.1739659821614623 0.004947960376739502 0.005974972620606422
0.0 0.9638360559940338 0.17390294186770916 0.008366882801055908 0.006594512611627579
0.0 0.9457777261734008 0.16971291229128838 0.006763815879821777 0.005624491721391678
0.0 0.9453053891658783 0.17580498848110437 0.005109965801239014 0.004927000030875206
0.0 0.9395260334014892 0.17255294416099787 0.006064295768737793 0.004756210371851921
0.0 0.9398075759410858 0.1768335234373808 0.006477177143096924 0.005365893244743347
0.0 0.9415195405483245 0.18289886973798275 0.007117331027984619 0.005935695022344589
0.0 0.918103677034378 0.16775891464203596 0.0055051445960998535 0.004872282966971397
0.0 0.9143304347991943 0.17061602044850588 0.0055124759674072266 0.004626357927918434
0.0 0.9105225920677185 0.16742684040218592 0.0042607784271240234 0.0037823673337697983
0.0 0.9069354057312011 0.1726090693846345 0.004886984825134277 0.00501360185444355
0.0 0.8949776709079742 0.17258075531572104 0.006315886974334717 0.0056124720722436905
0.0 0.9024472653865814 0.16668650042265654 0.006408512592315674 0.005451841279864311
0.0 0.9933520674705505 0.18745982367545366 0.0061991214752197266 0.006002029404044151
0.0 0.9778595387935638 0.18302839528769255 0.005637824535369873 0.005131585523486137
0.0 0.9875406146049499 0.18257232755422592 0.0062220096588134766 0.0054339878261089325
0.0 0.9833417057991027 0.17772903759032488 0.005528569221496582 0.005598893389105797
0.0 0.9716622054576873 0.17840226367115974 0.007637321949005127 0.006540197879076004
