0.0 0.9968898385763169 0.6799906812608242 0.006220322847366333 0.016955651342868805
0.0 0.89934401512146 0.5557865671813488 0.013352394104003906 0.017633579671382904
0.0 0.8835572928190232 0.49515130966901777 0.02262219786643982 0.014632388949394226
0.0 0.8501578003168107 0.42026819139719007 0.021096378564834595 0.011818282306194305
0.0 0.8568292140960694 0.42764212042093275 0.021364867687225342 0.014871574938297272
0.0 0.9185161769390107 0.34763194285333154 0.016274571418762207 0.01630055531859398
0.0 0.7723179489374161 0.3759879045188427 0.018276840448379517 0.017066694796085358
0.0 0.9602106243371964 0.23337222766131163 0.010890394449234009 0.010487118735909462
0.0 0.9053359806537629 0.22395053263753653 0.01087796688079834 0.009928079321980476
0.0 0.8192731469869614 0.22136824429035187 0.00941053032875061 0.01084192469716072
0.0 0.7829896092414856 0.19971313644200564 0.014274358749389648 0.011710910126566887
0.0 0.8452614724636078 0.05039245672523975 0.009930431842803955 0.010125573724508286
0.0 0.8384441912174225 0.07306259628385306 0.012253940105438232 0.010445276275277138
0.0 0.8045464783906937 0.04971015304327011 0.012132614850997925 0.011495109647512436
0.0 0.8194088220596314 0.05014550071209669 0.01010960340499878 0.010499993339180946
0.0 0.8191719830036164 0.06998951397836209 0.011480748653411865 0.010218411684036255
0.0 0.7744031876325608 0.05865898299962282 0.012580722570419312 0.011279309168457985
0.0 0.7631002247333527 0.052376780100166796 0.012022733688354492 0.01089065708220005
0.0 0.7389259666204453 0.05604689698666334 0.010813504457473755 0.010188991203904152
0.0 0.7537183940410614 0.030532350204885005 0.009639322757720947 0.010381003841757774
0.0 0.9158951222896576 0.10360067747533322 0.011888086795806885 0.008882168680429459
0.0 0.9564154326915741 0.10189582351595164 0.014737308025360107 0.011015782132744789
0.0 0.9100741475820542 0.12405472565442324 0.011438995599746704 0.009474148973822594
0.0 0.8576489418745041 0.12703806292265654 0.01006588339805603 0.009454334154725075
0.0 0.8648591667413712 0.1365210883319378 0.01076611876487732 0.007968373596668243
0.0 0.17376007437705998 0.5007261134684086 0.014366090297698975 0.012583516538143158
0.0 0.023658114671707198 0.0055953249335289005 0.005820930004119873 0.006198316812515259
0.0 0.03975834250450139 0.002878355048596859 0.006208956241607666 0.005756710097193718
0.0 0.7734185039997101 0.08800193890929223 0.007449209690093994 0.010624364018440247
0.0 0.7696841537952424 0.08317687958478928 0.008613646030426025 0.01142439991235733
0.0 0.742577213048935 0.07822528705000878 0.007705271244049072 0.010529011487960815
0.0 0.8378798544406891 0.15382737144827843 0.008023381233215332 0.010925207287073135
0.0 0.8311135351657868 0.1475615132600069 0.00915437936782837 0.00834767147898674
0.0 0.8265165865421296 0.15669340398162604 0.010053277015686035 0.010717051103711128
0.0 0.8178401321172715 0.15735574197024108 0.009045928716659546 0.008902737870812416
0.0 0.6774761110544205 0.00639991220086813 0.010474473237991333 0.00879581831395626
0.0 0.6647100925445557 0.003999551944434643 0.009736239910125732 0.007999103888869286
0.0 0.6647233247756958 0.03463869486004114 0.01028430461883545 0.010557526722550392
0.0 0.6211076110601426 0.0238213375210762 0.010484665632247925 0.009053360670804977
0.0 0.6024353235960007 0.018438345193862914 0.010561376810073853 0.007815789431333542
0.0 0.6088118731975556 0.026683321595191954 0.008660316467285156 0.006734423339366913
0.0 0.6524392992258072 0.051832199469208716 0.010420471429824829 0.010082121938467026
0.0 0.6474298268556595 0.049084527790546416 0.007916897535324097 0.010246071964502335
0.0 0.6276536762714386 0.051135864481329917 0.008461475372314453 0.007290344685316086
0.0 0.6082578182220459 0.0395816121250391 0.010284483432769775 0.0076820142567157745
0.0 0.6078516870737076 0.07007508482784033 0.010778635740280151 0.009295212104916573
0.0 0.5807230651378632 0.02657559737563133 0.008148908615112305 0.007120862603187561
0.0 0.5719245702028275 0.032548885233700274 0.005800813436508179 0.006165074184536934
0.0 0.5659163773059845 0.026591841503977774 0.006877899169921875 0.005355533212423325
0.0 0.5621840387582779 0.024977813847362994 0.005203932523727417 0.006583297625184059
0.0 0.5568878382444382 0.027784100174903868 0.0065641701221466064 0.00661613792181015
0.0 0.5507642209529877 0.010674179904162884 0.0074672698974609375 0.008820461109280586
0.0 0.5371898740530014 0.005158367939293385 0.008525043725967407 0.007119705900549889
