0.0 0.8023355275392532 0.873231390118599 0.009311288595199585 0.010364256799221039
0.0 0.5713569641113281 0.9458167940378189 0.012648224830627441 0.011363044381141663
0.0 0.5292267024517059 0.9358416419476271 0.012353718280792236 0.011625867336988449
0.0 0.484052312374115 0.8892904460430145 0.01330268383026123 0.016337066888809204
0.0 0.43265698552131654 0.894763258844614 0.014152586460113525 0.017047785222530365
0.0 0.8684262305498123 0.9066899694502354 0.012281745672225952 0.012312747538089752
0.0 0.8225857138633728 0.8733052682131529 0.013940513134002686 0.012624654918909073
0.0 0.9212190330028533 0.9125584248453379 0.014133453369140625 0.013204414397478104
0.0 0.9484654933214187 0.9217115134000778 0.012137085199356079 0.011858314275741577
0.0 0.9366222888231277 0.9129633713513613 0.01167181134223938 0.015697460621595383
0.0 0.927362722158432 0.9208799447864294 0.007817208766937256 0.010991189628839493
0.0 0.5555350601673126 0.7602286837995053 0.011168181896209717 0.01011541485786438
0.0 0.40985373854637147 0.6725322926416993 0.007853686809539795 0.009835442528128624
0.0 0.4041929364204407 0.6678246386349201 0.005674839019775391 0.009065832942724228
0.0 0.31198985576629634 0.6380362767726183 0.011345744132995605 0.010757535696029663
0.0 0.2445376634597778 0.4839041667059064 0.010170221328735352 0.008559750393033028
0.0 0.2713211297988891 0.5995105603709817 0.010616898536682129 0.009610539302229881
0.0 0.25568975210189815 0.5396791860461235 0.011070013046264648 0.00961461290717125
0.0 0.16899217367172237 0.5766777280718088 0.010355472564697266 0.00831146165728569
0.0 0.11843476891517635 0.49815466776490214 0.01017826795578003 0.009465951472520828
0.0 0.43168182373046876 0.8816445913165808 0.01743900775909424 0.0073130764067173
0.0 0.3786074340343475 0.9189941171556711 0.009744822978973389 0.00821208581328392
0.0 0.3557929217815399 0.9225691329687834 0.014558851718902588 0.010161783546209335
0.0 0.23219118714332576 0.5687803156673908 0.006728947162628174 0.009856615215539932
0.0 0.24165187478065486 0.5835383828729391 0.007900536060333252 0.006367597728967667
0.0 0.14528225064277644 0.4996007723733783 0.00746530294418335 0.006629263982176781
0.0 0.3441310346126556 0.39111379543319347 0.009013116359710693 0.006768194027245045
0.0 0.302918267250061 0.3764591273851693 0.00905764102935791 0.006503057666122913
0.0 0.17868835926055904 0.4151182292029262 0.011222362518310547 0.005725828930735588
0.0 0.14323170185089107 0.4205476908013225 0.008474349975585938 0.0059040617197752
0.0 0.14610908627510066 0.4289178173989058 0.00824207067489624 0.00787050649523735
0.0 0.12160201072692867 0.4451342854648829 0.007143974304199219 0.0056576840579509735
0.0 0.12888832092285152 0.4480753276497126 0.00837850570678711 0.009137146174907684
0.0 0.13332085013389583 0.46245975475758316 0.00492936372756958 0.009512169286608696
0.0 0.12310547828674312 0.4637580528855324 0.012891411781311035 0.012349460273981094
0.0 0.06332771182060237 0.44756039381027224 0.009343564510345459 0.007036775350570679
0.0 0.05967257618904109 0.44051142279058697 0.008865416049957275 0.007719883695244789
0.0 0.040388298034667924 0.4217580795288086 0.007003426551818848 0.00564078614115715
0.0 0.03512741327285762 0.42638255152851345 0.008684277534484863 0.006671508774161339
0.0 0.05364574193954463 0.40889313220977785 0.009019017219543457 0.005690272897481918
0.0 0.0315232396125793 0.41199000235646965 0.007965087890625 0.006633790209889412
0.0 0.013665002584457353 0.4065938336774707 0.008675873279571533 0.0074681248515844345
0.0 0.02251369953155513 0.4147367436438799 0.008167147636413574 0.008213493973016739
0.0 0.0027048945426940696 0.42308220230042937 0.005409789085388139 0.007843147963285446
0.0 0.020372134447097734 0.4269053559750319 0.006194651126861572 0.006086569279432297
0.0 0.01292292475700374 0.4281661618500948 0.010746538639068604 0.008377443999052048
0.0 0.02535004615783687 0.3758233055472374 0.008504033088684082 0.0057325176894664764
0.0 0.0009240865707397239 0.37760430071502926 0.0018481731414794478 0.005246702581644058
