0.0 0.0006528705358505249 0.30147172790020704 0.0013057410717010498 0.009544355794787407
0.0 0.4421380579471588 0.8656367678195238 0.013670146465301514 0.011706534773111343
0.0 0.7414988696575164 0.41239335015416145 0.00634843111038208 0.006835911422967911
0.0 0.7310325324535369 0.4091923013329506 0.005264103412628174 0.005851808935403824
0.0 0.7231741070747375 0.41240624990314245 0.005946636199951172 0.005287187173962593
0.0 0.7035153031349182 0.41913136932998896 0.0054509639739990234 0.005866745486855507
0.0 0.6885854125022888 0.41234567388892174 0.005818605422973633 0.006205558776855469
0.0 0.6998471140861511 0.4091050960123539 0.005410909652709961 0.005554083734750748
0.0 0.49305729269981385 0.33726196829229593 0.010920703411102295 0.00808248482644558
0.0 0.47826812863349916 0.3342180550098419 0.010618150234222412 0.009915556758642197
0.0 0.019331884384155274 0.20403356198221445 0.00977557897567749 0.0076971519738435745
0.0 0.04452444314956665 0.20969353429973125 0.006470382213592529 0.005839638411998749
0.0 0.07006595730781555 0.18304468970745802 0.0077002644538879395 0.005736490711569786
0.0 0.0801427036523819 0.18149661924690008 0.005339294672012329 0.006213856860995293
0.0 0.09128661155700683 0.18406190909445286 0.007399499416351318 0.0052636004984378815
0.0 0.10343889594078064 0.18341596610844135 0.005714714527130127 0.0054853856563568115
0.0 0.1399549812078476 0.182109747081995 0.00618937611579895 0.006002984941005707
0.0 0.08507787883281707 0.1970628947019577 0.005995720624923706 0.0053220391273498535
0.0 0.08178806006908416 0.20412071701139212 0.005932062864303589 0.005688412114977837
0.0 0.06530807614326477 0.20793288201093674 0.005706846714019775 0.0051906779408454895
0.0 0.0965807557106018 0.20810538157820702 0.0048351287841796875 0.004935499280691147
0.0 0.10142513811588287 0.20573278330266476 0.005141347646713257 0.0039229318499565125
0.0 0.11375502943992614 0.21367492992430925 0.005323827266693115 0.0062125492841005325
0.0 0.09226557314395904 0.23019176349043846 0.007905453443527222 0.0071457065641880035
0.0 0.07587316334247589 0.24352532625198364 0.007610231637954712 0.0069364942610263824
0.0 0.06751897633075714 0.26751559041440487 0.009997397661209106 0.00814821571111679
0.0 0.08054060935974121 0.2679577525705099 0.009274184703826904 0.00781196728348732
0.0 0.11573740541934967 0.26747120823711157 0.010758787393569946 0.00760531984269619
0.0 0.07333829700946808 0.2979490654543042 0.009662121534347534 0.009963182732462883
0.0 0.11827405989170074 0.297596069984138 0.009987205266952515 0.008410485461354256
0.0 0.1376867711544037 0.29671365674585104 0.010164499282836914 0.0071400236338377
0.0 0.1295640140771866 0.30324525479227304 0.008308857679367065 0.006187403574585915
0.0 0.08127638399600982 0.3175322925671935 0.00983932614326477 0.009466605260968208
0.0 0.08678827881813049 0.316027925349772 0.0072686076164245605 0.00983433611690998
0.0 0.10554156899452209 0.32263242080807686 0.00806128978729248 0.0067712366580963135
0.0 0.12709633708000184 0.31591740995645523 0.00989234447479248 0.00702551007270813
0.0 0.12038357257843017 0.3456656141206622 0.010268211364746094 0.008634081110358238
0.0 0.15690421760082246 0.3096876861527562 0.0077554285526275635 0.0066230278462171555
0.0 0.16406808495521547 0.3175472794100642 0.005433082580566406 0.005834357813000679
0.0 0.120227512717247 0.23669942282140255 0.00854542851448059 0.006825350224971771
0.0 0.1261573851108551 0.2409652667120099 0.008625447750091553 0.0072495583444833755
0.0 0.1245934784412384 0.2509507033973932 0.007891952991485596 0.008336406201124191
0.0 0.14103845953941346 0.24069349188357592 0.007993698120117188 0.007864722982048988
0.0 0.15910684764385224 0.24625592399388552 0.008344084024429321 0.007211638614535332
0.0 0.16553440392017366 0.231689240783453 0.008173137903213501 0.007399175316095352
0.0 0.16776537597179414 0.23968866933137178 0.009486526250839233 0.007952732965350151
0.0 0.16791021525859834 0.20581184141337872 0.00911208987236023 0.011606354266405106
0.0 0.18447540402412416 0.2345624901354313 0.008084714412689209 0.007454093545675278
0.0 0.19288815259933473 0.23756848368793726 0.008355975151062012 0.006779232993721962
0.0 0.19057425558567048 0.25401475839316845 0.009129434823989868 0.007939707487821579
0.0 0.20039663910865785 0.2538884514942765 0.009095907211303711 0.00790606252849102
0.0 0.2163460373878479 0.25083342380821705 0.009203195571899414 0.007311064749956131
0.0 0.1659368246793747 0.25653413217514753 0.005773454904556274 0.0068055856972932816
0.0 0.17286970913410188 0.2608015350997448 0.006030768156051636 0.007120158523321152
0.0 0.17129932045936586 0.3131547514349222 0.006598234176635742 0.004921216517686844
0.0 0.1753050208091736 0.3124551475048065 0.004789888858795166 0.0063093602657318115
0.0 0.1798012524843216 0.3164186393842101 0.006176859140396118 0.006234174594283104
0.0 0.12581848800182344 0.22043593227863312 0.01093563437461853 0.00826941803097725
0.0 0.14414986670017244 0.25750948395580053 0.00683024525642395 0.00860762782394886
0.0 0.18974429070949556 0.30120737105607986 0.00692322850227356 0.008413854986429214
0.0 0.20423045456409455 0.29900752380490303 0.008139878511428833 0.006591796875
0.0 0.256958481669426 0.20029077399522066 0.007926374673843384 0.005661657080054283
0.0 0.26007806956768037 0.1945830499753356 0.006366044282913208 0.004531307145953178
0.0 0.2794263631105423 0.18664198461920023 0.006373554468154907 0.004624748602509499
0.0 0.24642634093761445 0.1749050235375762 0.006589740514755249 0.00481223501265049
0.0 0.23403471410274507 0.1893725572153926 0.005401521921157837 0.00699256919324398
0.0 0.24187190532684327 0.19291262049227953 0.006587326526641846 0.006143046543002129
0.0 0.2297689735889435 0.20395473018288612 0.005909085273742676 0.0055937133729457855
0.0 0.1910343885421753 0.18491100426763296 0.005020737648010254 0.004934845492243767
0.0 0.1971326142549515 0.1833279812708497 0.006766945123672485 0.005677549168467522
0.0 0.19668321013450624 0.17637969367206097 0.006906867027282715 0.0068494901061058044
0.0 0.21438672840595246 0.1538712913170457 0.005966216325759888 0.005923273041844368
0.0 0.22467076480388642 0.15188511973246932 0.005112737417221069 0.005700507201254368
0.0 0.24542046785354615 0.15074875997379422 0.005584359169006348 0.005598767660558224
0.0 0.2539734959602356 0.1563208857551217 0.004473745822906494 0.005061479285359383
0.0 0.31791498959064485 0.19008563924580812 0.005707651376724243 0.005980001762509346
0.0 0.3273203343153 0.19735579192638397 0.007213979959487915 0.004877462983131409
0.0 0.3432797908782959 0.22367563005536795 0.005290389060974121 0.005792113021016121
0.0 0.3373867094516754 0.2364509580656886 0.006461441516876221 0.006504440680146217
0.0 0.3294533610343933 0.23864014353603125 0.00807952880859375 0.008165566250681877
0.0 0.3166953891515732 0.23646343033760786 0.004342228174209595 0.005159346386790276
0.0 0.32047846615314485 0.23698434885591269 0.004539817571640015 0.005113178864121437
0.0 0.2327049195766449 0.1531524257734418 0.0035052895545959473 0.004365194588899612
0.0 0.23444379568099977 0.15749180829152465 0.0035358667373657227 0.0037795761600136757
0.0 0.18115366697311402 0.24142965767532587 0.005561649799346924 0.005117202177643776
0.0 0.1837712347507477 0.24654447101056576 0.005808591842651367 0.003945160657167435
0.0 0.18934401571750642 0.24427685607224703 0.008156150579452515 0.006020436063408852
0.0 0.20894671678543092 0.18102488573640585 0.00643157958984375 0.010402226820588112
0.0 0.204304975271225 0.21114195231348276 0.01034921407699585 0.00809887982904911
0.0 0.21853159070014955 0.1952845649793744 0.009447991847991943 0.009605610743165016
0.0 0.2631806254386902 0.22980026993900537 0.009241282939910889 0.008954638615250587
0.0 0.28289611339569093 0.22688857279717922 0.008211851119995117 0.007495131343603134
0.0 0.2737227350473404 0.20549845043569803 0.005678147077560425 0.004832452163100243
0.0 0.32231197953224183 0.212208004668355 0.010345995426177979 0.008640266954898834
0.0 0.2561686605215073 0.1759792985394597 0.004785686731338501 0.005674431100487709
0.0 0.2724029988050461 0.15086152590811253 0.007528334856033325 0.00804426334798336
0.0 0.2942380130290985 0.16678718384355307 0.005060970783233643 0.006021341308951378
0.0 0.3177579015493393 0.1792733110487461 0.004458636045455933 0.005648329854011536
0.0 0.33165760040283204 0.16987917572259903 0.003933548927307129 0.007216114550828934
0.0 0.3244916319847107 0.1758129596710205 0.005638718605041504 0.007444839924573898
0.0 0.35622135996818544 0.18795024044811726 0.005217611789703369 0.007210079580545425
0.0 0.47429291605949403 0.21692209597676992 0.009755551815032959 0.007834849879145622
0.0 0.4537628412246704 0.23752809967845678 0.008585214614868164 0.006936745718121529
0.0 0.5324567079544067 0.23035106156021357 0.007290959358215332 0.005843108519911766
0.0 0.5338370621204376 0.2252257876098156 0.008173763751983643 0.0062385499477386475
0.0 0.5451879024505615 0.22794864047318697 0.005477786064147949 0.006395107135176659
0.0 0.5514670431613922 0.22724214661866426 0.007008969783782959 0.005217080935835838
0.0 0.5485760688781738 0.23303073924034834 0.009291529655456543 0.005507363006472588
0.0 0.5413982093334198 0.2428509183228016 0.011009037494659424 0.007052566856145859
0.0 0.6608603119850158 0.22860914282500744 0.008331298828125 0.007829669862985611
0.0 0.7390894412994384 0.23572160676121712 0.006259918212890625 0.007277671247720718
0.0 0.8636835932731628 0.259554760530591 0.009037256240844727 0.008334696292877197
0.0 0.8812663674354553 0.2312841434031725 0.007182598114013672 0.00603567436337471
0.0 0.8920624375343322 0.23919812683016062 0.007391095161437988 0.00612976960837841
0.0 0.9026450037956237 0.24192248843610287 0.006149411201477051 0.003368820995092392
0.0 0.9033181488513946 0.23819855973124504 0.007136285305023193 0.0066200606524944305
0.0 0.910092157125473 0.24524335656315088 0.00788336992263794 0.007840482518076897
0.0 0.92669118642807 0.245249567553401 0.008670687675476074 0.007423415780067444
0.0 0.9269945442676544 0.25992948189377785 0.009563863277435303 0.00873270258307457
0.0 0.9142795324325561 0.2125665321946144 0.005464911460876465 0.005264304578304291
0.0 0.9204184830188751 0.21401193272322416 0.008404433727264404 0.0073866527527570724
0.0 0.7095500946044921 0.18587348144501448 0.006160140037536621 0.00583033449947834
0.0 0.7152802765369415 0.18733334075659513 0.0066735148429870605 0.005670106038451195
0.0 0.7447540879249572 0.1909990319982171 0.005958437919616699 0.0060155075043439865
0.0 0.7609574019908905 0.19144398532807827 0.008159101009368896 0.004503998905420303
0.0 0.7742251276969909 0.19352021627128124 0.008503317832946777 0.007657673209905624
0.0 0.8173013150691986 0.206467742100358 0.00741809606552124 0.007633130997419357
0.0 0.816167277097702 0.19100064132362604 0.006926000118255615 0.0047616418451070786
0.0 0.8149812042713165 0.18129759095609188 0.010960757732391357 0.007033254951238632
0.0 0.8428776085376739 0.1768278405070305 0.007931649684906006 0.005723968148231506
0.0 0.8490087807178497 0.17325677257031202 0.006208598613739014 0.005277128890156746
0.0 0.8639088988304138 0.17609011568129063 0.006417989730834961 0.006346173584461212
0.0 0.7968129932880401 0.15201164036989212 0.003495633602142334 0.0065776146948337555
0.0 0.7903921425342559 0.1519388183951378 0.003935515880584717 0.005297144874930382
0.0 0.7813241302967071 0.14967999188229442 0.005545198917388916 0.00568853784352541
0.0 0.7715396106243133 0.14913531066849828 0.00591355562210083 0.005067841149866581
0.0 0.9716821134090423 0.22178102657198906 0.008163392543792725 0.005912762135267258
0.0 0.9649233043193817 0.2430613124743104 0.007090508937835693 0.0070189218968153
0.0 0.9607491612434387 0.2557071400806308 0.008575916290283203 0.007400332018733025
0.0 0.9666902542114257 0.25983284693211317 0.005399107933044434 0.005212554708123207
0.0 0.9890919744968414 0.26490981597453356 0.008708775043487549 0.007906263694167137
0.0 0.35541231632232667 0.16368430387228727 0.0062863826751708984 0.006057148799300194
0.0 0.3559259593486786 0.15468102088198066 0.0045678019523620605 0.0052701132372021675
0.0 0.38241044878959657 0.1720587806776166 0.0063051581382751465 0.004541968926787376
0.0 0.3805676817893982 0.16843216586858034 0.005456328392028809 0.004768380895256996
0.0 0.3839238405227661 0.1664425116032362 0.005092978477478027 0.005064345896244049
0.0 0.39247356057167054 0.1606502728536725 0.0039122700691223145 0.005589338019490242
0.0 0.3954981088638306 0.15377508383244276 0.004854083061218262 0.004008376970887184
0.0 0.42190266847610475 0.14835569309070706 0.004638791084289551 0.005384174175560474
0.0 0.44755871295928956 0.1454472648911178 0.005159497261047363 0.0057042790576815605
0.0 0.4241727113723755 0.1369844889268279 0.0044403076171875 0.005027834326028824
0.0 0.3827695965766907 0.13352800998836756 0.005950212478637695 0.004946965724229813
0.0 0.3839165985584259 0.12778851436451077 0.0057558417320251465 0.005612446926534176
0.0 0.3884099245071411 0.12234700797125697 0.005559325218200684 0.004699154756963253
0.0 0.19976694583892823 0.09717119904235005 0.005404293537139893 0.005863049067556858
0.0 0.20508706271648408 0.09787735342979431 0.005095392465591431 0.005095526576042175
0.0 0.25838242173194886 0.1019837986677885 0.005209922790527344 0.006141588091850281
0.0 0.2622333139181137 0.10617798985913396 0.00440177321434021 0.004158069379627705
0.0 0.3285457015037537 0.09976970637217164 0.004747509956359863 0.00519160833209753
0.0 0.3349301636219025 0.09951047925278544 0.005427181720733643 0.006731531582772732
0.0 0.30597902536392213 0.08928749104961753 0.006573021411895752 0.006157354451715946
0.0 0.31094558238983155 0.08695595571771264 0.005821108818054199 0.0037140464410185814
0.0 0.2966600477695465 0.0933255273848772 0.004643440246582031 0.0044714100658893585
0.0 0.29395915269851686 0.08847060753032565 0.004535079002380371 0.004277008585631847
0.0 0.32943583726882936 0.11987270787358284 0.007966160774230957 0.005773203447461128
0.0 0.3192167550325394 0.11435591522604227 0.004722565412521362 0.006242020055651665
0.0 0.40655962824821473 0.12453020876273513 0.005431473255157471 0.004843742586672306
0.0 0.371238511800766 0.11143271392211318 0.005902111530303955 0.0057015130296349525
0.0 0.9809228599071502 0.24134262837469578 0.008502066135406494 0.005893249064683914
0.0 0.9871206402778625 0.23929727636277676 0.006316423416137695 0.005657181143760681
0.0 0.9898520231246948 0.24573774635791779 0.005344390869140625 0.00414029136300087
0.0 0.9969098091125488 0.241158964112401 0.0060575008392333984 0.004738859832286835
0.0 0.9349842190742492 0.1899681081995368 0.007504105567932129 0.007160140201449394
0.0 0.8918939054012298 0.13648506999015808 0.005550205707550049 0.004976989701390266
0.0 0.9005586922168731 0.1388841844163835 0.004732668399810791 0.004230891354382038
0.0 0.9073398530483245 0.13955000508576632 0.004653632640838623 0.004209090024232864
0.0 0.9111019194126129 0.13640143536031246 0.004411518573760986 0.003307616338133812
0.0 0.8960600018501281 0.13672307413071394 0.004577994346618652 0.004234034568071365
0.0 0.7444371402263641 0.14167731953784823 0.006653845310211182 0.005033995024859905
0.0 0.7484571456909179 0.15318931452929974 0.006403684616088867 0.005586722865700722
0.0 0.7363188982009887 0.14835031190887094 0.006022453308105469 0.005076591856777668
0.0 0.7185959339141845 0.13963348884135485 0.0065528154373168945 0.005320027470588684
0.0 0.7629880130290985 0.14610259979963303 0.004862844944000244 0.005866292864084244
0.0 0.7265003144741058 0.14449560036882758 0.00461965799331665 0.0045623620972037315
0.0 0.7290599465370178 0.14758370723575354 0.005463838577270508 0.006223713979125023
0.0 0.7272004604339599 0.13787404354661703 0.005708098411560059 0.004819326102733612
0.0 0.7163565576076507 0.1529821641743183 0.0032088160514831543 0.002391507849097252
0.0 0.75818971991539 0.1486826753243804 0.0031090378761291504 0.004055047407746315
0.0 0.7209345519542694 0.14942838391289115 0.00634843111038208 0.005087052471935749
0.0 0.650868546962738 0.13547409931197762 0.004470705986022949 0.004055223427712917
0.0 0.6559172689914703 0.13860383490100503 0.005339562892913818 0.005053105764091015
0.0 0.6358609616756439 0.12553162407130003 0.005668222904205322 0.0050947219133377075
0.0 0.6526531994342804 0.12802985031157732 0.004555642604827881 0.0039536599069833755
0.0 0.6806151390075683 0.13847179478034377 0.004247188568115234 0.004548129625618458
0.0 0.6899365305900573 0.13833692576736212 0.0050983428955078125 0.003965981304645538
0.0 0.6815961122512817 0.14641860593110323 0.004814743995666504 0.004485039040446281
0.0 0.6679270386695861 0.13915344467386603 0.005334734916687012 0.004990794695913792
0.0 0.6741378724575042 0.13536927942186594 0.004318535327911377 0.004275273531675339
0.0 0.6488739669322967 0.14221192989498377 0.004859268665313721 0.005432680249214172
0.0 0.6414317309856414 0.13528628600761294 0.005395710468292236 0.005367075093090534
0.0 0.641634863615036 0.14158795168623328 0.004782736301422119 0.004668225534260273
0.0 0.6333949387073516 0.14152691047638655 0.005233705043792725 0.00488988496363163
0.0 0.6454032778739929 0.16569792199879885 0.0056236982345581055 0.005509072914719582
0.0 0.6720604121685028 0.14648939110338688 0.004479467868804932 0.004938114434480667
0.0 0.6620457589626312 0.13860632432624698 0.004171192646026611 0.0035980241373181343
0.0 0.6624610543251037 0.13182100607082248 0.005011796951293945 0.005599622614681721
0.0 0.6452168643474578 0.1281111966818571 0.005747616291046143 0.006478490307927132
0.0 0.4481769621372223 0.11723535042256117 0.00667959451675415 0.006134899333119392
0.0 0.4506420910358429 0.11285484209656715 0.005715429782867432 0.004525875672698021
0.0 0.4533000707626343 0.10762761486694217 0.0052149295806884766 0.0054300399497151375
0.0 0.43719000816345216 0.10424329154193401 0.007243752479553223 0.00563817098736763
0.0 0.44448740482330323 0.10452704830095172 0.004568338394165039 0.005471379496157169
0.0 0.4401956021785736 0.09898104891180992 0.0058266520500183105 0.006500266492366791
0.0 0.5062405288219451 0.12484102230519056 0.005023062229156494 0.005352867767214775
0.0 0.5107713162899017 0.12758467067033052 0.004670441150665283 0.003838995471596718
0.0 0.5160820007324218 0.12388549791648984 0.005039691925048828 0.00439464021474123
0.0 0.5219459354877471 0.12819309625774622 0.004583537578582764 0.004497561603784561
0.0 0.4973536550998688 0.12994802789762616 0.005206882953643799 0.00416033249348402
0.0 0.5014449179172515 0.12384752789512277 0.004181921482086182 0.004310754127800465
0.0 0.4950206696987152 0.1159528186544776 0.003978431224822998 0.003505261614918709
0.0 0.49963746666908265 0.11918920977041125 0.004845321178436279 0.004286262206733227
0.0 0.5094189465045929 0.11819755099713802 0.0054740309715271 0.0038256682455539703
0.0 0.512116801738739 0.11463500745594501 0.004064798355102539 0.004007421433925629
0.0 0.5179396092891693 0.11690164171159267 0.004465162754058838 0.0041786134243011475
0.0 0.5161875903606414 0.11252988409250975 0.004628598690032959 0.0038975849747657776
0.0 0.5277228772640228 0.1304404311813414 0.006227552890777588 0.0051238154992461205
0.0 0.5309873044490814 0.1274402840062976 0.0052544474601745605 0.004953403025865555
0.0 0.5427096307277679 0.1284528891555965 0.005437910556793213 0.004534701816737652
0.0 0.4092069685459137 0.10881586279720068 0.004560291767120361 0.00440286286175251
0.0 0.4048735022544861 0.10536694014444947 0.00470280647277832 0.003857075236737728
0.0 0.39452911615371705 0.10712879942730069 0.004874825477600098 0.0036850282922387123
0.0 0.39978079199790956 0.10652850847691298 0.004691183567047119 0.003902563825249672
0.0 0.39337916374206544 0.10385524295270443 0.0072966814041137695 0.003584017977118492
0.0 0.3806347370147705 0.10544150974601507 0.005680561065673828 0.00486358255147934
0.0 0.39717618823051454 0.09672811906784773 0.0042670369148254395 0.0044104065746068954
0.0 0.400102299451828 0.10033134836703539 0.004491269588470459 0.004892600700259209
0.0 0.3934064328670502 0.09486020775511861 0.0032227635383605957 0.0027640918269753456
0.0 0.4041054964065552 0.09572858968749642 0.0035344362258911133 0.0037639355286955833
0.0 0.40830753445625306 0.09905731584876776 0.0036605000495910645 0.0037894584238529205
0.0 0.4176865041255951 0.10193652473390102 0.004374682903289795 0.003428516909480095
0.0 0.42007644176483155 0.10439981101080775 0.00325620174407959 0.0031846286728978157
0.0 0.4120717465877533 0.10335430270060897 0.003414452075958252 0.0036150729283690453
0.0 0.4139216661453247 0.09961446933448315 0.0037153959274291992 0.0037009455263614655
0.0 0.4248080372810364 0.10954195773229003 0.005508542060852051 0.005035604350268841
0.0 0.42468876838684083 0.09628746565431356 0.004057645797729492 0.004115195944905281
0.0 0.4291647493839264 0.0993245393037796 0.0043471455574035645 0.0038596652448177338
0.0 0.3270449161529541 0.08949299436062574 0.004886984825134277 0.004614589735865593
0.0 0.33269034028053285 0.09260759223252535 0.004465162754058838 0.004565505310893059
0.0 0.33704007863998414 0.09447468630969524 0.00472712516784668 0.0035804472863674164
0.0 0.33828936219215394 0.09079668624326587 0.004301726818084717 0.0034845666959881783
0.0 0.33916322588920594 0.11680769734084606 0.011903107166290283 0.006427394226193428
0.0 0.34098873734474183 0.1214361172169447 0.0038664937019348145 0.002877272665500641
0.0 0.3426254212856293 0.13197444519028068 0.004902541637420654 0.0046158721670508385
0.0 0.35378403663635255 0.12530861934646964 0.0066651105880737305 0.004400373436510563
0.0 0.4218415141105652 0.12493308074772358 0.005916953086853027 0.010546864941716194
0.0 0.40622587203979493 0.11081972438842058 0.005478858947753906 0.004274871200323105
0.0 0.6083894193172454 0.13371876534074545 0.006715714931488037 0.005425840616226196
0.0 0.627712857723236 0.13041536090895534 0.005285382270812988 0.004955942742526531
0.0 0.631559681892395 0.1334806731902063 0.005640864372253418 0.004752061329782009
0.0 0.6180015623569488 0.12462553614750504 0.005086362361907959 0.005172195844352245
0.0 0.6129367470741272 0.13173000374808908 0.003955364227294922 0.0030236458405852318
0.0 0.6155792593955993 0.13515386870130897 0.00454866886138916 0.004448351450264454
0.0 0.6190950989723205 0.13175054779276252 0.004408836364746094 0.003663402982056141
0.0 0.6107356369495391 0.12768294010311365 0.004620015621185303 0.0037885531783103943
0.0 0.6085321128368377 0.12327521154657006 0.004534542560577393 0.004075842909514904
0.0 0.5903135657310485 0.13002101331949234 0.004292964935302734 0.0041493941098451614
0.0 0.5955333232879638 0.13100131880491972 0.00481867790222168 0.003757975995540619
0.0 0.598748755455017 0.1349097415804863 0.005989551544189453 0.004857296124100685
0.0 0.6002170860767364 0.12474424904212356 0.0047841668128967285 0.0042968736961483955
0.0 0.5936282396316528 0.12304355669766665 0.005778193473815918 0.005118962377309799
0.0 0.5873059153556823 0.12468709284439683 0.007223010063171387 0.0055746277794241905
0.0 0.5826217949390411 0.12760541588068008 0.004484117031097412 0.004025325179100037
0.0 0.5820814192295074 0.118847303558141 0.0037166476249694824 0.0041034528985619545
0.0 0.578087431192398 0.12136609898880124 0.0040757060050964355 0.004147558473050594
0.0 0.5730352222919464 0.12477237451821566 0.0034909844398498535 0.0032187514007091522
0.0 0.5258196711540222 0.10967670101672411 0.0036649703979492188 0.0032636113464832306
0.0 0.5343659043312072 0.11081236926838756 0.0033502578735351562 0.0030063455924391747
0.0 0.544982087612152 0.11134498054161668 0.003717184066772461 0.0035308850929141045
0.0 0.5491877019405365 0.11423510266467929 0.0029541850090026855 0.0034700827673077583
0.0 0.557433795928955 0.12031567469239235 0.0033516883850097656 0.0030219610780477524
0.0 0.5574545383453369 0.11454910971224308 0.0036292076110839844 0.0034000519663095474
0.0 0.2747721493244171 0.08396328939124942 0.0038781166076660156 0.002831784076988697
0.0 0.347418886423111 0.10113279242068529 0.003331482410430908 0.0035465508699417114
0.0 0.34830392599105836 0.08963549509644508 0.004118084907531738 0.0033151600509881973
0.0 0.3485161781311035 0.09306946862488985 0.003737926483154297 0.002820594236254692
0.0 0.35212544798851014 0.09577101049944758 0.003650844097137451 0.002891027368605137
0.0 0.3524296998977661 0.0988360964693129 0.003902435302734375 0.002942022867500782
0.0 0.3606922447681427 0.0994005799293518 0.004515230655670166 0.003640897572040558
0.0 0.35909543633461 0.09524494968354702 0.007824718952178955 0.0043844059109687805
0.0 0.3684490144252777 0.09824753599241376 0.003832876682281494 0.003818702884018421
0.0 0.3867310404777527 0.09542540786787868 0.005034327507019043 0.007241939194500446
0.0 0.38174642324447633 0.0938525814563036 0.005924105644226074 0.005006812512874603
0.0 0.3746167540550232 0.096184141933918 0.0038498640060424805 0.00344858318567276
0.0 0.36963669657707215 0.09258963819593191 0.003949105739593506 0.0033327117562294006
0.0 0.3744644045829773 0.09239443205296993 0.003877401351928711 0.0034043770283460617
0.0 0.5669677972793579 0.12695347564294934 0.0051898956298828125 0.0041435351595282555
0.0 0.5661717176437377 0.12062022695317864 0.006096482276916504 0.006196782924234867
0.0 0.5693424463272094 0.11544952727854252 0.0036764144897460938 0.003991931676864624
0.0 0.5715440928936004 0.11929282266646624 0.003951966762542725 0.00356505811214447
0.0 0.5283639252185821 0.11787348566576838 0.0050545334815979 0.0045815734192729
0.0 0.5346830308437347 0.11961540440097451 0.005924999713897705 0.006569995544850826
0.0 0.5375515639781951 0.12591006699949503 0.0041525959968566895 0.004138179123401642
0.0 0.5406695425510406 0.11727106990292668 0.0040267109870910645 0.004112706519663334
0.0 0.5510089218616485 0.1273744273930788 0.004385411739349365 0.004342513158917427
0.0 0.5493818938732147 0.1324487435631454 0.00457996129989624 0.004063923843204975
0.0 0.5557287156581878 0.13325236272066832 0.004014551639556885 0.0035700369626283646
0.0 0.5429462015628814 0.12391044246032834 0.004682600498199463 0.003019672818481922
0.0 0.5488089740276336 0.12114875204861164 0.0039001107215881348 0.004272859543561935
0.0 0.5523798882961273 0.1239412585273385 0.0040277838706970215 0.004902105778455734
0.0 0.5587055206298828 0.12894397228956223 0.0039331912994384766 0.004492180421948433
0.0 0.5604318797588348 0.13127599796280265 0.0034534335136413574 0.0039122449234128
0.0 0.4776623070240021 0.11800211854279041 0.004024207592010498 0.0036946088075637817
0.0 0.48292354941368104 0.12003590352833271 0.004217326641082764 0.003787446767091751
0.0 0.48132084012031556 0.11674192873761058 0.0035625100135803223 0.003920945338904858
0.0 0.46908844709396363 0.11603351123631 0.006014227867126465 0.004580643028020859
0.0 0.47330854535102845 0.11972417216747999 0.005298793315887451 0.0049260444939136505
0.0 0.48558608889579774 0.13147107837721705 0.0028991103172302246 0.003171653486788273
0.0 0.48563669323921205 0.12572255544364452 0.005055248737335205 0.004395872354507446
0.0 0.48119182586669923 0.11265626642853022 0.005080103874206543 0.004707377403974533
0.0 0.4841428816318512 0.10985058359801769 0.004150807857513428 0.003921423107385635
0.0 0.48135579824447633 0.10450288327410817 0.004016518592834473 0.0033999765291810036
0.0 0.48812730312347413 0.10863203508779407 0.0035859346389770508 0.003241810016334057
0.0 0.4899954617023468 0.1121352850459516 0.004449427127838135 0.0032023312523961067
0.0 0.494772207736969 0.10825248574838042 0.004677772521972656 0.003932462073862553
0.0 0.5019454181194305 0.10576763702556491 0.004561007022857666 0.004604103974997997
0.0 0.5082108795642852 0.10955865448340774 0.0034856200218200684 0.0033421916887164116
0.0 0.5121531903743743 0.10532720992341638 0.005857408046722412 0.004165763966739178
0.0 0.4576597332954407 0.10504393093287945 0.005605816841125488 0.005476685240864754
0.0 0.45583162903785707 0.09966292511671782 0.00565105676651001 0.005464816465973854
0.0 0.4659929990768433 0.10649179574102163 0.0039757490158081055 0.003861023113131523
0.0 0.4711479365825653 0.10533518111333251 0.004171907901763916 0.0041861822828650475
0.0 0.47260982990264894 0.10842983843758702 0.003659963607788086 0.003201325424015522
0.0 0.4745303809642792 0.11167079349979758 0.003866136074066162 0.003651081584393978
0.0 0.4742533087730408 0.10393685335293412 0.00414884090423584 0.004091483540832996
0.0 0.47289003133773805 0.0994079727679491 0.005034685134887695 0.004332304000854492
0.0 0.46932260394096376 0.10149051528424025 0.004205524921417236 0.004606744274497032
