0.0 0.7598894535563886 0.20732504865154625 0.013827102072536946 0.019849707558751106
0.0 0.430194023065269 0.03947057188488543 0.011518892645835877 0.010211651865392923
0.0 0.4409971276298165 0.03994305983651429 0.010086596012115479 0.009151470800861716
0.0 0.45425298614427445 0.037449419824406506 0.011927940137684345 0.009564458020031452
0.0 0.4740622501820326 0.03402343294583261 0.010986464470624924 0.008081874903291464
0.0 0.45515402536839245 0.011648879759013653 0.008211930096149445 0.0067931563593447205
0.0 0.4612359725870192 0.015163750760257244 0.011202785931527615 0.008412001468241215
0.0 0.4780115127563477 0.019871470984071493 0.014113669469952583 0.009837285708636045
0.0 0.48346755066886543 0.024342175316996874 0.011686582304537296 0.009651671769097448
0.0 0.47194010242819784 0.0016500750090926886 0.008811362087726593 0.003300150018185377
0.0 0.5006875314749777 0.010158299095928669 0.01318011898547411 0.013483255729079246
0.0 0.4745444254949689 0.01361273294314742 0.00911432020366192 0.006795990932732821
0.0 0.47969930646941067 0.008526495937258006 0.00898373480886221 0.0062094367109239105
0.0 0.48437876654788853 0.0040352672804147005 0.009320194832980633 0.008070534560829401
0.0 0.47149115884676573 0.007032903539948165 0.008277673088014127 0.006659172149375081
0.0 0.4996678846888244 0.018901616637594997 0.007904108799993991 0.005087401205673814
0.0 0.49495077999308706 0.02287515704520047 0.009628916718065738 0.005769774131476879
