0.0 0.5008281737565994 0.9610780894756317 0.013281315565109253 0.02140624076128006
0.0 0.4566562592983246 0.9291249837726354 0.021015644073486328 0.018437538295984268
0.0 0.5411875069141387 0.7882500186562538 0.013078093528747559 0.019968710839748383
0.0 0.48670307993888856 0.34385939948260785 0.018156230449676514 0.010718710720539093
0.0 0.6180625230073928 0.3597969010472298 0.015593737363815308 0.011156246066093445
0.0 0.6672343432903289 0.3251406315714121 0.01396876573562622 0.010984349995851517
0.0 0.731187504529953 0.3786250025033951 0.012218713760375977 0.012109369039535522
0.0 0.748859417438507 0.3778750065714121 0.007999956607818604 0.008265595883131027
0.0 0.7393281430006027 0.37109376192092897 0.01068761944770813 0.013812437653541565
0.0 0.7534062534570694 0.3707031233236194 0.014640659093856812 0.010015686973929405
0.0 0.8000937223434448 0.36681252885609866 0.010390698909759521 0.014656277373433113
0.0 0.8381562799215316 0.3440156297758222 0.010796874761581421 0.009906252846121788
0.0 0.8575156599283218 0.33937498908489944 0.009859353303909302 0.012906236574053764
0.0 0.7615000426769256 0.5053750190883874 0.01103121042251587 0.013296950608491898
0.0 0.7723906606435775 0.5022500108927488 0.011296838521957397 0.013265568763017654
0.0 0.8684531271457672 0.5120937515050172 0.009999990463256836 0.015609350055456161
0.0 0.8496249586343765 0.4514999844133854 0.011999934911727905 0.014109358191490173
0.0 0.8364687234163284 0.45287500210106374 0.009984344244003296 0.013453256338834763
0.0 0.8226875334978103 0.4577499505132437 0.011359423398971558 0.011046912521123886
0.0 0.8021406054496765 0.45718754157423974 0.013640642166137695 0.013218797743320465
0.0 0.7937343835830688 0.46376560889184476 0.013687491416931152 0.010546814650297165
0.0 0.7732499957084655 0.45481247901916505 0.014171898365020752 0.01723426580429077
0.0 0.7811250060796737 0.4612500321120024 0.01239064335823059 0.008546825498342514
0.0 0.78518747985363 0.45331248715519906 0.00968751311302185 0.010468661785125732
0.0 0.9297187149524688 0.5852656036615371 0.01379692554473877 0.01445315033197403
0.0 0.9387187331914901 0.5767656497657299 0.0111561119556427 0.009156256914138794
0.0 0.9693437039852142 0.502296882495284 0.01826566457748413 0.014359306544065475
0.0 0.9349999845027923 0.5047500476241111 0.013015687465667725 0.012265674769878387
