0.0 0.34048784319311376 0.7012807130347938 0.020236631855368614 0.011939452774822713
0.0 0.19407679727300997 0.7190333189442754 0.01738051977008581 0.012426818534731866
0.0 0.13927070591598745 0.6804300854448229 0.015569353476166725 0.012235345412045717
0.0 0.06798957828432317 0.7400057319551706 0.013618774712085724 0.013488491624593734
0.0 0.048292758688330606 0.739170319819823 0.008916618302464485 0.009206955414265394
0.0 0.05891615832224484 0.7316167667508126 0.011912242509424686 0.015385520830750465
0.0 0.04322493104264136 0.7311816387576983 0.016318234615027905 0.011156362434849142
0.0 0.034203728474676565 0.881191167095676 0.012295203283429146 0.014811325538903474
0.0 0.022065227199345783 0.8777102551888675 0.012591267935931683 0.014776369649916887
0.0 0.002951897121965863 0.834842907404527 0.005903794243931726 0.011747979652136564
0.0 0.0211074266582727 0.8248701155185699 0.015795761719346046 0.01919705718755722
0.0 0.012330071348696903 0.8320408343803137 0.01381040457636118 0.009520213957875967
0.0 0.007802105788141445 0.8231992912478745 0.010797540657222271 0.011660926043987274
