0.0 0.657583792321384 0.7185263587161899 0.019228601083159446 0.024695299193263055
0.0 0.24895628821104765 0.5918418943881989 0.014755942299962133 0.013583574444055557
0.0 0.2613577228039503 0.5902589990757405 0.01296275556087494 0.012126216478645802
0.0 0.2759708099067211 0.584811510052532 0.015078095346689224 0.012950088270008564
0.0 0.2978673255071044 0.5770135494880378 0.013742628321051553 0.01112379226833582
0.0 0.27192702908068894 0.5552090655080975 0.010422390326857567 0.00914589073508978
0.0 0.27954729180783033 0.5580232578329742 0.014047497138381004 0.011531744711101055
0.0 0.29958575274795296 0.560097582358867 0.0175459917634726 0.013687730021774768
0.0 0.3066808247938752 0.5641248532570898 0.014829244092106819 0.012998358346521854
0.0 0.2887006448581815 0.5382646576967091 0.011172484233975322 0.00975389452651143
0.0 0.3235128529369831 0.5445660994388163 0.01724299713969226 0.01753059048205614
0.0 0.29440548177808523 0.5536405223421752 0.011419461295008659 0.009329129569232463
0.0 0.29927921798080204 0.5468272361904383 0.011157907173037574 0.008654871582984924
0.0 0.30371262282133105 0.5406958234496415 0.011932365596294403 0.01095320675522089
0.0 0.2896335767582059 0.5467358510941267 0.01046820394694814 0.00901103913784027
0.0 0.32406938429921867 0.5547380807809532 0.009741849824786186 0.007199388183653355
0.0 0.3194758400321007 0.5601964071393013 0.011782430112361908 0.008297766745090484
0.0 0.9522731356322766 0.43767207358032467 0.00850633978843689 0.008947186730802059
0.0 0.9635962842032313 0.431818477390334 0.007092156633734703 0.007623098697513342
0.0 0.9732708713039756 0.4338606121018529 0.007731881365180016 0.007139284908771515
0.0 0.9967733129858971 0.4374623565003276 0.006453374028205871 0.00767927709966898
0.0 0.9978558680042624 0.4252068535424769 0.004288263991475106 0.00732287522405386
0.0 0.9181512555107474 0.2347125406842679 0.00850113369524479 0.009419870283454656
0.0 0.7803766846656799 0.2880399035755545 0.011813666671514511 0.011183134000748395
0.0 0.754329975694418 0.2593146387953311 0.009264763444662094 0.008233387116342783
0.0 0.7436128163710236 0.2706379259005189 0.009516530111432076 0.008382122218608856
0.0 0.732056955434382 0.27596954330801965 0.007551958784461021 0.005048089288175106
0.0 0.7305083509534598 0.2718426860868931 0.009336815774440765 0.008873610012233257
0.0 0.7242178285494447 0.2813300700392574 0.010425722226500511 0.01038925526663661
0.0 0.7052014278247952 0.2848031723406166 0.011213300004601478 0.010091785062104463
0.0 0.7079184878617525 0.30168891209177673 0.012483794987201691 0.011737185437232256
0.0 0.7125985573977232 0.24475854532793165 0.007191072404384613 0.007011931575834751
0.0 0.7058668706566096 0.24769672262482345 0.010909472405910493 0.00999465910717845
0.0 0.9415885664522647 0.171421331865713 0.008084021508693695 0.007788646314293146
0.0 0.9353281352669001 0.17429073601961137 0.00862129032611847 0.0077189944684505464
0.0 0.9023247322067618 0.1846456340048462 0.0078988928347826 0.007951967883855104
0.0 0.8838530970737338 0.18853887342847883 0.010027143731713295 0.006735960301011801
0.0 0.8690854931250215 0.19368845289573072 0.01107669211924076 0.010317025892436504
0.0 0.8224352538585663 0.21752016292884946 0.009864505380392075 0.010060210339725017
0.0 0.8205055633559823 0.19955889089033008 0.008710210397839546 0.006761794164776802
0.0 0.8198387669399381 0.18819204941391945 0.013678072765469552 0.01014210544526577
0.0 0.7869442753493786 0.18889486524276436 0.010031933337450028 0.008044993225485086
0.0 0.7791741812601686 0.18608284038491546 0.008021340146660805 0.0071835129521787165
0.0 0.7626942932605744 0.192440870590508 0.008480101078748702 0.00841703601181507
0.0 0.83454077411443 0.1508383327163756 0.005278770253062249 0.00805653352290392
0.0 0.8418818861246109 0.14941416042856873 0.005497217923402786 0.006725064385682345
0.0 0.8517998060211539 0.14493224867619575 0.007370370253920555 0.00750090042129159
0.0 0.8628963854163885 0.14226500475779175 0.007648792117834091 0.00688832737505436
0.0 0.6487550912424922 0.2673037465196103 0.010329513624310494 0.008303917665034532
0.0 0.6609413059428334 0.2902785455342382 0.009370343014597892 0.009307630639523268
0.0 0.6683635288849473 0.3038984396960586 0.011102930828928947 0.010046092513948678
0.0 0.6624181704595685 0.30986679447814824 0.007107150182127953 0.006940463744103909
0.0 0.6378119874745607 0.320362343499437 0.011358029395341872 0.010637049470096827
0.0 0.5780357295647264 0.3317135733552277 0.01068352796137333 0.009574932046234608
0.0 0.565155022032559 0.33850849461741744 0.009011330828070641 0.00801886646077037
0.0 0.5604115422815085 0.3272460723295808 0.0061623483896255495 0.007261483184993267
0.0 0.6422514313831925 0.2916498199105263 0.010702269896864892 0.00835388656705618
0.0 0.6347235247492791 0.2906000921968371 0.008221462368965149 0.00762907387688756
0.0 0.6329386677592993 0.29855082989670334 0.006819565594196319 0.005736113619059324
0.0 0.6238966209813952 0.2947775041218847 0.00773937813937664 0.006552838627249003
0.0 0.5911194747313857 0.3019461377058178 0.009956340864300727 0.00849887253716588
0.0 0.5963619064539671 0.2985751992557198 0.007913678139448165 0.007825200352817774
0.0 0.6018789075314999 0.2988600747194141 0.008680015057325362 0.00886253835633397
0.0 0.6092988397926092 0.2958895904477686 0.008620873838663102 0.008209369238466024
0.0 0.6155986290425062 0.29359351061284544 0.007234803587198258 0.006745626032352447
0.0 0.6841591279953718 0.2231851601973176 0.009860340505838394 0.009552320092916488
0.0 0.7223632099106908 0.15289900805801154 0.007225432619452477 0.006710360758006573
0.0 0.7129366410896182 0.1574575134087354 0.006158391758799553 0.005707526486366988
0.0 0.7053064867854119 0.15963640357367695 0.006065723299980163 0.005666520353406668
0.0 0.7003388326615095 0.15681386357173324 0.005605921149253845 0.004612486995756626
0.0 0.7176398256793618 0.15404161466285587 0.00598679892718792 0.005678294971585274
0.0 0.8923912981525064 0.12805939656682314 0.00846489928662777 0.0070071865804493426
0.0 0.8901887042447925 0.1420909337233752 0.008303718641400337 0.007569204922765494
0.0 0.9030856547877193 0.13401120244525372 0.007771864160895347 0.0069210737012326716
0.0 0.9215714504942298 0.12032153927721083 0.008413254842162132 0.007304070983082056
0.0 0.8720610877498984 0.1370040643494576 0.006649013981223107 0.0075543255545198916
0.0 0.9135302230715752 0.12754371515475213 0.006102790683507919 0.006052329484373331
0.0 0.9112422492355108 0.1316170300822705 0.007393068820238114 0.008079086896032095
0.0 0.911345642246306 0.12010201001539826 0.007367454841732979 0.006568362377583981
0.0 0.9269237307831645 0.13515082146041096 0.004074288532137871 0.003339012246578932
0.0 0.8780970321968198 0.13895879741758108 0.004315434768795967 0.005168530158698559
0.0 0.9209368277341128 0.13203426748514174 0.008136498928070068 0.007001621462404728
0.0 0.9976922925561666 0.10141334775835276 0.004615414887666702 0.005456627532839775
0.0 0.9931685594841838 0.10605401182547211 0.007007193192839623 0.006750546768307686
0.0 0.994700712710619 0.0932552654761821 0.005902876704931259 0.005361669044941664
0.0 0.9648441847413778 0.1110597476363182 0.005685470253229141 0.0059577224776148794
0.0 0.9541363963857293 0.11285153990611434 0.0065090741962194444 0.0054901354014873505
0.0 0.9653791628777981 0.12037121527828276 0.0063035376369953156 0.00600757421925664
0.0 0.9795234933495521 0.10919153750874103 0.006988659501075745 0.006680191960185766
0.0 0.9716176243498922 0.10615195790305734 0.005706919357180595 0.005669273622334004
0.0 0.9993574094027281 0.10871803383342922 0.0012851811945438385 0.007071156147867441
0.0 0.9763192471116782 0.118461237475276 0.006026156991720199 0.006440657563507557
0.0 0.9861475180834531 0.10733656650409103 0.005400176346302033 0.004884767718613148
0.0 0.9842552073299885 0.09964765296317638 0.006758341938257218 0.007289191614836455
0.0 0.9996783129870892 0.09179574004374444 0.0006433740258216858 0.0084224839694798
