0.0 0.0021707847714424132 0.4722942961845547 0.0043415695428848265 0.006744304019957781
0.0 0.03733910247683525 0.3304366811644286 0.007995569705963134 0.007578752841800452
0.0 0.7790381221100688 0.1870354061247781 0.011025040224194527 0.010103257605805993
0.0 0.07652292679995298 0.29976794295944276 0.009478124603629113 0.0074474942870438095
0.0 0.08246274404227734 0.2914792418945581 0.008221074193716049 0.008622290100902319
0.0 0.07424473464488983 0.26897337750997397 0.01117940917611122 0.008531783381476999
0.0 0.09901514444500208 0.2754037427250296 0.006426877900958061 0.008520875405520201
0.0 0.12984022069722415 0.27995001021772625 0.011477339640259742 0.008975381962954998
0.0 0.0824714545160532 0.2345725014107302 0.009470220655202866 0.009647208964452147
0.0 0.042751210182905196 0.17639238513074815 0.0073209919035434725 0.007610456272959709
0.0 0.010967659205198288 0.19092048245947807 0.008209137618541718 0.005898493668064475
0.0 0.15130919963121414 0.23318788013421 0.006451234966516495 0.006617762427777052
0.0 0.1599135346710682 0.2339167869184166 0.009486673772335053 0.00938353529199958
0.0 0.14430896285921335 0.18031214701477438 0.008381572738289832 0.009746809443458914
0.0 0.16323069278150798 0.1800668082665652 0.008165423944592475 0.006650599744170904
0.0 0.16306083854287862 0.18527753250673412 0.005641644820570946 0.005169609561562538
0.0 0.17560480795800687 0.19524033574853092 0.007096777856349945 0.00727430465631187
0.0 0.2140029152855277 0.1853056868771091 0.005718748643994331 0.008025889145210385
0.0 0.1680835558101535 0.19906765196938067 0.006021356955170631 0.008003438217565417
0.0 0.16129446737468242 0.2077188221272081 0.005292096734046936 0.0062770979478955265
0.0 0.16556163169443608 0.20872829747386276 0.005529215186834335 0.010044318251311779
0.0 0.16952763944864274 0.20943647683598102 0.004455568641424179 0.0047570114023983475
0.0 0.21296782065182923 0.19230206492356955 0.007440518960356713 0.009220800083130597
0.0 0.2889628330245614 0.12325415757950395 0.00805218778550625 0.00661569875665009
0.0 0.26219885386526587 0.13633900042623281 0.007635536789894104 0.006109464354813099
0.0 0.24275949597358704 0.1375578930368647 0.006308318674564361 0.0059368643444031475
0.0 0.23650085926055908 0.16119864047504961 0.006415747851133346 0.006571001000702381
0.0 0.29125788155943155 0.16777329258620738 0.0061368513852357864 0.007558524329215288
0.0 0.2949878999963403 0.16679069031961263 0.006804009154438973 0.006017891783267259
0.0 0.32140983175486326 0.16200477618258446 0.007840555533766747 0.007816120376810431
0.0 0.32656433526426554 0.15614637669641523 0.006331385299563408 0.0066883581224828955
0.0 0.3056473422795534 0.15842121127061545 0.00648898035287857 0.005904548615217209
0.0 0.30495114959776404 0.16644327922258526 0.005962803214788437 0.006364701921120286
0.0 0.30676244422793386 0.17504949083086102 0.006564148515462875 0.007839931966736912
0.0 0.2477049481123686 0.16149002630263568 0.005919250845909119 0.006276372261345387
0.0 0.24831250365823507 0.15707099207211286 0.007556336000561714 0.006814809003844857
0.0 0.2559857051819563 0.16225187245290726 0.00715678334236145 0.005978319188579917
0.0 0.3861738979816437 0.14164312279317529 0.007341638952493667 0.008067978965118527
0.0 0.3789535604417324 0.14192741049919277 0.007759419083595276 0.0073203857522457835
0.0 0.3760851530358195 0.14570098055992275 0.006745616719126701 0.006060094991698861
0.0 0.36566686183214187 0.1477272674906999 0.007128393650054932 0.008561014942824841
0.0 0.5842106325551868 0.0840195287251845 0.007544722035527229 0.006332318158820271
0.0 0.6640433344990015 0.06156394648132846 0.008856616169214248 0.007195715070702135
0.0 0.6079720791429282 0.12274525854736566 0.01019512563943863 0.008477833122015
0.0 0.6043323108926415 0.11757117013912648 0.008431899920105934 0.006647946452721954
0.0 0.6998528987169266 0.059208299906458706 0.005370168387889862 0.0054247450781986116
0.0 0.8060548663139343 0.011048038303852082 0.006086040288209915 0.006521540926769376
0.0 0.7751304261386395 0.045982775918673724 0.008240753412246704 0.008025696384720504
0.0 0.8420676749199629 0.03695562642533332 0.010091890394687653 0.008218014659360052
0.0 0.24268029518425466 0.17126848248299212 0.01539398804306984 0.009921064926311373
0.0 0.2529804304242134 0.17095734437461943 0.011729782074689865 0.010931129893288016
0.0 0.2580140357837081 0.16740276156924666 0.010721786692738534 0.00907167149707675
0.0 0.34289534445852043 0.1577425922965631 0.007436325028538704 0.007165497029200196
0.0 0.3525401778519154 0.15625085288193077 0.008247850835323334 0.007293308572843671
0.0 0.373670900054276 0.1314429973717779 0.007554400339722633 0.005613775085657835
0.0 0.36468394938856363 0.1347316840896383 0.006466236338019371 0.004592802142724395
0.0 0.3561065522953868 0.1358767834492028 0.006125237420201301 0.004554590210318565
0.0 0.3525462267920375 0.132853607297875 0.006541081890463829 0.006248002452775836
0.0 0.3664769358932972 0.13035952467471362 0.00407617911696434 0.0060589837841689585
0.0 0.4525847276672721 0.10792870081495494 0.006953055039048195 0.00553932418115437
0.0 0.45116927567869425 0.10343571458943188 0.006717872247099877 0.0054945357143878935
0.0 0.4393991673365235 0.10906165626365691 0.006993381306529045 0.0054002644959837195
0.0 0.43001935817301273 0.10998655511066317 0.005551475286483765 0.004485377855598926
0.0 0.424924779497087 0.10937845245935023 0.004717366769909859 0.005500613339245319
0.0 0.42969102170318363 0.10811251495033503 0.004834796860814094 0.004855931550264358
0.0 0.4064485741779208 0.09998549458105117 0.006706580892205239 0.005785876186564565
0.0 0.3951274584978819 0.10488044312223792 0.006029583513736725 0.004963287804275751
0.0 0.380599114112556 0.11222203252837062 0.006968217715620994 0.005408813990652561
0.0 0.37676489260047674 0.12508746858220549 0.0068820808082818985 0.005725916335359215
0.0 0.36773027628660204 0.11946288757026195 0.006106042116880417 0.005925049260258675
0.0 0.3615281770005822 0.1163544999435544 0.005455176159739494 0.005240817554295063
0.0 0.3534455832093954 0.10164067221339793 0.006421554833650589 0.005691627645865083
0.0 0.3442351443693042 0.1030784273520112 0.005128694698214531 0.004858516808599234
0.0 0.3361571477726102 0.11061223298311233 0.006365259364247322 0.0046936952508986
0.0 0.3302868530154228 0.11467038556002081 0.005609545111656189 0.005070099793374539
0.0 0.33951624520123 0.11476387439761311 0.004441696405410767 0.004194128094241023
0.0 0.34403681978583334 0.1119811499491334 0.00574052482843399 0.004988323990255594
0.0 0.34381825141608713 0.11768887876532971 0.006318964809179306 0.006552586704492569
0.0 0.34964023530483246 0.11556210692506283 0.005221767723560334 0.0061169253196567295
0.0 0.3562741482630372 0.11264965466689318 0.0040950518101453785 0.0036344876978546383
0.0 0.35148008093237876 0.11000478798523546 0.005402429401874543 0.004683807771652937
0.0 0.3379702974110842 0.10287961191497744 0.004352010786533356 0.0054043691605329515
0.0 0.3303340347483754 0.10625542637426406 0.006401391699910164 0.006074654078111053
0.0 0.37905115000903605 0.11968900696374477 0.005562766641378403 0.005314656160771846
0.0 0.3899094007909298 0.11492520358879119 0.006824494898319244 0.007876125583425164
0.0 0.35277076344937086 0.11843758318573236 0.007858299091458321 0.006298641767352819
0.0 0.3948294473811984 0.11589645566418767 0.005887796357274056 0.005269799660891294
0.0 0.401219386421144 0.11064923165831715 0.0064439762383699415 0.00622954280115664
0.0 0.41236653458327055 0.10363569792825729 0.00808832012116909 0.007156199170276522
0.0 0.4163531893864274 0.11078066029585898 0.011611545458436012 0.00946780564263463
0.0 0.4234597261995077 0.08571619521826505 0.00718710869550705 0.005717276129871607
0.0 0.438082030788064 0.08255968550220132 0.006340579688549041 0.0060363967902958395
0.0 0.44965542759746313 0.08237911427859217 0.005507761612534523 0.004957368923351168
0.0 0.4515427775681019 0.08814500006847084 0.006606733053922653 0.006033720821142197
0.0 0.44255098775029184 0.09374409134034067 0.006405746936798096 0.005048261163756252
0.0 0.45865842811763285 0.08633139599114656 0.007022254914045334 0.005832614935934543
0.0 0.46509014517068864 0.09124656170606613 0.00605829581618309 0.005395660921931267
0.0 0.4662258135154843 0.08621056918054819 0.007754741236567497 0.006105473078787327
0.0 0.47312886398285625 0.08825309334788471 0.006307189539074898 0.00550975245423615
0.0 0.4862882122397423 0.09413964720442891 0.004435889422893524 0.003952859994024038
0.0 0.49213447254151105 0.09718668030109257 0.008809676393866539 0.0065998243633657696
0.0 0.525480505079031 0.08588994045276195 0.006415102630853653 0.005797078972682357
0.0 0.52698846552521 0.07437104413984344 0.006198469921946526 0.0052888829493895175
0.0 0.5168669756501914 0.07539410343160853 0.006790298223495484 0.004894653731025755
0.0 0.5058769386261701 0.0767546069691889 0.0058915063738822935 0.005710778967477381
0.0 0.5116756945848465 0.0708883383194916 0.005754397064447403 0.0049909432651475075
0.0 0.5664766725152731 0.05652578823501244 0.008462386578321457 0.006386937410570681
0.0 0.5213439172133804 0.03155102481832728 0.006224601343274116 0.0054273530142381786
0.0 0.5287962920963765 0.04506511692889035 0.005404365062713623 0.005604681326076388
0.0 0.49714976977556946 0.06927840837743134 0.005003199353814125 0.004901332315057516
0.0 0.47195303067564964 0.03928925861837342 0.004404273629188537 0.004907375923357904
0.0 0.4191613493487239 0.08958984198980033 0.004575095698237419 0.00475306548178196
0.0 0.4151952609419823 0.09068912104703486 0.005397912859916687 0.0051499253138899805
0.0 0.43061634823679923 0.0842677588807419 0.005004328489303589 0.004274497879669071
0.0 0.433706146851182 0.09152607575524599 0.006785136461257934 0.005427296319976449
0.0 0.433417572081089 0.08744976967573166 0.0046984940767288205 0.004629834834486246
0.0 0.48008740339428185 0.07951230090111494 0.0057755280286073685 0.005381827522069216
0.0 0.48585567269474267 0.07484242857899517 0.004730271175503731 0.005009482288733125
0.0 0.4665579406544566 0.07688071201555431 0.004576063528656959 0.005180222727358341
0.0 0.46071740668267014 0.07830813179025427 0.005590995028614998 0.00637394308578223
0.0 0.45883804131299255 0.0725837575388141 0.005923928692936897 0.005250036041252315
0.0 0.4549851084128022 0.06862652074778453 0.005552604421973228 0.0057530048536136745
0.0 0.46208680607378483 0.06771931051043793 0.006218633055686951 0.006306658335961402
0.0 0.4714803261682391 0.06980417395243421 0.004843829944729805 0.004764279606752098
0.0 0.481936040148139 0.061946842516772446 0.005463080108165741 0.0061228442005813125
0.0 0.5410630587488413 0.05869552865624428 0.0065502762794494625 0.006156361848115921
0.0 0.554519853554666 0.052131705149076876 0.006213955208659172 0.008173475647345186
0.0 0.5028874717652798 0.08976048037875443 0.005191442370414734 0.005257349601015449
0.0 0.4979243567213416 0.09195323300082237 0.004611873254179955 0.004666731460019946
0.0 0.4974776223301888 0.08734761795494705 0.007818779349327088 0.005530706653371453
0.0 0.49444476440548896 0.07541643530130386 0.005825048685073853 0.005431310273706913
0.0 0.6632680216804147 0.12303477346431464 0.006199437752366066 0.0062763495836406944
0.0 0.6711261594668031 0.12406349084340036 0.005987160280346871 0.006983009539544583
0.0 0.6850957430899143 0.11974023589864373 0.005015619844198227 0.004823593143373728
0.0 0.6950447171926498 0.11826235256157816 0.006057005375623703 0.004688343312591314
0.0 0.7057089986279607 0.11534288155380637 0.005201281979680061 0.005659425305202604
0.0 0.7150305766612292 0.11712587072979659 0.006008291244506836 0.004572392208501697
0.0 0.7030635148286819 0.06476531269727274 0.0060721680521965025 0.006799104693345726
0.0 0.7110967492684722 0.06445535949897022 0.007503750547766685 0.005977684212848544
0.0 0.7236356375738978 0.05374854045221582 0.006094589456915855 0.0064965387573465705
0.0 0.7330656126141548 0.05248417904367671 0.006569310277700424 0.005906532914377749
0.0 0.9514838879927993 0.031662032182794064 0.0069940265268087385 0.006174129829742014
0.0 0.9725368611514569 0.016164275887422263 0.007915239781141281 0.007016527187079191
0.0 0.9871834421530365 0.027749402436893434 0.0063478384166955944 0.00614451274741441
0.0 0.9935784623026848 0.0255422608111985 0.006494787335395813 0.006425943062640727
0.0 0.9996211836114526 0.012437246146146209 0.000757632777094841 0.0060264072613790635
0.0 0.9860630977898837 0.007779823883902281 0.006943215429782867 0.005137214460410178
0.0 0.9851457558572292 0.012831617100164294 0.0070890352129936215 0.005832002637907863
0.0 0.9805770317092538 0.015437030245084315 0.005247415229678154 0.005201233620755375
0.0 0.9888106876984238 0.017384075606241823 0.007346316799521446 0.005360691901296377
0.0 0.9487734789028763 0.0005910117528401315 0.007987665757536889 0.001182023505680263
0.0 0.9257052408531308 0.00030523298773914574 0.006011033430695534 0.0006104659754782915
0.0 0.9075836647301913 0.004645198152866214 0.007726512849330902 0.006727148336358369
0.0 0.8597592923790216 0.012171287694945932 0.00848722755908966 0.008339453767985106
0.0 0.8903976580128073 0.008806143095716834 0.008252528682351112 0.00850824392400682
0.0 0.6306338284164668 0.03365460870554671 0.005172085762023926 0.0055071331793442365
0.0 0.6180348539724946 0.03711448941612616 0.006033293530344963 0.005404267110861838
0.0 0.6010234599933029 0.04422588311135769 0.005258061364293099 0.005816967319697141
0.0 0.5972506957128644 0.04475758457556367 0.005973288044333458 0.006700195884332061
0.0 0.588177527487278 0.04601140652084723 0.006258959323167801 0.00588743828702718
0.0 0.5288923492655158 0.016113744291942567 0.008829033002257347 0.006349995429627597
0.0 0.5508741170167923 0.014382154133636504 0.006969669461250305 0.006116142938844859
0.0 0.561761886626482 0.013012415100820362 0.007798454910516739 0.006474031135439873
0.0 0.5422115508466959 0.017566047178115697 0.006270895898342133 0.005529516073875129
0.0 0.5622962096706032 0.030282014480326323 0.00869160108268261 0.008992038737051188
0.0 0.7080485673621297 0.05538168102502823 0.007651505991816521 0.005912417778745294
0.0 0.7138337736949325 0.055471031181514266 0.006213955208659172 0.0056520550511777404
0.0 0.7170643109828234 0.0585712831816636 0.006916116178035736 0.005345509178005159
0.0 0.5035025279968977 0.03633879852714017 0.0047762431204319 0.004057642328552902
0.0 0.5794667311012744 0.028074872854631394 0.006345096230506897 0.0064107943559065465
0.0 0.568212073110044 0.03535273791057989 0.0050544943660497665 0.005378006328828633
0.0 0.5783526776358485 0.03495720472419635 0.004963518306612969 0.004760333686135709
0.0 0.5768328612670303 0.03820150550454855 0.004301522299647332 0.004087316105142236
0.0 0.6011006444692611 0.010730839578900486 0.007113876193761826 0.0069440379040315746
0.0 0.5844020210206509 0.019030686735641213 0.004569772630929947 0.004725387343205512
0.0 0.5874935939908028 0.016806882666423918 0.005087884515523911 0.004784020548686385
0.0 0.5936220575124025 0.018623916746582835 0.005441465228796005 0.004397762543521822
0.0 0.5961935829371214 0.016154819284565747 0.005188861489295959 0.004963333159685135
0.0 0.5873055122792721 0.010545386979356409 0.008264626562595367 0.007029657578095793
0.0 0.592888361401856 0.02772898116381839 0.00663883276283741 0.005359410610981286
0.0 0.5946627978235484 0.034032731084153056 0.006023453921079636 0.005562432762235403
0.0 0.5997618930414319 0.02969109019031748 0.004994166269898415 0.005553282308392226
0.0 0.6063658032566309 0.026698217121884228 0.0054934054613113405 0.00586177846416831
0.0 0.6195589449256659 0.032836555864196273 0.0056708410382270815 0.004761580959893763
0.0 0.6240045933052898 0.027399995701853187 0.005287741497159004 0.005622517340816558
0.0 0.6151073282584548 0.019482800795231014 0.005896184220910072 0.006365370913408696
0.0 0.6933984376490117 1.8360023386776447e-05 0.006522531807422638 3.672004677355289e-05
0.0 0.684862657263875 0.0007015428855083883 0.004456213861703873 0.0014030857710167766
0.0 0.6625423101708293 0.015186651377007365 0.005688423290848732 0.004084549425169825
0.0 0.7132533174008131 0.0033814490423537793 0.004576870054006576 0.004273171233944595
0.0 0.7149496821686625 0.00708937281742692 0.00425119511783123 0.004384620813652873
0.0 0.7171631909906864 0.004172027844469994 0.004384917020797729 0.004877010476775467
0.0 0.7219903258606791 0.0044293801067397 0.005215799435973167 0.005035130772739649
0.0 0.7262786211445927 0.0040433885646052655 0.003641461953520775 0.004055034392513335
0.0 0.6233621958643198 0.0074541607056744395 0.009739600121974945 0.012953652325086296
0.0 0.6280883537605405 0.008161070116329938 0.004890931025147438 0.004799906280823052
0.0 0.6364696038886904 0.011184535408392548 0.006275251135230064 0.0059038909617811445
0.0 0.6436203382909298 0.00827409012708813 0.007138394564390182 0.0058814400341361765
0.0 0.6413367424160242 0.003516069566830993 0.005275643616914749 0.0048598094377666715
0.0 0.6328437078744173 0.004802915919572115 0.0063550971448421475 0.006252628704532981
0.0 0.6576715422794223 0.009501016314607114 0.005671002343297005 0.004761603637598455
0.0 0.660782471857965 0.006097262923140079 0.004376690462231636 0.003781473240815103
0.0 0.6686509331688285 0.0059764757985249165 0.004848023876547813 0.004644938185811043
0.0 0.6736513903364539 0.005411851976532489 0.005339681729674339 0.0045651466818526385
0.0 0.7318356614559889 0.002784696582239121 0.005856019258499145 0.005103674135170877
0.0 0.7369276592507958 0.004885133937932551 0.00933198221027851 0.006259001139551401
0.0 0.7460556712001563 0.001916279806755483 0.005355973541736603 0.003832559613510966
0.0 0.7372893052175641 0.0011225147871300578 0.006651737168431282 0.0022450295742601155
0.0 0.6761607326567173 0.00879287663847208 0.006864175945520401 0.0052822497207671406
0.0 0.6501025438308716 0.004716298426501453 0.005087239295244217 0.004010121198371052
0.0 0.6529836943373084 0.007337994163390249 0.006721098348498345 0.006002119439654052
0.0 0.6522541921585798 0.0021834741928614676 0.006691902130842209 0.004366948385722935
0.0 0.6585356535390019 0.0021694933879189194 0.006131689622998237 0.004338986775837839
0.0 0.6642118982970715 0.00383783217985183 0.004340719431638718 0.005135366227477789
0.0 0.6650409257039428 0.0005904788267798722 0.006796266511082649 0.0011809576535597444
0.0 0.6704334348440171 0.0018676191219128668 0.006231860071420669 0.0037352382438257336
0.0 0.6742287818342447 0.00036253954749554396 0.006079588085412979 0.0007250790949910879
0.0 0.679427482932806 0.002584563416894525 0.008478839695453644 0.00516912683378905
0.0 0.6844843968749046 0.005185772269032896 0.005282418429851532 0.0039138996973633764
0.0 0.6876032304018735 0.0027272596256807447 0.004193286597728729 0.004360264958813786
0.0 0.6918124055489898 0.004034640640020371 0.004516380652785301 0.004234970640391111
0.0 0.6904972046613693 0.001378330634906888 0.004891414940357208 0.002756661269813776
0.0 0.7523359227925539 0.0015745041193440557 0.007048063725233078 0.0031490082386881114
0.0 0.7561365121975541 5.197405116632581e-05 0.005596156790852546 0.00010394810233265162
0.0 0.7617836413905025 0.0012923651258461178 0.006404295191168785 0.0025847302516922356
0.0 0.7304618261754513 0.0004460105090402067 0.005957641452550888 0.0008920210180804134
0.0 0.7006942659616471 0.005241491389460862 0.0048920601606369015 0.0052270068321377035
0.0 0.6129116436466575 0.006675056822132319 0.01248227022588253 0.009486843575723469
0.0 0.7137515887618064 0.0004452961613424122 0.007645215094089508 0.0008905923226848244
0.0 0.7064109176397324 0.003424154408276081 0.010877768695354461 0.006848308816552162
0.0 0.7695421732962131 0.0005582878249697388 0.006761908531188965 0.0011165756499394775
