0.0 0.19720313251018523 0.8928280923515558 0.009218662977218628 0.0102812759578228
0.0 0.42751561403274535 0.9674999363720417 0.012547016143798828 0.01124998927116394
0.0 0.469734388589859 0.9579062446951866 0.012250006198883057 0.011515527963638306
0.0 0.5153280973434449 0.9117656279355287 0.013156414031982422 0.016218680888414383
0.0 0.5666718363761902 0.9177030831575393 0.0140000581741333 0.01692185550928116
0.0 0.13081251382827758 0.9256874494254589 0.01217186450958252 0.012203112244606018
0.0 0.176953125 0.8927188090980053 0.013828039169311523 0.012500032782554626
0.0 0.07796874940395356 0.9310781363397836 0.01401570439338684 0.013078082352876663
0.0 0.05064061582088471 0.9399843946099281 0.012031227350234985 0.011749885976314545
0.0 0.06256249845027924 0.931343725323677 0.011531263589859009 0.015593759715557098
0.0 0.07175004780292511 0.9393437322229147 0.007718771696090698 0.010921787470579147
0.0 0.445015686750412 0.7820624992251396 0.011078059673309326 0.010015636682510376
0.0 0.5914843261241913 0.6956874899566173 0.007765710353851318 0.009765587747097015
0.0 0.5971875071525574 0.691031233780086 0.005593657493591309 0.009015591815114021
0.0 0.6896563053131104 0.6620781369507313 0.011249899864196777 0.010656248778104782
0.0 0.7584999382495881 0.5085624739527702 0.010093867778778076 0.00846877321600914
0.0 0.7306718409061432 0.6239218864589929 0.010531246662139893 0.009515639394521713
0.0 0.7468437731266022 0.5642343707382679 0.010984361171722412 0.009515639394521713
0.0 0.833203125 0.6020156232640147 0.01028144359588623 0.008218774572014809
0.0 0.884468811750412 0.5239531066268682 0.010093867778778076 0.00937502458691597
0.0 0.5677656412124634 0.9045937698334455 0.01737499237060547 0.007156167179346085
0.0 0.6205000162124634 0.9424218688160181 0.009671688079833984 0.008124981075525284
0.0 0.6432811796665192 0.9462031297385692 0.014468729496002197 0.010031327605247498
0.0 0.7700781404972077 0.5935468500480056 0.006640613079071045 0.00979691930115223
0.0 0.7604843258857727 0.6082187429070472 0.007843852043151855 0.006296887993812561
0.0 0.8576093494892121 0.5251562785357237 0.007406294345855713 0.006562527269124985
0.0 0.6597499430179596 0.4148750169202685 0.0089530348777771 0.006687501445412636
0.0 0.7010936915874482 0.40059375008568165 0.008999884128570557 0.006421887315809727
0.0 0.8249687433242798 0.4403750043362379 0.011171936988830566 0.00562499463558197
0.0 0.8603748857975007 0.446124998293817 0.00842195749282837 0.005828121677041054
0.0 0.8574218630790711 0.4544687470421195 0.008171796798706055 0.007796930149197578
0.0 0.8817812383174897 0.47090624589473007 0.0070937275886535645 0.005593763664364815
0.0 0.8744686424732209 0.4737812554463744 0.008296787738800049 0.009062463417649269
0.0 0.8699062049388886 0.4881249967962503 0.00484389066696167 0.009468767791986465
0.0 0.8801094174385071 0.48951562996953724 0.012781262397766113 0.012234343215823174
0.0 0.9400312185287476 0.4738593831658363 0.009281158447265625 0.00695309042930603
0.0 0.943750011920929 0.4668437553569674 0.0087965726852417 0.0076406244188547134
0.0 0.9632030904293061 0.44826562739908693 0.006953179836273193 0.005578123033046722
0.0 0.9684219539165497 0.4529374739155173 0.0086250901222229 0.00659375824034214
0.0 0.9500625908374787 0.43528126310557125 0.008968770503997803 0.005609354004263878
0.0 0.9721562147140503 0.4385781422257423 0.007906079292297363 0.006562527269124985
0.0 0.990062552690506 0.4333437358960509 0.008609354496002197 0.007390575483441353
0.0 0.9811405420303345 0.4414062550291419 0.008093833923339844 0.008140621706843376
0.0 0.9991015732288361 0.44993751533329485 0.001796853542327881 0.007781289517879486
0.0 0.9831718683242798 0.4535937517881393 0.006140470504760742 0.006031248718500137
0.0 0.9906093657016755 0.4549218727275729 0.010672152042388916 0.00828123651444912
0.0 0.978656280040741 0.4024687524884939 0.00845324993133545 0.005656275898218155
