0.0 0.9980468600988388 0.600421872921288 0.003906279802322388 0.014281203970313072
0.0 0.4809063673019409 0.2480156421661377 0.006734490394592285 0.007812470197677612
0.0 0.5083594024181366 0.27923439256846905 0.005546987056732178 0.009031232446432114
0.0 0.47379690408706665 0.2609687503427267 0.0084686279296875 0.008718721568584442
0.0 0.5525625646114349 0.297999981790781 0.014578163623809814 0.01034373790025711
0.0 0.484375 0.29414061829447746 0.011343598365783691 0.009078104048967361
0.0 0.6190625727176666 0.30182813946157694 0.012593686580657959 0.01142183504998684
0.0 0.3876875340938568 0.23401561751961708 0.012453138828277588 0.010609377175569534
0.0 0.37062492966651917 0.2236874825321138 0.011703193187713623 0.009328127838671207
0.0 0.3515624701976776 0.23932810127735138 0.012499988079071045 0.008531235158443451
0.0 0.8711718916893005 0.5466718878597021 0.011249899864196777 0.015187505632638931
0.0 0.984187439084053 0.5495468722656369 0.013000041246414185 0.01264059729874134
0.0 0.9522656202316284 0.537562477402389 0.01379692554473877 0.011859370395541191
0.0 0.941890612244606 0.5217812564224005 0.015062481164932251 0.00810939073562622
0.0 0.9199999868869781 0.528171862475574 0.00970315933227539 0.01717185415327549
0.0 0.912421852350235 0.5179218677803874 0.012812554836273193 0.010578146204352379
0.0 0.9111406058073044 0.5084843812510371 0.008874982595443726 0.012125009670853615
0.0 0.8367343842983246 0.48148435167968273 0.008375108242034912 0.008203133940696716
0.0 0.8665625154972076 0.46009372640401125 0.0071405768394470215 0.01270315982401371
0.0 0.830140620470047 0.41671876050531864 0.006734311580657959 0.01034373790025711
0.0 0.9322187453508377 0.4926250074058771 0.010421901941299438 0.005781300365924835
0.0 0.9387499690055847 0.4970312649384141 0.010390698909759521 0.011328091844916344
0.0 0.5857968330383301 0.3389062425121665 0.009250044822692871 0.0051406379789114
0.0 0.5777187347412109 0.33457811269909143 0.007468700408935547 0.0060937609523534775
0.0 0.5719999969005585 0.29918748792260885 0.00739055871963501 0.0076562147587537766
0.0 0.6908906102180481 0.2923437561839819 0.007187604904174805 0.009359333664178848
0.0 0.6834843158721924 0.2908281236886978 0.0053594112396240234 0.008250005543231964
0.0 0.6617812216281891 0.26931249909102917 0.005234420299530029 0.007484368979930878
0.0 0.7103280425071716 0.2253593704663217 0.0054531097412109375 0.00601563323289156
0.0 0.7037030756473541 0.22189062042161822 0.006531178951263428 0.007390650920569897
0.0 0.6979531347751617 0.2255468820221722 0.004593908786773682 0.004468719474971294
0.0 0.6946094036102295 0.22204687586054206 0.0061719417572021484 0.005796865560114384
0.0 0.7900938093662262 0.21223437879234552 0.006687462329864502 0.007953135296702385
0.0 0.7450156211853027 0.19867186434566975 0.005249977111816406 0.005812481045722961
0.0 0.6625468134880066 0.2207499984651804 0.005609393119812012 0.008343799039721489
0.0 0.6210469603538513 0.20928125409409404 0.0053594112396240234 0.007812495343387127
0.0 0.6383906602859497 0.20753125101327896 0.010343670845031738 0.008265595883131027
0.0 0.4963124394416809 0.1695937430486083 0.0070781707763671875 0.0076406244188547134
0.0 0.6298280656337738 0.2687187837436795 0.006562292575836182 0.007328113541007042
0.0 0.6390624642372131 0.2688906043767929 0.005859375 0.008703131228685379
0.0 0.6692343652248383 0.27315624710172415 0.010328114032745361 0.005749968811869621
0.0 0.6768280565738678 0.2713437443599105 0.005578100681304932 0.004203105345368385
0.0 0.6741093695163727 0.2674062782898545 0.004765570163726807 0.004687512293457985
0.0 0.6832343339920044 0.26951562613248825 0.008437514305114746 0.011015631258487701
0.0 0.6482656598091125 0.2710468741133809 0.006249904632568359 0.008828205987811089
0.0 0.4207186698913574 0.22814061166718602 0.008796930313110352 0.010812529362738132
0.0 0.36673447489738464 0.2386718736961484 0.005968630313873291 0.005734378471970558
0.0 0.3302343487739563 0.12410937901586294 0.008937478065490723 0.012828134000301361
0.0 0.24998435378074646 0.10439062910154462 0.007468879222869873 0.009984380565583706
0.0 0.18054687976837158 0.04451561439782381 0.010453104972839355 0.009390614926815033
0.0 0.15431255102157593 0.05967187648639083 0.0064841508865356445 0.007281267084181309
0.0 0.18170318007469177 0.0755156222730875 0.0070937275886535645 0.006578117609024048
0.0 0.18837499618530273 0.08159375516697764 0.011515617370605469 0.007218754850327969
0.0 0.12374994158744812 0.07217188412323594 0.01012498140335083 0.00928125623613596
0.0 0.15450003743171692 0.010812499327585101 0.009249866008758545 0.008874989580363035
0.0 0.07445317506790161 0.022874996764585376 0.007328152656555176 0.00790625112131238
0.0 0.07603120803833008 0.02939062099903822 0.007328152656555176 0.007359344512224197
0.0 0.045687466859817505 0.002101565944030881 0.00817197561264038 0.004203131888061762
0.0 0.05223429203033447 0.0002695312723517418 0.003968596458435059 0.0005390625447034836
