0.0 0.9958504923153668 0.46221614158712326 0.008299015369266272 0.010473883710801601
0.0 0.9880468669114635 0.45640673479065297 0.008707714034244418 0.015788622200489044
0.0 0.9759749283082784 0.4499188139569014 0.009781952574849128 0.015251506958156824
0.0 0.9383173308568076 0.4549649720778689 0.00938618048094213 0.012919200258329511
0.0 0.9466574209043757 0.42105551196727903 0.008523780712857842 0.014050026657059789
0.0 0.4675406822934747 0.13616785407066345 0.006092609278857708 0.007067392021417618
0.0 0.49237710000015794 0.1644092606846243 0.005018289852887392 0.008169920463114978
0.0 0.4611088397912681 0.1478856195230037 0.00766146183013916 0.007887213863432408
0.0 0.5323671482969076 0.18138516871258617 0.013188682403415442 0.009357251785695552
0.0 0.4706787109375 0.17789387414231897 0.010262411646544933 0.008212321903556585
0.0 0.592528874380514 0.1848482335684821 0.011393350828438998 0.010332530410960317
0.0 0.3832067691255361 0.12350301695987582 0.011266199033707291 0.009597556944936515
0.0 0.36777044418267907 0.1141598800313659 0.010587732587009712 0.008438500831834972
0.0 0.3505248753819614 0.12830884717404842 0.011308582965284586 0.007717608101665973
0.0 0.8206090238876641 0.4063411429990083 0.010177643783390523 0.01373906759545207
0.0 0.9228527769213543 0.40894193907734006 0.011760974815115333 0.011435058852657675
0.0 0.8939735064283013 0.3981005003908649 0.012481906078755855 0.010728337848559023
0.0 0.884587366390042 0.3838243403006345 0.013626838428899645 0.007335995137691498
0.0 0.864783191261813 0.38960547188762573 0.008778326958417893 0.015534168062731623
0.0 0.8579273476731032 0.3803330229828134 0.011591358203440904 0.009569304483011364
0.0 0.8567682199412957 0.3717955930391327 0.008029085816815495 0.010968643007799983
0.0 0.7894538414198905 0.3473705662880093 0.00757685573771596 0.007420798018574715
0.0 0.8164389788638801 0.3280199728673324 0.006459990609437227 0.011491654766723513
0.0 0.7834885457064956 0.2887816935312003 0.0060924475081264974 0.009357251785695552
0.0 0.875837349309586 0.3574487335514277 0.009428564412519335 0.005229935608804226
0.0 0.8817460657097399 0.36143476467113944 0.009400335419923068 0.0102477275300771
0.0 0.5624337755143642 0.21839018419850617 0.008368399925529957 0.004650373430922628
0.0 0.5551256209611892 0.21447482972871512 0.006756839901208877 0.005512596713379026
0.0 0.549951950320974 0.1824594219448045 0.006686146091669798 0.006926038721576333
0.0 0.6575108020566404 0.17626837943680584 0.006502536311745644 0.008466730546206235
0.0 0.6508104201406241 0.1748972933739424 0.004848592355847359 0.0074631994590163234
0.0 0.6311759020667523 0.15543362186290324 0.004735514614731073 0.006770581938326359
0.0 0.6750956040807068 0.11567231939407066 0.00493336021900177 0.005441920063458383
0.0 0.6691020793747157 0.11253438532585278 0.005908675957471132 0.006685801804997027
0.0 0.6639001797419042 0.11584194790339097 0.004156051855534315 0.004042536043561995
0.0 0.6608751479536294 0.11267573862569406 0.005583678558468819 0.00524401634465903
0.0 0.7472586962860077 0.10379906303714961 0.0060500635765492914 0.007194641837850213
0.0 0.7064770229160786 0.0915300106164068 0.004749588668346405 0.005258142575621605
0.0 0.6318685234524309 0.11150254490785301 0.005074747838079929 0.00754804783500731
0.0 0.5943241250701249 0.10112757893512025 0.004848592355847359 0.007067414768971503
0.0 0.6100147536024452 0.0995444742962718 0.00935778971761465 0.007477302942425013
0.0 0.4814783631823957 0.06522508051712066 0.00640353262424469 0.006911935238167644
0.0 0.6022682812530548 0.1548965293681249 0.005936824064701795 0.006629228638485074
0.0 0.6106225262396038 0.155051963403821 0.0053009033203125 0.007873110380023718
0.0 0.6379186679143458 0.15891079020220786 0.00934371566399932 0.005201592156663537
0.0 0.6447885855566711 0.15727114651817828 0.005046437960118055 0.003802253631874919
0.0 0.6423290233593434 0.15370919804554434 0.0043113517574965956 0.004240462509915233
0.0 0.6505842646583915 0.15561737660318614 0.007633313722908497 0.0099650664255023
0.0 0.6189485422335566 0.15700258889701219 0.005654210597276688 0.007986256713047623
0.0 0.4130896247923374 0.11818831259151921 0.00795847289264202 0.009781334432773292
0.0 0.36425079838372765 0.12771520426031202 0.0053997452370821986 0.005187488673254847
0.0 0.3312295905314386 0.024078577128238975 0.008085624687373639 0.011604710109531879
0.0 0.2586284231860191 0.0062404116964899 0.006757001671940044 0.00903216649312526
