0.0 0.001499992609024048 0.1800781361758709 0.002999985218048096 0.008703131228685379
0.0 0.020796799659729005 0.07440625913441182 0.010765671730041504 0.007359344512224197
0.0 0.0900937259197235 0.03692187685519457 0.008765637874603271 0.007718777284026146
0.0 0.1213749885559082 0.02042186576873064 0.009421706199645996 0.008187493309378624
0.0 0.06081249713897705 0.03468750454485416 0.007140755653381348 0.007453087717294693
0.0 0.09470319151878356 0.08876564111560584 0.008812487125396729 0.00846872292459011
0.0 0.08103116750717163 0.0707812536507845 0.008234381675720215 0.007656265050172806
0.0 0.04667180180549622 0.0763593515381217 0.008968770503997803 0.007937544956803322
0.0 0.04699992537498474 0.08920312616974116 0.007953107357025146 0.007687496021389961
0.0 0.03706251978874207 0.0872187776491046 0.006484329700469971 0.007046883925795555
0.0 0.055109405517578126 0.07870313283056021 0.009296894073486328 0.008312517777085304
0.0 0.07578127980232238 0.09360938370227814 0.015968620777130127 0.01634380593895912
0.0 0.0867813766002655 0.09471873696893454 0.006984293460845947 0.006078170612454414
0.0 0.04200001955032349 0.11504688058048487 0.0053282976150512695 0.009171897545456886
0.0 0.04675003290176392 0.11189064141362906 0.007531285285949707 0.009656304493546486
0.0 0.05165624022483826 0.1073593594133854 0.006968557834625244 0.008187443017959595
0.0 0.34128125905990603 0.4513437137007713 0.010968804359436035 0.009156256914138794
0.0 0.5429688036441803 0.11312499400228263 0.009953320026397705 0.006421862170100212
0.0 0.5468749940395355 0.10881250482052565 0.008781373500823975 0.007546881213784218
0.0 0.18079691529273986 0.12129687182605267 0.009265601634979248 0.007734417915344238
0.0 0.1721249759197235 0.10509373098611832 0.009937584400177002 0.00912497565150261
0.0 0.16742181181907653 0.09012499302625657 0.00803142786026001 0.00846877321600914
0.0 0.15081250071525573 0.10228123366832734 0.007859408855438232 0.009484358131885529
0.0 0.15764068961143493 0.10150000676512719 0.010015547275543213 0.009328152984380722
0.0 0.19270315170288085 0.10014062970876694 0.009827971458435059 0.008203133940696716
0.0 0.19695311188697814 0.0916718564927578 0.010062754154205322 0.008531235158443451
0.0 0.219703072309494 0.08462499771267176 0.00901561975479126 0.008718771860003471
0.0 0.23210936188697814 0.08445310164242983 0.009062469005584717 0.007609343156218529
0.0 0.2513125479221344 0.09021873623132706 0.0069220662117004395 0.007906213402748108
0.0 0.26367189884185793 0.08656247463077307 0.009125232696533203 0.005093766376376152
0.0 0.18234383463859558 0.06379688195884228 0.008125126361846924 0.006484374403953552
0.0 0.19487502574920654 0.06599999815225602 0.008484363555908203 0.007359344512224197
0.0 0.21418755650520324 0.06409375220537186 0.008703052997589111 0.0066093988716602325
0.0 0.22032811641693115 0.057249995321035384 0.006718754768371582 0.008015546947717667
0.0 0.19939061403274536 0.04207810517400503 0.0084686279296875 0.007046883925795555
0.0 0.25625004768371584 0.0013945328071713447 0.008062362670898438 0.0027890656143426894
0.0 0.20037498474121093 0.003003908507525921 0.006234526634216309 0.006007817015051842
0.0 0.33846878409385683 0.03323438428342342 0.009578168392181396 0.008734412491321564
0.0 0.36423435211181643 0.03206249363720417 0.007500171661376953 0.008624978363513947
0.0 0.4320625901222229 0.023843744210898875 0.010265707969665527 0.008937539532780647
0.0 0.5666405498981476 0.01825003083795309 0.00804680585861206 0.006687501445412636
0.0 0.5152811646461487 0.036187471263110636 0.008046984672546387 0.007953135296702385
0.0 0.7267030715942383 0.023781231977045535 0.010999917984008789 0.008812515065073967
0.0 0.6426718771457672 0.024234382808208464 0.007109105587005615 0.005265612155199051
0.0 0.6346406280994416 0.030437502451241015 0.010031282901763916 0.006500015035271645
0.0 0.620281332731247 0.0236249765381217 0.009218752384185791 0.008500004187226295
0.0 0.6155625224113465 0.027859388291835784 0.008718609809875488 0.005796890705823898
0.0 0.6248282134532929 0.03420312274247408 0.008265674114227295 0.007312523201107979
0.0 0.6280313074588776 0.03953124713152647 0.011015474796295166 0.00659375824034214
0.0 0.9396250486373902 0.2965156206861138 0.013578057289123535 0.014859354123473167
0.0 0.1611875534057617 0.018781233951449393 0.005468845367431641 0.005218740552663803
0.0 0.1709374725818634 0.0033125238493084907 0.006031215190887451 0.005906274542212486
0.0 0.18059378266334533 0.002039042487740517 0.004562437534332275 0.004078084975481034
0.0 0.18904685378074645 0.0034062419086694717 0.005234420299530029 0.005171868950128555
0.0 0.1806406319141388 0.013031239993870259 0.004671871662139893 0.004578078165650368
0.0 0.17682814002037048 0.01937497444450855 0.00426560640335083 0.004609409719705582
0.0 0.17065619826316833 0.023562514595687388 0.0054686665534973145 0.004859408363699913
0.0 0.18460940718650817 0.03153126537799835 0.006171762943267822 0.005218740552663803
0.0 0.21942197680473327 0.09387499783188105 0.005484402179718018 0.004671921953558922
0.0 0.22407811284065246 0.09998434912413359 0.004890739917755127 0.00604688934981823
0.0 0.25445314645767214 0.037265618704259394 0.006953001022338867 0.006109351292252541
0.0 0.24940621256828308 0.048640632443130015 0.00589066743850708 0.006265657022595406
0.0 0.23824992179870605 0.05170312840491533 0.00793755054473877 0.0060937609523534775
0.0 0.23231249451637268 0.04779686816036701 0.004203379154205322 0.004609409719705582
0.0 0.23314067125320434 0.04154687691479921 0.006765604019165039 0.004734383895993233
0.0 0.22240620255470275 0.0370781322941184 0.005140721797943115 0.004828127101063728
0.0 0.18840616345405578 0.021953138895332812 0.003937661647796631 0.00435941107571125
0.0 0.19392185807228088 0.01981248464435339 0.004156172275543213 0.004593769088387489
0.0 0.20296877026557922 0.024515637569129466 0.004187285900115967 0.004968741908669472
0.0 0.25278123617172243 0.018781233951449393 0.004500031471252441 0.006140582263469696
0.0 0.2650624454021454 0.018296852149069308 0.005624949932098389 0.005156228318810463
0.0 0.25890623927116396 0.04212497677654028 0.006828010082244873 0.005874993279576302
0.0 0.26706247925758364 0.04465626962482929 0.006906330585479736 0.0064530931413173676
0.0 0.26779686808586123 0.051812487095594405 0.006578028202056885 0.0035937242209911346
0.0 0.2646874725818634 0.055656235106289385 0.00576549768447876 0.004968741908669472
0.0 0.27315627932548525 0.054421857371926306 0.005281269550323486 0.0038124918937683105
0.0 0.2773593008518219 0.04678125809878111 0.007625162601470947 0.006156222894787788
0.0 0.2820624649524689 0.0437031215056777 0.0052970051765441895 0.004531307145953178
0.0 0.2921405076980591 0.04057811331003904 0.00742185115814209 0.005515610799193382
0.0 0.2955156207084656 0.04362499378621578 0.009328007698059082 0.004640590399503708
0.0 0.3096406698226929 0.047578100487589835 0.007218718528747559 0.006859347224235535
0.0 0.212437504529953 0.03031250312924385 0.010593831539154053 0.00810939073562622
0.0 0.28564062118530276 0.021546884812414645 0.008421778678894043 0.007531290873885155
0.0 0.3431719481945038 0.0075468853116035465 0.006171762943267822 0.00562499463558197
0.0 0.3399843215942383 0.01165627259761095 0.0063124895095825195 0.006000017747282982
0.0 0.3304843842983246 0.006890632584691048 0.005796968936920166 0.005500070750713348
0.0 0.281406307220459 0.002539064921438694 0.005593657493591309 0.005078129842877388
0.0 0.28532814383506777 0.001476583257317543 0.00582808256149292 0.002953166514635086
0.0 0.30165627002716067 0.001390635222196579 0.00801551342010498 0.002781270444393158
0.0 0.3020155966281891 0.00726565569639206 0.007890522480010986 0.005406226962804794
0.0 0.311140650510788 0.015499995462596417 0.006640613079071045 0.005781250074505806
0.0 0.3138281345367432 0.009562489949166775 0.006953001022338867 0.004906279966235161
0.0 0.3214998781681061 0.005656254850327969 0.004515588283538818 0.00556248240172863
0.0 0.35184388756752016 0.015328124538064003 0.005078136920928955 0.005437508225440979
0.0 0.36231245994567873 0.0020507855340838434 0.006546735763549805 0.004101571068167687
0.0 0.38467189073562624 0.03275000248104334 0.005562543869018555 0.004734383895993233
0.0 0.39696874618530276 0.0031523436307907106 0.006421923637390137 0.006304687261581421
0.0 0.41112499833106997 0.00269532036036253 0.005109250545501709 0.00539064072072506
0.0 0.42168753743171694 0.005078129842877388 0.008453071117401123 0.006124991923570633
0.0 0.38859381675720217 0.036640622094273566 0.0055310726165771484 0.004156284034252167
0.0 0.3914219379425049 0.03328125588595867 0.006156206130981445 0.005843762308359146
0.0 0.39878120422363283 0.035687524266541 0.006343960762023926 0.005609354004263878
0.0 0.39387508630752566 0.020624992810189723 0.006937623023986816 0.00720318965613842
0.0 0.3965624809265137 0.01848438885062933 0.007359623908996582 0.007000012323260307
0.0 0.6837499976158142 0.15026563443243504 0.00429689884185791 0.006250016391277313
0.0 0.6886718511581421 0.15404687020927668 0.004562258720397949 0.0054062772542238235
0.0 0.6992187440395355 0.1487968735396862 0.0052658915519714355 0.005687456578016281
0.0 0.7226718902587891 0.14910938441753388 0.004781484603881836 0.005734428763389587
0.0 0.7305312097072602 0.1470312675461173 0.004906117916107178 0.005765659734606743
0.0 0.7394218385219574 0.15068747885525227 0.004734456539154053 0.007078114897012711
0.0 0.9999765574932098 0.044562526419758795 4.688501358032227e-05 0.008718721568584442
0.0 0.9514844357967377 0.04423437491059303 0.010374963283538818 0.008609388023614883
0.0 0.9706093907356262 0.017968750931322573 0.007921814918518066 0.006921859458088875
0.0 0.9676250755786896 0.026703113131225108 0.004687607288360596 0.008031288161873817
0.0 0.975093686580658 0.027562518045306204 0.007921814918518066 0.005250021815299988
0.0 0.9798749923706055 0.024749995581805705 0.006797075271606445 0.006062479689717293
0.0 0.9836718380451203 0.031671880185604094 0.010202944278717041 0.00895318016409874
0.0 0.809937471151352 0.02798438761383295 0.010468661785125732 0.007703086361289024
0.0 0.909078174829483 0.00019530877470970155 0.0063280463218688965 0.0003906175494194031
0.0 0.6303593754768372 0.024656227231025694 0.007671833038330078 0.00520315021276474
0.0 0.2311406373977661 0.09900002032518387 0.0055779218673706055 0.005156278610229492
0.0 0.2346250057220459 0.0972969014197588 0.004796862602233887 0.004937510937452316
0.0 0.23821862936019897 0.10017188582569361 0.004703164100646973 0.005203099921345711
