0.0 0.2718752196291462 0.6118218085728586 0.00822385777719319 0.011003787629306316
0.0 0.26612201882526276 0.617746873665601 0.010763667244464158 0.013024957291781903
0.0 0.2634613037109375 0.9929570849984884 0.01523826364427805 0.014085830003023148
0.0 0.11201101490296424 0.770676336530596 0.014478228799998761 0.01620327327400446
0.0 0.38484958475455644 0.5632982798852026 0.01283675916492939 0.01159114558249712
0.0 0.4222025589318946 0.5091433094814419 0.012335836095735431 0.01003634836524725
0.0 0.4339336196426302 0.4115435051266104 0.013372382055968047 0.012955735344439745
0.0 0.544489328097552 0.4569058148190379 0.010729066282510757 0.009777252562344074
0.0 0.46225070089567455 0.4751820491161197 0.016240406362339855 0.00998458480462432
0.0 0.4686086276546121 0.4674776741769165 0.007981947623193264 0.007738902512937784
0.0 0.4360414113849401 0.33246173928491773 0.011109083704650403 0.010727400239557029
0.0 0.5153256601653993 0.33545018141157923 0.01043525468558073 0.010485429223626852
0.0 0.5890294658020139 0.3390950644388795 0.012888561747968198 0.00962179508060217
0.0 0.5558230214752257 0.34840588895604013 0.011696509178727865 0.01043366566300392
0.0 0.3021618370665237 0.21325176036916674 0.012353037716820836 0.006322437990456819
0.0 0.3299259949475527 0.20570284291170537 0.009226000495254993 0.007445223536342383
0.0 0.3494835461024195 0.1914343091659248 0.013406983017921448 0.006322382390499115
0.0 0.4962000773055479 0.23683117423206568 0.009951533237472176 0.008585300669074059
0.0 0.5307194798486308 0.2413915939629078 0.009122296469286084 0.008965381979942321
0.0 0.5326027113478631 0.25780217167921365 0.007912943419069052 0.009362643677741289
0.0 0.5609197431709617 0.27108608577400445 0.010867272410541773 0.008481662347912788
0.0 0.5561512363143265 0.27697667889297006 0.007394522149115801 0.010917385295033454
0.0 0.5617144778370857 0.29685939056798816 0.006530684418976307 0.011418340913951396
0.0 0.5692645065952092 0.2936463524121791 0.004647403489798307 0.004992264602333307
0.0 0.5710094825364649 0.30160982315428553 0.0059778599068522455 0.00861993944272399
0.0 0.5784905070904642 0.301799808209762 0.007066307310014963 0.009017145540565253
0.0 0.6151522034779191 0.22226893370971085 0.011903917230665684 0.008136164210736752
0.0 0.6917758360039443 0.180827866634354 0.009692421462386847 0.008533537108451127
0.0 0.726364440470934 0.16258618771098554 0.010417855344712734 0.009051728714257478
0.0 0.6593987273052335 0.17835764391347766 0.007895741797983646 0.008239802531898021
0.0 0.6968726565595716 0.23814402823336422 0.009744224045425654 0.009362643677741289
0.0 0.6817551008425653 0.2182612887583673 0.009104995988309383 0.00846442636102438
0.0 0.6437629480380564 0.22442818586714566 0.00991703113541007 0.008775396924465894
0.0 0.6441257638391107 0.23862769226543606 0.00879398277029395 0.008498953934758902
0.0 0.633137684641406 0.23643388473428786 0.007169912476092577 0.0077907216735184194
0.0 0.6530926525592804 0.22701936629600822 0.01027984693646431 0.009189950209110976
0.0 0.6759501468855887 0.24349905475974082 0.017656969744712113 0.01806898545473814
0.0 0.6881132747512311 0.24472550642676652 0.007722736988216639 0.006719755288213491
0.0 0.6385972221381963 0.26719939853064717 0.005891654081642628 0.010140042286366224
0.0 0.64384945044294 0.2637100007850677 0.008327561803162098 0.010675581078976393
0.0 0.6492743869777768 0.2587004167959094 0.007705337647348642 0.009051673114299774
0.0 0.969521217700094 0.6389942307025194 0.012128526903688907 0.010122750699520112
0.0 0.7920689980033785 0.2741091110743582 0.010245245974510908 0.008550828695297242
0.0 0.7824801817070692 0.2561956387013197 0.010988276917487383 0.010088167525827885
0.0 0.7772797559853644 0.2396468672901392 0.00888058403506875 0.009362699277698994
0.0 0.7589143562596291 0.2530862666666508 0.008690377604216338 0.010485484823584556
0.0 0.766464483877644 0.2522225769236684 0.011074482742697001 0.010312791354954243
0.0 0.8052340708673 0.25071971006691457 0.010867074690759182 0.009069020301103592
0.0 0.8099333758000284 0.24135701078921556 0.01112668076530099 0.009431754425168037
0.0 0.8350886705797166 0.233566316915676 0.009968833718448877 0.009639086667448282
0.0 0.8488066668156534 0.23337627626024188 0.010020636301487685 0.00841255160048604
0.0 0.8700401897076517 0.23975050561130046 0.007653930503875017 0.008740758150815963
0.0 0.8837062845006585 0.23570830528624356 0.010090035945177078 0.005631441716104746
0.0 0.7937794718425721 0.21053967783227562 0.008984189201146364 0.007168836146593094
0.0 0.8076355753466486 0.21297534517943859 0.009381408244371415 0.008136164210736752
0.0 0.8289900038857013 0.21086788438260556 0.009623219538480044 0.007307057641446591
0.0 0.8357798000797629 0.2033017309382558 0.007429123111069203 0.008861632458865643
0.0 0.8126285930164159 0.18652836349792778 0.009364008903503418 0.0077907216735184194
0.0 0.875499727204442 0.13897223237436265 0.00891478955745697 0.008239830331876873
0.0 0.8137170404195786 0.14306623796001078 0.006893697939813137 0.007168836146593094
0.0 0.9664113820996135 0.17675113873556256 0.010590860154479742 0.009656378254294395
0.0 0.9949011221528054 0.17545554852113127 0.008293158560991287 0.009535392746329308
0.0 0.996914938185364 0.1089840198867023 0.006170123629271984 0.008723522163927555
0.0 0.7703863546252251 0.16077237809076905 0.006047061830759049 0.005769607611000538
0.0 0.7811671246308833 0.14367085970006882 0.0066688905470073225 0.00652971463277936
0.0 0.7918443883303553 0.14196066060103477 0.005044820252805948 0.005113138910382986
0.0 0.8011911956127733 0.14377447022125125 0.005787851195782423 0.0057177884504199025
0.0 0.7918961909133941 0.15441544032655657 0.005165824759751558 0.005061319749802351
0.0 0.7876806074287742 0.1614287911914289 0.0047166054137051105 0.005095958523452282
0.0 0.7808561114128679 0.16605834946967662 0.006046864110976458 0.0053723459132015705
0.0 0.7962845814879984 0.17486824616789817 0.006824298296123743 0.005769607611000538
0.0 0.8347778550814837 0.24379270593635738 0.006064263451844454 0.005165069270879031
0.0 0.8399262805003673 0.2505469331983477 0.005407833773642778 0.006685172114521265
0.0 0.8735128411091864 0.18120789234526455 0.007688136026263237 0.006754227261990309
0.0 0.8679322991054506 0.19378360197879374 0.006513482797890902 0.006927031930536032
0.0 0.855596463009715 0.19716936140321195 0.008776781149208546 0.0067369912751019
0.0 0.8490312764886767 0.19285077368840575 0.004647798929363489 0.005095958523452282
0.0 0.8499470156617462 0.1859410611446947 0.007480925694108009 0.005234124418348074
0.0 0.8380776005331427 0.181000615702942 0.005684246029704809 0.005337762739509344
0.0 0.8004827656317502 0.1642790952231735 0.004353987332433462 0.004819571133702993
0.0 0.8065816300455481 0.16191248302347958 0.004595600906759501 0.005078666936606168
0.0 0.8165850647259504 0.16711207986809312 0.004630004148930311 0.005493220221251249
0.0 0.8716641611419618 0.16077237809076905 0.004975816048681736 0.006788754835724831
0.0 0.8852438523899764 0.16023686709813773 0.006219671200960874 0.00570049686357379
0.0 0.8784367557149381 0.18658018265850843 0.007549929898232222 0.006495131459087133
0.0 0.8874553481582552 0.1893786675296724 0.007636531163007021 0.007134252972900867
0.0 0.8882673833053559 0.1972902635112405 0.0072735176421701905 0.00397306177765131
0.0 0.8848292340058833 0.20153974047861994 0.006375078950077296 0.005493220221251249
0.0 0.8941934406291694 0.20017506731674076 0.00583965377882123 0.004214921593666076
0.0 0.8988408441189677 0.19172796034254133 0.008431364689022303 0.006806046422570944
0.0 0.9040412698406726 0.18832490933127702 0.0058570531196892265 0.005009611789137125
0.0 0.9151848556473852 0.18487003915943206 0.008206557296216489 0.006097814161330461
0.0 0.9189168165437878 0.188238534796983 0.010314250178635121 0.005130430497229099
0.0 0.934535295329988 0.19260891387239099 0.007981947623193264 0.007583389431238175
0.0 0.8270549203734845 0.17352083679288627 0.011713908519595861 0.008965381979942321
0.0 0.9079977415502072 0.1638299587648362 0.009312206320464611 0.008326260466128587
0.0 0.9716118078213185 0.14835218153893948 0.006824298296123743 0.0062187440693378445
0.0 0.9680871561169624 0.15289533748291434 0.006979903765022754 0.00663335295394063
0.0 0.9575827983673662 0.14762665769085287 0.006409877631813288 0.006080633774399757
0.0 0.9033157370984555 0.1425307547673583 0.006185070239007473 0.006184160895645619
0.0 0.9076522262301296 0.13971503390930592 0.006444280873984099 0.007117072585970163
0.0 0.911556796496734 0.13537918240763247 0.007722736988216639 0.008740813750773669
0.0 0.9257067115977407 0.13845401296857746 0.008862986974418164 0.009259033156558872
0.0 0.926104029500857 0.14804126657545566 0.008724780846387148 0.005976884253323078
0.0 0.9361938677262515 0.15714478665031492 0.007342719566076994 0.006391493137925863
0.0 0.9391654971987009 0.15058054444380103 0.007688136026263237 0.005424165073782206
0.0 0.9476483678910881 0.1462619845289737 0.004993017669767142 0.006149633321911097
0.0 0.9812006241176278 0.15695477379485964 0.005615044105798006 0.0060114674270153046
0.0 0.9927760299295187 0.14128699761349708 0.007238916680216789 0.006512395245954395
0.0 0.9704195575322956 0.1318379377014935 0.005580640863627195 0.006339673977345228
0.0 0.960589028801769 0.13149245346430688 0.005580443143844605 0.006581505993381143
0.0 0.9434329821262508 0.11307805327232927 0.006859096977859735 0.006253299443051219
0.0 0.9445040301885456 0.11914133985992521 0.005252030584961176 0.005285915778949856
0.0 0.950015469128266 0.11333716297522187 0.007861140836030244 0.006754282861948013
0.0 0.9570472743362188 0.11295710946433246 0.005995259247720241 0.0060114118270576
0.0 0.965910261310637 0.11276708270888776 0.006858899258077145 0.004698613425716758
0.0 0.9720782287884504 0.11798394334036857 0.006116066034883261 0.0057868713978677985
0.0 0.9405994599219412 0.06581554552540184 0.005943258944898844 0.008637175429612398
0.0 0.8477355198934674 0.2494587030261755 0.006167670898139477 0.005700552463531494
0.0 0.8515882875770331 0.24757581045851113 0.0053040308877825735 0.005458692647516727
0.0 0.8555618620477616 0.25075426544062795 0.0052004257217049595 0.0057523160241544245
0.0 0.9982539954129607 0.07130876574665308 0.0034920091740787028 0.005769607611000538
