0.0 0.18681549294851718 0.9758837999776006 0.011455449275672436 0.01236194148659706
0.0 0.4182394669856876 0.9324151366949082 0.013262981083244085 0.019022447615861894
0.0 0.48399270689114926 0.7593544479459524 0.010549265425652266 0.010140778496861458
0.0 0.4385831306222826 0.7782913143746555 0.008699302561581135 0.00987346339970827
0.0 0.31639408962801097 0.7408984328620136 0.012420443817973137 0.011284873075783252
0.0 0.28245033640414474 0.7057979515753686 0.016310217324644327 0.015077466331422328
0.0 0.5281749414512887 0.5882891255896538 0.01208356930874288 0.011268774513155222
0.0 0.47303106463514266 0.6240558548830449 0.013559218496084213 0.011974435485899448
0.0 0.48002349215094 0.58876241017133 0.010848544770851731 0.010033922642469406
0.0 0.4134862136794254 0.6219306691549719 0.00848004943691194 0.010573728941380978
0.0 0.3990752541227266 0.6059976102784276 0.010423610219731927 0.011437085643410682
0.0 0.3654300782596692 0.6415195931680501 0.009335690410807729 0.013054048083722592
0.0 0.3586615057662129 0.6360239737667144 0.0067423260770738125 0.007339628599584103
0.0 0.3416883031837642 0.6462358579039573 0.007677993271499872 0.00932277850806713
0.0 0.3501198766985908 0.6456428868696094 0.009490438969805837 0.009146440029144286
0.0 0.7517334533855319 0.6112943444401026 0.01581274438649416 0.010026202350854874
0.0 0.7704065306694247 0.6093307584524155 0.012500587035901845 0.00867094025015831
0.0 0.7547390970517881 0.5941192836500704 0.009813858778215945 0.00672235619276762
0.0 0.7095842241193168 0.5467556235846132 0.012551285908557475 0.00777025418356061
0.0 0.40919884401373563 0.5047564914915711 0.007587047293782234 0.008226979617029428
0.0 0.38679910709615795 0.508115037670359 0.008611086523160338 0.009368266817182303
0.0 0.40075342580676077 0.5145196775440126 0.014249035157263279 0.01227916767820716
0.0 0.4371861426858231 0.5464904798194766 0.015096486313268542 0.01253854315727949
0.0 0.4124183394247666 0.5414670703001321 0.013439023168757558 0.012078747153282166
0.0 0.33188520816620437 0.5435664632357657 0.01150622614659369 0.010049977339804173
0.0 0.33367339640390126 0.5476906123105436 0.011824459070339799 0.012409973982721567
0.0 0.3504257858963683 0.5180184610653669 0.012645000824704766 0.011188676487654448
0.0 0.33163339076563714 0.501473086560145 0.01127355732023716 0.010683436039835214
0.0 0.3282458480913192 0.5100658369250596 0.012447275221347809 0.012829633243381978
0.0 0.2791653224499896 0.5413052731659264 0.007138167275115848 0.011626627575606108
0.0 0.3580999962519854 0.4297829192131758 0.01338278641924262 0.01038686279207468
0.0 0.37165348187554625 0.43165989317931236 0.008696572622284293 0.010244958568364382
0.0 0.307772551337257 0.48219053968787196 0.008859355002641678 0.005607826821506024
0.0 0.3100931167369708 0.47920787520706654 0.009300591191276908 0.00633748210966587
0.0 0.2573954995255917 0.45731255793944003 0.0112334662117064 0.009135912358760833
0.0 0.2730423416011035 0.45699532413855193 0.010851274710148573 0.010881224647164345
0.0 0.21835822556167842 0.4414156659971923 0.011147980112582445 0.010568508971482515
0.0 0.26966158477589486 0.4379730958491564 0.010797611903399229 0.008561277016997337
0.0 0.23887586432974786 0.4922045694198459 0.012955121928825974 0.01062202462926507
0.0 0.1812283601844683 0.5029675113037229 0.011364581296220422 0.010560481622815133
0.0 0.18671117026824502 0.5059265543241054 0.011843022657558322 0.010579212103039026
0.0 0.19087713563349096 0.48510591480880977 0.014454872580245137 0.012025319226086139
0.0 0.17005023374222217 0.47164216488599775 0.011099933180958033 0.011739142052829266
0.0 0.14770139069296417 0.4732874423731118 0.012912300880998373 0.010536487307399511
0.0 0.14115101834759114 0.4890029513277113 0.01067733857780695 0.008793763071298599
0.0 0.15888489901553837 0.5050725189968943 0.010763058671727777 0.009734585881233215
0.0 0.13068310511298475 0.5281183132436127 0.011147980112582445 0.010183634888380765
0.0 0.004580396646633733 0.34050257187336685 0.009160793293267466 0.00945928730070591
0.0 0.015641903178766348 0.3440525681246072 0.011147980112582445 0.010825033206492663
0.0 0.016038368362933375 0.32713400963693856 0.010621179826557636 0.009731866233050824
0.0 0.04800225261133162 0.33961478220298885 0.009022761369124055 0.010143410414457321
0.0 0.07290624084416775 0.34909900692291557 0.01106787589378655 0.010680716391652823
0.0 0.11069097965955732 0.3936265125870705 0.011217398568987846 0.01001786794513464
0.0 0.12044045086950061 0.3966605871915817 0.010704169981181622 0.009568862803280353
0.0 0.1288667985005304 0.39317573090083896 0.011880461825057864 0.01076634144410491
0.0 0.13842193703167138 0.37724124640226364 0.01178148202598095 0.010528459958732129
0.0 0.15135268450248984 0.3772285035345703 0.008806238183751702 0.009830694738775491
0.0 0.16380471761804072 0.3803028245456517 0.007763557368889451 0.008339230902493
0.0 0.11721526158507911 0.47141496459953486 0.009193577570840716 0.007214129995554685
0.0 0.10466101174242792 0.4789247686043382 0.006782417185604572 0.007026869058609009
0.0 0.09865986418444661 0.47251251810230316 0.009813819779083133 0.007107274141162634
0.0 0.09495213862974194 0.46978341694921255 0.009792448254302144 0.006679631397128105
0.0 0.08862963821738956 0.47275790055282413 0.01064535928890109 0.008440954517573119
0.0 0.08871886823326347 0.45299814315512776 0.010442095808684826 0.009349711798131466
0.0 0.07709057480096815 0.4428196843713522 0.010808375664055347 0.008614704944193363
0.0 0.13517697518691418 0.4219430069439113 0.006769001483917236 0.00766572318971157
0.0 0.1255984761752188 0.42423843387514354 0.006654032040387392 0.007604224048554898
0.0 0.15067285161931065 0.39271446540951727 0.009680130751803517 0.007144691236317158
0.0 0.15586691212374715 0.3956574317999184 0.0114686309825629 0.007746084406971931
0.0 0.1572251739213243 0.3915788806974888 0.010516896145418286 0.007991993241012097
0.0 0.1818219659850001 0.39530328535474835 0.011476664803922176 0.009325717482715845
0.0 0.16303311977535484 0.4145195079036057 0.009487865027040243 0.011121606454253197
0.0 0.18400256349705157 0.412125778850168 0.011417854111641645 0.008710945397615433
0.0 0.20353898408357055 0.41293395301327107 0.011530249612405919 0.008630847372114659
0.0 0.21320277419872583 0.4154922865796834 0.008469207677990198 0.007762007508426904
0.0 0.22309962313156576 0.41014725673012437 0.009533338015899062 0.008013355638831854
0.0 0.25757953643333165 0.41387484162114563 0.010471501154825091 0.007957208063453436
0.0 0.19085334616247562 0.4286731930915266 0.006189084379002452 0.008550354558974505
0.0 0.27933777661528436 0.35452988115139306 0.008364923996850848 0.006086177844554186
0.0 0.2909517963649705 0.38464987510815263 0.007897090399637818 0.005671870149672032
0.0 0.31755072590894995 0.39184630545787513 0.008648291695863008 0.006604753341525793
0.0 0.3123425477184355 0.4033549792598933 0.008004026021808386 0.006847942527383566
0.0 0.27085585521999744 0.3484275608789176 0.0070202338974922895 0.007061654236167669
0.0 0.25963338676374403 0.3476839783601463 0.009201689390465617 0.006933523714542389
0.0 0.25765964065212754 0.36428705765865743 0.006718224612995982 0.006962781865149736
0.0 0.2561353205470368 0.3736416604369879 0.007517550839111209 0.007494736276566982
0.0 0.2479138353606686 0.3436581752728671 0.006362708518281579 0.007943697553128005
0.0 0.23548590370919556 0.3401161186397076 0.008856781059876084 0.0064925020560622215
0.0 0.21977584403939546 0.3743053423240781 0.007009704131633043 0.009317426942288876
0.0 0.20702137264888734 0.37788350009359417 0.006969535024836659 0.006294625718146563
0.0 0.20015093442052603 0.3795669623184949 0.008365001995116495 0.0073691499419510365
0.0 0.23985758950002492 0.3749584746081382 0.006889274809509516 0.006920057069510222
0.0 0.23582652213517577 0.36974637852981684 0.006480173906311393 0.006543122604489327
0.0 0.18847549103666095 0.3499628461431712 0.008129681227728724 0.007219393830746412
0.0 0.1726923079928383 0.3505447192583233 0.009300591191276908 0.007684541400521994
0.0 0.135426803631708 0.34503692723810675 0.009370243642479181 0.00989223774522543
0.0 0.11279623084701595 0.3152291225735098 0.007049795240163803 0.007529345992952585
0.0 0.12278932963963596 0.30975047904066744 0.007036457536742091 0.008937948290258646
0.0 0.11800230308435855 0.29372699186205864 0.006354674696922302 0.007839429751038551
0.0 0.0920917082345113 0.31101844920776783 0.007434716681018472 0.007465302664786577
0.0 0.09102211801800875 0.31761478041298685 0.007683375151827931 0.006655461620539427
0.0 0.07302280925214288 0.3185733905993402 0.006766349542886019 0.007716431468725205
0.0 0.04784512510523198 0.27731801648624244 0.0075067090801894665 0.007248783577233553
0.0 0.0787982298294082 0.2962400783784688 0.00770474667660892 0.006634099222719669
0.0 0.02991975869517771 0.29569235439412295 0.0078944384586066 0.007582949381321669
0.0 0.02034597857855258 0.30935770920477806 0.0067154946736991405 0.005666474718600512
0.0 0.022717047855257966 0.3123753781896085 0.00887557864189148 0.008125475328415632
0.0 0.024531131517142035 0.2811468644067645 0.006189006380736828 0.007459907233715058
0.0 0.026510259509086587 0.2638221571687609 0.005394984036684036 0.007724371086806059
0.0 0.05901209779549388 0.26520827850326895 0.005688959499821067 0.007270058244466781
0.0 0.03194545165169982 0.2561114501208067 0.005336251342669129 0.007558691874146461
0.0 0.026048743771389105 0.2458424314390868 0.005576719995588064 0.006965413782745599
0.0 0.019478169875219442 0.23713422762230038 0.005648790393024683 0.006748850829899311
0.0 0.004772844864055492 0.2280220463871956 0.005576719995588064 0.006067359633743763
0.0 0.11489473518449811 0.26284839152358475 0.007161878747865558 0.006743630860000849
0.0 0.11919852348510174 0.26850418504327533 0.006207647966220975 0.0073609471321105955
0.0 0.130345918610692 0.27358299642801287 0.007036379538476467 0.007398408092558384
0.0 0.13939523838926104 0.26927768369205296 0.007969316793605685 0.007059110049158335
0.0 0.1644018333405256 0.3093036013655365 0.01038609305396676 0.010416077077388763
0.0 0.15923932313453404 0.31745791812427343 0.006351944757625461 0.006863821763545275
0.0 0.16298440985847262 0.32013887711800637 0.0064829818438738585 0.006877244543284177
0.0 0.1313536952016875 0.3260012981016189 0.007271544309332967 0.007163246255367994
0.0 0.13221744799520818 0.32064245068468156 0.00775544554926455 0.00778604568913579
0.0 0.14627663537394253 0.3140173877123743 0.007255476666614413 0.006377443391829729
0.0 0.14900364973582325 0.3096983451396227 0.006648728158324957 0.007128461077809334
0.0 0.10815927295479921 0.2919945321045816 0.0055234471801668406 0.008109376765787601
0.0 0.11552492217160759 0.3294510182924569 0.008498691022396088 0.00797313116490841
0.0 0.08834619252011178 0.2130213881842792 0.006554974243044853 0.005634409189224243
0.0 0.08153725592419503 0.2143280475400388 0.006279796361923218 0.0051560143008828165
0.0 0.07767193487379698 0.20856536526698619 0.005421425448730588 0.004907363886013627
0.0 0.05175907807424662 0.2187819978222251 0.005146325565874577 0.005262826289981604
0.0 0.0557328167138621 0.19510151664726436 0.005352162988856435 0.00545798297971487
0.0 0.07975522954948244 0.19190078682731837 0.004849464166909456 0.004741640808060765
0.0 0.08197966208681462 0.18828732846304774 0.0054375710897147655 0.004281998332589865
0.0 0.07586342808790503 0.182727665733546 0.006087140645831823 0.0052201014943420885
0.0 0.02269286839291451 0.21057781719136984 0.005785287357866764 0.005057076131924987
0.0 0.026088132895529248 0.205697507224977 0.006239861249923706 0.006366740260273218
0.0 0.02371987155638633 0.19988681438844652 0.005820074584335089 0.005743962759152055
0.0 0.1591824233997613 0.28008732018060983 0.010669382754713297 0.007983965892344713
0.0 0.004673007084056713 0.1953127280343324 0.004772089887410402 0.005444560199975967
0.0 0.0033750894479453453 0.2504116816446185 0.0067501788958906905 0.005415345914661885
0.0 0.0027746852952986734 0.2534319386817515 0.003852334339171648 0.0046961305662989615
0.0 0.16222517474088816 0.21617903131991625 0.006432282971218228 0.006623352225869894
0.0 0.15528785299975423 0.21771017131395637 0.0052371935453265905 0.005653051938861608
0.0 0.19796670998912305 0.22450919307302683 0.0057210947852581965 0.006083392398431897
0.0 0.15444430175703017 0.1950397543143481 0.004534117178991437 0.005409818887710571
0.0 0.13616419923491774 0.19719305769540368 0.00376138836145401 0.0037285937927663327
0.0 0.12292067871894685 0.19730999160092325 0.004737224662676454 0.004821782698854804
0.0 0.12355453162454066 0.19268347525503488 0.003991483245044947 0.004749624291434884
0.0 0.11807702542282639 0.19101805263198912 0.003945932257920504 0.0036885447800159453
0.0 0.11134308415930716 0.18805896574631334 0.004456430906429887 0.004188345931470394
0.0 0.10102648756001142 0.19612752585671842 0.0050821329932659864 0.005070433113723993
0.0 0.10233147654216734 0.18828570544719697 0.00464097480289638 0.004982176143676043
0.0 0.09504093965515492 0.1954028712119907 0.0044459011405706406 0.004904666170477867
0.0 0.0912587647559121 0.1846394687425345 0.005793321179226041 0.005610327143222094
0.0 0.08838523065205661 0.18010364389047026 0.0053601188119500875 0.005241463892161846
0.0 0.100361435348168 0.1834719391306862 0.00476413406431675 0.004827221995219589
0.0 0.09683513375930486 0.1876172203104943 0.005777175538241863 0.005273529421538114
0.0 0.09124768900219349 0.19275398871395738 0.004830822581425309 0.005032994085922837
0.0 0.08180868988856671 0.18427816128823907 0.0051007745787501335 0.005099800927564502
0.0 0.05317221165169028 0.18851570214610547 0.005293352296575904 0.0049715388100594286
0.0 0.07238946333527563 0.20932949867565184 0.00622644554823637 0.007647014642134309
0.0 0.06359153196681289 0.2114752791589126 0.009223060915246606 0.0072328385431319475
0.0 0.07216607630252836 0.18640786514151841 0.005477662198245525 0.004803139949217439
0.0 0.06742378175258634 0.18391661257483066 0.005843942053616047 0.004966209176927805
0.0 0.034194726636633255 0.18519252236001194 0.005052571650594473 0.003897080384194851
0.0 0.03428555561695246 0.1820974091999233 0.00509820063598454 0.004637438803911209
0.0 0.038963891589082755 0.18261618209071456 0.005226429784670472 0.004958181828260422
0.0 0.04572181731928138 0.18545501227490604 0.0049323763232678175 0.004963489528745413
0.0 0.04050084741320459 0.1868151872884482 0.004638322861865163 0.005032972153276205
0.0 0.048617658927105345 0.17445676599163562 0.010460737394168973 0.007647190103307366
0.0 0.0518306804820895 0.17868521576747298 0.005702297203242779 0.005155970435589552
0.0 0.042124069319106616 0.17689664133358746 0.004547532880678773 0.00432202541269362
0.0 0.038451130990870275 0.1726734882919118 0.00437359674833715 0.003966497210785747
0.0 0.03154048465657977 0.17629472177941352 0.00509820063598454 0.004509154753759503
0.0 0.029201199673116185 0.17992691062390803 0.004454012960195541 0.004239185806363821
0.0 0.024394322559237458 0.18519198501016945 0.006985212676227093 0.005476735392585396
0.0 0.024247529823333003 0.1817574860760942 0.006771809421479702 0.00556231657974422
0.0 0.010464300308376528 0.17658233554102482 0.005574068054556847 0.0052201014943420885
0.0 0.029690872784703948 0.16928128646686674 0.006084800697863102 0.006297257635742426
0.0 0.026148581551387884 0.17329826166387646 0.00525318318977952 0.005091817444190383
0.0 0.019724722392857053 0.1721940954681486 0.005403095856308937 0.00494217099621892
0.0 0.0201789842918515 0.1767324864398688 0.006555286236107349 0.0064683322794735435
0.0 0.06593760279938576 0.17988066563848407 0.0057692197151482105 0.006003206642344594
0.0 0.0649299042066559 0.17706619165837764 0.00522908172570169 0.00413763765245676
0.0 0.05905671280343083 0.1768921670736745 0.004135702038183808 0.004509067023172974
0.0 0.011336164921522118 0.1665969169465825 0.006338763050734997 0.006155594671145082
0.0 0.007727263169363119 0.1646937005687505 0.005392332095652819 0.005850884411484003
0.0 0.006588176498189546 0.1705951287643984 0.005400131922215223 0.005057076131924987
0.0 0.0053104869090020435 0.16801850337069482 0.004424373619258404 0.004156302334740758
0.0 0.004240584699437 0.17947927627246826 0.00739189563319087 0.006353427143767476
