0.0 0.7593184653436765 0.921906215697527 0.010943119088187814 0.012265674769878387
0.0 0.5088444125372916 0.8210000038146973 0.011521615087985992 0.019937530159950256
0.0 0.4738417369546369 0.6116562891751528 0.010380456363782287 0.009781178086996078
0.0 0.5206473589874804 0.6431562691926956 0.008191796764731408 0.009906202554702759
0.0 0.666473256610334 0.628593735024333 0.012381442449986934 0.010718811303377151
0.0 0.7125441520474851 0.5967656034976244 0.016195920016616582 0.014390487223863602
0.0 0.46264841633383186 0.4094062546268106 0.011974876141175627 0.010781222954392433
0.0 0.5166140333516523 0.4620156051591039 0.013600783562287689 0.011281220242381096
0.0 0.5166922157397493 0.4207656277343631 0.010771189397200943 0.009578151628375053
0.0 0.5840553778922185 0.473015620931983 0.007753921719267964 0.010812554508447647
0.0 0.6038469274062663 0.45834375321865084 0.009911451488733292 0.011390604078769684
0.0 0.6336905940901488 0.505843747034669 0.008191796764731408 0.013624951243400574
0.0 0.6425389797892421 0.5011874657124281 0.006425268389284611 0.0072968825697898865
0.0 0.659328915993683 0.5164844054728747 0.007081767870113253 0.009484358131885529
0.0 0.6499803061364219 0.5139218816533685 0.009332955488935113 0.00882810540497303
0.0 0.20606171287363395 0.38500003013759854 0.01682124494109303 0.008359389379620552
0.0 0.185504150390625 0.3785937331616879 0.013116213772445918 0.007515650242567062
0.0 0.20654637211700902 0.36501562837511303 0.010317883617244662 0.005796840414404869
0.0 0.267984601855278 0.3219218920916319 0.013397634588181972 0.00640622153878212
0.0 0.615243531181477 0.3422499854117632 0.007238132646307349 0.008171852678060532
0.0 0.63967812161427 0.3510625004768372 0.008207451133057476 0.0093124620616436
0.0 0.6225441918475554 0.3551249910145998 0.014366863621398806 0.01148434728384018
0.0 0.5743784735677764 0.3828749913722277 0.015336182108148933 0.011593781411647797
0.0 0.6033623128896579 0.3827968636527658 0.013428853871300817 0.011437525972723961
0.0 0.6934560651192442 0.40326562207192185 0.011568578192964196 0.009437436237931252
0.0 0.6905170692829415 0.4075000086799264 0.011380904680117964 0.012234343215823174
0.0 0.6783544749021531 0.3703750088810921 0.012678428180515766 0.010546915233135223
0.0 0.7032111071050167 0.35599998626858 0.011130703147500753 0.010265635326504707
0.0 0.7050871713319793 0.3664218770340085 0.012037493614479899 0.012593725696206093
0.0 0.7532527554314583 0.4125781344249845 0.0058624267578125 0.012421829625964165
0.0 0.6895790148060769 0.2694531312212348 0.013772802706807852 0.009390564635396004
0.0 0.673914672411047 0.26851564887911084 0.008097960008308291 0.010359378531575203
0.0 0.7343836507527157 0.33968748673796656 0.009426702791824938 0.004671871662139893
0.0 0.7324451032327488 0.3358125077560544 0.00978630599565804 0.005453148856759071
0.0 0.7966348118381574 0.3230468608438969 0.011459087068215013 0.008390620350837708
0.0 0.779110059584491 0.31917188186198475 0.010567950969561934 0.010609427466988564
0.0 0.8441126324469224 0.31395311616361143 0.011005736561492086 0.01015625149011612
0.0 0.7871923652244732 0.29854689314961436 0.011068175127729774 0.007796879857778549
0.0 0.8096102704759687 0.3664375176653266 0.013194396160542965 0.009781228378415108
0.0 0.8720177516108378 0.39149999488145115 0.011271592462435365 0.01009373925626278
0.0 0.8651860510930419 0.39359377752989533 0.01184990955516696 0.009999996051192284
0.0 0.8651861405465752 0.3692500149831176 0.014679503720253706 0.01112501509487629
0.0 0.8916373714338988 0.3587968932464719 0.01066178772598505 0.011593731120228767
0.0 0.9164002563338727 0.36567188110202553 0.013163087423890829 0.009687485173344612
0.0 0.9202303882688284 0.3848124934360385 0.010865026153624058 0.008109340444207191
0.0 0.8966711901128293 0.39889062065631153 0.010739970114082098 0.009234359487891197
0.0 0.9232006481150166 0.4311406217515469 0.01109948386438191 0.009687535464763641
0.0 0.9759469240205363 0.28443750981241467 0.011224539903923868 0.009468717500567436
0.0 0.9643001187127084 0.28565622176975014 0.010708661377429962 0.009046873077750206
0.0 0.9556081872433424 0.2798437407240272 0.01184990955516696 0.01021876372396946
0.0 0.9484481922583654 0.2597812866792083 0.01178738153539598 0.009953124448657036
0.0 0.9339093989459798 0.2568593803793192 0.008332507172599434 0.009828150272369385
0.0 0.9192142408574 0.2575156331062317 0.007425806159153581 0.008265595883131027
0.0 0.9511058120056987 0.37042190562933686 0.009442357160151005 0.006546886637806892
0.0 0.9635342175606638 0.3816875103861094 0.00655032442882657 0.0069062188267707825
0.0 0.9717259248718619 0.37582813259214165 0.010224002134054899 0.006265657022595406
0.0 0.9765096761984751 0.37359376028180125 0.010302273975685238 0.0057500191032886505
0.0 0.9829505095025525 0.37835937514901163 0.010911989258602262 0.007687445729970932
0.0 0.987296519964002 0.35612498559057715 0.010442894930019975 0.008843746036291122
0.0 0.9985648721689359 0.3472968801856041 0.002870255662128329 0.00785934180021286
0.0 0.9420385782374069 0.31076562087982895 0.006378305284306407 0.007687496021389961
0.0 0.952293889108114 0.3155000047758222 0.006253249244764447 0.0076406244188547134
0.0 0.9311892511788755 0.2744218982756138 0.010052072443068027 0.006343759596347809
0.0 0.9246858451282606 0.2765625022351742 0.012084367265924812 0.006640579551458359
0.0 0.9240761298453435 0.27167188804596665 0.010864936700090765 0.007171908393502235
0.0 0.8955769497668371 0.270328126475215 0.011709199147298932 0.008562516421079636
0.0 0.9123824956128374 0.2961562654003501 0.00884829624556005 0.011234348639845848
0.0 0.8893392654368654 0.28874999899417164 0.01178738153539598 0.007828110828995705
0.0 0.8671870819060132 0.2852656334638596 0.011943746311590075 0.007703136652708054
0.0 0.8557436492061242 0.2859687577933073 0.008426254475489258 0.007390625774860382
0.0 0.8458165880758315 0.27773436773568394 0.009661339409649371 0.007437547668814659
0.0 0.8062022697646171 0.27417187448590996 0.010818152502179147 0.007140627130866051
0.0 0.8779114871053025 0.3058125196024776 0.005456039356067777 0.008906258270144463
0.0 0.7950871762586758 0.20256250128149986 0.008707675291225314 0.00537494570016861
0.0 0.7752486636396497 0.23381250780075788 0.008238670416176319 0.004984332248568535
0.0 0.7437166062416509 0.23592188078910112 0.008926478633657097 0.005937555804848671
0.0 0.7469839412719012 0.25003126412630083 0.008082305639982223 0.006390631198883057
0.0 0.8059989866102114 0.19760937485843896 0.006831655791029334 0.00689057819545269
0.0 0.8187869059154764 0.19929687827825546 0.009520629001781345 0.006203144788742065
0.0 0.8172704896191135 0.2184062596410513 0.00648779640905559 0.0068437568843364716
0.0 0.8168797118589282 0.22926563546061515 0.007331969402730465 0.0072968825697898865
0.0 0.8328723934479058 0.19740624781697988 0.005815553106367588 0.008125031366944313
0.0 0.8476456891978159 0.19621874168515205 0.009207899449393153 0.0057500191032886505
0.0 0.8576196239795536 0.2381875092163682 0.006268903613090515 0.009640613570809364
0.0 0.8711579689756036 0.2450781377032399 0.006956801284104586 0.005968736484646797
0.0 0.8785055032931268 0.2485156064853072 0.008395035192370415 0.006937550380825996
0.0 0.8348890786292031 0.23440622314810752 0.006706599751487375 0.006750013679265976
0.0 0.8405951853375881 0.22945312187075614 0.006300033442676068 0.006390631198883057
0.0 0.8982970528071746 0.21785934045910835 0.008144833659753204 0.006812475621700287
0.0 0.9159156418172643 0.22206252124160528 0.009458011528477073 0.007093755528330803
0.0 0.9590631063329056 0.22424999680370092 0.009004661021754146 0.009765638038516045
0.0 0.9912204439286143 0.19582812823355197 0.006753562856465578 0.007453087717294693
0.0 0.9812152004102245 0.1874218923971057 0.006393870199099183 0.009171897545456886
0.0 0.9902042517904193 0.17048437111079692 0.005831118021160364 0.008000057190656662
0.0 0.9985531984828413 0.13646873887628316 0.0028936030343174935 0.00646873377263546
0.0 0.9945346526103094 0.14185935035347938 0.005768590001389384 0.007453087717294693
0.0 0.980855641933158 0.14506248626857995 0.006769127771258354 0.007296832278370857
0.0 0.9716477424837648 0.13818752355873584 0.007988558337092399 0.00665627047419548
0.0 0.9345190247753635 0.17756253629922866 0.010114600462839008 0.01015625149011612
0.0 0.9384898223914206 0.18789063356816768 0.006065665185451508 0.006812475621700287
0.0 0.9336748965084553 0.19006251879036426 0.006222029961645603 0.006796885281801224
0.0 0.9679271016735583 0.20376564804464578 0.0071129871532320975 0.0069531407207250595
0.0 0.9681615593843163 0.19754686262458562 0.007550772745162249 0.007593752816319466
0.0 0.953841614141129 0.1869375105947256 0.007285006297752261 0.005999967455863953
0.0 0.9517467465717345 0.18146874625235795 0.006362650915980339 0.007062474265694618
0.0 0.9996435476001352 0.17074998524039983 0.0007129047997295856 0.00853128544986248
0.0 0.9849515850422904 0.2112031202763319 0.008410689560696483 0.007640574127435684
0.0 0.9469629952451214 0.14589060992002487 0.011052610212936997 0.007124986499547958
0.0 0.9579218581551686 0.07335936985909938 0.006222119415178895 0.006500015035271645
0.0 0.9653789283242077 0.07664063349366187 0.005002599395811558 0.005609354004263878
0.0 0.9158530690707266 0.07468750337138771 0.00548725863918662 0.00601563323289156
0.0 0.9714288944145665 0.05134374797344208 0.004205300053581595 0.005484379827976227
0.0 0.9915018647443503 0.057875006552785636 0.0036736777052283286 0.0036249803379178047
