0.0 0.824639540631324 0.8885831401217729 0.025440240371972324 0.014769058022648097
0.0 0.809188347728923 0.9352538998704404 0.016679717134684323 0.023689238633960486
0.0 0.7822390253888443 0.8052167155314237 0.01941743795759976 0.01427495377138257
0.0 0.7703268411802128 0.7837841699831187 0.01382187190465629 0.013620532117784023
0.0 0.6248563369968906 0.6837390621192754 0.00934807830490172 0.01048260908573866
0.0 0.8388219385873527 0.5975016236305237 0.009842254221439362 0.017039204016327858
0.0 0.8687227145535872 0.4185902823228389 0.008867427846416831 0.008359284605830908
0.0 0.8287393591366709 0.4455110985785723 0.006997781619429588 0.00846613422036171
0.0 0.7041686678305268 0.4330655253957957 0.010576755367219448 0.009160613734275102
0.0 0.6648129471577704 0.4058642611373216 0.01383524453267455 0.012298536766320468
0.0 0.8782845256617293 0.2457414102042094 0.010229449113830924 0.009213952580466866
0.0 0.8321847976418212 0.29070291996467856 0.011618368467316032 0.009641265077516437
0.0 0.8321180109167472 0.2554494670359418 0.009201208641752601 0.008185772178694605
0.0 0.7745735293487087 0.3001038593705744 0.006623730110004544 0.009240729454904794
0.0 0.7576667449902743 0.28756484650075437 0.008466783910989761 0.009734747745096684
0.0 0.7321730141062289 0.3281597486231476 0.006997781619429588 0.011644287034869194
0.0 0.7246143462602049 0.32418035264126954 0.005488737858831883 0.006236132048070431
0.0 0.7102716678055003 0.33725357060320676 0.006049547670409083 0.008105613477528095
0.0 0.7182576484279707 0.33506356182042507 0.00797260799445212 0.007544760452583432
0.0 0.7479312807554379 0.18834767271764577 0.006183121120557189 0.006983907427638769
0.0 0.7270582131342962 0.19587910920381546 0.007011154247447848 0.007958706002682447
0.0 0.7416947455378249 0.19935103398747742 0.012272786675021052 0.009814863465726376
0.0 0.7828399530844763 0.223067006515339 0.013100819801911712 0.009908389113843442
0.0 0.758080723346211 0.22300023625139148 0.011471498804166914 0.009774848585948348
0.0 0.6811188038205728 0.2404934436781332 0.009882372105494142 0.00806551263667643
0.0 0.6836294192122295 0.2441122759366408 0.009722053399309516 0.01045583221130073
0.0 0.6940192252397537 0.21238415110856296 0.010830453224480152 0.009013706259429455
0.0 0.6727856315672398 0.20009883085731417 0.009508320596069098 0.00877331611700356
0.0 0.6711830176180229 0.20900568750221282 0.010282939625903964 0.010762971127405763
0.0 0.6300379246938974 0.24845219266135246 0.0050079345703125 0.010616063652560116
0.0 0.6844307452905923 0.12613332418259232 0.011765314545482398 0.008025454776361584
0.0 0.6978118935832753 0.1253321239957586 0.006917622266337275 0.008853431837633253
0.0 0.6461567173944787 0.1861576854251325 0.008052690932527185 0.003992719948291779
0.0 0.6478127072332427 0.18284601357299834 0.00835987930186093 0.004660422587767244
0.0 0.5929791248170659 0.17193611348047852 0.00978884012438357 0.007170872762799263
0.0 0.6079495144309476 0.16862444162834436 0.009027593722566962 0.009067131066694855
0.0 0.5524215487530455 0.16416432983241974 0.00940156881697476 0.008679833449423312
0.0 0.6010452647926285 0.15099771516397595 0.009454906499013305 0.0066634445451200005
0.0 0.5818949355278165 0.20901905444916338 0.011271215043962002 0.008359327586367727
0.0 0.5285838077077643 0.23043819006998092 0.009628674248233438 0.008626408642157912
0.0 0.5344197371974587 0.2322275987593457 0.010122697334736586 0.00854629292152822
0.0 0.5344196607824415 0.2114226979902014 0.012539857160300016 0.009507767530158162
0.0 0.511823893012479 0.20248915043193846 0.009107753075659275 0.009908346133306623
0.0 0.49067038227804005 0.20836471875663848 0.011244469787925482 0.008279211865738035
0.0 0.48739852048456667 0.2247228531865403 0.009281367994844913 0.006930482620373368
0.0 0.5075237907469272 0.23675443783868105 0.009174539800733328 0.007891957229003311
0.0 0.48486119804438205 0.2643162443302572 0.009481651755049825 0.008279254846274852
0.0 0.13664281680248674 0.21552224606275558 0.010149595420807622 0.007985439896583558
0.0 0.1522942170500755 0.21776565816253424 0.009281367994844913 0.008840064890682698
0.0 0.2184256833512336 0.06747099466156214 0.008373404759913638 0.00746464473195374
0.0 0.3071662900503725 0.10508805476129054 0.00604947125539188 0.008492868114262819
0.0 0.31302892658859494 0.10209686728194356 0.005288530513644174 0.007371162064373493
0.0 0.32723814621567726 0.10837303570006043 0.008466783910989761 0.007758459681645036
0.0 0.3389633428771049 0.10957485747057945 0.009348154719918922 0.008946871524676681
0.0 0.3360921250190586 0.09324343544431031 0.00902751730754967 0.0079186481423676
0.0 0.3691978614311665 0.09909231285564601 0.007278224732726768 0.008679833449423312
0.0 0.39494536658748985 0.10341886263340712 0.009294817037880465 0.008813330996781587
0.0 0.43980308312457056 0.1389394181082025 0.00958847994916141 0.008092246530577541
0.0 0.44975228016264734 0.13998096545692534 0.009147794544696808 0.007731725787743926
0.0 0.45717729814350605 0.13501344693358988 0.010122697334736586 0.008733258256688714
0.0 0.4632936707464978 0.11786747926380485 0.010069283237680794 0.008506235061213374
0.0 0.47571332708466796 0.11537033156491816 0.007117982441559434 0.00839942842721939
0.0 0.48826655687298626 0.11593118458986282 0.006343439826741815 0.007064023148268461
0.0 0.46102341879159214 0.2124242304591462 0.008066063560545445 0.005595163302496075
0.0 0.4504065455403179 0.2220521500799805 0.005595566052943468 0.005902259238064289
0.0 0.44340884033590555 0.21704455220606178 0.008733777981251478 0.005354816140606999
0.0 0.4393223562510684 0.21513499142602086 0.008800641121342778 0.004914136696606874
0.0 0.4338203221792355 0.21920782709494233 0.009321485878899693 0.006569918897002936
0.0 0.43010777498129754 0.20020565898157655 0.008920765528455377 0.007558127399533987
0.0 0.4169803245458752 0.19266089852899312 0.009454982914030552 0.006716826371848584
0.0 0.46876903597731145 0.16144020191859454 0.005448619974777103 0.006569961877539754
0.0 0.4600085127400234 0.1654863466741517 0.005341791780665517 0.006529904017224908
0.0 0.47803699313662945 0.13037977972999215 0.00858690831810236 0.005421564914286137
0.0 0.48359247951302675 0.13220920329913496 0.010322981094941498 0.005675236042588949
0.0 0.4841133242705837 0.1280295395059511 0.009281291579827666 0.006129325414076447
0.0 0.5084585374454036 0.12688112105242907 0.01000249651260674 0.007317780237644911
0.0 0.49410252457018944 0.14895461385603995 0.007558591431006789 0.00960120721720159
0.0 0.5137870330130682 0.14262499914038926 0.010069283237680794 0.006690135458484292
0.0 0.5327103714691475 0.1396471571177244 0.010202856687828898 0.006583328824490309
0.0 0.5424858389655128 0.14024806800298392 0.007198065379634499 0.006316247768700123
0.0 0.5509659572970123 0.13321071427781134 0.00825312752276659 0.006356348609551787
0.0 0.5848061948549003 0.13016610199119896 0.009241326525807381 0.006102591520175338
0.0 0.5235491278814152 0.1572071348084137 0.004660781146958471 0.007611552206799388
0.0 0.5943011810304597 0.06896660989150405 0.007438467023894191 0.0045935878530144695
0.0 0.6112480832729489 0.09567379138898105 0.007037823088467121 0.004259758023545146
0.0 0.6381841094000265 0.09747652404475957 0.007625378156080842 0.005074411118403077
0.0 0.6353930126875639 0.109534821100533 0.006904249638319015 0.0054616227746009825
0.0 0.5849798479815945 0.06473352129105478 0.005835891282185912 0.005888892291113734
0.0 0.5740558627760037 0.0661757117137313 0.008132926700636745 0.005301391333341598
0.0 0.5753512501483783 0.08250715523026883 0.005542151955887675 0.0058488774113357065
0.0 0.5756850691512228 0.09178789956495166 0.006263280473649502 0.006236132048070431
0.0 0.5620234395377338 0.06455992290284485 0.004967893101274967 0.006943892547860741
0.0 0.5494034612318501 0.06354504497721791 0.007865779800340533 0.004914136696606874
0.0 0.5408833014313131 0.09941279722843319 0.005355164408683777 0.008239154005423188
0.0 0.5293182706460356 0.10530173250008375 0.005942795891314745 0.00510105905123055
0.0 0.5230416939593852 0.10823949517216533 0.007171396538615227 0.005929036112502217
0.0 0.5603007011814043 0.09618119811639189 0.005729063088074327 0.005768761690706015
0.0 0.5554263018537313 0.09194813100621105 0.005381756834685803 0.0054616227746009825
0.0 0.5061349096009508 0.0820397418923676 0.006957663735374808 0.005822143517434597
0.0 0.49108436063397676 0.08563190472777933 0.008079436188563705 0.006062533659860492
0.0 0.45422595913987607 0.08750138615723699 0.007692164881154895 0.00834600361995399
0.0 0.4267557920422405 0.06321121514774859 0.005769180972129107 0.006369629595428705
0.0 0.435302697098814 0.05602699692826718 0.005461916187778115 0.007838575402274728
0.0 0.4276238666381687 0.04155168938450515 0.00498118931427598 0.006837085913866758
0.0 0.4060562629252672 0.06314444488380104 0.006183197535574436 0.006222765101119876
0.0 0.40629670277703556 0.0696876943577081 0.006610586727038026 0.005328039266169071
0.0 0.38918963465839623 0.07406769043300301 0.005435247346758843 0.006623343704268337
0.0 0.35707202083431183 0.039268240914680064 0.006303169112652584 0.005982417939230799
0.0 0.390444904146716 0.05150013635866344 0.006637255568057299 0.005301391333341598
0.0 0.34338372237980364 0.06036689216271043 0.00663710273802276 0.006249541975557804
0.0 0.33681332995183766 0.07533628246746957 0.0058092224411665505 0.0045001481659710406
0.0 0.33967117518186574 0.07777998386882246 0.007545218802988529 0.0066099767573177814
0.0 0.3354110379703343 0.04742725770920515 0.0048878101631998575 0.006476479209959507
0.0 0.3339821535628289 0.030401463620364666 0.004006439354270697 0.006917115673422814
0.0 0.36547201802022755 0.02548732692375779 0.004406854044646025 0.006383039522916079
0.0 0.3377213696017861 0.021948610385879874 0.003979694098234177 0.0067568842321634294
0.0 0.330082618817687 0.01321537361945957 0.004353516362607479 0.0060892675537616014
0.0 0.32209663819521667 0.006111271120607853 0.0044736407697200335 0.0058488774113357065
0.0 0.3062182089313865 0.0013797599589452148 0.004540580324828625 0.0027595199178904297
0.0 0.41870298648718746 0.012480922206304968 0.006049547670409083 0.00552837154828012
0.0 0.42392465386074035 0.0170878984965384 0.004927775217220187 0.006369629595428705
0.0 0.43560984726063906 0.019825393357314168 0.005782477185130119 0.006236089067533613
0.0 0.4434756270609796 0.013949846522882581 0.00682416670024395 0.005688645970076322
0.0 0.4751925587421283 0.04760089907795191 0.008640322415158153 0.008679833449423312
0.0 0.47180053433403374 0.05642759702168405 0.005181549489498139 0.005822143517434597
0.0 0.47591364905238154 0.05828375448472798 0.005315122939646244 0.005808819551020861
0.0 0.4466539568733424 0.06999485476408154 0.006076216511428356 0.0059423600789159535
0.0 0.4464536731131375 0.06468009648378939 0.006450191605836153 0.006489846156910062
0.0 0.4586863801116124 0.055613029887899755 0.006223162589594722 0.005127749964594841
0.0 0.46047590519301596 0.050939261843450365 0.005435247346758843 0.006035799765959382
0.0 0.4178349883062765 0.041778691089712085 0.00405985345132649 0.0072910893242806194
0.0 0.43211091824341563 0.0763511389028281 0.007184769166633487 0.00652986103668809
0.0 0.1348265082575381 0.07100971119944006 0.007157947495579742 0.006115915486589074
0.0 0.14020849433727567 0.0748555236728862 0.006650398951023817 0.005421521933749318
0.0 0.1470593298785388 0.07205128003843128 0.0069176986813545005 0.004460090305656195
0.0 0.15415056706406177 0.07462852196767926 0.007665496040135555 0.005888935271650552
0.0 0.15155979231931266 0.08055753658991308 0.007238183263689302 0.00749137862585485
0.0 0.13365139812231064 0.08098482759669423 0.007652199827134609 0.007424629852175712
0.0 0.13775121662765738 0.09714269421529025 0.00782581474632027 0.006196031207218766
0.0 0.14342694203369316 0.0947657200973481 0.0058092224411666615 0.005167807824909687
0.0 0.19916848768480122 0.09353720741346479 0.008025869261473417 0.004566939920186997
0.0 0.012112166965380311 0.061769024725072084 0.008413446228951127 0.0071975636761635545
0.0 0.0013420028612017854 0.008007464953698218 0.0026840057224035707 0.0035119826439768075
0.0 0.30014183958992363 0.02528701613191515 0.00623668804764752 0.00575539474375546
0.0 0.4645623892778531 0.02053313236683607 0.009441610286012292 0.006089224573224783
0.0 0.2845705222804099 0.005724016483873129 0.0033520211465656313 0.00520795164629817
0.0 0.3059243167750537 0.21780569453258067 0.00690424963831906 0.006022475799545646
0.0 0.308782238420099 0.02204211454372853 0.006757532805204436 0.0040594687219709154
0.0 0.30918288235552605 0.024979920196346938 0.0030313837341964245 0.004086202615872026
0.0 0.2997412720695138 0.04016292376909405 0.003766037710010961 0.006943892547860741
