0.0 0.9465389562305063 0.7960336387157441 0.015647049900144337 0.025211794674396514
0.0 0.9930997325573117 0.7583999808877706 0.013800534885376692 0.021715322881937026
0.0 0.8989906168542803 0.5924805775284767 0.015407628938555717 0.023518703877925873
0.0 0.9631800823844969 0.06908718161284924 0.02139030899852514 0.012624259293079376
0.0 0.8084222385194153 0.0878580167889595 0.01837137183174491 0.013139578700065612
0.0 0.7504916877485812 0.04704063273966312 0.016456952132284642 0.012937123328447342
0.0 0.6751468696631491 0.11003333628177643 0.014395172148942948 0.014262145757675171
0.0 0.6543271472677589 0.10915000773966313 0.009424948878586293 0.00973503515124321
0.0 0.6655561799649149 0.10116320848464966 0.01259135166183114 0.01626798212528229
0.0 0.6489704060833901 0.10070312302559614 0.017248526494950057 0.011796253547072411
0.0 0.5939667318016291 0.09612086731940508 0.012241542153060437 0.017261837795376777
0.0 0.5491242811549455 0.06927118618041277 0.012720068078488111 0.011667364463210105
0.0 0.5263165115844458 0.06380554269999265 0.011615550611168146 0.015200678631663323
0.0 0.6394349106587469 0.2593166891485453 0.012996144779026508 0.015660852938890458
0.0 0.6266044013667852 0.2556361239403486 0.01330908788368106 0.015623892098665238
0.0 0.513430808018893 0.267229862883687 0.01178123876452446 0.01838434562087059
0.0 0.5356127440463752 0.19586387053132057 0.014137423317879438 0.01661768853664398
0.0 0.5511124336626381 0.1974833358079195 0.011762805562466384 0.01584494635462761
0.0 0.5673483980353922 0.2032249417155981 0.013382820691913367 0.0130108080804348
0.0 0.5915552476420999 0.2025625489652157 0.016070381551980973 0.015568806231021881
0.0 0.601458827778697 0.21031005047261714 0.016125575825572013 0.012421803921461106
0.0 0.625591997243464 0.1997652530670166 0.016696267761290073 0.02029813528060913
0.0 0.6163142506498843 0.207347260043025 0.014597726706415414 0.010066261142492294
0.0 0.6115281487349421 0.19799859598279 0.011413101386278868 0.01232975721359253
0.0 0.4412522873841226 0.35341004431247713 0.016254502907395364 0.017022599279880524
0.0 0.43064914089627565 0.34339898750185965 0.013143294397741557 0.010784035921096802
0.0 0.3945690971799195 0.25569132827222346 0.021519236080348447 0.016912072151899337
0.0 0.43503029169514773 0.2585806116461754 0.015334106795489789 0.014446239173412322
0.0 0.2858870431780815 0.25497355349361894 0.027741231769323395 0.01670973524451256
0.0 0.31981329889968035 0.20616942942142485 0.01505771409720178 0.012421922385692596
0.0 0.2892925509251654 0.13660693652927874 0.013198804669082164 0.011869760602712632
0.0 0.25705983247607944 0.13561316970735787 0.011173680424690247 0.013838813826441764
0.0 0.19587087091058492 0.08601767495274544 0.013750958070159002 0.014409396797418594
0.0 0.14169558472931387 0.09293714109808207 0.013879885151982352 0.01867878846824169
0.0 0.13882390251383186 0.07672430407255888 0.0196599053218961 0.010011116042733192
0.0 0.09466258501634 0.11150555051863194 0.013511431775987126 0.011115380376577378
0.0 0.07277521155774597 0.11498363073915244 0.01084251478314402 0.009091004356741905
