0.0 0.033984375 0.24707812443375587 0.010984361171722412 0.012687519192695618
0.0 0.031781253218650815 0.17184374574571848 0.011343687772750854 0.0116718839854002
0.0 0.06181247234344482 0.13390623778104782 0.011609494686126709 0.010484352707862854
0.0 0.061078083515167234 0.1903124898672104 0.01129692792892456 0.010015636682510376
0.0 0.3571405827999115 0.0052187442779541016 0.009625017642974854 0.009046822786331177
0.0 0.381593656539917 0.014484385028481483 0.01054680347442627 0.006578117609024048
0.0 0.291796875 0.057375019416213036 0.012452960014343262 0.010093789547681808
0.0 0.004062509536743164 0.22109375521540642 0.008125019073486329 0.007781188935041428
0.0 0.25553126335144044 0.02610937226563692 0.01184391975402832 0.009671894833445549
0.0 0.18820312321186067 0.02112501487135887 0.010031193494796753 0.013296850025653839
0.0 0.001539042592048645 0.21143752615898848 0.00307808518409729 0.011937523260712624
0.0 0.19626561999320985 0.020390634424984455 0.00739055871963501 0.010859375819563866
0.0 0.2993750095367432 0.023749975487589836 0.0094374418258667 0.00821872428059578
0.0 0.31829692125320436 0.022656237706542015 0.011499881744384766 0.00876559317111969
