0.0 0.973001201916486 0.7238971394021064 0.02838517026975751 0.018685484770685434
0.0 0.9230488659115508 0.8080948006827384 0.02529629855416715 0.023993477504700423
0.0 0.8745711846742779 0.8164142553228885 0.022468779236078262 0.0274806191213429
0.0 0.9982009296305477 0.725025937706232 0.0035981407389044763 0.016561040841042995
0.0 0.8737029197392985 0.8804408737458289 0.025503080571070313 0.022512683272361757
0.0 0.7995551537489518 0.8826733571942895 0.027012442937120795 0.016346138063818218
0.0 0.8127302417298778 0.863413622090593 0.023644133238121867 0.02404240993782878
0.0 0.8038341197418049 0.8722852721810341 0.027654324425384402 0.022513859532773496
0.0 0.9679951535537838 0.7898798200767487 0.028530482202768326 0.026601952593773605
0.0 0.9828022827161476 0.771022366033867 0.01785423676483333 0.02049716105684638
