0.0 0.25680843093432487 0.6386690396815539 0.02990328809246421 0.02337039038538933
0.0 0.2696554574649781 0.7381513120606542 0.028339309711009265 0.027443252503871918
0.0 0.2357598438858986 0.7754726652055979 0.026591705903410912 0.02993522323668003
0.0 0.40053343479521575 0.6460490234196186 0.022551410552114248 0.026865753531455993
0.0 0.3966070879716426 0.5269955976866185 0.021359399612993 0.021372403018176556
0.0 0.3617616710718721 0.43287368956953287 0.019162111822515725 0.01954216994345188
0.0 0.3490902839228511 0.5267197431065143 0.025435712561011313 0.022815427370369436
0.0 0.28495296691544353 0.6181342029944062 0.022871281113475563 0.019786811619997024
0.0 0.2755053690634668 0.827686972077936 0.028184841386973858 0.026156292669475077
0.0 0.21703299828805028 0.8763042629696429 0.028126634377986192 0.020946268551051618
0.0 0.21550664543174208 0.8524441674351693 0.026860229950398207 0.02710702084004879
0.0 0.2139264269731939 0.8652199462987482 0.030125503800809382 0.02665232475847006
0.0 0.2944479450583458 0.6950743115507066 0.031856706738471983 0.03053815048187971
0.0 0.29449371742084623 0.6705083705484867 0.020822029933333396 0.022580065205693244
0.0 0.3248221417888999 0.6520167136564851 0.030450948514044285 0.033508678898215294
0.0 0.3175144822802395 0.6341286468319595 0.026651199255138636 0.02480630446225405
0.0 0.5252473649103194 0.1484843989368528 0.01735137002542615 0.01817091116681695
0.0 0.5780444987118244 0.11828937949612736 0.020467856898903847 0.02039925940334797
0.0 0.6043921210803092 0.10417451886460186 0.02106021773070097 0.016999463178217412
0.0 0.6813450564164668 0.06137252934277058 0.020787191484123467 0.01617864817380905
0.0 0.6383868366479873 0.05426671300083399 0.016437101922929288 0.015357230603694916
0.0 0.6441683576907963 0.006556249829009176 0.014250640850514173 0.013112499658018351
0.0 0.26159957526251676 0.15576758049428463 0.014447558484971524 0.015506546385586262
0.0 0.30228606015443804 0.109883256489411 0.01616568360477686 0.015926474425941705
0.0 0.36124327494762837 0.121991603448987 0.015400416869670152 0.01539916917681694
0.0 0.3661306269932538 0.11373084941878915 0.015856210980564354 0.01603728625923395
0.0 0.37806660127826036 0.10741050760261714 0.013951780553907157 0.013019817974418401
0.0 0.37766617350280285 0.11448459886014462 0.010981293581426143 0.011540217883884906
0.0 0.48712852732278406 0.11958878231234848 0.01350477645173669 0.01416240306571126
0.0 0.4785415463615209 0.12685723113827407 0.014105712901800871 0.016096518468111755
0.0 0.46817571418359877 0.13309146631509067 0.013051019050180912 0.015261904709041119
0.0 0.4522360517177731 0.14124140851199626 0.011382096540182829 0.012233047932386398
0.0 0.445806053141132 0.1511638579890132 0.016451787669211626 0.014696095511317253
0.0 0.42720376839861274 0.15235579321160914 0.015869610384106635 0.016470892541110515
0.0 0.4435661016497761 0.18115777112543582 0.012920348066836595 0.014199581369757653
0.0 0.43593958993442355 0.18853926127776505 0.01545723034068942 0.016013183631002903
0.0 0.41565723437815905 0.08605789886787533 0.01381682176142931 0.015068119578063487
0.0 0.43933891141787174 0.05520993922837079 0.014771073684096336 0.011554980743676424
0.0 0.45542682488448916 0.049342726822942495 0.010857268702238798 0.011763408221304417
0.0 0.600417590001598 0.1627119393553585 0.011706040520220996 0.010940122697502375
0.0 0.5972251553088427 0.17338642096146942 0.013265623897314071 0.011941285617649556
0.0 0.656946457689628 0.008068030467256904 0.013496844004839659 0.01521400073543191
