0.0 0.6825787781737744 0.3919523239135742 0.009858900122344494 0.007751846313476562
0.0 0.6977819055318832 0.3941301107406616 0.009015539661049843 0.00858147144317627
0.0 0.7620192957110703 0.2482319325208664 0.008133581466972828 0.007246285676956177
0.0 0.8482182762585581 0.28474860191345214 0.005876207910478115 0.008244431018829346
0.0 0.8539130005985498 0.2818449139595032 0.005137061327695846 0.0071555376052856445
0.0 0.8677152529358864 0.28793748915195466 0.008224286139011383 0.007531505823135376
0.0 0.8791046273894608 0.28910415470600126 0.009080413542687894 0.008685153722763062
0.0 0.8763156442902982 0.2732504665851593 0.008768959529697895 0.007687008380889893
0.0 0.9084731969051063 0.2789282500743866 0.007069768570363522 0.00842592716217041
0.0 0.9334832658991218 0.2831282377243042 0.009028603509068488 0.008555519580841064
0.0 0.9770562093239278 0.31760973036289214 0.009313855599611998 0.007855528593063354
0.0 0.9867204506881535 0.3186208099126816 0.008885791897773743 0.007505553960800171
0.0 0.9939328081905842 0.3137986034154892 0.009832772426307201 0.008477789163589478
0.0 0.9974917786195874 0.29715419709682467 0.0050164427608251575 0.008257406949996948
0.0 0.9968756251968444 0.3889449328184128 0.006248749606311321 0.0054314911365509035
0.0 0.9873559772036969 0.39829121232032777 0.005435303039848805 0.00572960376739502
0.0 0.9805586937814951 0.39343009889125824 0.00848363321274519 0.005198174715042114
0.0 0.9765892509836703 0.3915763974189758 0.008548581320792437 0.004770386219024658
0.0 0.9712448010686785 0.39553009271621703 0.009054508525878191 0.0063777327537536625
0.0 0.9676385852042586 0.3770837843418121 0.00866526523604989 0.007337033748626709
0.0 0.9548871190287173 0.369759726524353 0.009184182062745095 0.0065203428268432615
0.0 0.9966829337645322 0.34338009655475615 0.0051887971349060535 0.00633888840675354
0.0 0.9910659987013787 0.26767638623714446 0.007471853028982877 0.00810186266899109
0.0 0.964382606651634 0.2440967619419098 0.005603945441544056 0.006183302402496338
0.0 0.9726847191806882 0.23712269961833954 0.005305481050163508 0.007609277963638306
0.0 0.9652258186601103 0.22307083010673523 0.004838522709906101 0.006637084484100342
0.0 0.9442759342491627 0.24403194487094879 0.006006104126572609 0.006040734052658081
0.0 0.9445094876457005 0.2503837883472443 0.006421252433210611 0.005172181129455567
0.0 0.9278923843055964 0.2546356588602066 0.005279576033353805 0.006429594755172729
0.0 0.8966946533881128 0.22085417807102203 0.006122639589011669 0.005807417631149292
0.0 0.9291117015294731 0.23272826075553893 0.006447157450020313 0.005146312713623047
0.0 0.8833984024822712 0.24133564233779908 0.00644700899720192 0.006066727638244629
0.0 0.8770161931402981 0.2558671414852142 0.005642840079963208 0.004368507862091064
0.0 0.8797921866178513 0.25823935866355896 0.007329115644097328 0.006416618824005127
0.0 0.8756540643051267 0.2287745237350464 0.004747818037867546 0.006287026405334473
0.0 0.8742661046795547 0.21224677562713623 0.0038916906341910362 0.006714773178100586
0.0 0.9048540656454861 0.20747638940811158 0.004280637018382549 0.006196320056915283
0.0 0.8778982255607843 0.204041188955307 0.0038657113909721375 0.006559228897094727
0.0 0.8704782567918301 0.1955634206533432 0.004228826984763146 0.005911141633987427
0.0 0.8627210032194853 0.1886671304702759 0.004345510900020599 0.005677783489227295
0.0 0.8472973491996527 0.18291157484054565 0.004410533234477043 0.005003702640533447
0.0 0.9565604420844466 0.19485045373439788 0.005876282136887312 0.005366653203964233
0.0 0.9616325553040952 0.1993226647377014 0.004786638449877501 0.006183302402496338
0.0 0.9729830722324551 0.20198008120059968 0.005616860836744309 0.006053668260574341
0.0 0.9806235676631332 0.1962764084339142 0.006628715246915817 0.005522239208221436
0.0 0.9837108667008578 0.2506819635629654 0.005902187153697014 0.005768531560897827
0.0 0.983516319282353 0.24552267491817475 0.0062654512003064156 0.006300002336502075
0.0 0.9953986684326083 0.23672084212303163 0.006044924538582563 0.004977750778198242
0.0 0.9971369395963847 0.2321837931871414 0.005279576033353805 0.005859237909317016
0.0 0.9557173043023794 0.22329119145870208 0.003943574894219637 0.007077807188034057
0.0 0.9695843562949449 0.2568523108959198 0.006978989671915769 0.006338846683502197
0.0 0.6808144906535745 0.25166713297367094 0.006952936202287674 0.005937010049819946
0.0 0.6860423308797181 0.25540044605731965 0.006459924392402172 0.005262929201126099
0.0 0.6926969511434435 0.25267823338508605 0.006719568371772766 0.0043296217918396
0.0 0.6995850876905024 0.2551800847053528 0.007445948012173176 0.00571666955947876
0.0 0.6970685155130922 0.2609356611967087 0.007030873931944371 0.0072722375392913815
0.0 0.6796730369329452 0.26135045289993286 0.007433032616972923 0.007207441329956055
0.0 0.6836554322391748 0.27703566253185274 0.007601675018668175 0.006014782190322876
0.0 0.6891685987822711 0.27472822070121766 0.005642840079963208 0.005016636848449707
0.0 0.7433136467821896 0.27353564500808714 0.007795999757945538 0.004433345794677734
0.0 0.5616148197092116 0.2426967591047287 0.00817247610539198 0.0069870173931121824
0.0 0.30549548137933014 0.25052639842033386 0.00984568782150741 0.007285213470458985
0.0 0.3622740081511438 0.4772097200155258 0.006706652976572558 0.008490723371505738
0.0 0.3781905997544527 0.4776634186506271 0.006797357648611113 0.0052888810634613035
0.0 0.4017088663764298 0.4780004799365997 0.005824546329677105 0.005975937843322754
0.0 0.3972076284699142 0.48603750467300416 0.006161831133067608 0.006533277034759521
0.0 0.38288653353229163 0.4840023070573807 0.005629776231944605 0.006572204828262329
0.0 0.37594643849879505 0.4926486164331436 0.005824397876858756 0.007000035047531128
0.0 0.3797473502345383 0.25835601687431337 0.006499115936458022 0.005314791202545166
0.0 0.34987277928739785 0.23351897895336152 0.006563989818096161 0.0035777270793914797
0.0 0.3656597715802491 0.2261689692735672 0.007134493999183223 0.00466662049293518
0.0 0.347369122505188 0.20312083661556243 0.0058763563632965084 0.004225939512252808
0.0 0.34053294444456694 0.20448195338249206 0.006343240477144763 0.004524135589599609
0.0 0.33390422919765117 0.2356449246406555 0.006732483766972974 0.003681492805480957
0.0 0.3319842888973653 0.23130228519439697 0.007108663208782673 0.004368507862091064
0.0 0.3250702473334968 0.23915787637233735 0.006343240477144718 0.0027092158794403075
0.0 0.3259913228452206 0.23590415120124816 0.0062525358051062074 0.0034999966621398924
0.0 0.30898501332849265 0.23174304962158204 0.006200577318668321 0.005250036716461182
0.0 0.28283334216102957 0.22386156916618347 0.007783232815563678 0.006131482124328613
0.0 0.2990095035172999 0.20630972385406493 0.006005955673754259 0.005418515205383301
0.0 0.34451533975079657 0.17505602538585663 0.005318619124591395 0.0033055245876312256
0.0 0.3502359691075981 0.17364304661750793 0.004656816460192203 0.0036037206649780274
0.0 0.31506883250549433 0.23583935499191283 0.006888062320649669 0.004757452011108399
0.0 0.37053718892857435 0.1256023108959198 0.0062654512003064156 0.0037592649459838867
0.0 0.4179109327495098 0.16668194979429246 0.005993040278553963 0.003837016224861145
0.0 0.4305585932917893 0.16815972477197647 0.004475407116115093 0.003188928961753845
0.0 0.4322319534607232 0.17121898829936982 0.005344449914991856 0.0039018332958221436
0.0 0.4381472044624388 0.20713934898376465 0.004047269187867642 0.004485166072845459
0.0 0.44305074950680134 0.18984675109386445 0.004773797281086445 0.0035777270793914797
0.0 0.49135841000825164 0.14867639541625977 0.003230036422610283 0.004212963581085205
0.0 0.4902558509260416 0.192633780837059 0.005357365310192108 0.004990726709365845
0.0 0.5202212007716298 0.193022683262825 0.005759672448039055 0.004148167371749878
0.0 0.5430908028036356 0.1910393476486206 0.0063303250819444655 0.005016636848449707
0.0 0.5500957717187702 0.1905078560113907 0.004721838794648647 0.00340924859046936
0.0 0.48545614862814546 0.24305973052978516 0.0068880623206496235 0.006274092197418213
0.0 0.4522477727383375 0.1788023144006729 0.008691318705677986 0.0054314911365509035
0.0 0.46992865186184646 0.1500634327530861 0.005072038993239403 0.005898144841194153
0.0 0.47605151413008573 0.15116528123617173 0.003229887969791889 0.003499975800514221
0.0 0.47965765576809644 0.14997268468141556 0.003217269480228424 0.003305545449256897
0.0 0.3846117779612541 0.1292319416999817 0.0040082260966300964 0.0031110942363739014
0.0 0.391824209690094 0.12914121448993682 0.004592239484190986 0.00355185866355896
0.0 0.3970000172033906 0.12732638865709306 0.004267721623182341 0.004303732514381408
0.0 0.2546322798356414 0.25114859640598297 0.006719568371772811 0.004770344495773316
0.0 0.23560233572497963 0.23351897895336152 0.00442344862967734 0.00361669659614563
0.0 0.2066099456511438 0.23482825458049775 0.0062654512003064156 0.0051462709903717044
0.0 0.222137516643852 0.24654677212238313 0.0068233368918299234 0.0047962963581085205
0.0 0.21557367527857424 0.24482268393039702 0.00729036945849657 0.0052888810634613035
0.0 0.22493941513821483 0.2238097071647644 0.00674554761499171 0.0045500040054321286
0.0 0.23505758810788394 0.22335602939128876 0.0060188710689545125 0.004990726709365845
0.0 0.23224255153909326 0.22187823355197905 0.006849167682230428 0.005172222852706909
0.0 0.24308717837557198 0.2233041673898697 0.006304345838725611 0.0054314911365509035
0.0 0.26284365057945247 0.22266899347305297 0.007134642452001572 0.0053278088569641115
0.0 0.2578494008630514 0.2259874939918518 0.007017958536744029 0.005133295059204101
0.0 0.2816270887851715 0.2435263842344284 0.007536949589848518 0.004290777444839478
0.0 0.27641223818063737 0.24554860591888428 0.006317261233925819 0.0042000293731689455
0.0 0.49661208102479576 0.19348933696746826 0.006057914160192013 0.003590703010559082
0.0 0.9224830605089664 0.15333008170127868 0.005487113073468208 0.004368507862091064
0.0 0.9163732620887458 0.15581897795200347 0.005305555276572704 0.003940761089324951
0.0 0.9116903179325163 0.15116528123617173 0.004488174058496952 0.00386296808719635
0.0 0.8894173477776348 0.16552823930978774 0.00413812231272459 0.004277738928794861
0.0 0.8887038835324347 0.142700457572937 0.004306764714419842 0.004433345794677734
0.0 0.910522810742259 0.13523380011320113 0.00394350066781044 0.0038111060857772827
0.0 0.9119238342158497 0.13144861459732055 0.0046309856697916985 0.0032277941703796388
0.0 0.9051783608272672 0.1274041712284088 0.005097869783639908 0.004044443368911743
0.0 0.8607622425071895 0.16329861134290696 0.004825755767524242 0.003940698504447937
0.0 0.8630193191580474 0.15811342298984526 0.005020228959619999 0.005172222852706909
0.0 0.8597244088537991 0.15313565135002136 0.004721838794648647 0.004627776145935058
0.0 0.8413950135931373 0.20728193819522858 0.006058062613010407 0.005587035417556762
0.0 0.9982603930868208 0.20266711711883545 0.0034792138263583182 0.005911099910736084
0.0 0.8207954778335989 0.17622269093990325 0.00610987264662981 0.005898123979568482
0.0 0.8324572632089258 0.16241714507341384 0.007043789327144623 0.006170389056205749
0.0 0.8410966976545751 0.1524226635694504 0.003723048232495785 0.004537028074264526
0.0 0.8262696755118668 0.1882912039756775 0.003256015665829182 0.005055606365203857
0.0 0.7865752475336194 0.17330602705478668 0.004021289944648743 0.004459255933761596
0.0 0.7683496207930147 0.1517615795135498 0.005214702151715755 0.0046795964241027836
0.0 0.7842143281362951 0.14927269369363785 0.005798418633639812 0.004835203289985657
0.0 0.6189510837197304 0.17501713931560517 0.005720777809619904 0.00495184063911438
0.0 0.6377085426822304 0.15248749107122422 0.005668819323182106 0.004666683077812195
0.0 0.6293286779895425 0.15226711928844452 0.004786712676286697 0.004212963581085205
0.0 0.6218438353389502 0.15285046249628068 0.005072038993239403 0.003914830088615417
0.0 0.5933313932269811 0.15502823889255524 0.004034353792667389 0.004614800214767456
0.0 0.5883371435105801 0.15410785526037216 0.004488322511315345 0.0042518705129623415
0.0 0.5605899756774306 0.1437115788459778 0.004877565801143647 0.004005557298660279
0.0 0.5835375154390932 0.1445671245455742 0.004540280997753143 0.004238894581794739
0.0 0.5879868690855801 0.14688750058412553 0.004436512477695942 0.0037592440843582154
0.0 0.8470118744298816 0.3941689759492874 0.00670650452375412 0.005846303701400757
0.0 0.8497879421338439 0.20413195788860322 0.006563989818096161 0.003940719366073609
0.0 0.850177111197263 0.20698382556438447 0.002944561652839184 0.003966671228408813
0.0 0.8410059187561274 0.22172268927097322 0.0036581743508577345 0.006740766763687134
0.0 0.9920129792299122 0.1424930512905121 0.005162966344505549 0.005392605066299438
0.0 0.9858252801932395 0.14521528482437135 0.004151037707924843 0.0046536862850189206
0.0 0.9808051625732332 0.12422823905944824 0.0034894577227532865 0.0045500040054321286
0.0 0.9641490903683007 0.12964676469564437 0.0030483301728963853 0.003007391095161438
0.0 0.9518127353861928 0.13222638815641402 0.00381375290453434 0.003914788365364075
0.0 0.951540361577645 0.12779305279254913 0.0030743836425244806 0.0039925813674926754
0.0 0.9461180481594056 0.12726157158613205 0.0032430260442197325 0.002929618954658508
0.0 0.9392817587591707 0.12575787603855132 0.003658025898039341 0.0033314764499664308
0.0 0.9311613153666258 0.13520787954330443 0.0041121430695056915 0.004096305370330811
0.0 0.9309148836880923 0.1276504635810852 0.0036840051412582397 0.004096305370330811
0.0 0.9254406117834151 0.13564860224723815 0.003502447344362736 0.0040574193000793455
0.0 0.9199015402235091 0.12631527781486512 0.004721838794648647 0.004498142004013062
0.0 0.9163731878623367 0.12262082993984222 0.004358574748039246 0.004212963581085205
0.0 0.9281777106225491 0.1235282376408577 0.0038398806005716323 0.003914830088615417
0.0 0.925661138445139 0.12805232107639314 0.0047736488282680515 0.0041611015796661375
0.0 0.9214063322171568 0.13388565927743912 0.0038657113909721375 0.0041092604398727415
0.0 0.9110157483257353 0.1277412012219429 0.004125058464705944 0.004122236371040344
0.0 0.8850847522728145 0.13703563958406448 0.004345659352838993 0.003953716158866883
0.0 0.5072491708211601 0.15073751360177995 0.0036710897460579873 0.004096326231956482
0.0 0.5044601134955883 0.14820972084999084 0.003255867213010788 0.0037592649459838867
0.0 0.513955601118505 0.14715972393751145 0.0035153627395629883 0.003564813733100891
0.0 0.5421956323087216 0.15905971676111222 0.0037748582661151888 0.003577747941017151
0.0 0.5351389275863767 0.15903377532958984 0.0032819949090480806 0.004212963581085205
0.0 0.5234121941030025 0.1552745521068573 0.0047997765243053435 0.0046536862850189206
0.0 0.5357615387067198 0.14533194303512573 0.003346720337867737 0.003357386589050293
0.0 0.9069036794826388 0.1528634175658226 0.004747818037867546 0.006468543410301208
0.0 0.8990945416502655 0.15650601387023927 0.00786102209240198 0.005444425344467163
0.0 0.9024153569713235 0.1315263867378235 0.0045661117881536485 0.0037462890148162844
0.0 0.8975248757749796 0.13008749783039092 0.004903396591544151 0.0038370370864868166
0.0 0.8667553570121527 0.1374763935804367 0.0043196801096200945 0.002916663885116577
0.0 0.866262270975858 0.13457267433404924 0.004215911589562893 0.0036555618047714234
0.0 0.8707246884703637 0.1341837927699089 0.004280785471200943 0.003953716158866883
0.0 0.8775609407573939 0.13557083010673524 0.003982395306229592 0.004018533229827881
0.0 0.8729429447092116 0.1378134235739708 0.0036710897460579873 0.004148146510124207
0.0 0.8782096053473651 0.12477269619703293 0.009028455056250096 0.005612966418266296
0.0 0.8819973790086806 0.1281171277165413 0.004721838794648647 0.004057398438453675
0.0 0.8726056599058211 0.12825971692800522 0.003723048232495785 0.0034481555223464964
0.0 0.8683897483162581 0.12500601261854172 0.0036191312596201898 0.0031240493059158324
0.0 0.8626172346994281 0.12967267483472825 0.004241890832781791 0.0035259276628494263
0.0 0.8611124427057802 0.13349676728248597 0.003645258955657482 0.003383338451385498
0.0 0.8576099953614176 0.13930416405200957 0.0059539971873164175 0.004122215509414673
0.0 0.8568317314609886 0.136128231883049 0.005720777809619904 0.00425184965133667
0.0 0.8430036483332515 0.1338726833462715 0.004579175636172295 0.004148146510124207
0.0 0.8279949941672384 0.1501282498240471 0.005279427580535412 0.004238894581794739
0.0 0.8269831397570669 0.15475600510835646 0.003658025898039341 0.004420390725135804
0.0 0.7684274842962623 0.13821528106927872 0.004708923399448395 0.004329642653465271
0.0 0.7648341838270426 0.142091204226017 0.004643901064991951 0.003992560505867005
0.0 0.7609555570408701 0.14601897895336152 0.0047347541898488995 0.004187053442001343
0.0 0.757427278906107 0.13960231840610504 0.0043196801096200945 0.003927785158157349
0.0 0.7370870159938931 0.14732823371887208 0.004695859551429748 0.004601824283599854
0.0 0.7431320889852941 0.14826157242059707 0.004293700866401196 0.003901854157447815
0.0 0.7336496652103961 0.15037453174591064 0.004047269187867642 0.004744434356689453
0.0 0.8123247600160539 0.1265226736664772 0.0036710897460579873 0.004225918650627136
0.0 0.8072396571747958 0.1289856493473053 0.0039694799110293385 0.004225939512252808
0.0 0.8024141240864993 0.13166898638010024 0.0037617944180965424 0.004148146510124207
0.0 0.8015709863044321 0.12407268434762955 0.005175807513296604 0.003979626297950745
0.0 0.8039319057017564 0.1413263961672783 0.004358574748039246 0.004537048935890198
0.0 0.7963562099263072 0.14417823255062104 0.004462491720914841 0.004277759790420532
0.0 0.6168365960009397 0.14789861142635347 0.004968270473182201 0.004977792501449585
0.0 0.6218956453725696 0.14548749774694442 0.004176868498325348 0.004044464230537415
0.0 0.6146314036101103 0.14258378893136978 0.004436364024877548 0.0039407402276992794
0.0 0.6114792306907475 0.14822267591953278 0.003995310701429844 0.004601824283599854
0.0 0.6066925180144608 0.14687453508377074 0.004488174058496952 0.0037074029445648194
0.0 0.6502135400660336 0.141546767950058 0.004099227674305439 0.0044722318649291996
0.0 0.6461014712229372 0.1415338024497032 0.003697068989276886 0.004057398438453675
0.0 0.644298289064318 0.14420416355133056 0.004163953103125095 0.005081474781036377
0.0 0.643001182563603 0.13748935908079146 0.005292639881372452 0.0041092604398727415
0.0 0.639044692274183 0.136322683095932 0.004384553991258144 0.004381483793258667
0.0 0.6348028014414012 0.1391875058412552 0.004034205339848995 0.003875923156738281
0.0 0.6315337961539627 0.14664119780063628 0.004358574748039246 0.0034999966621398924
0.0 0.6345822747796774 0.14518934339284897 0.0044752586632967 0.0037203580141067505
0.0 0.6281741604208946 0.13991342782974242 0.00381375290453434 0.004044443368911743
0.0 0.6233356377109885 0.1389671340584755 0.002347929775714874 0.002929618954658508
0.0 0.599544960167259 0.14491713047027588 0.004254806227982045 0.00340924859046936
0.0 0.5998303607106209 0.14095045924186705 0.004721690341830254 0.003772240877151489
0.0 0.6608766091056169 0.1519949272274971 0.004825458861887455 0.005146291851997375
0.0 0.6601760602556169 0.1471467584371567 0.005188871361315251 0.004524093866348266
0.0 0.6766246325336397 0.1455263838171959 0.004462343268096447 0.005431470274925232
0.0 0.6730054270476102 0.14473564475774764 0.004423300176858902 0.0046018451452255246
0.0 0.6690489367581904 0.14747084379196168 0.0045659633353352545 0.004381483793258667
0.0 0.7157999952323735 0.14622638523578643 0.005227765999734402 0.0044073939323425295
0.0 0.7158908483572304 0.15040046274662017 0.005046059750020504 0.003940761089324951
0.0 0.7096772071905434 0.15143750458955765 0.004371490143239498 0.0038888782262802126
0.0 0.7288758679293096 0.14607083052396774 0.003995310701429844 0.003914830088615417
0.0 0.7236610915511846 0.1474449023604393 0.004293552413582802 0.004070374369621277
0.0 0.7209498977288604 0.1438152715563774 0.004540280997753143 0.004070374369621277
0.0 0.7237258912064135 0.13997824490070343 0.0041770169511437414 0.0046926140785217285
0.0 0.7917641188949347 0.13532453775405884 0.005201786756515503 0.0046536862850189206
0.0 0.7841625181026757 0.14238933771848677 0.004942142777144909 0.005029633641242981
0.0 0.8595816714689135 0.12347638607025146 0.004877565801143647 0.005133336782455445
0.0 0.8570262046530843 0.12788379043340684 0.004280785471200943 0.004083350300788879
0.0 0.8508256273344159 0.1280523106455803 0.004462491720914841 0.003901854157447815
0.0 0.8520969030447304 0.13220046758651732 0.00531861912459135 0.005211108922958374
0.0 0.8953844830393791 0.1266004666686058 0.004618070274591446 0.004899999499320984
0.0 0.8939186599105596 0.12416342198848725 0.004449427872896194 0.0031240701675415037
0.0 0.8884055675938726 0.12509676069021225 0.003268931061029434 0.0037203580141067505
0.0 0.8419527508318424 0.12439676970243455 0.005162892118096352 0.004938885569572449
0.0 0.8382297768257558 0.12329490035772324 0.00426787007600069 0.004822227358818054
0.0 0.8382687456905842 0.12901158034801483 0.004436364024877548 0.004018533229827881
0.0 0.8365953112952411 0.1268467590212822 0.0036321951076388357 0.003305545449256897
0.0 0.8220407743006944 0.13793009221553804 0.005007313564419746 0.0039925813674926754
0.0 0.8377369134686887 0.13773565143346786 0.006187661923468113 0.004925909638404846
0.0 0.5450236584991217 0.15248748064041137 0.005279576033353805 0.004096305370330811
0.0 0.5418714113533497 0.150465290248394 0.004864501953125 0.0037463098764419557
0.0 0.547449451778084 0.14792453199625016 0.004812691919505596 0.004731479287147522
0.0 0.5514966467395425 0.14371158927679062 0.004864501953125 0.004394438862800598
0.0 0.552508501149714 0.1509578749537468 0.006304494291543961 0.0050296753644943236
0.0 0.6834090005606412 0.13764491379261018 0.0038657113909721375 0.0028777778148651122
0.0 0.6823970719240606 0.1397319421172142 0.003541341982781887 0.0031629353761672974
0.0 0.6783498769626022 0.13651712387800216 0.0036192797124385834 0.003201863169670105
0.0 0.6705926976166665 0.13922639191150665 0.0038266682997345923 0.003448134660720825
0.0 0.6908420331776142 0.13485786318778992 0.00565575547516346 0.004044443368911743
0.0 0.69068623194471 0.1376578688621521 0.006823336891829968 0.004524052143096924
0.0 0.8142057314515114 0.13712639808654786 0.004034353792667389 0.0031370460987091065
0.0 0.8102362515404821 0.13113750517368317 0.004656964913010597 0.005107426643371582
0.0 0.8127917183563114 0.13400231748819352 0.004618070274591446 0.005094471573829651
0.0 0.7915695714764297 0.12759861201047898 0.005227765999734402 0.00456295907497406
0.0 0.7810103451833129 0.14000416547060013 0.0037617944180965424 0.0029296606779098512
0.0 0.7830339797772468 0.13743750751018524 0.003333804942667484 0.0029685258865356444
0.0 0.720547813270241 0.13054119646549225 0.0034893834963440895 0.003772240877151489
0.0 0.7303546064533293 0.13715231865644456 0.005007165111601352 0.004018512368202209
0.0 0.7088989432901144 0.1336911976337433 0.004060184583067894 0.006261116266250611
0.0 0.7077963842079044 0.14019860625267028 0.0035414904356002807 0.003785175085067749
0.0 0.6867298158816993 0.1414560094475746 0.00492937583476305 0.004938885569572449
0.0 0.6891425453126431 0.14521528482437135 0.0032947618514299394 0.004342597723007202
0.0 0.8131030981428922 0.14354305863380432 0.006563841365277767 0.007220375537872315
0.0 0.65533761177212 0.13940786719322204 0.005033144354820251 0.0031240701675415037
0.0 0.6614733894355596 0.1371004566550255 0.004968270473182201 0.005224063992500305
0.0 0.6567515506409108 0.1353634238243103 0.004656816460192203 0.005094450712203979
0.0 0.7024258808232844 0.14343935549259185 0.004994101263582707 0.0038110852241516114
0.0 0.7534837782382965 0.12825971692800522 0.005136764422059059 0.004951861500740051
0.0 0.7586725753732025 0.15667453408241272 0.0041770169511437414 0.003162914514541626
0.0 0.7746670304797589 0.13437823355197906 0.005617009289562702 0.004925930500030517
0.0 0.7002726469188929 0.14771713614463805 0.0044752586632967 0.005807417631149292
0.0 0.737035280186683 0.1326152801513672 0.0033726995810866357 0.0036426067352294924
0.0 0.740356095507741 0.130878247320652 0.0036192797124385834 0.004238894581794739
0.0 0.771670510340482 0.1272226855158806 0.003515511192381382 0.0038111060857772827
0.0 0.7760679797269404 0.12762453258037568 0.0032818464562296866 0.0026703715324401856
0.0 0.7499813308939338 0.13717823922634126 0.004436364024877548 0.0041611015796661375
0.0 0.7863807743415236 0.13422267884016037 0.004488322511315345 0.005677762627601624
0.0 0.7963043998926878 0.14019861668348313 0.0074069049209356305 0.0041092604398727415
0.0 0.8260232438333333 0.13144861459732055 0.0069269569590687755 0.004977792501449585
0.0 0.8266327911056578 0.12586156874895096 0.005681734718382359 0.005911120772361755
0.0 0.7570380356162787 0.13546712696552277 0.003450637310743332 0.0029296398162841795
0.0 0.7553387704305351 0.13185046166181563 0.004760733433067798 0.004757389426231384
0.0 0.7177199355326593 0.13564860224723815 0.0034635527059435844 0.004225939512252808
0.0 0.7568823086097837 0.14613564759492875 0.0027241092175245285 0.002748164534568787
0.0 0.7529777768068016 0.14725046157836913 0.004047269187867642 0.0031629562377929687
0.0 0.7536913152784109 0.14377638548612595 0.0041771654039621355 0.003474065661430359
0.0 0.7954870929010213 0.13135787695646287 0.003930585272610187 0.006157413125038147
0.0 0.7083152268081904 0.14728935807943344 0.005603796988725662 0.003837057948112488
0.0 0.7151643944904208 0.14236342757940293 0.00381375290453434 0.003564813733100891
0.0 0.7114804635755718 0.1450856402516365 0.0034893834963440895 0.003474065661430359
0.0 0.7830728744156659 0.12871342599391938 0.004099227674305439 0.004368549585342408
0.0 0.7656773958355189 0.1331208199262619 0.00381375290453434 0.0036685168743133545
0.0 0.6601890498772264 0.14259675443172454 0.005072038993239403 0.004627776145935058
0.0 0.654247893858701 0.1443597286939621 0.0055650508031249045 0.004122215509414673
0.0 0.6548705792054534 0.14832638949155807 0.004644197970628738 0.004290756583213806
0.0 0.6513811214827001 0.14704305529594422 0.003852795995771885 0.0035388827323913573
0.0 0.7844738236628472 0.12536897361278534 0.0046309856697916985 0.003461110591888428
0.0 0.7804265544749797 0.12358009964227676 0.005967061035335064 0.004835203289985657
0.0 0.6977949693799019 0.13404120355844498 0.003359784185886383 0.0032018214464187623
0.0 0.7014659848995507 0.13783935457468033 0.0051110820844769474 0.005081495642662049
0.0 0.7625252229161561 0.127468977868557 0.008263329230248927 0.006183323264122009
0.0 0.7383842709474265 0.13807268142700196 0.005655903927981853 0.005509263277053833
0.0 0.731924198102206 0.1404578745365143 0.00572062935680151 0.004990726709365845
