0.0 0.3041911289095879 0.28431192790158094 0.012410076707601502 0.010920108947902917
0.0 0.9103020949289202 0.08501941238064319 0.009262056276202201 0.006934283534064889
0.0 0.9474049840122462 0.09515693392604589 0.00882536917924881 0.0063518499955534935
0.0 0.9723523743450642 0.09200829265173524 0.007060295343399048 0.0064610727597028015
0.0 0.985999939404428 0.12049166518263518 0.007042178139090538 0.007298271544277668
0.0 0.9181447619572282 0.14205894332844765 0.006405368819832802 0.0087179331574589
0.0 0.9131771078333258 0.14171312982216477 0.007715221866965294 0.0064428836107254025
0.0 0.8785125445574522 0.14202253574039786 0.00866168960928917 0.008626899542286992
0.0 0.8705605495721102 0.13583444666583092 0.006896615773439407 0.007480309484526515
0.0 0.8976371278986335 0.1336686345282942 0.007314977422356606 0.006370068434625864
0.0 0.9004576850682497 0.1436787588056177 0.006478045880794525 0.007134481333196163
0.0 0.900239341519773 0.1550356855848804 0.006914732977747917 0.008990916842594742
0.0 0.9718612315133214 0.12356750592589379 0.006441603228449821 0.007025287859141827
0.0 0.9700233764946461 0.11810743680689484 0.008534244447946548 0.007334679132327437
0.0 0.9615435877814889 0.12653415319509803 0.008206677064299584 0.006297253258526325
0.0 0.7914600025862455 0.13183043210301548 0.007915760576725005 0.00910011031664908
0.0 0.800685616210103 0.1304471927229315 0.008679598569869995 0.007971709407866002
0.0 0.8052348045632243 0.13454225554596633 0.0076244276016950606 0.00651566949672997
0.0 0.8189368253573776 0.134596837637946 0.0074969824403524395 0.00982811562716961
0.0 0.5263897893950343 0.10655028293840588 0.008643572404980659 0.006679488997906447
0.0 0.4197213130071759 0.09734097914770246 0.010208315774798393 0.007516658492386341
0.0 0.5056093560531736 0.1614240017486736 0.011700590327382087 0.008918160246685148
0.0 0.5089756159111858 0.1539800705621019 0.009771420434117318 0.006879686797037721
0.0 0.37373839076608417 0.10300124606583268 0.0059139136224984675 0.006006080424413085
0.0 0.22741947565227746 0.06754719705786556 0.006605282798409417 0.0073164606932550665
0.0 0.27507646922022105 0.10440265994984657 0.009152936562895819 0.008808908192440868
0.0 0.18800560180097814 0.1091165199643001 0.011627288535237312 0.008590521244332194
0.0 0.9805954940617084 0.134760642494075 0.018414992839097977 0.009536942793056368
0.0 0.9674576055258512 0.13685366874560714 0.01315600574016571 0.011866530496627092
0.0 0.9602154092863202 0.13355942640919238 0.012264514341950417 0.009591539530083537
0.0 0.8502349205315113 0.14180413414724172 0.008279354125261307 0.007844297494739295
0.0 0.8376429429277777 0.1422409519786015 0.009352850541472436 0.007807889906689525
0.0 0.8048526773229241 0.11586880949325859 0.008843486383557319 0.0056966891512274746
0.0 0.817044410482049 0.1178708314197138 0.007624635845422745 0.004586448101326824
0.0 0.8281988816335797 0.1172520195832476 0.007169623300433159 0.0046228849794715645
0.0 0.8319838155061007 0.11255634871777147 0.007296860218048096 0.006825090060010553
0.0 0.8137143850326538 0.11275657580699772 0.0039849519729614254 0.007207325799390674
0.0 0.6990939136594534 0.10509427231736482 0.008042789250612258 0.005751285888254643
0.0 0.6998037124052644 0.09905178430490195 0.007733547315001488 0.005751285888254643
0.0 0.7160895172506571 0.10334705957211554 0.00813400000333786 0.005551058799028397
0.0 0.7282084692269564 0.10225503696128727 0.006405160576105118 0.004677452426403761
0.0 0.7345226272940636 0.10025300038978457 0.0050040967762470245 0.006279093399643898
0.0 0.7281721306964755 0.09979800805449486 0.005331664159893989 0.005369108729064464
0.0 0.7556853961199522 0.08387280767783523 0.0076425448060035706 0.006151681486517191
0.0 0.7712252719327808 0.08734904401935636 0.006933058425784111 0.005205259937793016
0.0 0.7914235599339008 0.0931549119995907 0.008097349107265473 0.0055693065281957384
0.0 0.7993936721235514 0.10855231950990855 0.007897435128688813 0.006024269573390484
0.0 0.8094928681850433 0.09923380760010332 0.006787496060132981 0.006497509637847542
0.0 0.8166076192632318 0.09379192763008178 0.006077593192458153 0.005733067449182272
0.0 0.823304008692503 0.073171056387946 0.007278534770011902 0.006097084749490023
0.0 0.8353320622816682 0.07277064614463598 0.005731908604502678 0.005296264262869954
0.0 0.8473963502794504 0.08037835289724171 0.007460956275463104 0.0047502676025033
0.0 0.8558213708922267 0.08410941306501626 0.006332483515143395 0.00546008376404643
0.0 0.8441391060128808 0.08645723385270684 0.004967654123902321 0.004568288242444396
0.0 0.8377339454367757 0.08401839409489184 0.006532397493720055 0.005314482701942324
0.0 0.8393897954374552 0.09120750145521014 0.006914941221475601 0.007298300834372639
0.0 0.8314925685524941 0.08991526640020311 0.005531786382198334 0.006988909561187029
0.0 0.8223759705200792 0.08782226943876595 0.00464029498398304 0.003894850378856063
0.0 0.8278169626370072 0.0833085925783962 0.00615047849714756 0.004986872989684343
0.0 0.8432291850447655 0.0710052442504093 0.004530967026948929 0.006242685811594128
0.0 0.8537288337945939 0.07344406936317682 0.007151506096124649 0.0066248922608792785
0.0 0.7951902724802494 0.10225502231623977 0.0062052465975284575 0.005805853335186839
0.0 0.7802690887823701 0.0988333827117458 0.007260417565703392 0.008972698403522373
0.0 0.8282169988378882 0.09431973514147103 0.009080051258206368 0.0065520770847797396
0.0 0.7742640685290099 0.10125401867553592 0.00666005089879036 0.005660252273082733
0.0 0.7648928925395012 0.09613977770786733 0.007169415056705475 0.006825090060010553
0.0 0.7490618919953704 0.08993348483927548 0.009170845523476601 0.007662288844585419
0.0 0.7457318665459752 0.09996179826557636 0.013374869897961616 0.009900930803269148
0.0 0.7306651204824448 0.06987682869657874 0.008315588533878326 0.005933294538408518
0.0 0.7113585321232676 0.06940363256726415 0.007078412547707557 0.006588484672829509
0.0 0.6966374706476927 0.07196984030306339 0.006223155558109284 0.005332671850919723
0.0 0.6956366512924432 0.07974135191179813 0.007442214339971542 0.0065156987868249415
0.0 0.7083925167098641 0.0846736135194078 0.007424097135663032 0.005223449086770415
0.0 0.6861743686720729 0.07915894766338169 0.008060906454920769 0.00613346304744482
0.0 0.679204971715808 0.08694864842109382 0.00685996487736702 0.00578766418620944
0.0 0.6765483023598791 0.0808333745226264 0.008988840505480766 0.006315471697598695
0.0 0.6682870654389262 0.08509221291169525 0.007169623300433159 0.00587869780138135
0.0 0.6530201971530915 0.09573935281950981 0.005022422224283218 0.004240649240091443
0.0 0.6463419249281287 0.10101742793340236 0.010299110040068626 0.006715896585956216
0.0 0.6013235876336693 0.09473834917880594 0.007242092117667198 0.006242656521499157
0.0 0.596628836914897 0.08048756101634354 0.007078620791435242 0.005605626245960593
0.0 0.6097121655941009 0.07934095631353558 0.007988229393959045 0.004914057813584805
0.0 0.623978422768414 0.0784127239137888 0.006550722941756249 0.006260874960571527
0.0 0.6152074052020907 0.07237026519142091 0.006550722941756249 0.005314453411847353
0.0 0.5422391153872013 0.06738337755668908 0.009880748391151429 0.00651566949672997
0.0 0.5934443738311529 0.024794847215525807 0.007078620791435242 0.005787693476304412
0.0 0.5872575568035245 0.04374127695336938 0.005913913622498513 0.006242656521499157
0.0 0.6332403749227524 0.06681917710229754 0.0055496953427791595 0.0053872685879468914
0.0 0.6579514086246491 0.022683617169968785 0.004731297492980957 0.0055510880891233684
0.0 0.7370519556105137 0.07375347528140992 0.0050040967762470245 0.005296264262869954
0.0 0.7423473853617907 0.07419027846772223 0.006023241579532624 0.005623903265222907
0.0 0.7212391763925552 0.06976762057747692 0.005713791400194168 0.004531851364299655
0.0 0.7190738581120968 0.07972314811777323 0.007842875272035598 0.005642063124105335
0.0 0.7184551659971475 0.07448149523697793 0.005204427242279053 0.00509606646373868
0.0 0.6573509378358722 0.07568271132186055 0.006477837637066841 0.005842260923236609
0.0 0.6489075917750597 0.07115084531251341 0.005149450898170471 0.0056056848261505365
0.0 0.6738734116777778 0.06907602285500616 0.0048947688192129135 0.005878668511286378
0.0 0.6816252844408155 0.06947643309831619 0.005968473479151725 0.007243674807250499
0.0 0.682625999674201 0.061759518226608634 0.006714610755443573 0.005623873975127936
0.0 0.6865564959123731 0.055808034539222715 0.006077593192458153 0.006406505312770605
0.0 0.6773308822885156 0.05637226428370923 0.00684184767305851 0.006988880271092057
0.0 0.6659216249361635 0.061286307452246544 0.005367898568511009 0.005241696815937757
0.0 0.6507636681199074 0.05384242020081729 0.005859562009572983 0.006934283534064889
0.0 0.5749930424615741 0.06399814554024488 0.007333302870392799 0.006697678146883846
0.0 0.5563415888696909 0.05892028287053108 0.006350600719451904 0.009536913502961398
0.0 0.6309111688286066 0.09419232322834432 0.005713791400194168 0.005824101064354182
0.0 0.6377350034192204 0.09577574576251209 0.005076773837208748 0.005168881639838219
0.0 0.6371890924870968 0.08982429136522115 0.009225613623857497 0.0055146805010735985
0.0 0.6381534691900015 0.0739536730805412 0.006532605737447739 0.005896886950358749
0.0 0.4355525217950344 0.1751469677546993 0.00682373046875 0.00695250197313726
0.0 0.4258352447301149 0.17835017647594215 0.006350600719451904 0.007971709407866002
0.0 0.4070746714249253 0.1762389610754326 0.0055865544825792314 0.005278045823797583
0.0 0.39410035833716395 0.1767668125219643 0.007041969895362899 0.004823024198412895
0.0 0.37987075205892323 0.1756383530329913 0.005622788891196251 0.006370068434625864
0.0 0.36847961191087963 0.18015204453840852 0.007005527243018195 0.004677511006593704
0.0 0.3710090443491936 0.11082733976654709 0.006514280289411545 0.00769872572273016
0.0 0.3607462728396058 0.11237436935771257 0.00867980681359759 0.006206307513639331
0.0 0.3422581864520907 0.10181823377497494 0.0066236082464457 0.007280111685395241
0.0 0.3299936721101403 0.1024916423484683 0.007424097135663077 0.006351908575743437
0.0 0.047964506223797776 0.12882737724576146 0.007933669537305788 0.0066067031119018795
0.0 0.017521563917398453 0.11424899401608854 0.008971139788627625 0.007516687782481313
0.0 0.002637583389878295 0.13248560759238898 0.00527516677975659 0.006734085734933615
0.0 0.0012046582996845245 0.10687789265066386 0.002409316599369049 0.005205259937793016
0.0 0.002401018515229225 0.11306596708018332 0.00480203703045845 0.006115273898467421
0.0 0.007149360328912724 0.11526820145081729 0.005804585665464379 0.0057330381590873
0.0 0.0007451685145497544 0.11972725228406489 0.0014903370290995088 0.005405487027019262
0.0 0.03579089026898147 0.07497288051526993 0.009917191043496199 0.007189107360318303
0.0 0.043197078444063675 0.08507402376271785 0.009080051258206434 0.007443901896476745
0.0 0.07236619386821985 0.07904973954427988 0.006496163085103035 0.007371116010472178
0.0 0.0971134619787335 0.0839455935638398 0.008788926526904106 0.007170918211340904
0.0 0.15958251953124997 0.0819435716373846 0.009407618641853355 0.009172925492748618
0.0 0.11991385947912932 0.08507400911767035 0.009043816849589326 0.00946412761695683
0.0 0.0355907680466771 0.05331461268942803 0.008315796777606077 0.009682514565065503
0.0 0.04366999994963405 0.052896013297140596 0.008115882799029306 0.006861497648060322
0.0 0.05364185497164731 0.05174939394928515 0.0061140358448028564 0.0065520770847797396
0.0 0.066252158023417 0.05251379220280796 0.004785649105906398 0.006097055459395051
0.0 0.4553502529859543 0.05386062399484217 0.005622580647468567 0.006169899925589561
0.0 0.47216405980288984 0.05520744114182889 0.00682373046875 0.005805882625281811
0.0 0.4954557042568922 0.06012151360046118 0.005659231543540954 0.006570266233757139
0.0 0.5003687985241413 0.05988489356823266 0.006405160576105118 0.00758947366848588
0.0 0.5121783003211021 0.05928428552579135 0.0070057354867458345 0.006406476022675633
0.0 0.5801427016034723 0.007031415123492479 0.010390320792794228 0.006370068434625864
0.0 0.5518469603732228 0.010143663454800843 0.007915552332997322 0.006533917225897312
0.0 0.5377081483602524 0.011035488266497851 0.00895281434059143 0.006806900911033154
0.0 0.5636019023135305 0.01209107399918139 0.0071150634437799455 0.005915076099336147
0.0 0.5412018533796072 0.03307594789657742 0.00951673835515976 0.010010153567418457
0.0 0.36242024004459383 0.10012560312170535 0.008898254483938217 0.006078895600512624
0.0 0.3551051585003734 0.10163623976986855 0.007005527243018195 0.006097055459395051
0.0 0.35175691172480583 0.1063500851392746 0.008042789250612258 0.0054964620620012285
0.0 0.09125421233475206 0.053624018607661125 0.005713791400194124 0.0053872685879468914
0.0 0.08519473634660246 0.05284141656011343 0.005095307528972581 0.005314453411847353
0.0 0.079007919318974 0.05511642217170447 0.005440783873200461 0.010647154552862048
0.0 0.09474791735410693 0.04541570381261408 0.00696950107812877 0.004732049163430929
0.0 0.10446498617529869 0.051567385299131276 0.007078620791435175 0.005769504327327013
0.0 0.10952364280819893 0.04541570381261408 0.006677959859371141 0.010738100297749043
0.0 0.11749375499784942 0.04496069683227688 0.006532605737447739 0.007571284519508481
0.0 0.1293214781209826 0.040610868763178584 0.007606102153658867 0.004859461076557636
0.0 0.14642640966922044 0.048746353737078606 0.007169206812977724 0.0054054577369242905
0.0 0.18420265484601256 0.04941976231057197 0.00591391362249849 0.004495414486154914
0.0 0.18962511327117682 0.039318648353219035 0.005568229034543126 0.004550040513277054
0.0 0.19814124051481485 0.03420437809545547 0.00655072294175627 0.004058640589937568
0.0 0.1982321389019489 0.047526933858171104 0.007096529752016023 0.005969672836363316
0.0 0.6172273693606257 0.026560278399847446 0.00545910932123661 0.004295245977118611
0.0 0.5188929110765457 0.03442276504356414 0.006987410038709641 0.007098073745146394
0.0 0.5349241379648447 0.040938463830389085 0.005495551973581314 0.006024298863485456
0.0 0.5219681503251195 0.04288588901981712 0.005531994625926018 0.005205259937793016
0.0 0.5246792754158378 0.046635123691521584 0.004803974553942681 0.0044590361882001165
0.0 0.48726724851876496 0.01764216208830476 0.007897226884961129 0.007625910546630621
0.0 0.5104494608938694 0.02413964243605733 0.0050040967762470245 0.005259856674820184
0.0 0.5059915874153376 0.022064819978550077 0.005695465952157974 0.005205259937793016
0.0 0.4986581804230809 0.025850476883351802 0.006277923658490181 0.0045864773914217945
0.0 0.4948005694895983 0.02333882194943726 0.005786676704883575 0.0054236468859016895
0.0 0.5047176564112306 0.01407490677665919 0.009444061294198036 0.007443872606381774
0.0 0.5017879795283079 0.037225622101686895 0.007660870254039764 0.005587466387078166
0.0 0.5010602718219161 0.04565230919979513 0.0067689623683691025 0.006024269573390484
0.0 0.4935449639335275 0.0413752670167014 0.005367898568511009 0.006279064109548926
0.0 0.4844467954710126 0.03917301800101995 0.005968473479151725 0.0065702955238521096
0.0 0.46919794026762246 0.0501477676210925 0.006496163085103035 0.005023280577734113
0.0 0.46224676463752984 0.04432369584683329 0.005750234052538872 0.006297282548621297
0.0 0.4716179406270385 0.03212954099290073 0.006387043371796608 0.007152699772268534
0.0 0.1773789243772626 0.04406890131067485 0.007205857709050245 0.008062713732942938
0.0 0.17934401631355285 0.03644300540909171 0.008334330469369822 0.006715867295861244
0.0 0.16979083530604838 0.04510629789438099 0.005950356274843194 0.00505965887568891
0.0 0.1700456215068698 0.03815381056629121 0.0054224584251642005 0.006351908575743437
0.0 0.1625303136184812 0.03720738901756704 0.00591391362249849 0.005259856674820184
0.0 0.1572533134371042 0.036279185907915235 0.005458901077508904 0.0053872685879468914
0.0 0.1518671935424209 0.0409384491853416 0.006259598210453965 0.004695670865476132
0.0 0.15505155250430103 0.0441417018417269 0.00485832616686821 0.004113266617059708
0.0 0.16091090627014637 0.043704884010367095 0.00513154193758969 0.006224467372521758
0.0 0.20767620019614697 0.048273157607764 0.004530967026948929 0.0043680318631231785
0.0 0.21742950342595577 0.03314876307267696 0.006004916131496474 0.005114255612716079
0.0 0.21724760252982378 0.03833581921644509 0.003384585306048393 0.0044954437762498856
0.0 0.21317164804786443 0.0438141067745164 0.005531578138470694 0.004440876329317689
0.0 0.22376198694109917 0.04228526633232832 0.007351420074701309 0.006370068434625864
0.0 0.23060393873602153 0.03931863370817155 0.006623608246445612 0.005441894615069031
0.0 0.2368999795988202 0.04241267824545503 0.006041358783841133 0.006643052119761706
0.0 0.23054927475750447 0.03398596185725182 0.004749622941017195 0.004786675190553069
0.0 0.23568071257323026 0.03070993795990944 0.004458289965987206 0.005223478376865387
0.0 0.24414217583835124 0.033330757077783345 0.009535063803195997 0.006479261908680201
0.0 0.246471381932497 0.04022864766884595 0.005895796418189958 0.005296264262869954
0.0 0.2558791046962142 0.0373894123127684 0.005058864876627878 0.005587466387078166
0.0 0.25344067476689813 0.03038231360260397 0.007915344089269638 0.008572302805259824
0.0 0.2613380057737231 0.028052696608938277 0.0061321530491113664 0.006934283534064889
0.0 0.37277411818504336 0.017623958294279873 0.005076982080936432 0.004058640589937568
0.0 0.3670239882543683 0.02317501709330827 0.0075877767056227174 0.005168852349743247
0.0 0.37805101424455645 0.02217401345260441 0.004494732618331864 0.007152699772268534
0.0 0.410422814078629 0.03813562141731382 0.006696077063679695 0.004095048177987337
0.0 0.34325921405106785 0.03540559418033808 0.005131333693862006 0.004641044838353992
0.0 0.342003608494997 0.04051984979305416 0.00465841218829155 0.004877650225535035
0.0 0.33849168214946984 0.037353019369766115 0.004712763801217079 0.0055146805010735985
0.0 0.3324321020394564 0.03884542293380946 0.0058045856654643565 0.0055146512109786276
0.0 0.3269004197791219 0.0393914342392236 0.003912274911999703 0.004586418811231852
0.0 0.20365480557084084 0.0435228900052607 0.005640906095504716 0.004422628600150347
0.0 0.2061113527044654 0.03955523909535259 0.005604463443160101 0.005077877314761281
0.0 0.210296531021595 0.03693439068738371 0.005822911113500551 0.005951483687385917
0.0 0.19703119732439522 0.040137643343769014 0.00784245878458023 0.006242685811594128
0.0 0.4582435913383961 0.01886158196721226 0.009916982799768447 0.015142598329111934
0.0 0.45242057610303166 0.020900011481717228 0.00542287491261959 0.005278075113892555
0.0 0.4425217105075717 0.026760461553931237 0.0070238526910543445 0.0064246651716530325
0.0 0.4327500818297267 0.024794847215525807 0.008206677064299584 0.00616987063549459
0.0 0.4344969343394041 0.01820637718774378 0.005932030826807022 0.005259856674820184
0.0 0.44557872842997315 0.01778777779545635 0.007042178139090538 0.006879686797037721
0.0 0.4152266845107079 0.029745327262207865 0.006496371328830719 0.005023251287639141
0.0 0.4104592567309737 0.0261780719505623 0.0049859795719385145 0.00402226229198277
0.0 0.4004511673003435 0.027925299340859057 0.005404341220855669 0.005077848024666309
0.0 0.393973121419549 0.028416684619151054 0.006095710396766663 0.004841271927580238
0.0 0.3195488955825567 0.03913662505801767 0.00666005089879036 0.005441836034879089
0.0 0.31359853930771353 0.04303149008192122 0.011099807173013732 0.006115303188562393
0.0 0.3010794470086694 0.04028324440587312 0.005822702869772956 0.0063882575836032626
0.0 0.31177890561521054 0.03596979463472962 0.007515099644660994 0.0064428836107254025
0.0 0.3916074726730585 0.03331255328375846 0.007988229393959045 0.005423676175996661
0.0 0.4236700305715203 0.02184640374034643 0.005895588174462318 0.004149644915014505
0.0 0.4206493511795998 0.0258686660323292 0.0076063103973865506 0.0064428836107254025
0.0 0.4200488803908229 0.017678569676354526 0.007387862727046013 0.007389305159449577
0.0 0.41227899454534056 0.02022658826317638 0.007060295343399048 0.005241667525842786
0.0 0.4055642796680331 0.02413964243605733 0.004585318639874459 0.005878639221191406
0.0 0.4032169563695788 0.01753296861425042 0.007860992476344109 0.005623873975127936
0.0 0.39704836066812277 0.022356007457710804 0.007205857709050178 0.005168852349743247
0.0 0.3844746043905616 0.017296348582021892 0.007842667028307826 0.0066067031119018795
0.0 0.3914438972249627 0.019116361858323216 0.006860173121094748 0.005933294538408518
0.0 0.3857482230290771 0.025086049339734018 0.009753511473536536 0.007298300834372639
0.0 0.38018009811639786 0.030746316257864236 0.006186921149492264 0.00396763626486063
0.0 0.37563090976327657 0.02838029167614877 0.004585735127329826 0.004859461076557636
0.0 0.3706085916608572 0.031055722176097332 0.005058656632900194 0.004604666540399194
0.0 0.37146384865045545 0.02646927407477051 0.005586346238851592 0.004422657890245318
0.0 0.29290910847485063 0.040720047592185435 0.008042789250612303 0.006406476022675633
0.0 0.2873773220926523 0.03789901603013277 0.0061140358448028564 0.0065156987868249415
0.0 0.28059003427624707 0.04122965130954981 0.006732519716024399 0.008845315780490637
0.0 0.34365945849567653 0.019134580297395586 0.007442422583699227 0.005023251287639141
0.0 0.3202040303498507 0.0330941516906023 0.006769170612096831 0.0055692772381007675
0.0 0.31257970687001946 0.03076453469693661 0.0061688039451837096 0.005205259937793016
0.0 0.32717321906238794 0.03067353037185967 0.007260417565703392 0.005041469726711512
0.0 0.35963612552732227 0.03473217096179724 0.005313338711857796 0.005860479362308979
0.0 0.47130890693515537 0.015348938037641346 0.014557277783751488 0.009700733004137874
0.0 0.33221375849097967 0.02659667134284973 0.007205857709050178 0.007807919196784497
0.0 0.32167797945439813 0.02524985419586301 0.011737032979726836 0.011411538161337376
0.0 0.30921323876827955 0.02534084387589246 0.010153755918145269 0.00902729514054954
0.0 0.28834169879555704 0.02623265404254198 0.005404341220855757 0.0046410741284489635
0.0 0.28330136761069297 0.02461283856537193 0.004767531901597977 0.004058640589937568
0.0 0.28279189933091403 0.03145613241940737 0.005131333693861961 0.0043680318631231785
0.0 0.34123935401439665 0.028234690614044666 0.008734158426523253 0.00689787594601512
0.0 0.3543044613674283 0.021955611859448255 0.010044636204838753 0.011320533836260438
0.0 0.35152034685015676 0.03156534053850919 0.012136860936880156 0.01133875227533281
0.0 0.27513102907687426 0.036024391371756795 0.005513669177889824 0.005605655536055565
0.0 0.27560415882617234 0.02821648682001978 0.006295832619071051 0.008827126631513239
0.0 0.2704909423366189 0.04173926967196166 0.007424097135663032 0.00768050728365779
0.0 0.2669243520125747 0.032147744786925614 0.00731497742235665 0.00944590917788446
0.0 0.29856823589652776 0.023575427336618306 0.005786468461155847 0.004877679515630007
0.0 0.3004606507718563 0.0278706879587844 0.004440172761678652 0.00289383209310472
0.0 0.2962573552504182 0.029836316942237318 0.0038760405033826826 0.0035490515176206825
0.0 0.2988230220973492 0.033039554953575134 0.007933669537305876 0.0065156987868249415
0.0 0.2935642432421446 0.03411335912533105 0.005349781364202499 0.005660252273082733
0.0 0.2899248717352748 0.03220235616900027 0.006623191758990288 0.006042488012462854
