0.0 0.3808522066567093 0.817373578902334 0.013679903838783503 0.021145218051970005
0.0 0.7323793350253254 0.5968310367316008 0.012038016412407159 0.010431462898850441
0.0 0.7203587919473649 0.598437188193202 0.010519957356154918 0.009372398257255554
0.0 0.7053021307568997 0.5969722396694124 0.012568074557930232 0.00965480413287878
0.0 0.68283182666637 0.5951189049519598 0.011649764981120825 0.008066263981163502
0.0 0.7017189861740917 0.5682196174748242 0.008631423208862543 0.006883692927658558
0.0 0.6952760728541761 0.5727557796053588 0.011861869040876627 0.008419285528361797
0.0 0.6770069441758096 0.5796924200840294 0.015021411515772343 0.00974308792501688
0.0 0.6713586130645126 0.5852346708998084 0.012285269144922496 0.009778367355465889
0.0 0.6817729223985225 0.5565173849463463 0.009266927372664213 0.007324941456317902
0.0 0.650706444773823 0.571096652187407 0.013591628149151802 0.013979176059365273
0.0 0.6802548633422703 0.5723498105071485 0.009655582811683416 0.006795409135520458
0.0 0.6739886024035513 0.5671782493591309 0.009566903114318848 0.006142370402812958
0.0 0.6683049206156284 0.5625361637212336 0.009743656497448683 0.008401674218475819
0.0 0.6830084790475667 0.5646895156241953 0.008719698898494244 0.00672485027462244
0.0 0.652718605287373 0.5807690960355103 0.008455073833465577 0.004977353848516941
0.0 0.6583847127389163 0.584740474820137 0.010343607980757952 0.005577558651566505
0.0 0.03462091265246272 0.6275605000555515 0.0066192626953125 0.007219046354293823
0.0 0.02254734355956316 0.6248952555470169 0.0054718807339668276 0.006195261143147945
0.0 0.013986217696219683 0.6292195990681648 0.006301712617278099 0.005489274859428406
0.0 0.016051505226641893 0.4288339111953974 0.006477859988808632 0.007730910554528236
0.0 0.1584981677122414 0.444489854387939 0.009549530781805515 0.008683966472744942
0.0 0.1757611151318997 0.41107753524556756 0.007643220294266939 0.006230597384274006
0.0 0.18862906442955135 0.4190202644094825 0.00787249468266964 0.006318937987089157
0.0 0.20079070720821618 0.4211383084766567 0.006707336381077766 0.003283032216131687
0.0 0.20121451131999493 0.41688455222174525 0.007537168264389038 0.006901304237544537
0.0 0.2094751564320177 0.42420946527272463 0.008278320450335741 0.00822516344487667
0.0 0.22816808922216297 0.42272682022303343 0.009214204363524913 0.007677963003516197
0.0 0.2298272479791194 0.43923003785312176 0.010114131588488817 0.009089935570955276
0.0 0.2112579415552318 0.3870376427657902 0.005754282139241696 0.005506942979991436
0.0 0.2183008063584566 0.3881143187172711 0.008914026618003845 0.007660294882953167
0.0 0.01841676849871874 0.3779652900993824 0.006248787604272365 0.006318824365735054
0.0 0.03670357251539826 0.3770121631678194 0.008896250277757645 0.004395016003400087
0.0 0.05183083405718207 0.37815944058820605 0.009002100303769111 0.007960368879139423
0.0 0.1015017667785287 0.3888732809573412 0.007766644656658173 0.008030984550714493
0.0 0.0988365277647972 0.37155816773884 0.007466466911137104 0.004800928290933371
0.0 0.09663003953173757 0.36073843226768076 0.011861667037010193 0.007024895865470171
0.0 0.1276434911414981 0.35320168640464544 0.00852577518671751 0.005807016976177692
0.0 0.1342274031601846 0.34863021643832326 0.0066014863550662994 0.005453995428979397
0.0 0.151260975189507 0.350483508547768 0.0067428890615701675 0.006654206197708845
0.0 0.07354210861958563 0.3293912096414715 0.00338901886716485 0.0071837385185062885
0.0 0.06630501709878445 0.32988541992381215 0.004006948694586754 0.005683453753590584
0.0 0.05589060676284134 0.328155662631616 0.005807409156113863 0.0059834993444383144
0.0 0.04482321892865002 0.3284204287920147 0.006283734273165464 0.005242176819592714
0.0 0.27672688965685666 0.3922621514648199 0.00877282591536641 0.006001252681016922
0.0 0.27102553253062067 0.4168315762653947 0.007448892574757338 0.007360277697443962
0.0 0.26745996228419244 0.43144615134224296 0.009108152333647012 0.007660294882953167
0.0 0.27452050242573023 0.4355587614700198 0.00568398479372263 0.005453938618302345
0.0 0.30020317300222815 0.43926531728357077 0.009214002359658479 0.00822516344487667
0.0 0.3590705337468535 0.43501156102865934 0.008790198247879744 0.007271993905305862
0.0 0.3728387132752687 0.4381710016168654 0.007431116234511137 0.006071754731237888
0.0 0.37448019669391214 0.42643343284726143 0.004571549501270056 0.006071697920560837
0.0 0.2888887344393879 0.413460373878479 0.009161077346652747 0.00594819150865078
0.0 0.2956845485139638 0.4106009788811207 0.006689762044698 0.005877632647752762
0.0 0.29933839445002375 0.4176082066260278 0.005718931462615729 0.0042360881343483925
0.0 0.3068753607105464 0.41181882936507463 0.006478061992675066 0.0048539042472839355
0.0 0.3393892970401794 0.4103715205565095 0.008313873130828143 0.006318824365735054
0.0 0.33363491389900446 0.4085182142443955 0.0063013086095452305 0.006177649833261967
0.0 0.3285337102599442 0.41015973035246134 0.006830962747335434 0.007077815011143684
0.0 0.3208376659546047 0.40922422893345356 0.006954791117459535 0.006389496847987175
0.0 0.3143597049638629 0.4086417774669826 0.005877908505499363 0.00520686898380518
0.0 0.23254561400972307 0.3597323577851057 0.007907845359295607 0.007483784109354019
0.0 0.1792208353523165 0.30337441922165453 0.005877706501632929 0.005171561148017645
0.0 0.1891937662381679 0.30529832700267434 0.005013129953294992 0.004394987598061562
0.0 0.19688981054350735 0.30543952994048595 0.004924854263663292 0.004377319477498531
0.0 0.20084373322315513 0.30155642074532807 0.004730728548020124 0.0033712307922542095
0.0 0.1839336865581572 0.30326852411963046 0.004836376570165157 0.004412627313286066
0.0 0.013633316941559314 0.3224545691628009 0.007131140492856502 0.005136281717568636
0.0 0.019193473365157844 0.3350569810718298 0.006795814074575901 0.005789348855614662
0.0 0.005090068420395255 0.3306973297148943 0.006407360639423132 0.00524220522493124
0.0 0.034920888394117354 0.32577286660671234 0.005012927949428559 0.006248265504837036
0.0 0.029749084403738378 0.3291088037658483 0.0031773188151419164 0.004342011641710997
