0.0 0.5165664613246918 0.3640038760378957 0.006769716739654541 0.007842795923352242
0.0 0.5441603124141693 0.39509828090667726 0.005587756633758545 0.009056176990270615
0.0 0.5095155596733093 0.3769889695569873 0.008507966995239258 0.008756892755627632
0.0 0.5884476959705353 0.41366398688405753 0.01462465524673462 0.010409468784928322
0.0 0.5202434122562408 0.4101127086207271 0.011384546756744385 0.009129250422120094
0.0 0.6549643337726593 0.41719165332615377 0.012645184993743896 0.011478614062070847
0.0 0.423285311460495 0.3504251048900187 0.012501060962677002 0.010665527544915676
0.0 0.4061763048171997 0.3401741672307253 0.011745214462280273 0.00938090868294239
0.0 0.3871846556663513 0.3559007214382291 0.012538433074951172 0.008587611839175224
0.0 0.9081772029399872 0.6608939876779913 0.011318385601043701 0.015238149091601372
0.0 0.989228954911232 0.6514183048158884 0.013850301504135132 0.011921580880880356
0.0 0.9787827342748642 0.6356841063126921 0.01509895920753479 0.008177334442734718
0.0 0.9569212108850479 0.6421735601499676 0.009780675172805786 0.017215507104992867
0.0 0.949296897649765 0.6319578893482685 0.012860119342803955 0.01063593104481697
0.0 0.9479730486869812 0.6225262869149446 0.008929610252380371 0.012164991348981857
0.0 0.8734455466270447 0.5958626817911863 0.00841212272644043 0.008240852504968643
0.0 0.9031767606735229 0.5743375018239021 0.007197976112365723 0.012735296040773392
0.0 0.8665592432022095 0.5311275420710444 0.00678098201751709 0.01037406362593174
0.0 0.9689793050289154 0.6065718622878193 0.010447919368743896 0.005828322842717171
0.0 0.9755303770303726 0.6109485484659671 0.010441750288009644 0.011374913156032562
0.0 0.6218664109706878 0.4544196750968695 0.009273111820220947 0.005182329565286636
0.0 0.6137689113616943 0.45012808199971915 0.007496237754821777 0.0061274562031030655
0.0 0.6078904032707214 0.4147636590525508 0.007425069808959961 0.007689507678151131
0.0 0.7267487406730652 0.40738289039582015 0.007229804992675781 0.009391671046614647
0.0 0.7193357408046722 0.40590072683990003 0.005396783351898193 0.008274145424365997
0.0 0.6975357294082641 0.3844833716750145 0.005268216133117676 0.00750790536403656
0.0 0.7458834409713745 0.3403113747946918 0.005480289459228516 0.006040225736796856
0.0 0.7392428278923034 0.336872585862875 0.006564617156982422 0.007420096546411514
0.0 0.7335095167160034 0.3405547852627933 0.004614114761352539 0.00448943953961134
0.0 0.7301499605178833 0.3370699293911457 0.0061980485916137695 0.005824701860547066
0.0 0.8255890369415283 0.3268261708319187 0.0067234039306640625 0.007983259856700897
0.0 0.7804500520229339 0.31346742464229466 0.0052762627601623535 0.005836143158376217
0.0 0.6980818271636963 0.335917903855443 0.005646944046020508 0.008369045332074165
0.0 0.6565305650234222 0.3246367716230452 0.005394637584686279 0.00783663522452116
0.0 0.6738662183284759 0.32280842708423735 0.010381042957305908 0.008312241174280643
0.0 0.5316181242465973 0.28551316568627955 0.007112681865692139 0.007672534324228764
0.0 0.6655801594257355 0.38403399270027877 0.006595194339752197 0.007357684895396233
0.0 0.6748152732849121 0.3841641217470169 0.005898714065551758 0.008729483932256699
0.0 0.7050060391426086 0.3882933992892504 0.010354042053222656 0.005796588957309723
0.0 0.7125915944576263 0.3864466229453683 0.005597054958343506 0.004228251054883003
0.0 0.7098550260066986 0.3825214782729745 0.004786670207977295 0.004709037020802498
0.0 0.7189894676208496 0.38458958715200425 0.008487224578857422 0.011053651571273804
0.0 0.684028035402298 0.38627880048006774 0.006289780139923096 0.00885636918246746
0.0 0.4562895357608795 0.34440093468874694 0.008845746517181396 0.010852133855223656
0.0 0.4023535311222076 0.3551759969443083 0.00599437952041626 0.005761284381151199
0.0 0.3653361856937408 0.24077955195680262 0.008995234966278076 0.012868392281234264
0.0 0.284997946023941 0.22142354147508742 0.007513940334320068 0.010018025524914265
0.0 0.21529073119163514 0.16186282299458982 0.010495483875274658 0.009437737986445427
0.0 0.1891250669956207 0.17713744593784214 0.006516873836517334 0.007310486398637295
0.0 0.21658695340156556 0.1928572988137603 0.007123410701751709 0.006610102951526642
0.0 0.2232862174510956 0.19890523171052338 0.011547982692718506 0.007270705886185169
0.0 0.15861923098564146 0.1897754155099392 0.010166823863983154 0.009326895698904991
0.0 0.18909180760383604 0.12827772931195797 0.009289920330047607 0.008916681166738272
0.0 0.10910028815269468 0.14070173404179515 0.007363736629486084 0.007939292583614588
0.0 0.1107077360153198 0.14721015403047205 0.007361412048339844 0.007392360828816891
0.0 0.24417991042137147 0.05774688702076673 0.008200228214263916 0.006318085826933384
0.0 0.08322090506553648 0.08102116482332349 0.00736159086227417 0.0074861543253064156
0.0 0.020798748731613137 0.11220972780138254 0.008137643337249756 0.0097395870834589
0.0 0.06372839808464048 0.08964055455289781 0.00775068998336792 0.0036598951555788517
0.0 0.06561408042907713 0.0850382484961301 0.009156346321105957 0.0070099071599543095
0.0 0.061017578840255715 0.10519985207356512 0.0049558281898498535 0.007553406525403261
0.0 0.0723071753978729 0.10700823091901839 0.006442844867706299 0.0081694764085114
0.0 0.08023265600204466 0.11820691665634513 0.008207559585571289 0.007943102158606052
0.0 0.08676964640617368 0.11602110699750483 0.003990590572357178 0.0049085053615272045
0.0 0.01581735014915464 0.10249775699339807 0.00472944974899292 0.005927434656769037
0.0 0.2033858358860016 0.04807172324508428 0.00508493185043335 0.004991574212908745
0.0 0.19864556789398194 0.050233776494860646 0.004926323890686058 0.004428385756909847
