0.0 0.5056033181957901 0.9917456745170057 0.02051975904032588 0.016508650965988636
0.0 0.32480997054371985 0.9315572716295719 0.012900861212983727 0.020791802369058133
0.0 0.3677165437024087 0.9005213384050876 0.020413633435964584 0.017908312659710646
0.0 0.28560676411725583 0.7636900065466762 0.01270346064120531 0.01939553488045931
0.0 0.3385304392781109 0.3320550440344959 0.01763613009825349 0.010411044023931027
0.0 0.2109338969225064 0.34753508027642965 0.015147041762247682 0.010836020484566689
0.0 0.16317064440809192 0.31387357409112154 0.013568618800491095 0.010669058468192816
0.0 0.10104947476647796 0.3658227454870939 0.01186869852244854 0.011761785298585892
0.0 0.08388378852978351 0.36509427721612153 0.007770791184157133 0.008028342667967082
0.0 0.0931420316686854 0.35850767940282824 0.01038146368227899 0.013415969535708427
0.0 0.07946720041800293 0.35812825358007105 0.014221265213564038 0.00972819966264069
0.0 0.034117132984101795 0.3543493335833773 0.010093048680573702 0.014235587930306793
0.0 0.0011943518649786822 0.3322067899396643 0.0023887037299573644 0.009621906699612737
0.0 0.0716052645351738 0.48893456715159117 0.01071521220728755 0.012915278878062963
0.0 0.061026617395691596 0.4858992582652718 0.010973231168463826 0.012884797807782889
0.0 0.0018166456604376546 0.437941495096311 0.0036332913208753093 0.013067098055034875
0.0 0.012170540378429018 0.4426765144336969 0.011034023249521852 0.010729825217276811
0.0 0.032128884550184034 0.4421302487142384 0.013249894604086876 0.012839369289577008
0.0 0.040294303186237834 0.4485195011366159 0.013295401819050312 0.010244082007557154
0.0 0.060191898699849866 0.43982335925102234 0.013765932526439428 0.016739578545093538
0.0 0.05254247456323358 0.446076130727306 0.012035703053697944 0.00830149995163083
0.0 0.04859637373592707 0.4383664227090776 0.009410006226971745 0.010168172419071198
