0.0 0.16797517898958175 0.9961227300576866 0.01374774803407497 0.007754539884626865
0.0 0.14627178160008042 0.7175422905944288 0.009894646657630735 0.011971987970173358
0.0 0.09257343718782068 0.6934255900327116 0.011939080152660542 0.011488775443285703
0.0 0.04577149413526055 0.7272561636753381 0.01123569216579201 0.011248470470309257
0.0 0.03823656090535221 0.7219536363612861 0.011457056738436222 0.011825491581112147
0.0 0.02530062012374401 0.7211269699037075 0.01074585104361181 0.008943971805274486
0.0 0.02844189861789348 0.7271593765821308 0.00767061160877347 0.008770292904227973
0.0 0.002825457020662725 0.7798215029295534 0.00565091404132545 0.012398059386759997
0.0 0.0007088125916198118 0.8114731958135962 0.0014176251832396236 0.011151307448744773
0.0 0.006678891205228854 0.8149267917964608 0.01093769348226481 0.012036011461168528
