0.0 0.07251561880111694 0.9939922101795673 0.02112489938735962 0.012015579640865326
0.0 0.25864067375659944 0.9345155894756317 0.013281315565109253 0.02140624076128006
0.0 0.2144687592983246 0.9025624837726355 0.021015644073486328 0.018437538295984268
0.0 0.2990000069141388 0.7616875186562538 0.013078093528747559 0.019968710839748383
0.0 0.24451557993888856 0.31729689948260786 0.018156230449676514 0.010718710720539093
0.0 0.3758750230073929 0.3332344010472298 0.015593737363815308 0.011156246066093445
0.0 0.425046843290329 0.2985781315714121 0.01396876573562622 0.010984349995851517
0.0 0.489000004529953 0.3520625025033951 0.012218713760375977 0.012109369039535522
0.0 0.506671917438507 0.3513125065714121 0.007999956607818604 0.008265595883131027
0.0 0.49714064300060273 0.344531261920929 0.01068761944770813 0.013812437653541565
0.0 0.5112187534570694 0.3441406233236194 0.014640659093856812 0.010015686973929405
0.0 0.5579062223434448 0.3402500288560987 0.010390698909759521 0.014656277373433113
0.0 0.5959687799215316 0.3174531297758222 0.010796874761581421 0.009906252846121788
0.0 0.6153281599283218 0.31281248908489945 0.009859353303909302 0.012906236574053764
0.0 0.5193125426769256 0.4788125190883875 0.01103121042251587 0.013296950608491898
0.0 0.5302031606435775 0.47568751089274885 0.011296838521957397 0.013265568763017654
0.0 0.6262656271457672 0.4855312515050173 0.009999990463256836 0.015609350055456161
0.0 0.6074374586343765 0.4249374844133854 0.011999934911727905 0.014109358191490173
0.0 0.5942812234163284 0.42631250210106375 0.009984344244003296 0.013453256338834763
0.0 0.5805000334978103 0.4311874505132437 0.011359423398971558 0.011046912521123886
0.0 0.5599531054496765 0.43062504157423975 0.013640642166137695 0.013218797743320465
0.0 0.5515468835830688 0.43720310889184477 0.013687491416931152 0.010546814650297165
0.0 0.5310624957084655 0.42824997901916506 0.014171898365020752 0.01723426580429077
0.0 0.5389375060796737 0.4346875321120024 0.01239064335823059 0.008546825498342514
0.0 0.54299997985363 0.4267499871551991 0.00968751311302185 0.010468661785125732
0.0 0.6875312149524688 0.5587031036615372 0.01379692554473877 0.01445315033197403
0.0 0.6965312331914901 0.5502031497657299 0.0111561119556427 0.009156256914138794
0.0 0.7271562039852142 0.4757343824952841 0.01826566457748413 0.014359306544065475
0.0 0.6928124845027923 0.4781875476241112 0.013015687465667725 0.012265674769878387
0.0 0.8194062232971191 0.4751249510794878 0.023546934127807617 0.014187511056661606
0.0 0.7906094014644622 0.43368748724460604 0.012781083583831787 0.010546915233135223
0.0 0.8165156066417694 0.3746249932795763 0.011203229427337646 0.010078098624944687
0.0 0.8438749432563781 0.3737812289968133 0.009484291076660156 0.011749936267733574
0.0 0.8958125233650207 0.33167184665799143 0.011671900749206543 0.012234393507242203
0.0 0.941796851158142 0.33754686508327725 0.01178133487701416 0.015859348699450493
0.0 0.9442343533039093 0.3237812487408519 0.016687452793121338 0.008500004187226295
0.0 0.981718760728836 0.35331249572336676 0.011468589305877686 0.00943758711218834
0.0 0.9978476524353027 0.356265582703054 0.004304695129394531 0.007718777284026146
0.0 0.8237813532352447 0.23009376656264066 0.013406217098236084 0.011703064665198326
0.0 0.9755624651908874 0.16287501025944948 0.008452892303466797 0.01076563261449337
0.0 0.9802656292915344 0.1568749925121665 0.00742185115814209 0.0074218567460775375
