0.0 0.28960933685302737 0.8147968765348196 0.012859225273132324 0.010718811303377151
0.0 0.8584998786449433 0.5072343977168202 0.012109458446502686 0.018718717619776726
0.0 0.552015745639801 0.33920314759016035 0.005859375 0.006390631198883057
0.0 0.5413282155990601 0.33684375081211326 0.004843711853027344 0.005484329536557198
0.0 0.5337499022483826 0.34067185819149015 0.005578279495239258 0.004859358072280884
0.0 0.5146875321865082 0.3489375043660402 0.005031287670135498 0.005484379827976227
0.0 0.4992657244205475 0.3433593813329935 0.0053749680519104 0.005796890705823898
0.0 0.5102343499660492 0.339234353415668 0.005015909671783447 0.0051719192415475845
0.0 0.2983906209468842 0.2840468635782599 0.010374963283538818 0.007281241938471794
0.0 0.28340628147125246 0.28218751437962053 0.009922027587890625 0.009156256914138794
0.0 0.002152365446090698 0.224187502078712 0.004304730892181396 0.0072499606758356094
0.0 0.015687534213066102 0.21987501289695502 0.008703142404556274 0.006640629842877388
0.0 0.007437506318092346 0.268859357945621 0.007687479257583618 0.006000017747282982
0.0 0.05215623378753662 0.16626564264297486 0.007546842098236084 0.00507812574505806
0.0 0.054812514781951906 0.1603281119838357 0.006062507629394531 0.004062490537762642
0.0 0.07346879839897155 0.15087500996887684 0.006062507629394531 0.004156284034252167
0.0 0.03964059948921204 0.14179688077419997 0.0062656402587890625 0.004328129813075066
0.0 0.028437504172325136 0.15720312893390656 0.004890650510787964 0.006624989211559296
0.0 0.036531203985214235 0.16010936945676804 0.006156206130981445 0.005671866238117218
0.0 0.025343754887580873 0.17207812368869782 0.005515605211257935 0.005171868950128555
0.0 0.006031268835067749 0.12337500825524331 0.0055468082427978516 0.00549997016787529
0.0 0.016125002503395082 0.12057810127735138 0.00470307469367981 0.005343765020370483
0.0 0.03671877980232239 0.11779686007648707 0.005187392234802246 0.005203099921345711
0.0 0.04568750560283661 0.12267188392579556 0.004109412431716919 0.004750024527311325
0.0 0.11210937201976776 0.15125000793486834 0.005281180143356323 0.005578072741627693
0.0 0.12206251323223113 0.15774999782443047 0.006890684366226196 0.004343770444393158
0.0 0.14006250500679016 0.1827187318354845 0.004875004291534424 0.005421917885541916
0.0 0.1352031022310257 0.19592186380177737 0.006000012159347534 0.00604688934981823
0.0 0.12746872901916503 0.19873438626527787 0.007499992847442627 0.007593702524900436
0.0 0.11457807719707488 0.1975781111046672 0.003968685865402222 0.004859408363699913
0.0 0.11839061379432678 0.19779685363173485 0.004171907901763916 0.004796896129846573
0.0 0.024234393239021303 0.12120312303304673 0.003187626600265503 0.004125002771615982
0.0 0.02631252408027649 0.12539063803851605 0.003265678882598877 0.0035312622785568237
0.0 0.0027969002723693846 0.15087498482316733 0.005593800544738769 0.00998440571129322
0.0 0.0027148246765136717 0.18126561157405377 0.005429649353027343 0.007343754172325134
0.0 0.013453119993209839 0.16432811543345452 0.008765637874603271 0.008937489241361618
0.0 0.06070309281349182 0.19518753364682198 0.008609354496002197 0.008296877145767212
0.0 0.08012501299381256 0.19071873873472214 0.007687479257583618 0.0069062188267707825
0.0 0.0692812442779541 0.17012500613927842 0.00534367561340332 0.0044219233095645905
0.0 0.11824997663497924 0.1729531440883875 0.009750008583068848 0.007890623062849045
0.0 0.049437502026557924 0.14209375102072955 0.004374951124191284 0.005343714728951454
0.0 0.06362500190734863 0.1157656273804605 0.006953179836273193 0.007515625096857548
0.0 0.08665623664855956 0.1299062542617321 0.0046250224113464355 0.005671866238117218
0.0 0.11109375357627868 0.14048437532037497 0.004046916961669922 0.005343714728951454
0.0 0.1242031842470169 0.1300156380981207 0.003390580415725708 0.006968781352043152
0.0 0.1175312340259552 0.13649998735636473 0.005093693733215332 0.007062474265694618
0.0 0.150124990940094 0.14607811383903027 0.0046874284744262695 0.006859347224235535
0.0 0.2701250553131104 0.16557810865342618 0.009218573570251465 0.007124986499547958
0.0 0.25129693150520327 0.18775001112371684 0.00810939073562622 0.006312428042292595
0.0 0.32917183041572573 0.1743437521159649 0.006890594959259033 0.005312483757734299
0.0 0.33014064431190493 0.1691250115633011 0.007749974727630615 0.005640685558319092
0.0 0.34167190790176394 0.17093751430511475 0.005015730857849121 0.006015658378601074
0.0 0.347875052690506 0.16973439268767834 0.006656348705291748 0.004703152924776077
0.0 0.34545310735702517 0.1757343852892518 0.008937478065490723 0.004812536761164665
0.0 0.33907812237739565 0.186093763820827 0.010546982288360596 0.006234375759959221
0.0 0.45703121423721316 0.16240625400096179 0.007781267166137695 0.007234370335936546
0.0 0.5355780959129334 0.16328124925494195 0.00573420524597168 0.0068437568843364716
0.0 0.6616719603538513 0.1771406088024378 0.00845324993133545 0.007687445729970932
0.0 0.6769531309604645 0.14756249021738768 0.006765782833099365 0.005515610799193382
0.0 0.6883438467979431 0.15459375865757466 0.00696873664855957 0.005593813955783844
0.0 0.6991093397140503 0.15646874848753214 0.005937337875366211 0.00290629081428051
0.0 0.6994844913482666 0.15270312819629908 0.006671905517578125 0.006109351292252541
0.0 0.7067968189716339 0.15918747745454312 0.00732797384262085 0.007281292229890823
0.0 0.7233438134193421 0.15787497200071812 0.008156418800354004 0.006796885281801224
0.0 0.7248125016689301 0.172484377771616 0.0089530348777771 0.008046828210353851
0.0 0.7083749413490296 0.1262812739238143 0.005093693733215332 0.004874998703598976
0.0 0.7146092891693115 0.12723439689725638 0.007890701293945312 0.006781244650483131
0.0 0.5021718978881836 0.11593748573213816 0.005749940872192383 0.005390586331486702
0.0 0.5079999804496765 0.11693749288097025 0.006281375885009766 0.005187484435737133
0.0 0.5376718282699585 0.11825001090765 0.005531430244445801 0.0055937133729457855
0.0 0.5538593173027039 0.11740625919774175 0.00787496566772461 0.0038906699046492577
0.0 0.5672499775886536 0.11842188183218241 0.007968664169311523 0.007046883925795555
0.0 0.6112187147140503 0.12790626510977746 0.006875038146972656 0.007109396159648895
0.0 0.6088594436645508 0.11257813209667802 0.006609320640563965 0.004250002093613148
0.0 0.606906259059906 0.10300000561401249 0.010499954223632812 0.006218760274350643
0.0 0.6343593835830689 0.09632813222706318 0.00754702091217041 0.0051406379789114
0.0 0.6401874661445618 0.09228125717490912 0.005843639373779297 0.004828127101063728
0.0 0.6552655935287476 0.09392187641933561 0.005968809127807617 0.005890608765184879
0.0 0.5864688098430634 0.07525000525638462 0.0029999613761901855 0.0063593750819563866
0.0 0.5800625324249268 0.0756875028833747 0.0035469532012939453 0.005031254142522812
0.0 0.5708436906337738 0.07415624232962728 0.005140721797943115 0.005296868272125721
0.0 0.5610468327999115 0.07439062548801303 0.0055623650550842285 0.0046406155452132225
0.0 0.766328090429306 0.13090624883770943 0.007765710353851318 0.005312584340572357
0.0 0.7612812459468842 0.15265623144805432 0.006593763828277588 0.006515655666589737
0.0 0.7581250011920929 0.16559372413903475 0.008062541484832764 0.006781244650483131
0.0 0.7643749952316284 0.16923439539968968 0.005031466484069824 0.004828076809644699
0.0 0.7871093094348908 0.17251560874283314 0.008156239986419678 0.007281292229890823
0.0 0.8392187297344208 0.16874998845160008 0.007781088352203369 0.0064375028014183044
0.0 0.851406329870224 0.1715468702837825 0.006578028202056885 0.005374995991587639
0.0 0.14739061295986175 0.12195314411073924 0.005859285593032837 0.005609354004263878
0.0 0.14718748033046722 0.11293750200420619 0.004187554121017456 0.004953101277351379
0.0 0.17496877312660217 0.1281562637537718 0.006000101566314697 0.004078131169080734
0.0 0.17284374833106994 0.1246875137090683 0.005124986171722412 0.004375051707029343
0.0 0.17603119611740112 0.12243750076740981 0.0047342777252197266 0.004703102633357048
0.0 0.18409373760223388 0.11598435733467341 0.0035001039505004883 0.005328124389052391
0.0 0.18656253218650817 0.10889060180634261 0.0045781731605529785 0.003656236454844475
0.0 0.21245309114456176 0.10139061734080315 0.004250049591064453 0.005062535405158997
0.0 0.23779692649841308 0.09645311897620559 0.00475001335144043 0.005343790166079998
0.0 0.21381252408027648 0.08987500136718155 0.004078209400177002 0.004718768410384655
0.0 0.17226564288139343 0.08971875850111247 0.0056092143058776855 0.004515616223216057
0.0 0.1729530930519104 0.08390626488253475 0.0053594112396240234 0.005203125067055225
0.0 0.17699992060661315 0.07812498966231943 0.005234420299530029 0.0042968736961483955
0.0 0.04576564729213715 0.06815626230090857 0.00476565957069397 0.005781250074505806
0.0 0.04993755519390106 0.07203125385567546 0.004109412431716919 0.0038437480106949806
0.0 0.11553124487400054 0.06037501050159335 0.00437512993812561 0.004859383217990398
0.0 0.12187498211860656 0.059609373938292264 0.004937589168548584 0.0063593750819563866
0.0 0.092203089594841 0.05171875087544322 0.006140559911727905 0.005687481723725796
0.0 0.09696874916553497 0.04900000933557749 0.0055780112743377686 0.0032812636345624924
0.0 0.08323440849781036 0.056484378315508364 0.004328101873397827 0.004140643402934074
0.0 0.08015630543231964 0.05185937825590372 0.004234403371810913 0.003953106701374054
0.0 0.1180156409740448 0.08034374648705125 0.007578134536743164 0.005187534727156162
0.0 0.10739060640335082 0.07565624676644803 0.00426560640335083 0.005921864882111549
0.0 0.19526567459106445 0.07885937010869384 0.005093693733215332 0.004453129135072231
0.0 0.15901561975479125 0.06860938798636199 0.0054999589920043945 0.005281252786517143
0.0 0.8528593719005585 0.16115623563528061 0.004046738147735596 0.00537494570016861
0.0 0.7770937621593476 0.14967188835144044 0.00810939073562622 0.005265612155199051
0.0 0.7831094205379486 0.14714062064886094 0.005921781063079834 0.00520315021276474
0.0 0.7863438069820404 0.1533437402918935 0.005062401294708252 0.0037499796599149704
0.0 0.7930155336856842 0.14821871779859067 0.005734384059906006 0.00429689884185791
0.0 0.8217968881130219 0.14693749360740185 0.007359445095062256 0.0055937133729457855
0.0 0.8167031049728394 0.1452968617901206 0.0055779218673706055 0.0054687391966581345
0.0 0.8121875166893006 0.14675000719726086 0.006046772003173828 0.006265606731176376
0.0 0.8053749740123749 0.14592185840010644 0.0061563849449157715 0.005656275898218155
0.0 0.7996406793594361 0.1454062456265092 0.005203127861022949 0.004609359428286552
0.0 0.7272188007831574 0.10210938230156899 0.00700002908706665 0.006624989211559296
0.0 0.6800156772136688 0.05221874816343188 0.005202949047088623 0.004578103311359882
0.0 0.688843721151352 0.05392187964171171 0.004437625408172607 0.003890644758939743
0.0 0.6956562638282776 0.054046878963708876 0.00435948371887207 0.0038750041276216507
0.0 0.6991562783718109 0.050609372463077305 0.004187643527984619 0.0029843682423233986
0.0 0.6841874957084656 0.052125004958361386 0.004281163215637207 0.003906260244548321
0.0 0.5334375143051148 0.06910937270149589 0.0063124895095825195 0.004546872340142727
0.0 0.5383593678474426 0.08026560619473458 0.006015658378601074 0.0051249973475933075
0.0 0.5258750259876251 0.07640624269843102 0.005671799182891846 0.004640640690922737
0.0 0.5075155735015869 0.06912498818710447 0.0061876773834228516 0.004843742586672306
0.0 0.5522812843322754 0.0720468819141388 0.004437446594238281 0.005531251430511475
0.0 0.5157812476158142 0.07334375930950046 0.00429689884185791 0.004234361462295055
0.0 0.518578165769577 0.07621874371543527 0.005015552043914795 0.0058437371626496315
0.0 0.5159531772136688 0.06668750140815974 0.0053749680519104 0.004406232386827469
0.0 0.5063438057899475 0.08260936234146357 0.0030469894409179688 0.0021562445908784866
0.0 0.5477032005786896 0.07500000661239029 0.0028125643730163574 0.0038437480106949806
0.0 0.5106249690055847 0.07870312724262477 0.005999922752380371 0.004625000059604645
0.0 0.43967186808586123 0.07035939106717706 0.004187285900115967 0.0037343641743063927
0.0 0.4449532270431519 0.07307812003418804 0.004984259605407715 0.004671896807849407
0.0 0.42392184734344485 0.061640619207173585 0.005312561988830566 0.00468748714774847
0.0 0.4408594608306885 0.06279688179492951 0.004281163215637207 0.0036250054836273193
0.0 0.46956258416175845 0.07098437510430813 0.003921926021575928 0.004249976947903633
0.0 0.47884374260902407 0.07010937985032797 0.004828155040740967 0.003593774512410164
0.0 0.47117182016372683 0.07882811399176717 0.004500031471252441 0.00414061825722456
0.0 0.45696871876716616 0.07267187852412463 0.004984438419342041 0.004609359428286552
0.0 0.4628592967987061 0.06840624837204815 0.004015803337097168 0.003968772478401661
0.0 0.43821882605552676 0.07723437892273069 0.004468739032745361 0.005093741230666637
0.0 0.4302499830722809 0.07092187544330955 0.005015552043914795 0.0049843573942780495
0.0 0.4309530794620514 0.07718749474734068 0.004453003406524658 0.004328129813075066
0.0 0.42273434400558474 0.07778126038610936 0.004890561103820801 0.004515616223216057
0.0 0.4366249680519104 0.10092187616974116 0.005234241485595703 0.005109407007694244
0.0 0.46167188286781313 0.07965625021606684 0.004125058650970459 0.004625000059604645
0.0 0.45106258392333987 0.07259373823180795 0.0039217472076416016 0.00329687912017107
0.0 0.4509375035762787 0.06579686552286149 0.004609286785125732 0.005250021815299988
0.0 0.4334530770778656 0.06346875000745059 0.005281269550323486 0.006078120321035385
0.0 0.236171954870224 0.06828124905005098 0.0062500834465026855 0.00565625075250864
0.0 0.23828124403953552 0.06371874865144492 0.005406081676483154 0.00410936214029789
0.0 0.2405156135559082 0.058296881057322024 0.004827976226806641 0.005062485113739967
0.0 0.2241874873638153 0.05620312355458736 0.006859481334686279 0.005109356716275215
0.0 0.2314843475818634 0.055906253308057784 0.004171907901763916 0.005156228318810463
0.0 0.22676553726196289 0.050718743726611136 0.0053594112396240234 0.0060937609523534775
0.0 0.29465618133544924 0.0712500018067658 0.0046405792236328125 0.004999998025596142
0.0 0.2993906378746033 0.07362501407042146 0.004406332969665527 0.0035000061616301537
0.0 0.3043906331062317 0.0695156142115593 0.0047342777252197266 0.0040312595665454865
0.0 0.3105782210826874 0.0733437467366457 0.00426560640335083 0.00417187437415123
0.0 0.2862031102180481 0.07704687993973494 0.004922032356262207 0.003781260922551155
0.0 0.28979682326316836 0.07064062068238855 0.0038750767707824707 0.0040155937895178795
0.0 0.28276568055152895 0.06328125102445484 0.0037345290184020996 0.0032187262549996376
0.0 0.28762503862380984 0.06614061994478107 0.0045468807220458984 0.003937491215765476
0.0 0.297296816110611 0.06437500137835742 0.005218684673309326 0.0034218784421682358
0.0 0.2997031152248383 0.060609381087124346 0.0037813782691955566 0.003718748688697815
0.0 0.30568757057189944 0.06240625577047467 0.00417172908782959 0.003859388642013073
0.0 0.3035937488079071 0.05818750979378819 0.004359304904937744 0.003562518395483494
0.0 0.3165155589580536 0.07512500593438745 0.005874931812286377 0.004671846516430378
0.0 0.3195312559604645 0.07187499841675163 0.004906117916107178 0.004578103311359882
0.0 0.3312969446182251 0.07195312613621355 0.005125164985656738 0.00414061825722456
0.0 0.19665622115135192 0.06298438077792526 0.004249870777130127 0.00407810602337122
0.0 0.19206249117851257 0.059890628699213265 0.004437625408172607 0.003515646792948246
0.0 0.18189066052436828 0.062468742858618496 0.0046250224113464355 0.0033281100913882256
0.0 0.1870781421661377 0.061453120224177836 0.0044220685958862305 0.003562493249773979
0.0 0.1804843783378601 0.05929687563329935 0.0070781707763671875 0.003031264990568161
0.0 0.16790624856948852 0.061890617851167916 0.00534367561340332 0.004453129135072231
0.0 0.18370311856269836 0.05189063437283039 0.003953039646148682 0.00410936214029789
0.0 0.18690630197525024 0.055250000581145285 0.004140615463256836 0.004578128457069397
0.0 0.17979683876037597 0.05032813027501106 0.0030312538146972656 0.0025312677025794983
0.0 0.1905312180519104 0.05034374576061964 0.0032655000686645508 0.0035156216472387314
0.0 0.19498440027236938 0.053328126575797795 0.003390669822692871 0.003531237132847309
0.0 0.2045624792575836 0.05545311504974961 0.004140794277191162 0.003109392710030079
0.0 0.2071405291557312 0.057718743477016686 0.0030312538146972656 0.002953137271106243
0.0 0.1990780770778656 0.05731248939409852 0.0031562447547912598 0.0033749816939234734
0.0 0.2006249964237213 0.05343751041218638 0.003453075885772705 0.0034374939277768135
0.0 0.21226569414138793 0.062468742858618496 0.005156278610229492 0.0046406155452132225
0.0 0.2110937476158142 0.049265623465180396 0.0037654638290405273 0.003828132525086403
0.0 0.215796822309494 0.05193749340251088 0.004078209400177002 0.0035468777641654015
0.0 0.11321873366832733 0.05025000255554914 0.0045625269412994385 0.0042656175792217255
0.0 0.11909375488758087 0.05290625700727105 0.004140526056289673 0.004250002093613148
0.0 0.12357814013957977 0.05442187692970037 0.004484385251998901 0.0032343920320272446
0.0 0.12453126311302185 0.05065624406561255 0.004062473773956299 0.00317185465246439
0.0 0.12746877372264862 0.07651562653481961 0.011499971151351929 0.005531251430511475
0.0 0.12965624928474426 0.08098438372835517 0.0036719441413879395 0.002593754790723324
0.0 0.13212499916553497 0.09135937774553896 0.004578262567520142 0.00426564272493124
0.0 0.14271874129772186 0.08382811201736332 0.006374984979629517 0.003906260244548321
0.0 0.21053128838539123 0.07804688708856702 0.005124986171722412 0.010171866975724697
0.0 0.19384374618530273 0.0652187405154109 0.005187392234802246 0.0038750041276216507
0.0 0.3971875548362732 0.07198438225314022 0.0063436031341552734 0.004937485791742802
0.0 0.4161874294281006 0.06715625515207649 0.004937410354614258 0.004578153602778912
0.0 0.4202656388282776 0.06990626538172365 0.005312561988830566 0.004343745298683643
0.0 0.4060468912124634 0.06215625712648034 0.004718899726867676 0.004812511615455151
0.0 0.4015625059604645 0.06964063867926598 0.0037499070167541504 0.002734394744038582
0.0 0.4044686794281006 0.07284374944865704 0.00423431396484375 0.004125002771615982
0.0 0.4077030658721924 0.06917185978963972 0.004156351089477539 0.003343750722706318
0.0 0.39904686212539675 0.06578123746439815 0.00435948371887207 0.003453134559094906
0.0 0.3965000152587891 0.061562504060566424 0.004250049591064453 0.0037500299513339996
0.0 0.3788750410079956 0.06973436931148172 0.004000067710876465 0.0038437480106949806
0.0 0.38415622115135195 0.07029687883332372 0.004562437534332275 0.003406262956559658
0.0 0.387671971321106 0.07393749980255962 0.005656242370605469 0.004421898163855076
0.0 0.3883280396461487 0.06368749253451825 0.004484295845031738 0.003953106701374054
0.0 0.38162493109703066 0.06251562703400851 0.005421817302703857 0.004703102633357048
0.0 0.37545316815376284 0.06465624356642366 0.006843745708465576 0.00504686962813139
0.0 0.3710156321525574 0.0679374946281314 0.004203200340270996 0.0037031080573797226
0.0 0.36978119015693667 0.059249991457909344 0.003421962261199951 0.0038437480106949806
0.0 0.36599999070167544 0.062078116834163664 0.0037810206413269043 0.0038593634963035583
0.0 0.36123433113098147 0.06587500581517816 0.0032655000686645508 0.0029687276110053062
0.0 0.31296869516372683 0.05457811979576945 0.003437519073486328 0.003000008873641491
0.0 0.3215781390666962 0.05503124548122287 0.0031405091285705566 0.0027656005695462227
0.0 0.332203084230423 0.05471874717622995 0.003468811511993408 0.0032656230032444
0.0 0.33662506341934206 0.05726561779156327 0.0027033090591430664 0.0032656481489539146
0.0 0.3453281164169312 0.06267186990007759 0.003140687942504883 0.002781241200864315
0.0 0.3448906481266022 0.056921875942498444 0.003390491008758545 0.0031406236812472343
0.0 0.060671889781951906 0.0488906254991889 0.0036875009536743164 0.0025468580424785614
0.0 0.13445311188697814 0.06023438312113285 0.0030781030654907227 0.003312494605779648
0.0 0.13442186415195465 0.04870312651619315 0.0038907229900360107 0.003015599213540554
0.0 0.13490622639656066 0.05210937689989805 0.003546774387359619 0.0025468580424785614
0.0 0.13871876299381256 0.054515632707625626 0.003453165292739868 0.0026249857619404793
0.0 0.13926562070846557 0.057546859979629515 0.0037030577659606934 0.0026562418788671494
0.0 0.14754685163497924 0.057453141920268534 0.00426560640335083 0.003312494605779648
0.0 0.14562495946884155 0.053437497839331626 0.007546842098236084 0.003796851262450218
0.0 0.1551874816417694 0.055687498208135365 0.0035625100135803223 0.0035468777641654015
0.0 0.173187518119812 0.05142186805605888 0.004500031471252441 0.006906269118189812
0.0 0.1680937349796295 0.05025000255554914 0.005578100681304932 0.004578128457069397
0.0 0.1611718475818634 0.05314061501994729 0.0036093592643737793 0.00317185465246439
0.0 0.155921870470047 0.049953132309019564 0.0037187933921813965 0.0030469056218862534
0.0 0.16071882247924804 0.049375007301568984 0.0036406517028808594 0.0031250081956386566
0.0 0.3553593993186951 0.06853124769404531 0.004906296730041504 0.0037656454369425774
0.0 0.3540626406669617 0.062281256448477505 0.005656242370605469 0.005765634588897228
0.0 0.3568125307559967 0.056875004339963196 0.003390491008758545 0.0037343641743063927
0.0 0.35931252837181094 0.06053124079480767 0.0037030577659606934 0.0032812384888529778
0.0 0.316156142950058 0.06254687057808042 0.004734456539154053 0.004218771122395992
0.0 0.3225937128067017 0.0637812483124435 0.0054531097412109375 0.006156248040497303
0.0 0.32595317959785464 0.06982812508940697 0.0038593411445617676 0.003843722864985466
0.0 0.32837494611740115 0.06096873842179775 0.0037343502044677734 0.003828132525086403
0.0 0.33948429822921755 0.07021873854100705 0.004078030586242676 0.0040312595665454865
0.0 0.3382656812667847 0.07540626069530845 0.00429689884185791 0.0037343641743063927
0.0 0.3446562230587006 0.07570311836898327 0.0037656426429748535 0.0032812636345624924
0.0 0.33117186427116396 0.06740625379607082 0.0044844746589660645 0.002671857364475727
0.0 0.33679681420326235 0.06418750239536167 0.003593623638153076 0.004000003449618816
0.0 0.3405781924724579 0.06668750140815974 0.0036719441413879395 0.004625000059604645
0.0 0.34728130102157595 0.07117186151444913 0.0036095380783081055 0.004218745976686478
0.0 0.34918745756149294 0.07335936222225428 0.0031718015670776367 0.003671877086162567
0.0 0.26562502384185793 0.06670311689376832 0.0037654638290405273 0.0034062378108501434
0.0 0.27103119492530825 0.06831249259412289 0.003953039646148682 0.003484390676021576
0.0 0.26917179822921755 0.06515625342726708 0.003281235694885254 0.003671877086162567
0.0 0.25692188143730166 0.06542188012972475 0.005703270435333252 0.00414061825722456
0.0 0.26142182350158694 0.06876561827957631 0.004953145980834961 0.0045468974858522415
0.0 0.27459379434585574 0.07949999477714301 0.00267183780670166 0.002968752756714821
0.0 0.2741875290870667 0.07376561630517245 0.00475001335144043 0.0040312595665454865
0.0 0.26871868371963503 0.061093750316649674 0.00475001335144043 0.004343745298683643
0.0 0.2714374601840973 0.05806249789893627 0.0038750767707824707 0.0036250054836273193
0.0 0.2682343661785126 0.05295311603695154 0.0037813782691955566 0.0031093675643205643
0.0 0.2753125369548798 0.05653124991804361 0.003359377384185791 0.002984343096613884
0.0 0.2774531185626984 0.05987500064074993 0.004234492778778076 0.0028750095516443253
0.0 0.28190630078315737 0.05562499854713678 0.004406154155731201 0.003593774512410164
0.0 0.2888593912124634 0.052578118070960043 0.00423431396484375 0.004281258210539818
0.0 0.29540621638298037 0.055859381705522536 0.003249943256378174 0.003093777224421501
0.0 0.2989999294281006 0.05132812485098839 0.005578279495239258 0.0037343893200159073
0.0 0.24465622901916503 0.05537499990314245 0.005218863487243652 0.00507812574505806
0.0 0.24240630269050598 0.05015624677762389 0.005265533924102783 0.005062510259449482
0.0 0.25307818651199343 0.056156251952052115 0.0037032365798950195 0.0035781338810920715
0.0 0.25812494158744814 0.054593760427087544 0.0038750767707824707 0.0038906196132302284
0.0 0.25982805490493777 0.05756248803809285 0.003437519073486328 0.002937496639788151
0.0 0.2620000183582306 0.0606406120583415 0.0036093592643737793 0.003375006839632988
0.0 0.26110934615135195 0.0529531286098063 0.0038593411445617676 0.003796876408159733
0.0 0.2593905866146088 0.048546871077269314 0.004734456539154053 0.003968722186982632
0.0 0.2559999167919159 0.050906242709606885 0.0038750767707824707 0.004312514327466488
