0.0 0.9988462490960955 0.379181616846472 0.002307501807808876 0.010701679810881614
0.0 0.974089085496962 0.4608930501621217 0.011875951662659645 0.010635810438543558
0.0 0.9812870875000954 0.46309927669353784 0.012485276907682419 0.010537032876163721
0.0 0.9812869932502508 0.4374481639359146 0.015466587990522385 0.011722469609230757
0.0 0.9534175027161836 0.4264336708467454 0.011233450472354889 0.012216357421129942
0.0 0.9273268837481737 0.4336778710130602 0.013868864625692368 0.010207739006727935
0.0 0.9232913881540299 0.4538464051205665 0.011447586119174957 0.008544842060655356
0.0 0.9481137812137603 0.4686805799137801 0.011315824836492539 0.009730278793722392
0.0 0.9201618691906333 0.5026625255122781 0.011694614961743354 0.010207791998982429
0.0 0.49067131243646145 0.4425026446580887 0.012518452852964402 0.009845536947250367
0.0 0.5099756598472596 0.4452686283737421 0.011447586119174957 0.010899234935641289
0.0 0.5915418315678835 0.2599649154115468 0.010327709466218948 0.00920342979952693
0.0 0.700993987545371 0.3063443459570408 0.007461383193731308 0.010471163503825664
0.0 0.708224929869175 0.30265640299767255 0.006522843241691589 0.009088171645998955
0.0 0.7257504999637604 0.31039451747201385 0.010442882776260376 0.009565684851258993
0.0 0.7402122903615236 0.31187628689222036 0.011529960483312608 0.011030920688062907
0.0 0.7366709467023611 0.2917406874708831 0.011134488135576248 0.009763186983764171
0.0 0.7775033723562956 0.2989519794471562 0.008976920694112777 0.010701679810881614
0.0 0.8092601977288723 0.30428633876144884 0.011464174091815948 0.010866273753345012
0.0 0.8645874483510851 0.34808091311715544 0.011826376244425774 0.009977222699671984
0.0 0.8768587309867144 0.3493650744203478 0.011282837390899659 0.009532723668962717
0.0 0.8860167056322098 0.34324044161476197 0.012485276907682419 0.010767549183219672
0.0 0.8935606045648455 0.32210055948235095 0.012419396266341209 0.010487644094973802
0.0 0.9088789375498891 0.3190217359922826 0.00877927877008915 0.010355958342552185
0.0 0.9243620192632079 0.319713231921196 0.007823962345719337 0.008709488995373249
0.0 0.8907604888081551 0.4386829894501716 0.009948636591434478 0.00689847869798541
0.0 0.8776656981557608 0.4505535989068449 0.006901539117097855 0.0072771083563566204
0.0 0.869034768640995 0.4443795508239418 0.010772191733121873 0.006602146010845899
0.0 0.8639945225790143 0.44202518444508315 0.010854660347104073 0.0060588164255023
0.0 0.857208345271647 0.4470467304810882 0.011497067287564278 0.008100290037691592
0.0 0.852629310823977 0.42361827185377476 0.01100282110273838 0.009318687953054905
0.0 0.836437988653779 0.41431606449186803 0.011661721765995026 0.008281417563557625
0.0 0.9003138886764646 0.3758229412604123 0.006720296666026115 0.008100343029946088
0.0 0.8895087094977498 0.3808115791063756 0.006588535383343697 0.008050954248756171
0.0 0.9117449339479208 0.3375274261459708 0.010591043531894684 0.006684442982077599
0.0 0.9185970390215517 0.33978298846632243 0.012732305750250816 0.006997203268110752
0.0 0.9192394459620118 0.33462973018176856 0.011447491869330407 0.007557066436856985
0.0 0.9492666924372315 0.3332138036377728 0.01233702190220356 0.009022355265915393
0.0 0.9315600683912635 0.3604290092829615 0.009322723373770714 0.011837674770504236
0.0 0.9558388283476233 0.3526249989401549 0.012419396266341209 0.008248509373515844
0.0 0.9791787656024098 0.34895351007580755 0.01258414499461651 0.008116823621094227
0.0 0.9912357712164521 0.34969439478591086 0.008878052607178688 0.00778752975165844
0.0 0.9983027102425694 0.3410177874844521 0.003394579514861107 0.007836971525102853
0.0 0.9678793402388692 0.37060384009964764 0.005748580768704414 0.00938455732539296
0.0 0.9974585615098477 0.2551244704052806 0.005082876980304718 0.0060588164255023
0.0 0.9892592106014491 0.2993471161928028 0.006605029106140137 0.010158350225538015
0.0 0.9749949678778649 0.30660779695026574 0.007329810410737991 0.006289279740303755
0.0 0.9672534741461277 0.31022987053729595 0.008845159411430359 0.007310122530907392
0.0 0.9464007431641221 0.2779272494837642 0.00858154259622097 0.007178330793976784
0.0 0.9278374822810292 0.2823561566416174 0.009965130314230918 0.007474716473370791
0.0 0.8823765410110355 0.28466110774315895 0.009487472102046013 0.010290088970214129
0.0 0.8484949942678213 0.2547128795646131 0.007115674763917923 0.007853346131742
0.0 0.8590366980060935 0.24585519772954284 0.006736696138978005 0.00966446241363883
0.0 0.8495656725019216 0.22800806881859897 0.00614377036690712 0.008429689891636371
0.0 0.8229643136262894 0.25463055609725416 0.007626320421695709 0.007672271598130465
0.0 0.8232608707621694 0.2626979644410312 0.008153459802269936 0.0065691318362951275
0.0 0.8021611109375953 0.2680982196237892 0.006703802943229675 0.00816615941002965
0.0 0.762547430023551 0.22519272281788288 0.007774292677640915 0.007375938910990953
0.0 0.803709353134036 0.24027386801317335 0.008186352998018264 0.006536276638507843
0.0 0.7456643611192704 0.25120601113885643 0.008186164498329162 0.007705285772681236
0.0 0.7375604767352343 0.2696623125113547 0.007165061682462693 0.005548395030200481
0.0 0.7410853266716003 0.2726752401329577 0.009306229650974274 0.008149678818881512
0.0 0.7358308978378773 0.23525226898491383 0.006028597056865692 0.007985084876418113
0.0 0.7340685199946165 0.21426055319607257 0.004941519349813461 0.008528361469507218
0.0 0.7729079384356737 0.20820173677057027 0.005435388535261154 0.007869879715144634
0.0 0.7386804476380349 0.20383872548118234 0.004908531904220581 0.008330806344747543
0.0 0.72925885617733 0.1930712027940899 0.005369602143764496 0.007507677655667067
0.0 0.719408993422985 0.1843122985213995 0.0055177628993988035 0.00721129197627306
0.0 0.6998246297240257 0.1770022289827466 0.005600325763225555 0.006355149112641812
0.0 0.8385627100244164 0.19216567114926875 0.007461477443575859 0.006816128734499216
0.0 0.8450030846521258 0.1978457784280181 0.006077889725565911 0.007853346131742
0.0 0.8594155352562666 0.20122093460522592 0.007132074236869812 0.007688699197024107
0.0 0.8691171430051327 0.19397676093503832 0.008416888117790223 0.007013736851513385
0.0 0.9082366248592735 0.23546635769307614 0.010656924173235893 0.010701679810881614
0.0 0.9040529213845729 0.2463491120375693 0.006390893459320068 0.007178330793976784
0.0 0.9091260135173798 0.24863763554021717 0.006555642187595368 0.007161903195083141
0.0 0.873037276789546 0.2630766735877842 0.007494370639324188 0.007326550129801035
0.0 0.8727902479469776 0.2565239163581282 0.007955629378557205 0.008001565467566252
0.0 0.8878779986873269 0.24534480283036827 0.007675613090395927 0.006322187930345535
0.0 0.8900851886719465 0.23958234558813274 0.006703802943229675 0.007441755291074515
0.0 0.8374921260401607 0.22828794741071762 0.0050073999911546705 0.008989447075873614
0.0 0.8550999762490392 0.2709135656245053 0.008861653134226799 0.008050901256501675
0.0 0.48843108788132666 0.26432792670093475 0.008828571438789368 0.007540532853454351
0.0 0.4950691986829042 0.26906956764869394 0.008202563971281052 0.006684389989823103
0.0 0.5035189799964428 0.2656121145002544 0.008532249927520752 0.005499006249010563
0.0 0.512265271320939 0.2687896890565753 0.009454578906297684 0.007260680757462978
0.0 0.509069824591279 0.27609978509135547 0.008927533775568009 0.009236390981823207
0.0 0.4869817137718201 0.27662660758942365 0.009438179433345795 0.009154094010591507
0.0 0.49203840643167496 0.2965482242871076 0.009652315080165863 0.007639310415834188
0.0 0.4990388136357069 0.29361756714060905 0.007165061682462693 0.006371576711535454
0.0 0.5677901167422533 0.2921028895303607 0.009899061173200607 0.005630744993686676
0.0 0.33707592226564886 0.2529347509611398 0.010377096384763673 0.008874135930091143
0.0 0.011865419894456886 0.26287909196689724 0.012501676380634263 0.009252871572971343
0.0 0.08396061323583126 0.5507871499750763 0.008515850454568819 0.010783976782113314
0.0 0.1041708901524544 0.5513633877504617 0.008631023764610335 0.006717351172119379
0.0 0.13403348214924338 0.5517914856784045 0.007395785301923752 0.007589974626898766
0.0 0.12831798307597636 0.5619992246851325 0.007824056595563955 0.008297845162451268
0.0 0.11013360656797888 0.5594143419992179 0.0071484737098217455 0.008347286935895681
0.0 0.10132134035229683 0.5703959268983454 0.007395596802234672 0.008890669513493776
0.0 0.10614759214222431 0.2728234064765275 0.008252327889204047 0.006750259362161159
0.0 0.06821400895714763 0.2412781507242471 0.008334702253341653 0.004544032830744981
0.0 0.08825972564518453 0.23194298218004405 0.009059106558561347 0.005927024688571691
0.0 0.06503496170043949 0.2026697958353907 0.007461571693420432 0.005367320496588945
0.0 0.05635464526712891 0.20439853565767407 0.008054403215646766 0.0057460561394691466
0.0 0.04793775714933873 0.24397829156368972 0.008548649400472619 0.004675824567675591
0.0 0.04549989067018034 0.2384627517312765 0.009026307612657547 0.005548395030200481
0.0 0.03672070614993572 0.24844005391933024 0.008054403215646655 0.003440946061164141
0.0 0.037890252470970165 0.244307532440871 0.00793922990560525 0.004445308260619641
0.0 0.01629629358649254 0.23902256190776824 0.0078732550144196 0.006668015383183956
0.0 0.0037214200943708198 0.20671996735036374 0.0074428401887416396 0.006881998106837273
0.0 0.06141133792698383 0.16702497978694736 0.006753378361463502 0.004198311362415552
0.0 0.06867517344653606 0.16523037059232593 0.005913046747445971 0.004577047005295753
0.0 0.024021293595433202 0.2442252354696393 0.00874619707465174 0.0060423888266086575
0.0 0.09445288293063636 0.10421434687450529 0.007955629378557205 0.0047746021300554276
0.0 0.15460624396800993 0.15638915610034018 0.007609732449054718 0.004873353196308017
0.0 0.17066575773060322 0.15826606226619333 0.0056827001273631605 0.00405022450722754
0.0 0.17279052622616292 0.1621516000945121 0.006786177307367303 0.004955676663666963
0.0 0.18030148483812808 0.20777366533875466 0.005139067023992472 0.005696561373770237
0.0 0.18652781806886198 0.18581052203662693 0.006061584502458528 0.004544032830744981
0.0 0.24786703065037727 0.13352049440145491 0.004101376235485121 0.005350839905440807
0.0 0.24646704345941545 0.18935029865242542 0.00680257678031917 0.006338668521493673
0.0 0.2845158942043781 0.18984423945657908 0.007313410937786058 0.005268542934209109
0.0 0.31355483680963514 0.1873252261430025 0.00803800374269481 0.006371576711535454
0.0 0.32244947738945484 0.18665018430911004 0.005995609611272812 0.004330050107091666
0.0 0.24037256576120852 0.25339575707912443 0.008746197074651718 0.007968657277524471
0.0 0.1982058450579643 0.17178310132585467 0.01103590279817579 0.00689847869798541
0.0 0.2206563465297222 0.1352821556618437 0.0064402803778649265 0.007491170568391681
0.0 0.2284309219568968 0.1366816016146913 0.004101187735796019 0.004445281764492393
0.0 0.23300986215472222 0.13516689750831573 0.004085165262222246 0.0041983378585428
0.0 0.1123242557048798 0.10882430206984281 0.005089491605758667 0.0039513674564659595
0.0 0.12148232460021972 0.10870907041244209 0.005831049382686637 0.004511177632957697
0.0 0.128054366260767 0.10640407956670969 0.0054189890623091985 0.00546612455509603
0.0 0.2545379403978586 0.19043693132698536 0.007692106813192323 0.00456051342189312
0.0 0.7952925592660904 0.13943109149113297 0.006967325508594513 0.005548395030200481
0.0 0.7875345718115568 0.142592211952433 0.006736790388822555 0.005005118437111378
0.0 0.7815883491188288 0.1366816016146913 0.005698911100625992 0.004906314378604293
0.0 0.7533069867640734 0.15492384077515453 0.005254428833723068 0.005433110380545258
0.0 0.7524010572582484 0.12593051977455616 0.005468564480543137 0.005630744993686676
0.0 0.7801058933138847 0.11644719813484698 0.005007305741310119 0.004840445006266236
0.0 0.7818848591297864 0.11163967456668615 0.005880247801542282 0.0040995867922902106
0.0 0.7733197160065174 0.10650287037715316 0.006473079323768616 0.005136804189532995
0.0 0.7169218342751265 0.1520920141832903 0.006127559393644333 0.005005038948729635
0.0 0.7197877835482359 0.14550636201165618 0.006374493986368179 0.0065691848285496235
0.0 0.7156040329486132 0.13918414758518338 0.005995609611272812 0.005877688899636269
0.0 0.6923300705850124 0.20795476636849344 0.00769229531288147 0.007096033822745085
0.0 0.8951254347339272 0.20209353156387805 0.011645228043198586 0.007507624663412571
0.0 0.6661735709756613 0.16850674920715392 0.007758081704378128 0.007491144072264433
0.0 0.680981258302927 0.15097247331868857 0.008943933248519897 0.007836945028975606
0.0 0.6919512804597616 0.13827858944423496 0.004727383702993393 0.005762430746108294
0.0 0.673124497011304 0.18383483830839395 0.004134363681077957 0.0064210714772343636
0.0 0.6227220363914967 0.16480232565663755 0.005106079578399658 0.005663653183728456
0.0 0.5995798353105783 0.13743895366787912 0.006621428579092026 0.00594350527971983
0.0 0.6197242315858602 0.13427784645464272 0.007362609356641769 0.006141139892861247
0.0 0.4098793089389801 0.16697559100575746 0.007264024019241333 0.006289279740303755
0.0 0.43369681015610695 0.13836092615965753 0.007198049128055573 0.005927104176953435
0.0 0.4230563797056675 0.1380810343194753 0.006077983975410461 0.005350839905440807
0.0 0.41355241388082503 0.1388219322776422 0.006440280377864838 0.00497218375094235
0.0 0.37734840959310534 0.14158790274523197 0.005122667551040605 0.005861208308488131
0.0 0.37100690305233003 0.14041893335524946 0.005699099600315094 0.005400255182757973
0.0 0.335774614661932 0.12721473407000303 0.0061933457851409916 0.005087415408343077
0.0 0.36491251960396764 0.12830135349649935 0.005765074491500899 0.005383774591609836
0.0 0.37056213803589344 0.13124843824189156 0.005633313208818436 0.00477457563392818
0.0 0.6994621448218823 0.4453179906588048 0.008515661954879761 0.007425327692180872
0.0 0.7029870890080929 0.20395401013083755 0.008334702253341675 0.005005065444856882
0.0 0.7034812409430742 0.20757613671012223 0.0037388913333415985 0.0050380266271531585
0.0 0.6918360128998756 0.22629580958746373 0.004645009338855743 0.008561375644057989
0.0 0.8835789805278182 0.12566709527745842 0.006555736437439919 0.006849089916795492
0.0 0.8757220778614283 0.1291245749220252 0.005270828306674957 0.005910597089678049
0.0 0.9279034100472927 0.12706655447836965 0.005781473964452744 0.006338695017620921
0.0 0.869347725249827 0.102469152957201 0.004430779442191124 0.005778911337256431
0.0 0.8481984842568636 0.1093511643121019 0.0038706526160240174 0.003819655207917094
0.0 0.8325342543423175 0.11262751643080264 0.0048425570130348206 0.004972130758687854
0.0 0.8321884045377373 0.10699678468517959 0.0039037343114614485 0.0050709348171949385
0.0 0.825303359143436 0.10632175609935075 0.004117869958281517 0.0037208776455372574
0.0 0.8166229013353586 0.1044119284953922 0.004644820839166642 0.004231272544711828
0.0 0.8063118740916252 0.11641427669674158 0.005221441388130188 0.005202673561871052
0.0 0.8059989646077156 0.10681568365544081 0.004677808284759522 0.005202673561871052
0.0 0.7990479443222285 0.11697403388097882 0.004447273164987564 0.005153284780681134
0.0 0.7920146439224481 0.10511987851932644 0.005995609611272812 0.005713041964918375
0.0 0.7875344775617122 0.10042759985662997 0.005534350872039795 0.005350839905440807
0.0 0.8025234073400498 0.10158008865546435 0.004875732958316803 0.00497218375094235
0.0 0.7993279606103897 0.10732607855461537 0.0060613960027694706 0.005284970533102751
0.0 0.7939253710210323 0.11473493890371174 0.004908531904220581 0.005219127656891942
0.0 0.7807318065315485 0.10693092856090516 0.005237840861082077 0.00523560824804008
0.0 0.7478056233376265 0.11873569514136761 0.005517951399087906 0.005021572532132268
0.0 0.26804450862109663 0.13613829852547496 0.004661408811807677 0.0052027000579983
0.0 0.26450307071208956 0.1329277760349214 0.004134175181388811 0.0047746021300554276
0.0 0.2765600763261318 0.13159418620634825 0.004463672637939453 0.004527631727978587
0.0 0.31241818368434904 0.14670823959168047 0.004793170094490096 0.004544059326872229
0.0 0.30345785096287725 0.1466752916574478 0.004167351126670882 0.005350839905440807
0.0 0.2885676950216293 0.14190074251964688 0.006094571948051497 0.005910597089678049
0.0 0.3042484186589718 0.12927274126559496 0.004249536991119296 0.004264180734753609
0.0 0.7755104593932629 0.13883838637266308 0.006028597056865692 0.008215627679601312
0.0 0.7655947159975767 0.14346480891108512 0.009981624037027358 0.006914906296879053
0.0 0.7698113597929478 0.111738452129066 0.005797873437404633 0.004758121538907289
0.0 0.7636016145348549 0.10991093474440276 0.006226144731044769 0.004873379692435264
0.0 0.7245316609740258 0.11929549206979573 0.005484963953495026 0.003704423550516367
0.0 0.7239055592566729 0.11560750936623662 0.0053532026708126065 0.004642889881506562
0.0 0.7295717656612396 0.1151135950582102 0.005435577034950257 0.005021572532132268
0.0 0.7382521763443947 0.11687525631859899 0.005056692659854889 0.005103895999491214
0.0 0.7323884222656488 0.11972355025354772 0.004661408811807632 0.005268516438081861
0.0 0.7390758257359267 0.10316066213417799 0.011463985592126847 0.007128968508914113
0.0 0.7438853953033686 0.1074083887739107 0.005995609611272812 0.005153258284553886
0.0 0.7319601509720087 0.10758948980364949 0.004727383702993393 0.004379465384408832
0.0 0.7266069483011961 0.1034569948213175 0.004595433920621872 0.00396782155148685
0.0 0.7192772321403027 0.10938407250214369 0.005386190116405487 0.004478242946788669
0.0 0.7173665050417185 0.11424101134762168 0.004628609865903854 0.004297141917049885
0.0 0.7129192318767309 0.12161692376248538 0.007560157030820846 0.005235581751912832
0.0 0.7119310222566128 0.11758320634253323 0.007264024019241333 0.005400228686630726
0.0 0.6943726532161236 0.1147184583125636 0.005814461410045624 0.005268516438081861
0.0 0.6753152403980494 0.13536447912920266 0.006703614443540573 0.005383774591609836
0.0 0.674030426517129 0.1412421415327117 0.004644820839166642 0.005614290898665786
0.0 0.5996787033975124 0.1202339451527223 0.005979210138320923 0.005499032745137811
0.0 0.5951160684227943 0.12515671362634748 0.005896647274494171 0.0050709083210676905
0.0 0.5901911370456219 0.1301453382242471 0.006012009084224701 0.005317931715399027
0.0 0.5857110649347306 0.1219956064131111 0.005484963953495026 0.004988637845963239
0.0 0.5598837800323964 0.13180820867419243 0.0059626221656799315 0.005844727717339992
0.0 0.5675595816224813 0.13299363215919585 0.0054519765079021456 0.004955703159794211
0.0 0.55551916398108 0.13567727915942668 0.005139067023992539 0.006025855243206024
0.0 0.6554177787154913 0.10538328976836056 0.004661408811807632 0.005367294000461697
0.0 0.6489609103649855 0.10851148879155517 0.0050402931869029995 0.005367320496588945
0.0 0.6428336337208748 0.1119195664068684 0.00477658212184906 0.005268516438081861
0.0 0.641763049736619 0.10227158458437771 0.0065720416605472565 0.005054480722174048
0.0 0.6447608545422554 0.12418533910531551 0.005534350872039795 0.005762457242235541
0.0 0.6351415269076824 0.1278074259404093 0.005666300654411316 0.005433136876672506
0.0 0.4071944136172533 0.1325326392892748 0.006308519095182419 0.006322240922600031
0.0 0.4136182002723217 0.12947030963841827 0.005303627252578736 0.005136830685660243
0.0 0.4043943449854851 0.12578234018292278 0.005633124709129333 0.00500509194098413
0.0 0.4003918368369341 0.1329442301299423 0.005073092132806778 0.005844727717339992
0.0 0.39431385286152365 0.13123197089880706 0.005698911100626036 0.004708732757717371
0.0 0.449575175717473 0.12446523094549775 0.005205041915178299 0.005680133774876595
0.0 0.44435382857918737 0.12444876360241323 0.004694396257400512 0.005153258284553886
0.0 0.44206421710550786 0.12784036062657833 0.005287227779626846 0.006453926675021648
0.0 0.4404172010719776 0.11931195941288024 0.006720390915870666 0.005219127656891942
0.0 0.43539340160787104 0.11783017674461008 0.005567338317632675 0.00556487562134862
0.0 0.4300072114914656 0.12146875741891563 0.005122479051351547 0.0049227684736251835
0.0 0.42585635408759115 0.1309356117155403 0.005534350872039795 0.004445308260619641
0.0 0.42972719520330427 0.12909162698779256 0.005682511627674103 0.004725186852738261
0.0 0.4215904176235199 0.12239074315875768 0.0048425570130348206 0.005136804189532995
0.0 0.4154466472566128 0.12118886557873339 0.0029813110828399657 0.0037208776455372574
0.0 0.3852381583303213 0.1287458922713995 0.0054025895893573764 0.004330050107091666
0.0 0.38560054898262025 0.12370786564424634 0.00599542111158371 0.004791082721203566
0.0 0.4631147313863039 0.1377353260992095 0.0061271823942661285 0.0065362501423805956
0.0 0.46222520135343076 0.13157771886326372 0.006588629633188248 0.0057460031472146515
0.0 0.4831109669059515 0.12951969841960817 0.005666112154722213 0.006898452201858163
0.0 0.4785154387354851 0.12851538921240718 0.005616536736488343 0.00584475421346724
0.0 0.4734916392713785 0.13198933620005845 0.00579768493771553 0.00556487562134862
0.0 0.532854338362813 0.13040876272134483 0.006638016551733017 0.0055977838113904
0.0 0.5329697001725435 0.13571021384559573 0.006407292932271958 0.005005118437111378
0.0 0.525079857185483 0.137027349579148 0.005550750344991684 0.004939222568646073
0.0 0.5494575794786215 0.13021119434852152 0.005073092132806778 0.00497218375094235
0.0 0.5428360566496849 0.1319563882658258 0.005451788008213043 0.005169738875702023
0.0 0.5393934868276119 0.12734643307048826 0.005765074491500854 0.005169738875702023
0.0 0.542918336763978 0.12247306662611664 0.005303815752267837 0.005960038863122463
0.0 0.6293106660246849 0.11656244304031134 0.006605029106140137 0.005910597089678049
0.0 0.6196584451943636 0.12553536978084595 0.006275343149900437 0.00638808379881084
0.0 0.7154227904975414 0.10151423253118992 0.0061933457851409916 0.006519796047359705
0.0 0.7121779568493366 0.10711202959064395 0.005435577034950257 0.0051862194668501616
0.0 0.7043047018349171 0.10732606530655175 0.005666300654411316 0.004955703159794211
0.0 0.7059189189225435 0.11259459499269724 0.006753378361463547 0.006618573609739542
0.0 0.7608838260173798 0.10548209382686764 0.005863848328590393 0.006223436864092946
0.0 0.7590225800871849 0.10238682948984205 0.0056497126817703245 0.003967848047614098
0.0 0.7520222671329975 0.10357225297484547 0.004150763154029846 0.004725186852738261
0.0 0.6930382639169693 0.10268320192117245 0.006555642187595368 0.006272825645282865
0.0 0.6883109744638205 0.10128372947219759 0.005419177561998367 0.006124659301713109
0.0 0.6883604556322098 0.1085444234777242 0.005633124709129333 0.005103895999491214
0.0 0.6862355928868056 0.1057949071051553 0.004612021893262863 0.0041983378585428
0.0 0.6677548006176949 0.1198717298451811 0.00635809451341629 0.0050709348171949385
0.0 0.6876851554960013 0.11962477269116789 0.007856855541467667 0.006256345054134726
0.0 0.31600910276174543 0.13836091291159391 0.00670380294322972 0.005202673561871052
0.0 0.3120065003633499 0.1357925505610183 0.006176757812499956 0.004758148035034537
0.0 0.31908928193151953 0.1325655607273802 0.006110971421003386 0.006009401148185134
0.0 0.3242282547056675 0.12721474731806665 0.006176757812500044 0.00558132971636951
0.0 0.3255130685865879 0.13641817711759358 0.008005204796791076 0.006388136791065336
0.0 0.49172549694776535 0.11950952778570353 0.004908531904220581 0.0036550347693264486
0.0 0.49044058881700037 0.12216024009976537 0.004496660083532333 0.004017210332676768
0.0 0.4853016160428524 0.11807713389862329 0.004595622420310974 0.004066652106121183
0.0 0.475451847538352 0.12151814620010555 0.004858956485986709 0.004379438888281584
0.0 0.5011636763811111 0.11596972467377782 0.0071814611554145815 0.005136804189532995
0.0 0.5009658459573985 0.11952598188072443 0.00866401121020317 0.0057459501549601555
0.0 0.6578061640262604 0.11885096654295921 0.00512266755104065 0.0039843286387622355
0.0 0.6527658708393573 0.11124453782103956 0.005913235247135162 0.006486887857317924
0.0 0.6560107044875622 0.11488310524728149 0.005863848328590393 0.006470433762297034
0.0 0.6290636371821166 0.10674982753116638 0.006638016551733017 0.005795365432277322
0.0 0.6156559370458126 0.12250598806422204 0.00477658212184906 0.003720930637791753
0.0 0.6182254705578089 0.11924610328860581 0.0042331375181674956 0.0037702929228544237
0.0 0.5388829354196787 0.11048717251978815 0.004430685192346573 0.004791082721203566
0.0 0.5513352248817682 0.11888388798106461 0.006357906013727188 0.005103869503363967
0.0 0.5240916475653649 0.11448795525357128 0.0051554664969444275 0.007952176686376333
0.0 0.522691660374403 0.12275294521823525 0.004496848583221436 0.004807510320097208
0.0 0.4959421407431364 0.12434995954390615 0.0062591321766376495 0.006272825645282865
0.0 0.4990057319402695 0.1291245749220252 0.004183562099933624 0.005515486840158701
0.0 0.656406082585454 0.12700069835409522 0.008334513753652573 0.009170521609485149
0.0 0.4560815252363682 0.12174863601103425 0.006390893459320068 0.003967848047614098
0.0 0.4638725001364946 0.11881801860872657 0.006308519095182419 0.006635027704760432
0.0 0.45787689052522185 0.11661183182150126 0.00591304674744606 0.006470407266169787
0.0 0.5158724013715983 0.12686898610554637 0.006341318041086197 0.004840418510138988
0.0 0.5807037591934204 0.10758948980364949 0.006522466242313385 0.006289306236431003
0.0 0.5872922945767641 0.14367884462699293 0.005303815752267837 0.00401718383654952
0.0 0.6076014395803213 0.11536055221222341 0.007132262736558914 0.006256371550261974
0.0 0.5131383076310158 0.13230214947834612 0.005682511627674103 0.007375938910990953
0.0 0.5598180878907442 0.1131214439868927 0.004282524436712265 0.004626435786485672
0.0 0.5640347316861153 0.1109152571996674 0.004595622420310974 0.005383774591609836
0.0 0.603796573355794 0.10627236731816084 0.004463861137628556 0.004840445006266236
0.0 0.6093803111463785 0.10678274896927178 0.004167162626981735 0.0033916102722287176
0.0 0.5762564860284328 0.11891680941917002 0.005633124709129333 0.005284970533102751
0.0 0.6224751017987729 0.11516298383940012 0.005699099600315094 0.007211265480145812
0.0 0.6350757405161858 0.12275295846629888 0.009405003488063812 0.005219127656891942
0.0 0.6728115875273943 0.11163967456668615 0.008795583993196488 0.006322240922600031
0.0 0.6735855672508478 0.10454362749587745 0.007214448601007462 0.007507651159539819
0.0 0.5852168187499046 0.11674354407005012 0.004381486773490905 0.003720904141664505
0.0 0.5830591570585966 0.1121500562177971 0.006044996529817581 0.006042309338226914
0.0 0.5352922048419714 0.11697403388097882 0.004397886246442795 0.005367320496588945
0.0 0.5850190825760364 0.13029351781588047 0.003458969295024872 0.0034904143307358027
0.0 0.5800612580031157 0.1317094311118126 0.005139067023992539 0.004017236828804016
0.0 0.5809672817587852 0.12729704428929836 0.00530400425195694 0.004412373574450612
0.0 0.6340379554778337 0.11152442966122181 0.00499090626835823 0.007820464437827468
0.0 0.523350466787815 0.13175883314106612 0.007115486264228821 0.004873406188562512
0.0 0.5320472769439221 0.12550246159080417 0.0048425570130348206 0.004527631727978587
0.0 0.527369562909007 0.12895991473924368 0.004430685192346573 0.004412373574450612
0.0 0.6182748574763537 0.10816574082709848 0.005205041915178299 0.005548448022454977
0.0 0.5961867466568946 0.11376352463848889 0.0048425570130348206 0.0046593439765274525
0.0 0.4622416950762272 0.1257988075260073 0.006440280377864838 0.005877688899636269
0.0 0.4546978432685137 0.12803794224746526 0.0070662878453731535 0.005235581751912832
0.0 0.4554885052144527 0.13307595562655478 0.005897024273872375 0.0054496439639478925
0.0 0.4510577257722616 0.13144600661471487 0.004892132431268692 0.004494697041809559
0.0 0.6200537290424109 0.10391798769123853 0.005880247801542282 0.0043959194794297215
0.0 0.6149146620184183 0.10164595802780241 0.007576745003461838 0.006141139892861247
0.0 0.5099922478199005 0.11493249402847142 0.004266124963760376 0.004066599113866687
0.0 0.5146535623818635 0.11975648493971676 0.006489855796098709 0.006453953171148896
0.0 0.5921842385083437 0.10658518059644848 0.010492458194494247 0.007853372627869249
0.0 0.5615309845656157 0.12005283087491989 0.007181649655103683 0.006997256260365248
0.0 0.5533282320946455 0.12308223908767105 0.007263835519552231 0.006338668521493673
