0.0 0.6369656142778695 0.6959537036716938 0.021387504413723946 0.020912347733974455
0.0 0.572821045294404 0.6755050987005233 0.024264225270599127 0.02312697172164917
0.0 0.6830157919321209 0.7987731631845236 0.02155618043616414 0.024785200506448744
0.0 0.6071728913811967 0.8493803296238184 0.018519926583394408 0.025974880903959274
0.0 0.5308301578043029 0.7683541849255562 0.02949805255047977 0.025548622012138367
0.0 0.5224374575773254 0.8085155095905066 0.026559979422017932 0.026232654601335524
0.0 0.4587246188893914 0.7895125325769186 0.030945470556616783 0.027268555015325546
0.0 0.49467905808705837 0.8118362441658974 0.02804576396010816 0.027097955346107483
0.0 0.6061095232143998 0.9919872891157866 0.02608240582048893 0.016025421768426897
0.0 0.3576454697176814 0.9285471782088279 0.023334712721407413 0.0310699000954628
0.0 0.6620191305410117 0.9280565239489078 0.03131341328844428 0.02573469579219818
0.0 0.8500483767129481 0.8929455742239952 0.02548426389694214 0.02719137668609619
0.0 0.49267699162010103 0.9980853863060475 0.026997135719284415 0.003829227387905121
0.0 0.4237714692717418 0.9626555785536766 0.027282534865662456 0.023994867503643037
0.0 0.25201663945335895 0.5443831540644168 0.02324627316556871 0.02474685162305832
0.0 0.4104225223418325 0.9053327921777964 0.030955553520470858 0.024616042524576186
0.0 0.6740223008673638 0.9824065029621124 0.034247726667672396 0.029445791244506837
0.0 0.48895714699756354 0.9243510510772467 0.029140876373276114 0.02227262780070305
0.0 0.23899739689659327 0.46850465014576914 0.023750421358272433 0.028128473460674285
0.0 0.42741248733364046 0.46835072599351407 0.020041514188051224 0.02200581952929497
0.0 0.3936327639967203 0.4128256756812334 0.018632975406944752 0.021101785451173784
0.0 0.37673388747498393 0.39191693216562273 0.021043829154223204 0.02069263458251953
0.0 0.33847916533704847 0.2811792451888323 0.020480294013395905 0.018516743928194045
0.0 0.4082558813970536 0.4410593442618847 0.018191375769674778 0.022165270149707796
0.0 0.35970294976141304 0.2640707895159721 0.021285563940182328 0.022588165104389192
0.0 0.2776546685490757 0.27478473708033563 0.015913480427116156 0.015447583794593812
0.0 0.38527390151284635 0.2549913790076971 0.013159293215721846 0.01581117734313011
0.0 0.31201053073164076 0.2624836839735508 0.023204745026305318 0.01606481820344925
0.0 0.09887739620171487 0.19637239556759595 0.02385304542258382 0.02107040472328663
0.0 0.44652162643615156 0.3463875327259302 0.01715753017924726 0.01764231249690056
0.0 0.4529452861752361 0.9996011283248663 0.020349300932139158 0.0007977433502674103
