0.0 0.9469357281923294 0.48985160812735556 0.014586657285690308 0.014018028974533081
0.0 0.8140829205513 0.37475863955914973 0.011010825634002686 0.011395331472158432
0.0 0.8190054446458817 0.3931283850222826 0.0177171528339386 0.0165715254843235
0.0 0.053391680121421814 0.5338088229298592 0.012752607464790344 0.013257220387458801
0.0 0.10756710544228554 0.5429570835083724 0.018173731863498688 0.01611487939953804
0.0 0.11954986304044724 0.5358937039971352 0.015620693564414978 0.013457782566547394
0.0 0.139837097376585 0.5203125674277544 0.018224157392978668 0.015652600675821304
0.0 0.17168402671813965 0.5004316151142121 0.01871439814567566 0.01658349484205246
0.0 0.5561579018831253 0.3410385951399803 0.015389174222946167 0.011568032205104828
0.0 0.6212416589260101 0.2929497893899679 0.012287914752960205 0.010653633624315262
0.0 0.6509063541889191 0.28200049251317977 0.012166500091552734 0.011269301176071167
0.0 0.6659558266401291 0.2761656317859888 0.013192802667617798 0.012055154889822006
0.0 0.6778884381055832 0.2905641656368971 0.012230068445205688 0.01073208823800087
0.0 0.6516603231430054 0.29395908787846564 0.016661345958709717 0.013961702585220337
0.0 0.6666559278964996 0.3005749240517616 0.011822283267974854 0.010171942412853241
0.0 0.7500211745500565 0.19668293576687573 0.010858744382858276 0.010682450607419014
0.0 0.7841028422117233 0.2089687019586563 0.010117202997207642 0.009652633219957352
0.0 0.8309522718191147 0.22509489692747592 0.008497685194015503 0.008698001503944397
0.0 0.798244833946228 0.25178968273103236 0.010077059268951416 0.010846149176359177
0.0 0.7555945366621017 0.21703667771071194 0.013995498418807983 0.011808475479483604
0.0 0.737151712179184 0.2382077809423208 0.014661848545074463 0.013139840215444565
0.0 0.7293631136417389 0.27742935456335543 0.013894736766815186 0.012733083218336105
0.0 0.7541362196207047 0.25869710855185984 0.011712402105331421 0.00986989215016365
0.0 0.7528775930404663 0.276286431774497 0.010891377925872803 0.009393330663442612
0.0 0.7776486426591873 0.24978823512792586 0.009947866201400757 0.010316379368305206
0.0 0.7701127529144287 0.2385937927290797 0.01100081205368042 0.009222390130162239
0.0 0.7589114904403687 0.22752651218324899 0.010266244411468506 0.008968418464064598
0.0 0.7454565465450287 0.2258489916101098 0.012482821941375732 0.01196206547319889
0.0 0.7306777089834213 0.2198035355657339 0.010516852140426636 0.008594200015068054
0.0 0.7234101742506027 0.2413505420088768 0.008562594652175903 0.007953688502311707
0.0 0.8040697425603867 0.2332499774172902 0.012231677770614624 0.015508214011788368
0.0 0.6786798685789108 0.21871032584458588 0.013767331838607788 0.011604292318224907
0.0 0.6705671697854996 0.19778371434658765 0.011714190244674683 0.010135883465409279
0.0 0.653210461139679 0.20954949241131543 0.013159453868865967 0.012006020173430443
0.0 0.6392628848552704 0.21928651463240384 0.013355255126953125 0.012634260579943657
0.0 0.5862827301025391 0.24324014149606227 0.0084761381149292 0.007731098681688309
0.0 0.5799335390329361 0.24572574459016322 0.013504475355148315 0.012423086911439896
0.0 0.5934575498104095 0.24344683922827243 0.012054026126861572 0.009754825383424759
0.0 0.5901754647493362 0.23295868951827287 0.014405161142349243 0.011769549921154976
0.0 0.5764864981174469 0.19698833040893077 0.012307584285736084 0.01193113625049591
0.0 0.5117881521582603 0.23015919253230094 0.010389313101768494 0.008042100816965103
0.0 0.5144496634602547 0.23407525960355996 0.01198790967464447 0.007926279678940773
0.0 0.5563029646873474 0.2057813324034214 0.011848390102386475 0.010887086391448975
0.0 0.5672736018896103 0.19994843304157256 0.008711189031600952 0.00813443586230278
0.0 0.5489803105592728 0.23015200085937976 0.014712721109390259 0.010370694100856781
0.0 0.5573259592056274 0.24450670573860406 0.010333120822906494 0.008963188156485558
0.0 0.5677810311317444 0.2345136247575283 0.00917351245880127 0.008372414857149124
0.0 0.5858839750289917 0.22591894697397946 0.00994652509689331 0.008608633652329445
0.0 0.6037901788949966 0.21648892872035502 0.010200351476669312 0.008766397833824158
0.0 0.6141187846660614 0.22922030203044413 0.011359691619873047 0.011664088815450668
0.0 0.6205273419618607 0.21573262121528386 0.011822551488876343 0.011221775785088539
0.0 0.6044359654188156 0.2231181927025318 0.010686010122299194 0.009083837270736694
0.0 0.3553619682788849 0.3739390403032303 0.012996017932891846 0.011345744132995605
0.0 0.36478637903928757 0.3733610913157463 0.013590529561042786 0.011595793068408966
0.0 0.3745599463582039 0.38188131265342234 0.012510940432548523 0.011501546949148178
0.0 0.28104032576084137 0.37211642898619174 0.014953672885894775 0.012806709855794907
0.0 0.24798312783241272 0.4010817214846611 0.012519657611846924 0.009948045015335083
0.0 0.22526247054338455 0.4377904340624809 0.010808899998664856 0.011041179299354553
0.0 0.1034504845738411 0.3878444667905569 0.010115236043930054 0.008336808532476425
0.0 0.2764148563146591 0.3170523542910814 0.009548395872116089 0.011086542159318924
0.0 0.3000381663441658 0.29822842702269553 0.014823898673057556 0.012380540370941162
0.0 0.18387632071971893 0.3707143545150757 0.009119957685470581 0.00714922696352005
0.0 0.06316082179546356 0.33401026874780654 0.010861381888389587 0.00796133279800415
0.0 0.07098756358027458 0.33135256841778754 0.010726623237133026 0.00980541855096817
0.0 0.18692109733819962 0.3058068409562111 0.011278823018074036 0.009356215596199036
0.0 0.15869131684303284 0.2916126411408186 0.010120958089828491 0.008166220039129257
0.0 0.18001045286655426 0.27666990384459494 0.010935008525848389 0.009308740496635437
0.0 0.2070399448275566 0.3089740939438343 0.011853083968162537 0.009770214557647705
0.0 0.2629454508423805 0.2709482993930578 0.010242506861686707 0.010619033128023148
0.0 0.3146167993545532 0.2756845440715551 0.007438391447067261 0.007574591785669327
0.0 0.0344802625477314 0.5035837806761265 0.016006283462047577 0.01373116672039032
0.0 0.006220642477273941 0.5134200278669596 0.010175652801990509 0.009759049862623215
0.0 0.012187417596578598 0.36337990425527095 0.010545395314693451 0.008895043283700943
0.0 0.026113010942935944 0.4416818834841251 0.009873658418655396 0.009072571992874146
0.0 0.2177812084555626 0.3545029155910015 0.01014496386051178 0.00843065232038498
0.0 0.22722260653972626 0.39602889232337474 0.00949510931968689 0.008133228868246078
0.0 0.13483258709311485 0.4456823144108057 0.00837155431509018 0.007362160831689835
0.0 0.35688622295856476 0.3320789776742458 0.010670006275177002 0.009676672518253326
0.0 0.39772623032331467 0.2932548068463802 0.012895211577415466 0.012558773159980774
0.0 0.42203064262866974 0.2880090095102787 0.010880827903747559 0.007612310349941254
0.0 0.42858267575502396 0.2872264750301838 0.011906370520591736 0.00994361937046051
0.0 0.4247468262910843 0.2942225646227598 0.007883012294769287 0.006697509437799454
0.0 0.4523705393075943 0.3046719145029783 0.008505284786224365 0.008216913789510727
0.0 0.35347170382738113 0.24363973196595906 0.015370801091194153 0.01228654570877552
0.0 0.3482922911643982 0.253480027616024 0.011776864528656006 0.011432446539402008
0.0 0.36529266834259033 0.2465310862287879 0.01433873176574707 0.012247921898961067
0.0 0.3759241849184036 0.22230943124741315 0.00836867094039917 0.007591539993882179
0.0 0.38381917774677277 0.2242306388914585 0.011635154485702515 0.010008897632360458
0.0 0.42433640360832214 0.2159499304369092 0.013926208019256592 0.012227905914187431
0.0 0.4417831227183342 0.2076097272336483 0.01770593225955963 0.014605633914470673
0.0 0.4619331508874893 0.208441798761487 0.009509056806564331 0.010157961398363113
0.0 0.4173477068543434 0.2247425552457571 0.011137738823890686 0.011474188417196274
0.0 0.4059024527668953 0.2281384078785777 0.010965093970298767 0.01045241765677929
0.0 0.4184451997280121 0.21027952264994382 0.008926481008529663 0.007548591122031212
0.0 0.37073782086372375 0.233569579385221 0.008090078830718994 0.006984522566199303
0.0 0.3928137645125389 0.23066962528973817 0.010839477181434631 0.009012876078486443
0.0 0.39618049561977386 0.23603368289768695 0.010850340127944946 0.00877545028924942
0.0 0.447089783847332 0.21804368793964385 0.009587779641151428 0.00837010145187378
