0.0 0.006941449642181408 0.5940780714154243 0.013882899284362815 0.016249962151050568
0.0 0.05143758058547976 0.49515620805323124 0.019906282424926758 0.023140590637922287
0.0 0.08173438310623171 0.48267186619341373 0.014609456062316895 0.025843653827905655
0.0 0.03554692268371584 0.3826094437390566 0.021468758583068848 0.01318751648068428
0.0 0.09739052653312685 0.3488593250513077 0.010937511920928955 0.025140680372714996
0.0 0.04546877145767214 0.35990623757243156 0.013687491416931152 0.017015598714351654
0.0 0.24253129363059997 0.29223435558378696 0.02476555109024048 0.015578169375658035
0.0 0.09265615940093996 0.3037968557327986 0.02039051055908203 0.010187532752752304
0.0 0.0404218375682831 0.30185937881469727 0.023812472820281982 0.009765587747097015
0.0 0.09568750262260439 0.27387497015297413 0.016078054904937744 0.01342187449336052
0.0 0.060281270742416404 0.2829063031822443 0.021234333515167236 0.011625062674283981
0.0 0.0459375321865082 0.2681562826037407 0.010171830654144287 0.019249945878982544
0.0 0.20526557564735412 0.18968748673796654 0.009437620639801025 0.012624956667423248
0.0 0.21123438477516174 0.19498438015580177 0.013921916484832764 0.018906354904174805
0.0 0.3714999943971634 0.13585939910262823 0.015625029802322388 0.016437498852610588
0.0 0.26706250905990603 0.11679686419665813 0.0214998722076416 0.011140655726194382
0.0 0.36703121066093447 0.1013437444344163 0.013015687465667725 0.012437520548701286
0.0 0.37603127360343935 0.10924998298287392 0.011390626430511475 0.016734369099140167
0.0 0.39584376811981203 0.11035938654094934 0.019718706607818604 0.01287495531141758
0.0 0.38360931873321535 0.12000000011175871 0.009843707084655762 0.018218720331788063
0.0 0.32190617322921755 0.08360940590500832 0.016453027725219727 0.0188593827188015
0.0 0.35684373378753664 0.055812508799135685 0.009093761444091797 0.014859354123473167
0.0 0.3104687869548798 0.05290624313056469 0.016281187534332275 0.009031232446432114
0.0 0.3313437938690186 0.033984373323619366 0.01823437213897705 0.008828205987811089
0.0 0.27929686903953554 0.029921882785856724 0.018531382083892822 0.008593747392296791
0.0 0.25103130340576174 0.06643752660602331 0.010109424591064453 0.01851564086973667
0.0 0.2812031149864197 0.06992186699062586 0.017750144004821777 0.011499987915158272
0.0 0.1753749489784241 0.08937499020248652 0.012125015258789062 0.016421807929873466
0.0 0.14946874380111697 0.1035781167447567 0.01595306396484375 0.013890590518712997
0.0 0.13192182183265688 0.09612497873604298 0.017062604427337646 0.01778123527765274
0.0 0.12414064407348635 0.08560939505696297 0.015015721321105957 0.017374981194734573
0.0 0.16120322942733767 0.05567186884582043 0.011296749114990234 0.01700000837445259
0.0 0.14503129720687868 0.018390638753771782 0.01634395122528076 0.015874989330768585
0.0 0.16628136634826662 0.002753893844783306 0.019968867301940918 0.005507787689566612
