0.0 0.9920078039169311 0.6436719220131636 0.015984392166137694 0.017140623182058334
0.0 0.9280781164765358 0.6446249946951866 0.014828100800514221 0.013296850025653839
0.0 0.8753437414765358 0.6087343726307154 0.020156309008598328 0.013046901673078537
0.0 0.7186093717813492 0.6145937755703926 0.016093701124191284 0.012296855449676514
0.0 0.7676718920469284 0.5874999776482582 0.017671912908554077 0.011875011026859283
0.0 0.7945781141519547 0.5666874773800373 0.011578112840652466 0.012734390795230865
0.0 0.7801249861717224 0.5740156412124634 0.012578129768371582 0.012125059962272644
0.0 0.4305469185113907 0.392281261831522 0.017671912908554077 0.012484341859817505
0.0 0.4845000445842743 0.3977968726307154 0.014999985694885254 0.010656248778104782
0.0 0.28085936009883883 0.4029375106096268 0.010953158140182495 0.010124970227479935
0.0 0.13267191648483279 0.4183125026524067 0.015187561511993408 0.010953068733215332
0.0 0.2264218270778656 0.5479531191289425 0.019531309604644775 0.011468656361103058
0.0 0.017671847343444846 0.59701561704278 0.021109342575073242 0.011781267821788788
0.0 0.2622500151395798 0.5444530878216028 0.0179843008518219 0.014718789607286453
0.0 0.0071914613246917836 0.5582031138241291 0.014382922649383567 0.012249983847141266
0.0 0.2958437442779541 0.5547500044107437 0.017796814441680908 0.016281142830848694
0.0 0.2770468682050705 0.5486250124871731 0.016343683004379272 0.018281131982803345
0.0 0.17915625274181368 0.4969843752682209 0.00942179560661316 0.016500011086463928
0.0 0.14532814323902132 0.446703165397048 0.010343760251998901 0.012906286865472794
0.0 0.04826565980911257 0.4332655999809504 0.010203123092651367 0.012546803802251816
0.0 0.01848437786102297 0.5460468731820584 0.017156124114990234 0.01099994033575058
0.0 0.47909373939037325 0.48349998854100706 0.010406345129013062 0.016609344631433487
0.0 0.6673281282186508 0.4175781222060323 0.013187438249588013 0.01004696823656559
0.0 0.3189219176769257 0.27182813324034216 0.0122031569480896 0.009562510997056961
0.0 0.45529686808586123 0.3788593873381615 0.009750008583068848 0.01106250286102295
0.0 0.0768905967473984 0.31932812705636027 0.011796802282333374 0.008984360843896866
0.0 0.12260934114456179 0.31151565685868265 0.009125053882598877 0.006984371691942215
0.0 0.19362498223781588 0.2491718741133809 0.008812576532363892 0.007562572136521339
0.0 0.007406228780746482 0.2206093655899167 0.008937299251556396 0.009609432891011238
0.0 0.038468801975250266 0.1979218754917383 0.007765531539916992 0.007234320044517517
0.0 0.048296818137168906 0.1412969060242176 0.012625068426132202 0.008156262338161469
0.0 0.13249998688697817 0.11496874466538429 0.014343738555908203 0.009421896189451218
0.0 0.15676566362380984 0.11506248787045478 0.013687491416931152 0.008499953895807266
0.0 0.20239062011241912 0.1125312453135848 0.007984489202499367 0.006187504157423973
