0.0 0.5383593708276748 0.44692188538610933 0.010546892881393433 0.011234398931264877
0.0 0.5537812680006027 0.4420781176537275 0.022156208753585815 0.01849989965558052
0.0 0.316812527179718 0.3658281289041042 0.01737499237060547 0.011452965438365936
0.0 0.30278126597404476 0.3768124286085367 0.014640748500823975 0.01112496480345726
0.0 0.2927187800407409 0.3707187682390213 0.017796814441680908 0.009562410414218903
0.0 0.2865780860185623 0.38214065358042715 0.018749982118606567 0.013249978423118591
0.0 0.23546877205371852 0.27975001502782104 0.021703094244003296 0.011656293645501137
0.0 0.24767188429832454 0.2890156306326389 0.013843774795532227 0.010796863585710526
0.0 0.28392189443111415 0.30671873819082973 0.014734357595443726 0.008968720212578773
0.0 0.282874983549118 0.3334218472242355 0.0152968168258667 0.011968754231929779
0.0 0.24259379208087917 0.32239062562584875 0.01753118634223938 0.009312562644481659
0.0 0.20367185473442073 0.24542184676975012 0.017796814441680908 0.008921848610043526
0.0 0.19839058518409725 0.25556248277425764 0.019062459468841553 0.009046822786331177
0.0 0.1546406269073486 0.22042185664176941 0.018906354904174805 0.010875016450881958
0.0 0.13151560425758357 0.2009375024586916 0.018625080585479736 0.01070312038064003
0.0 0.11145321726799007 0.1956249935552478 0.015312373638153076 0.010140610858798027
0.0 0.10026563405990596 0.1595781160518527 0.01829695701599121 0.011750036850571632
0.0 0.07943747639656062 0.18773437049239874 0.02053123712539673 0.009281231090426445
0.0 0.0926092684268951 0.19100001864135266 0.011484324932098389 0.007937494665384293
0.0 0.08009372353553768 0.19428125713020564 0.016906321048736572 0.011687474325299263
