0.0 0.415882221609354 0.2833150530932471 0.012881375849246979 0.010580536304041743
0.0 0.6117244638502598 0.2504515186883509 0.009820948541164397 0.008879885450005532
0.0 0.4421054147183895 0.2766752430004999 0.01243540495634079 0.008252199506387115
0.0 0.452252995967865 0.2787563987309113 0.01378709077835083 0.010479722125455736
0.0 0.4816913463175297 0.2822141632437706 0.00862739235162735 0.008601077366620302
0.0 0.49267481788992884 0.26956531815230844 0.013189615309238433 0.009895480424165725
0.0 0.4793796375393867 0.15516052038874478 0.01147494614124298 0.010154625819995999
0.0 0.442658868432045 0.14943686404731124 0.01236514449119568 0.010377829195931554
0.0 0.3368420749902725 0.17999371022451668 0.009593778848647982 0.007737341104075313
0.0 0.2425991676747799 0.20172671696636826 0.009227831661701246 0.010535032628104091
0.0 0.5155813857913017 0.26478478433564306 0.011221450567245484 0.012685620691627264
0.0 0.47145519852638246 0.27431929998565463 0.01187698245048523 0.008399694180116057
0.0 0.5082558169960976 0.26277058471459896 0.008592000603675843 0.0076770291198045015
0.0 0.5838071741163731 0.2548900884576142 0.00668381005525589 0.006605486199259758
0.0 0.575891800969839 0.2555835046572611 0.0085949644446373 0.007588473474606871
0.0 0.5627016626298428 0.24949930033180862 0.010562954843044281 0.008994282083585858
0.0 0.5246927559375762 0.26429966513533143 0.007989120483398438 0.008708118880167603
0.0 0.5498181074857712 0.26390950053464624 0.0081348717212677 0.005925431801006198
0.0 0.5394980132579803 0.25905394449364394 0.007458418607711792 0.0071839418727904555
0.0 0.598395112156868 0.25798924183472993 0.008779942989349365 0.008413963112980127
0.0 0.5895504876971245 0.2549646448576823 0.00899159610271454 0.007671341160312295
0.0 0.512390898168087 0.12247809355612845 0.006777432560920715 0.007744892360642552
0.0 0.5030020602047444 0.1246758401975967 0.007438020408153534 0.007032892224378884
0.0 0.48661454766988754 0.1267215810250491 0.008981135487556458 0.010576074197888374
0.0 0.5583619020879269 0.2589661488775164 0.006643711030483246 0.006525952834635973
0.0 0.5480928905308247 0.2595297226915136 0.009606854617595672 0.0067309645470231775
0.0 0.7023053713142872 0.06835277043282986 0.005494089424610138 0.007350265653803945
0.0 0.10120686814188957 0.24723384981043636 0.010206596553325675 0.0075527275912463665
0.0 0.7379091210663319 0.08384854957694188 0.006522716581821441 0.0065096980193629864
0.0 0.7181593924760818 0.09313950042705983 0.005871891975402832 0.007845755573362112
0.0 0.6956446617841721 0.09488550785463304 0.006344711780548096 0.009050867473706602
0.0 0.6983441978693008 0.0908341606380418 0.005677324533462524 0.0076120588928461075
