0.0 0.3195198118686676 0.9920905519276857 0.03156191110610962 0.015818896144628523
0.0 0.3829486906528473 0.9945487964898347 0.02187448740005493 0.01090240702033043
0.0 0.13035576939582824 0.9851986661553382 0.036764323711395264 0.029602667689323424
0.0 0.20447083711624145 0.8463556595146656 0.025320053100585938 0.026391327381134033
0.0 0.2112637996673584 0.8342484530061484 0.01745009422302246 0.021581154316663742
0.0 0.16153752207756042 0.7100266866385937 0.031170666217803955 0.020484499633312225
0.0 0.026926884055137636 0.7130817394703627 0.025882691144943237 0.024164322763681412
0.0 0.3177164733409882 0.7082414418458939 0.02031773328781128 0.020658910274505615
0.0 0.3053395986557007 0.7246065210551024 0.026010990142822266 0.022315409034490585
0.0 0.32387697100639345 0.6934905160218477 0.021925628185272217 0.025821123272180557
0.0 0.2667389452457428 0.6900885026901961 0.019548118114471436 0.023055296391248703
0.0 0.044510775804519655 0.6660130448639393 0.02402937412261963 0.02141670137643814
0.0 0.012133267521858216 0.6698237262666226 0.024266535043716432 0.02871398627758026
0.0 0.03085475564002991 0.6692675534635782 0.021438002586364746 0.02571028098464012
0.0 0.02281787395477295 0.6847291976213455 0.018711447715759277 0.022489316761493683
0.0 0.10298400521278381 0.650025000423193 0.026957452297210693 0.024697914719581604
0.0 0.07014612257480621 0.5956020407378674 0.01830384135246277 0.02063416689634323
0.0 0.15911852717399597 0.6410041783004999 0.026364147663116455 0.01986762508749962
0.0 0.12826333343982696 0.6077998723834753 0.02462884783744812 0.020368527621030807
0.0 0.18914836049079894 0.6410746365785599 0.02311009168624878 0.02753535658121109
0.0 0.17418342232704162 0.5813440714031458 0.02967005968093872 0.01998410001397133
0.0 0.10987366139888763 0.5734738666564226 0.02684381604194641 0.01854657009243965
0.0 0.10359738171100616 0.49541735984385016 0.024807840585708618 0.021853934973478317
0.0 0.14250009655952453 0.5154379714280367 0.025022685527801514 0.022798608988523483
0.0 0.2556570410728455 0.5270190794020891 0.021200895309448242 0.02441376820206642
0.0 0.19469168186187744 0.511000306904316 0.02294933795928955 0.021748825907707214
0.0 0.18379574418067932 0.4731073319911957 0.025680363178253174 0.023973919451236725
0.0 0.3304987192153931 0.4952215250581503 0.02408444881439209 0.024260882288217545
0.0 0.31327330470085146 0.5709273103624583 0.026952803134918213 0.02055058255791664
0.0 0.3326146245002747 0.6047326993197203 0.027863502502441406 0.023791562765836716
0.0 0.290904575586319 0.6371942512691021 0.022521793842315674 0.023616448044776917
0.0 0.4652028322219849 0.5370398961007595 0.022391438484191895 0.022344276309013367
0.0 0.2072289526462555 0.4101914089173079 0.023436248302459717 0.021729614585638046
0.0 0.26324679851531985 0.4199246592819691 0.013514399528503418 0.01831633597612381
0.0 0.05601781010627747 0.28478394690901043 0.019068539142608643 0.021645979955792427
0.0 0.022088491916656496 0.24445445332676172 0.017545759677886963 0.019016945734620094
0.0 0.009804439544677735 0.2366003418341279 0.01960887908935547 0.021365957334637642
0.0 0.40149509310722353 0.7179454226046801 0.01615995168685913 0.015465516597032547
0.0 0.3691128730773926 0.5565834432840348 0.013824105262756348 0.012882649898529053
