0.0 0.6263437986373901 0.9692968182265759 0.025562524795532227 0.016406267881393433
0.0 0.6197813272476196 0.9524843465536833 0.02382802963256836 0.012484442442655563
0.0 0.6944374859333038 0.9129062570631504 0.02418762445449829 0.015874989330768585
0.0 0.7300781428813934 0.8829530902206898 0.025202929973602295 0.013265669345855713
0.0 0.7596093535423278 0.8745155982673168 0.02278125286102295 0.012546904385089874
0.0 0.7816250145435333 0.8192812368273735 0.014765560626983643 0.014671817421913147
0.0 0.7874375402927398 0.8694375228136778 0.019671857357025146 0.014468740671873093
0.0 0.7974843800067901 0.8726874548941851 0.01324993371963501 0.016656216233968735
0.0 0.8083438396453857 0.8759531784802675 0.02017199993133545 0.01634380593895912
0.0 0.8043906211853027 0.8663125146180392 0.02545309066772461 0.012906286865472794
