0.0 0.5085816712118685 0.768183454591781 0.024104729294776917 0.02632960770279169
0.0 0.46301597990095616 0.7505766271613539 0.024663169868290424 0.029927201569080353
0.0 0.4602691650390625 0.8088010153267533 0.02438411768525839 0.03193906741216779
0.0 0.5429102168884128 0.7679925527889282 0.026117435190826654 0.02794482884928584
0.0 0.5550580644514411 0.7312076328787953 0.019962485413998365 0.019471794832497835
0.0 0.5508130251429975 0.6815296334214509 0.015379473567008972 0.022511571645736694
0.0 0.5074359602760523 0.6687980570830405 0.016892575193196535 0.019427649676799774
0.0 0.6500380137469619 0.6591649602167309 0.018537638243287802 0.029398594051599503
0.0 0.6720129529014229 0.6463011847343296 0.020550007931888103 0.027886031661182642
0.0 0.5805291408207267 0.6446565177291632 0.013029215391725302 0.02123391442000866
0.0 0.5359329036902636 0.6182536025997252 0.012177265714854002 0.01826768135651946
0.0 0.658954319357872 0.6044353653676808 0.01298534031957388 0.02738682273775339
0.0 0.42032948513515295 0.5864614336285741 0.0253532356582582 0.019310338888317347
0.0 0.6643452377058565 0.48660608399659394 0.02429569512605667 0.02141011692583561
0.0 0.6324551206082105 0.4873990661697462 0.022738718427717686 0.023172283777967095
0.0 0.6709698692895472 0.35622149968985467 0.01909591071307659 0.0171222232747823
0.0 0.6430166573729366 0.4603059930494055 0.022063109558075666 0.016828520921990275
0.0 0.620013427734375 0.47278789402917026 0.019639558158814907 0.014684644993394613
