0.0 0.4320276175858453 0.9992642121389508 0.01974077899940312 0.0014715757220983504
0.0 0.22099162174854428 0.9755968041252345 0.017448082892224236 0.020825919602066277
0.0 0.29901480248663576 0.8940653294790536 0.024109921092167495 0.018628583196550606
0.0 0.26652938073966653 0.9146716116461903 0.017977587739005686 0.019734178204089403
0.0 0.24733329028822482 0.9471597691532224 0.016399081610143185 0.01987117500975728
0.0 0.6183752147015185 0.7434284426271915 0.019688683934509753 0.012822477705776691
0.0 0.4132953357417136 0.7905841573607176 0.01501176180317998 0.013527183886617422
0.0 0.8502137151896022 0.7077500104904175 0.012320825015194714 0.010050024092197418
0.0 0.3463406026829034 0.7839198496192694 0.022080266568809702 0.016423454135656358
0.0 0.3260756224393845 0.7614774350542575 0.01956105530261998 0.017992856446653605
0.0 0.3026006366824731 0.7477328745648265 0.012855162983760238 0.011887936294078827
0.0 0.21772195070516318 0.8344197679776698 0.014513650862500116 0.015202316176146268
0.0 0.37730252179317175 0.7692232863977552 0.017491281591355802 0.01303393766283989
