0.0 0.9796562016010284 0.3628125321120024 0.012499988079071045 0.012296855449676514
0.0 0.9479218244552612 0.33032814785838127 0.009484291076660156 0.01021871343255043
0.0 0.8473125219345092 0.4329531192779541 0.018437504768371582 0.01106250286102295
0.0 0.8447968780994415 0.3999375067651272 0.013468801975250244 0.010796863585710526
0.0 0.834499967098236 0.40968750417232513 0.014031171798706055 0.008843746036291122
0.0 0.7746718645095825 0.3402812471613288 0.011468768119812012 0.008703181520104408
0.0 0.8667811572551727 0.3265468869358301 0.010937511920928955 0.009109385311603546
0.0 0.9339375913143158 0.31187501922249794 0.010281264781951904 0.007609393447637558
0.0 0.9209687530994415 0.23795312084257603 0.009062469005584717 0.006312478333711624
0.0 0.8797344386577606 0.2439687540754676 0.009359300136566162 0.006906269118189812
0.0 0.9791874408721923 0.1915781209245324 0.009843707084655762 0.006500015035271645
0.0 0.8397031843662262 0.15839063748717308 0.009359300136566162 0.006578117609024048
0.0 0.8139530837535858 0.17614061664789915 0.007953107357025146 0.007046883925795555
0.0 0.7293906331062316 0.16990624088793993 0.0069844722747802734 0.0067187827080488205
0.0 0.7394531190395355 0.23170312959700823 0.012578308582305908 0.008125031366944313
0.0 0.7426250100135803 0.23806250467896461 0.010921955108642578 0.009203128516674042
0.0 0.7077187418937683 0.2203437564894557 0.006734132766723633 0.007546881213784218
0.0 0.6900625646114349 0.3246718719601631 0.01057809591293335 0.008203133940696716
0.0 0.674828153848648 0.3517656195908785 0.007437407970428467 0.005921915173530579
0.0 0.6655312597751617 0.3420312628149986 0.01176542043685913 0.006484374403953552
0.0 0.6605312645435333 0.34553124383091927 0.01468724012374878 0.007265601307153702
0.0 0.5894376158714294 0.21103126928210258 0.009546875953674316 0.011796858161687851
0.0 0.6168749153614044 0.2095156367868185 0.011140644550323486 0.011640653014183044
0.0 0.6548124372959137 0.21753125917166471 0.011734306812286377 0.009046873077750206
0.0 0.658687424659729 0.18931249249726534 0.011859297752380371 0.007671905681490898
0.0 0.8339531540870666 0.11648438218981028 0.012265563011169434 0.006374990567564964
0.0 0.7908749997615814 0.11360939778387547 0.007656276226043701 0.007078114897012711
0.0 0.9152813076972961 0.09581252187490463 0.010453104972839355 0.00792190432548523
0.0 0.938687515258789 0.09423437714576721 0.010812520980834961 0.0062187351286411285
0.0 0.9756875157356262 0.09081252384930849 0.00970315933227539 0.006500015035271645
0.0 0.5919063210487365 0.20203126780688763 0.008906364440917969 0.007359344512224197
0.0 0.6345468282699585 0.2253906261175871 0.012250185012817383 0.006203044205904007
0.0 0.5995313048362731 0.23895311541855335 0.008656024932861328 0.010468762367963791
0.0 0.5916094005107879 0.22739061526954174 0.009500205516815186 0.012328136712312698
0.0 0.5788749873638153 0.2371249720454216 0.01279681921005249 0.006796885281801224
0.0 0.5631094098091125 0.2443437771871686 0.007890701293945312 0.01051558367908001
0.0 0.5498593866825103 0.2394687533378601 0.010796964168548584 0.008609388023614883
0.0 0.5211561739444732 0.2382656317204237 0.014609277248382568 0.0097968690097332
0.0 0.5316093683242797 0.24351560324430466 0.010140538215637207 0.008156262338161469
0.0 0.5358437716960907 0.2613125294446945 0.008796751499176025 0.006578117609024048
0.0 0.5127968907356262 0.259437489323318 0.009171724319458008 0.010671889409422874
0.0 0.5519061803817749 0.23031252156943083 0.0081406831741333 0.005328124389052391
0.0 0.5460780978202819 0.22243748884648085 0.009781122207641602 0.01173434592783451
0.0 0.5124062716960907 0.34585939534008503 0.009937584400177002 0.007687445729970932
0.0 0.5152343928813934 0.35145313385874033 0.013593614101409912 0.006015608087182045
0.0 0.48306254744529725 0.38360936660319567 0.013609349727630615 0.0067187827080488205
0.0 0.5030780851840972 0.4147656299173832 0.007859408855438232 0.009703125804662704
0.0 0.4789374887943268 0.4148437576368451 0.009515583515167236 0.00937497429549694
0.0 0.4877187728881836 0.44318749848753214 0.012125015258789062 0.015796886757016182
0.0 0.4769061625003815 0.44412500597536564 0.011281192302703857 0.014500021934509277
0.0 0.462140691280365 0.43917185440659523 0.00754702091217041 0.007750008255243301
0.0 0.4553437054157257 0.4337187306955457 0.015421807765960693 0.006156222894787788
0.0 0.4473125457763672 0.41928124614059925 0.012203335762023926 0.006578117609024048
0.0 0.43612505197525026 0.3541874783113599 0.015265703201293945 0.007906263694167137
0.0 0.4177968919277191 0.35648441314697266 0.010484397411346436 0.006796885281801224
0.0 0.40948445796966554 0.3650156231597066 0.014359474182128906 0.010468712076544762
0.0 0.41995311975479127 0.4246406015008688 0.012593865394592285 0.007999956607818604
0.0 0.4304844558238983 0.4361249739304185 0.010812342166900635 0.008125031366944313
0.0 0.4318905591964722 0.45709375478327274 0.013015508651733398 0.009296871721744537
0.0 0.4676093578338623 0.46643752325326204 0.01803123950958252 0.009406255558133125
0.0 0.40485934615135194 0.4449843605980277 0.012031137943267867 0.007953135296702385
0.0 0.36623437404632564 0.4718750063329935 0.01210927963256836 0.00954682007431984
0.0 0.3775937974452972 0.4759062407538295 0.010109245777130127 0.010484402999281883
0.0 0.3610312461853027 0.5166874770075083 0.018203258514404297 0.014859404414892197
0.0 0.3301406025886535 0.4723280817270279 0.014250040054321289 0.009749997407197952
0.0 0.5393749892711639 0.5722499396651983 0.01532810926437378 0.008734311908483505
0.0 0.5185156285762786 0.6159687731415033 0.02060920000076294 0.01185942068696022
0.0 0.49439058899879457 0.5926875174045563 0.017390549182891846 0.009593792259693146
0.0 0.4749687135219574 0.6032500229775906 0.018234193325042725 0.010718710720539093
0.0 0.48926560282707215 0.6424062680453062 0.016906321048736572 0.011109273880720139
0.0 0.5159219324588775 0.6460312232375145 0.01721853017807007 0.009062513709068298
0.0 0.3594374775886535 0.6183125041425228 0.009546875953674316 0.011015631258487701
0.0 0.31090621352195735 0.5863749887794256 0.011265456676483154 0.011281270533800125
0.0 0.31115619540214534 0.6155937500298023 0.015047013759613037 0.00967184454202652
0.0 0.3432656347751617 0.6347344126552343 0.01801532506942749 0.01004691794514656
0.0 0.28328124880790706 0.6139219123870134 0.018609344959259033 0.009906303137540817
0.0 0.23715619444847102 0.638625007122755 0.019359290599822998 0.008562617003917694
0.0 0.2997812151908874 0.6409218665212393 0.012062430381774902 0.013140644878149033
0.0 0.3097968518733978 0.6769062820822 0.014187633991241455 0.011484447866678238
0.0 0.4206719517707825 0.6942030601203442 0.011859297752380371 0.01464063674211502
0.0 0.3978593170642853 0.7257343716919422 0.011046946048736617 0.012672029435634613
0.0 0.36546869277954097 0.6965468414127827 0.011484503746032715 0.012875005602836609
0.0 0.32734377384185787 0.7164062689989805 0.011968731880187988 0.012578185647726059
0.0 0.31060947179794307 0.7486093733459711 0.012547016143798828 0.014109458774328232
0.0 0.22473434805870052 0.7446093447506428 0.017062604427337646 0.014656327664852142
0.0 0.26679692864418025 0.7247656583786011 0.012968838214874268 0.013593770563602448
0.0 0.25154687166213985 0.569750003516674 0.018453240394592285 0.009484358131885529
0.0 0.6794687330722808 0.5736406482756138 0.014452993869781494 0.008843846619129181
0.0 0.6759218692779541 0.39737500809133053 0.0070313215255737305 0.006468784064054489
0.0 0.6213751256465911 0.23178123217076063 0.005843818187713623 0.007046883925795555
