0.0 0.7855915817897767 0.6859183228109031 0.012895016651600599 0.01603767154738307
0.0 0.7955066229216754 0.6931159294676036 0.0139239601790905 0.01301975017413497
0.0 0.7948251590598374 0.6737131182802841 0.011117743607610465 0.008292535832151771
0.0 0.6766460211016238 0.7134133590385318 0.017424830235540867 0.016344810463488103
0.0 0.511791177187115 0.7956314296461642 0.013148792646825313 0.00972133781760931
0.0 0.42811452588066456 0.8352915480732918 0.010863814689218997 0.012231916934251786
0.0 0.40539801884442567 0.8528515042737126 0.01824006363749504 0.011631049029529095
0.0 0.2910940686240792 0.909791216859594 0.015099939331412316 0.02161946790292859
0.0 0.33055390380322935 0.17695965417660772 0.007416161894798323 0.0036588901188224555
0.0 0.32685239855200054 0.19327774149132892 0.006240488588810012 0.008479522657580674
0.0 0.3628780381754041 0.18949867779156193 0.005465473979711533 0.0044734357623383405
0.0 0.3451592896133661 0.19626896120607853 0.009554333612322807 0.0038992372807115316
0.0 0.15540993046015505 0.19888625025050716 0.006534406915307045 0.008359349076636135
0.0 0.14997121803462504 0.2165530453203246 0.0072158325463532735 0.006089224573224783
0.0 0.11716598737984896 0.21055729266954587 0.0077905178070067915 0.008199117635376752
0.0 0.11011049477383494 0.29541934323497115 0.009046475775539964 0.006169340293854475
0.0 0.12896530954167246 0.2929355732281692 0.009180130623280935 0.00512777145486325
0.0 0.13738372987136244 0.29590006979415195 0.011024078167975015 0.007144160359166563
0.0 0.1696143517270684 0.29225454662228 0.010463003069162369 0.006222786591388285
0.0 0.15292447023093697 0.29443117771297694 0.009434136003255822 0.005181174771860242
0.0 0.16126275882124896 0.2989446820807643 0.006534406915307045 0.004874057346023619
0.0 0.18206833796575667 0.28891615162137896 0.007202528230845995 0.0054616227746009825
0.0 0.18830867363139986 0.29142661254154517 0.00797754283994434 0.008506256551481784
0.0 0.19464259827509522 0.29114618602907283 0.007108939252793878 0.0050075978739187125
0.0 0.2072167821228504 0.28804815968032926 0.006053310632705644 0.008145671337842941
0.0 0.22383991265669465 0.2847097646794282 0.006734583340585187 0.0053948525106534365
0.0 0.263246301189065 0.28995772046037016 0.0065610155463218245 0.0070506991818547245
0.0 0.2533713641576469 0.2927352731814608 0.006160203926265239 0.005728703830391169
0.0 0.24766549495980145 0.2904517924762331 0.004797352664172605 0.005087713594548404
0.0 0.2419328642077744 0.2908791264635511 0.006427513621747538 0.00643644283991307
0.0 0.2356123968027532 0.29049187182681635 0.006988741643726782 0.005648566619493067
0.0 0.22128770146518945 0.29059868920594456 0.004957463219761848 0.005381507053971291
0.0 0.2149270917288959 0.29304240135243165 0.00537173207849273 0.003872524877078831
0.0 0.21258851420134306 0.29059871069621296 0.005144641175866216 0.00490076974965632
