0.0 0.9352187603712082 0.3929062396287918 0.00812503695487976 0.008875027298927307
0.0 0.9323280990123749 0.41170311011373995 0.014125049114227295 0.011890601366758347
0.0 0.06689062863588333 0.30100000407546756 0.01465623825788498 0.007953135296702385
0.0 0.17487500011920928 0.2322031281888485 0.009374991059303284 0.010359328240156174
0.0 0.22078124210238456 0.26239062789827583 0.015015609562397003 0.010999990627169609
0.0 0.2345937579870224 0.26074997093528507 0.013140633702278137 0.008921848610043526
0.0 0.2594375066459179 0.25465628542006014 0.015359379351139069 0.01034373790025711
0.0 0.29659375697374346 0.249281264282763 0.015468791127204895 0.01131250150501728
0.0 0.7127031028270722 0.25818752255290744 0.013953030109405518 0.006500015035271645
0.0 0.7916406482458115 0.24037500601261855 0.010296911001205444 0.007109345868229866
0.0 0.8232030957937241 0.2422968925908208 0.009765654802322388 0.008015597239136696
0.0 0.839328134059906 0.2430156072601676 0.010687530040740967 0.00846872292459011
0.0 0.844453164935112 0.2609999947249889 0.01017192006111145 0.007250010967254639
0.0 0.8190781712532044 0.2535468567162752 0.014250040054321289 0.008984360843896866
0.0 0.8301405847072602 0.26564066056162117 0.009953141212463379 0.006734373047947884
0.0 0.9482812523841858 0.2041093859821558 0.008343815803527832 0.007999956607818604
0.0 0.9745312720537186 0.22907811999320984 0.007953017950057983 0.007046833634376526
0.0 0.9702344179153443 0.273968743532896 0.0071874260902404785 0.008687540888786316
0.0 0.9451875030994416 0.22498437333852053 0.011921882629394531 0.0076562147587537766
0.0 0.9197812616825104 0.23693751208484173 0.012031316757202148 0.009062513709068298
0.0 0.8968594163656235 0.2697031259536743 0.011234432458877563 0.008968770503997803
0.0 0.9270781666040421 0.2625312678515911 0.009984344244003296 0.006390631198883057
0.0 0.9188437402248383 0.27812500242143867 0.00915616750717163 0.006234375759959221
0.0 0.9521874874830246 0.26384374815970657 0.007328063249588013 0.00804687850177288
0.0 0.9497968792915344 0.2505625136196613 0.009406328201293945 0.005937505513429642
0.0 0.9439999997615814 0.23592187687754632 0.00856250524520874 0.006031248718500137
0.0 0.932359391450882 0.22896876130253077 0.009781301021575928 0.00876564346253872
0.0 0.9212656855583191 0.21748436372727156 0.009125053882598877 0.005374995991587639
0.0 0.9059374421834946 0.23428127020597458 0.006859391927719116 0.005671866238117218
0.0 0.9830312371253968 0.2593437222763896 0.007328152656555176 0.013718744739890099
0.0 0.8741093665361405 0.19554686956107617 0.01173439621925354 0.007515650242567062
0.0 0.8751093834638596 0.1731250187382102 0.009828239679336548 0.006749963387846947
0.0 0.8544844031333924 0.17690625451505185 0.010671794414520264 0.008421901613473892
0.0 0.8377968609333039 0.18020313363522292 0.010562539100646973 0.009156307205557823
0.0 0.77965627014637 0.18079687412828208 0.006874948740005493 0.005421867594122887
0.0 0.7728437274694443 0.18051561936736107 0.010890573263168335 0.008781284093856812
0.0 0.7861405998468399 0.18387498557567597 0.010515600442886353 0.006031248718500137
0.0 0.7873593509197235 0.17295312266796828 0.012499988079071045 0.007359394803643227
0.0 0.7893124461174011 0.13451564256101847 0.009562432765960693 0.00882810540497303
0.0 0.716734328866005 0.13882813174277545 0.009281247854232788 0.004703102633357048
0.0 0.7175937533378601 0.14348436277359725 0.011515617370605469 0.003593774512410164
0.0 0.7672968745231629 0.13443748969584704 0.009562432765960693 0.007687496021389961
0.0 0.7796875178813935 0.13351562283933163 0.006953001022338867 0.005828171968460083
0.0 0.750781261920929 0.1537968697026372 0.013750076293945312 0.005281252786517143
0.0 0.7526406139135361 0.17029688078910113 0.008656293153762817 0.00598432682454586
0.0 0.7662344068288803 0.1653593698516488 0.00743749737739563 0.005874993279576302
0.0 0.7862656354904175 0.16478126998990775 0.008343815803527832 0.005734378471970558
0.0 0.8064531475305557 0.16335938069969416 0.008593708276748657 0.005796840414404869
0.0 0.8107812494039536 0.17917188294231892 0.008437424898147583 0.009031232446432114
0.0 0.8220781326293946 0.16940624490380288 0.009328007698059082 0.008156262338161469
0.0 0.8043750166893006 0.16968749966472388 0.009062469005584717 0.0059374552220106125
0.0 0.5156562268733978 0.2074531115591526 0.010843724012374878 0.007624983787536621
0.0 0.5245156303048134 0.21071875970810652 0.01150001585483551 0.007609443739056587
0.0 0.5300312578678131 0.22245310563594103 0.010093778371810913 0.008125031366944313
0.0 0.44835937917232516 0.17585938833653927 0.012624979019165039 0.008437491953372955
0.0 0.4064375028014183 0.18906249515712262 0.01103125512599945 0.006015557795763016
0.0 0.3708593636751175 0.2135155912488699 0.008062541484832764 0.008515644818544388
0.0 0.2794687576591969 0.11875001192092896 0.008734367787837982 0.005265612155199051
0.0 0.4662968531250954 0.12359372936189175 0.006328091025352478 0.009328152984380722
0.0 0.4955000072717667 0.11587500236928464 0.012703120708465576 0.007937494665384293
0.0 0.35998436957597735 0.13545309975743294 0.008093789219856262 0.004250027239322662
0.0 0.2642656393349171 0.05325001515448093 0.009968765079975128 0.004312489181756973
0.0 0.2724999874830246 0.05396872982382774 0.008687496185302734 0.006890628486871719
0.0 0.38890627175569537 0.07726565133780242 0.009703114628791809 0.005953146144747734
0.0 0.3687812551856041 0.052906273305416106 0.008843734860420227 0.005031254142522812
0.0 0.39431248754262926 0.04781248178333044 0.00926564633846283 0.0060937609523534775
0.0 0.406046861410141 0.08826564196497202 0.010234326124191284 0.0061718132346868515
0.0 0.47253124564886095 0.07596873622387648 0.0075468868017196655 0.00828123651444912
0.0 0.5179218664765358 0.10110939145088196 0.005562499165534973 0.005828171968460083
0.0 0.16973436772823333 0.196921862103045 0.013500005006790161 0.009062463417649269
0.0 0.1003437541425228 0.20059373918920756 0.008296854794025421 0.007281241938471794
0.0 0.13990624770522117 0.19454684983938933 0.007968731224536896 0.007156217470765114
0.0 0.2057812452316284 0.059609365090727805 0.008984372019767761 0.005765609443187714
0.0 0.18700000420212745 0.13689062967896462 0.007968731224536896 0.00640622153878212
0.0 0.39754687398672106 0.1342655936256051 0.008718743920326233 0.005374995991587639
0.0 0.3894687756896019 0.17607813086360694 0.008015647530555725 0.005359405651688576
0.0 0.28490625470876696 0.18432811126112938 0.006953135132789612 0.004984382539987564
0.0 0.533906289935112 0.16975001189857722 0.008687496185302734 0.006749963387846947
0.0 0.5869218721985817 0.15065624602138997 0.009984388947486877 0.009328152984380722
0.0 0.6112812250852585 0.15564062856137753 0.010203123092651367 0.0038280822336673737
0.0 0.6175937592983246 0.15756248999387026 0.010203123092651367 0.006374990567564964
0.0 0.6112656459212303 0.16242187321186066 0.0066875070333480835 0.004375051707029343
0.0 0.6323437407612801 0.1831093741580844 0.006625011563301086 0.006062479689717293
0.0 0.566390635073185 0.08742187768220902 0.01349996030330658 0.007484368979930878
0.0 0.5576874926686287 0.09434376228600741 0.009140655398368835 0.00846872292459011
0.0 0.5760468557476998 0.0948281440883875 0.012124970555305481 0.00804692879319191
0.0 0.5955312490463257 0.07693749982863665 0.006812542676925659 0.005296843126416206
0.0 0.6019843757152558 0.08187498562037945 0.009796857833862305 0.006624989211559296
0.0 0.6424062490463257 0.0906093729659915 0.011578112840652466 0.008265646174550056
0.0 0.6617343589663506 0.08999999184161425 0.01528121531009674 0.009234359487891197
0.0 0.6798437625169754 0.09887499399483204 0.006828099489212036 0.008093699812889099
0.0 0.6324687764048577 0.0958437541499734 0.008249983191490173 0.008906258270144463
0.0 0.6206249907612801 0.09434376228600741 0.008624956011772156 0.00762503407895565
0.0 0.6392968758940697 0.08304685112088919 0.0075937360525131226 0.004906279966235161
0.0 0.5862500011920929 0.08515624925494195 0.006796896457672119 0.004640590399503708
0.0 0.6076249942183495 0.09139059986919165 0.009312495589256287 0.005749968811869621
0.0 0.6085468918085098 0.09765623174607754 0.00946873426437378 0.005421817302703857
0.0 0.6623906284570694 0.10168749131262303 0.008000046014785767 0.00562499463558197
