0.0 0.9494859925936907 0.8110452301800251 0.02800251105800271 0.018902988731861116
0.0 0.8185542210470885 0.7451308131217956 0.02573263505473733 0.018168970942497253
0.0 0.7744256450328976 0.6409505650401115 0.0218345764093101 0.02491712272167206
0.0 0.7443373563233763 0.6262193143367767 0.016608523298054935 0.0273255318403244
0.0 0.798054403392598 0.5271888092160225 0.0227728015743196 0.014866867661476135
0.0 0.7371811042074115 0.4886860854923725 0.01281576817855239 0.026366548240184785
0.0 0.7894274668768049 0.5033756949007511 0.015086192637681961 0.01825934797525406
0.0 0.9794513357803225 0.46015501245856283 0.01999706644564867 0.02522711902856827
0.0 0.5928294403478503 0.4213610053062439 0.026294071041047574 0.017522862553596495
0.0 0.7449806950520724 0.4430299013853073 0.021475154999643566 0.011735647916793823
0.0 0.7984014845453202 0.44449474960565566 0.02493865378201008 0.011530628800392151
0.0 0.7438595598563552 0.4123069539666176 0.017288425751030446 0.01475088894367218
0.0 0.7793883479200303 0.42385238856077195 0.02243074793368578 0.013257560133934022
0.0 0.7949947509448976 0.40975089818239213 0.01164646027609706 0.020306968688964845
0.0 0.6376076623331756 0.31920837983489037 0.010460698697715997 0.013500519096851349
0.0 0.6311688818968832 0.32421849593520163 0.015450001694262028 0.020203430950641633
0.0 0.471550537715666 0.2533467341214418 0.017024892708286644 0.017797232419252396
0.0 0.5793611011002213 0.24078157618641854 0.022669691871851683 0.012780998647212983
0.0 0.47838420637417584 0.21843181923031807 0.01409906349144876 0.01354493647813797
0.0 0.46868078811094166 0.2259040154516697 0.012724176049232483 0.017821137607097626
0.0 0.44839358851313593 0.22573043294250966 0.020966736413538457 0.014432821422815323
0.0 0.4602407836355269 0.236370811983943 0.011243710853159427 0.019233394414186478
0.0 0.5255925905890763 0.20331399850547313 0.018029206804931162 0.020322339981794356
0.0 0.49177845837548373 0.1726567003875971 0.010257221572101117 0.015757117420434952
0.0 0.5392848826479166 0.17274728305637838 0.017206340190023185 0.010285348445177079
0.0 0.5192336104810238 0.1520698867738247 0.0191857174038887 0.010206949710845948
0.0 0.5726032107602805 0.1513546846807003 0.019473291095346214 0.009987330436706543
0.0 0.599035584088415 0.1904663223773241 0.011534392461180687 0.01955377534031868
0.0 0.5680225073825568 0.19203296042978762 0.018867795821279287 0.012900524586439133
0.0 0.6747140836901963 0.21884913183748722 0.013452891074120999 0.017550674825906755
0.0 0.700209511583671 0.23504443392157554 0.017191714700311424 0.015220767259597779
0.0 0.7186032587196678 0.22859756462275982 0.01858003931120038 0.01926269754767418
0.0 0.727235039928928 0.21838326342403888 0.016464827861636878 0.018713443726301193
0.0 0.691393906250596 0.1854023553431034 0.012645929679274559 0.018085893988609315
0.0 0.7103501862846315 0.14843730069696903 0.017721340246498584 0.017270804196596146
0.0 0.6900551254861057 0.12558337561786176 0.021447549387812615 0.017939943820238113
0.0 0.6390117093455047 0.10986712835729122 0.010657777171581983 0.01729085370898247
0.0 0.7146398424170911 0.08277165181934834 0.01600247956812382 0.017699452489614485
0.0 0.5940641059074551 0.11080606244504451 0.010951383877545596 0.015690799802541733
0.0 0.5432302913162858 0.1106766402721405 0.008812771644443274 0.016251106560230256
0.0 0.5711739347781986 0.07608452253043652 0.017608906794339418 0.011851061135530472
0.0 0.5025686876382679 0.0975514069199562 0.016944543924182653 0.015077850222587586
0.0 0.8193246187176555 0.08786682412028313 0.010094330180436373 0.016921171545982362
0.0 0.5936611736658961 0.028319720923900605 0.01489441590383649 0.01700887531042099
0.0 0.6315131293609738 0.02868315689265728 0.014102262817323208 0.016053027659654617
0.0 0.3563655281905085 0.0298987228423357 0.01642607031390071 0.014425315707921983
0.0 0.31977310138754544 0.00597914531826973 0.015051091462373734 0.01195829063653946
