0.0 0.19257435090839864 0.9981309747323394 0.021656027622520925 0.003738050535321236
0.0 0.8411944116000086 0.9817619308829307 0.010578624811023474 0.024302657693624496
0.0 0.7909763391129673 0.9921082034707069 0.013238370604813098 0.01578359305858612
0.0 0.6142228364013136 0.94007453545928 0.01748490147292614 0.022777117788791656
0.0 0.9815727472770959 0.9270244603976607 0.023952931445091964 0.0150588970631361
0.0 0.8366153908893466 0.9382015438750386 0.01972144693136215 0.00984794832766056
0.0 0.7860950077418238 0.936328649520874 0.02303112605586648 0.009440068155527115
0.0 0.8395472681615501 0.9092770544812083 0.015550493728369474 0.012974478676915169
0.0 0.8053028032649309 0.9180073430761695 0.02053758194670081 0.011237560585141183
0.0 0.7914297186303884 0.9037489898502826 0.009838067460805178 0.018608281016349794
0.0 0.9455298106651753 0.8278958205133676 0.009127948712557555 0.01220412477850914
0.0 0.9513027682434767 0.8330161508172751 0.013465103600174189 0.018276143074035644
0.0 0.9974509141873569 0.7574348853901028 0.00509817162528634 0.010769300535321236
0.0 0.9897938504815101 0.7087541923858225 0.00977770909667015 0.017898452840745448
0.0 0.9166199701838196 0.7309270738624036 0.011727163195610046 0.01587441433221102
0.0 0.8915638123638928 0.7446567628532648 0.015429604053497314 0.013427570834755898
0.0 0.8745926487725229 0.7374520627781749 0.01650273771956563 0.017188527435064316
0.0 0.8670667909085751 0.7272869985550642 0.014523017965257169 0.016795815154910087
0.0 0.9029132601805031 0.6983473898842931 0.010926074534654617 0.016433341428637505
0.0 0.8872719694860279 0.6623088674619794 0.015807665325701235 0.015345823019742966
0.0 0.9078247707337141 0.6419786417856812 0.019313638843595982 0.015753605961799623
0.0 0.9569698825012892 0.6302578234113753 0.009082290809601545 0.01579896379262209
0.0 0.8872265710029751 0.600079698022455 0.014145129639655352 0.01585934367030859
0.0 0.9973072820343077 0.6338828280568123 0.005385435931384563 0.014258304610848427
0.0 0.7880898603238166 0.5985088489018381 0.00856881234794855 0.01548179928213358
0.0 0.99909433927387 0.5560661459341645 0.0018113214522600175 0.015270275250077247
0.0 0.9689993563573808 0.5541025845333933 0.012437454890459776 0.014409400150179863
0.0 0.5784670776221901 0.3115447781048715 0.020900423917919398 0.010950537398457527
0.0 0.8119219885673374 0.16075990102253854 0.0220640086568892 0.014122401271015406
