0.0 0.9896819040179252 0.6777656404301524 0.011040051095187664 0.010108374059200287
0.0 0.9588329054880887 0.6566657952498645 0.013594981748610735 0.00903602922335267
0.0 0.9013931261841208 0.6294631217606366 0.012301768641918898 0.008736410178244114
0.0 0.8857162337750196 0.6340678548440337 0.008327281661331653 0.00927260797470808
0.0 0.8690773279871792 0.6460528196766973 0.009131636749953032 0.009445994161069393
0.0 0.8274563967250288 0.6659856834448874 0.01444662529975176 0.013230746611952782
0.0 0.7919390161987394 0.5393867392558604 0.014068227354437112 0.011070271488279104
0.0 0.6392552647739649 0.5901493267156184 0.009920289181172848 0.013057258911430836
0.0 0.6415421673096716 0.5319749619811773 0.010424940101802348 0.010691877454519272
0.0 0.6183107625227422 0.5209204251877964 0.00853240890428424 0.00804245937615633
0.0 0.5970192676410079 0.5304137757048011 0.014304759912192822 0.011890353634953499
0.0 0.5039516928605735 0.6492224978283048 0.013610594160854816 0.01144876703619957
0.0 0.49128722893074156 0.645595473004505 0.01520360168069601 0.0131203499622643
0.0 0.4769509734585881 0.6427253885194659 0.017521999776363373 0.013104564510285854
0.0 0.4504864005371928 0.641952688107267 0.019430504366755485 0.012473806273192167
0.0 0.3951441894285381 0.6114699398167431 0.01261717546731229 0.012410715222358704
0.0 0.3631123024970293 0.5786847742274404 0.009573206305503845 0.01031333114951849
0.0 0.2615597877651453 0.6822599768638611 0.018610356375575066 0.011164933443069458
0.0 0.2590205597691238 0.6489386642351747 0.013595071993768216 0.010896834544837475
0.0 0.24862711522728204 0.658778939396143 0.014162714034318924 0.008925632573664188
0.0 0.18823812417685987 0.588730031857267 0.011576287820935227 0.008783766534179449
0.0 0.28121094154194 0.5748685016296804 0.011040051095187664 0.009193731471896172
0.0 0.34899696717038753 0.5600607832893729 0.010377651639282748 0.007679850794374943
0.0 0.4728345308452845 0.5440545380115509 0.008737536147236824 0.006717801094055176
0.0 0.3359065460972488 0.4854544228874147 0.009147429652512074 0.006370927207171917
0.0 0.29428565995767714 0.4915257564280182 0.009447043575346514 0.006970216054469347
0.0 0.3946710340678692 0.4386500248219818 0.00993599183857441 0.006560200359672308
0.0 0.25387911265715957 0.40515524987131357 0.00944704357534647 0.0066390261054039
0.0 0.5021380359306932 0.4493733970448375 0.008563904464244843 0.00851561687886715
0.0 0.22788760485127568 0.42306958069093525 0.008027667738497168 0.007112132851034403
0.0 0.1425323812291026 0.41677747922949493 0.0070499517023563385 0.0067809936590492725
0.0 0.15268920296803118 0.4791465613525361 0.012696230225265004 0.008200263138860464
0.0 0.15589083041995766 0.4855648195371032 0.011024348437786102 0.009288342669606209
0.0 0.12065731603652241 0.46768200886435807 0.006797265261411667 0.007616759743541479
0.0 0.10283561209216714 0.5729761254042387 0.010677265562117122 0.008279088884592056
0.0 0.08745837872847911 0.6003207410685718 0.0075071336701512115 0.0059767477214336395
0.0 0.07807432627305388 0.590496251359582 0.011875721253454596 0.006544414907693863
0.0 0.07302745608612898 0.5940286396071315 0.014824932999908946 0.007332875393331051
0.0 0.0030427467077970283 0.45828329492360353 0.0060854934155940565 0.011906088329851627
0.0 0.028961828630417574 0.45675362879410386 0.011245088092982747 0.011748436838388443
0.0 0.0672550148330629 0.4648434699047357 0.01184431593865154 0.009130640421062708
0.0 0.07116633020341395 0.4363634183537215 0.01197047866880896 0.0077429418452084064
0.0 0.2480751758441329 0.3628609736915678 0.012380552664399103 0.006434018258005381
0.0 0.20459316382184625 0.3599593690596521 0.007728053815662906 0.007143652997910976
0.0 0.3301657808944583 0.34199770726263523 0.010551102831959725 0.007995255291461945
0.0 0.3537914216518402 0.3404049500823021 0.010913888365030244 0.00627631600946188
0.0 0.39113829713314774 0.3369514129590243 0.009794126451015517 0.006560200359672308
0.0 0.00412704227492211 0.44919996010139585 0.00825408454984422 0.007427486591041088
0.0 0.04679941572248936 0.472775608766824 0.012365030497312635 0.006260479800403118
0.0 0.011455621756613243 0.48646367667242885 0.008737175166606881 0.010565695352852345
0.0 0.00412704227492211 0.4747941163368523 0.00825408454984422 0.012442286126315594
0.0 0.0921424633823335 0.8242501681670547 0.014588490687310718 0.008925734087824821
0.0 0.08856234773993493 0.6463524387218058 0.007097240164876006 0.006528680212795734
0.0 0.03350422838702799 0.4792253870982677 0.005898603983223505 0.007112132851034403
