0.0 0.21531679918989544 0.7208759164437651 0.01948139537125826 0.02970999330282211
0.0 0.2282293827272952 0.678903326485306 0.023299829103052616 0.0273425268009305
0.0 0.26096159610897307 0.6753480973653495 0.014024635776877403 0.019021172635257245
0.0 0.28619516892358665 0.6874425034970045 0.025347947143018246 0.027514225244522093
0.0 0.24407541071996097 0.5932315153535456 0.018762952648103237 0.018057110998779536
0.0 0.17508535524830227 0.533532862458378 0.017746142111718655 0.0179492661729455
0.0 0.2898627330549062 0.6473993878345936 0.018513469956815243 0.018217906448990108
0.0 0.2963241661898792 0.6052340756170451 0.013352212496101856 0.020078478567302226
0.0 0.27811900964006786 0.5525969834066927 0.01573376078158617 0.019117782637476922
0.0 0.321625756751746 0.569167708279565 0.01447016466408968 0.019774474669247866
0.0 0.38820535428822045 0.5599269710481167 0.018889885395765305 0.02614310272037983
0.0 0.36520212301984434 0.6113068770151585 0.022494067437946796 0.02828117972239852
0.0 0.3824707923457027 0.5978983283508569 0.019976820796728134 0.025470862071961163
0.0 0.3665144356898964 0.45062872879207133 0.0225753178820014 0.020579068176448344
0.0 0.3594026618637145 0.43770761503838 0.015075665898621082 0.013915869686752558
0.0 0.3779405743815005 0.4268383261281997 0.024725926108658314 0.014447840955108404
0.0 0.3984753598459065 0.4482038793619722 0.028649209998547986 0.018693371769040824
0.0 0.40105826426297425 0.3267823617439717 0.01188043318688865 0.014136204961687326
0.0 0.5972004604525865 0.0008130616159178316 0.017201662994921207 0.0016261232318356632
0.0 0.7448414514772594 0.02144425135338679 0.01728223916143179 0.013352007162757218
