0.0 0.2953125 0.8681718353182077 0.01893746852874756 0.01415633037686348
0.0 0.3201406359672546 0.8608437720686197 0.020718812942504883 0.014484431594610214
0.0 0.16957805156707761 0.8371562119573355 0.014577984809875488 0.014953147619962692
0.0 0.301171875 0.8498593717813492 0.014890551567077637 0.014156229794025421
0.0 0.15904680490493772 0.8511562366038561 0.023250102996826172 0.012109469622373581
0.0 0.30703125 0.8234843388199806 0.02031254768371582 0.014156229794025421
0.0 0.0060508131980895885 0.6052187755703926 0.012101626396179177 0.012296855449676514
0.0 0.033109402656555154 0.6249999748542905 0.013187527656555176 0.012406138703227043
0.0 0.05951557159423826 0.6440781001001596 0.01478111743927002 0.012593675404787064
0.0 0.07412493824958799 0.5067187566310167 0.012593686580657959 0.016531191766262054
0.0 0.167874938249588 0.4741562195122242 0.01584380865097046 0.01318751648068428
0.0 0.18667194843292234 0.46348435524851084 0.009953141212463379 0.01021876372396946
0.0 0.25868756175041197 0.43970312736928463 0.012593686580657959 0.009937483817338943
0.0 0.4037656545639038 0.38915622793138027 0.014609456062316895 0.014953147619962692
0.0 0.7633281111717224 0.5576250134035945 0.012546837329864502 0.011156296357512474
0.0 0.7801718920469284 0.5502968747168779 0.012171953916549683 0.014953147619962692
0.0 0.8673281282186508 0.4327343963086605 0.01565614342689514 0.012890595942735672
0.0 0.8575156688690185 0.41699999663978815 0.00849992036819458 0.010781222954392433
0.0 0.9544843643903732 0.45434373896569014 0.01329687237739563 0.010328097268939018
0.0 0.9854999989271164 0.4246406462043524 0.009671956300735474 0.010859325528144836
0.0 0.9790625184774399 0.40812499448657036 0.022156208753585815 0.007703136652708054
0.0 0.5159218668937683 0.37603127397596836 0.011593759059906006 0.009875021874904633
0.0 0.5056406021118164 0.3711093785241246 0.009593725204467773 0.013953102752566338
0.0 0.5118281006813049 0.35968749318271875 0.005859375 0.00895312987267971
0.0 0.0038827836513519176 0.055640623439103365 0.007765567302703835 0.00921874400228262
