0.0 0.9628054394386709 0.46219677161425354 0.022472756914794445 0.014733442291617393
0.0 0.9737271659076214 0.48847806099802255 0.015077242627739906 0.015162302181124687
0.0 0.9560364770703018 0.500716975145042 0.026854400523006916 0.013040704652667046
0.0 0.9792999003082514 0.5073561513796448 0.022597700357437134 0.0157259289175272
0.0 0.9763488682918251 0.06591336205601692 0.013770381920039654 0.011353745684027671
0.0 0.8234400192275644 0.028183004725724457 0.01628851518034935 0.016604854352772237
0.0 0.7078464191406966 0.02515621976926923 0.013445639051496983 0.011940229125320912
0.0 0.7172074075322599 0.020413247123360633 0.01017885422334075 0.01674318127334118
0.0 0.7106903502251953 0.008627623226493597 0.00817719055339694 0.01059142556041479
0.0 0.4734255505725741 0.2346871935762465 0.012330872006714344 0.010680788569152356
0.0 0.45406904090195893 0.22884049490094185 0.013064754195511341 0.01596997454762459
0.0 0.35396769382059573 0.1165980277583003 0.01737080793827772 0.016168616339564325
0.0 0.3629917844198644 0.09952143784612417 0.013166580349206924 0.01317959912121296
0.0 0.2688591011799872 0.1479016781784594 0.014399869367480278 0.01131799016147852
0.0 0.23880043341778218 0.10164896883070469 0.02389364456757903 0.009140308573842048
0.0 0.2322426915168762 0.12029727967455983 0.011101252399384975 0.010897591896355151
0.0 0.20618198458105325 0.12090834826231003 0.013554437085986137 0.014275895431637764
0.0 0.17626422219909726 0.1341180016286671 0.01621485175564885 0.009922234900295734
