0.0 0.9635062098503113 0.9150314148515463 0.03438878059387207 0.02897801622748375
0.0 0.9880815029144288 0.9241681084036827 0.021326065063476562 0.025599539279937744
0.0 0.07467529475688935 0.055175084993243216 0.010428696870803833 0.012335781008005142
0.0 0.17203916907310485 0.04451151881366968 0.010234415531158447 0.010245921090245247
0.0 0.226032617688179 0.04005828909575939 0.008003443479537964 0.008003376424312592
0.0 0.24206346571445464 0.041175135783851145 0.01398208737373352 0.011500591412186623
0.0 0.3104027986526489 0.03401947151869535 0.012433826923370361 0.015351707115769386
0.0 0.3226342976093292 0.1813831612467766 0.015450060367584229 0.011429227888584137
0.0 0.31495347917079924 0.17882968988269568 0.010351449251174927 0.009845903143286705
0.0 0.22936888337135314 0.20135737899690867 0.016395628452301025 0.013201950117945671
0.0 0.23182435631752013 0.21700163129717112 0.019380390644073486 0.015842048451304436
0.0 0.24668643176555632 0.2135785710066557 0.016108006238937378 0.013546094298362732
0.0 0.2382028728723526 0.20792385414242745 0.011656075716018677 0.009220629930496216
0.0 0.3587727725505829 0.07571958228945733 0.013228297233581543 0.012159861624240875
0.0 0.37377173006534575 0.06261477004736662 0.01389661431312561 0.011208398267626762
0.0 0.4342071294784546 0.17710391469299794 0.013274967670440674 0.011471372097730637
0.0 0.4799894422292709 0.1538398837670684 0.01214548945426941 0.010996570810675621
0.0 0.4839252710342407 0.05144444238394499 0.0174332857131958 0.012711608782410622
0.0 0.5499226778745652 0.022634877264499663 0.009461134672164917 0.011000443249940872
0.0 0.5604426592588425 0.027472509443759917 0.010308891534805298 0.011549524962902069
0.0 0.6107432872056962 0.0202674338594079 0.00846835970878601 0.009973341599106789
0.0 0.39837035834789275 0.08486774228513241 0.011243373155593872 0.008463241159915924
0.0 0.4283328682184219 0.14172415286302567 0.010403305292129517 0.008415967226028442
0.0 0.44256587624549865 0.16050093192607165 0.010743677616119385 0.010812604799866676
0.0 0.624489250779152 0.01774313151836395 0.013427942991256714 0.015622224658727646
0.0 0.6483715504407883 0.03341640196740627 0.015537410974502563 0.015721198171377182
0.0 0.6499652743339539 0.026483754999935626 0.011568725109100342 0.009213639423251152
0.0 0.6499730974435807 0.019840484857559203 0.014725953340530396 0.011681489646434784
