0.0 0.2517384510952979 0.8124336412176489 0.023652840312570332 0.01943771168589592
0.0 0.4643667065538466 0.7148766602855176 0.017658977955579757 0.01589524308219552
0.0 0.44438570239581165 0.7465506244450808 0.016546563338488342 0.015247356332838535
0.0 0.4940471396781504 0.7096398252993822 0.020076327212154865 0.016909389384090902
0.0 0.5614120357204229 0.9103243819903583 0.024010067526251077 0.027745991293340922
0.0 0.4988029365427792 0.6816930124070495 0.020189353823661806 0.021496729273349047
0.0 0.5095813455525786 0.6605474574957043 0.01651598894968629 0.01875299932435155
0.0 0.6243060191627592 0.944639308238402 0.02047527367249131 0.022770096827298403
0.0 0.9958788268268108 0.7833141211420298 0.008242346346378326 0.0225736565887928
0.0 0.6978902883362025 0.7769883794244379 0.022366151679307222 0.02199365319684148
0.0 0.9418505856767296 0.8122318767942488 0.02497750036418438 0.023014011047780513
0.0 0.6151534772478044 0.7586149501148611 0.02383559625595808 0.026583987940102815
0.0 0.9113928726874292 0.9698501556180418 0.032423646189272404 0.027800675109028818
0.0 0.9664124716073275 0.8990353352855891 0.030303361639380456 0.027202258910983802
0.0 0.6638566540088504 0.7714191711042077 0.021852304693311453 0.022507215198129416
0.0 0.9918287065811455 0.9298603137955069 0.01634258683770895 0.025827620923519135
0.0 0.9589080371893942 0.963148837024346 0.027001130394637585 0.02662724694237113
