0.0 0.8595058643259108 0.867610655259341 0.02141385767608881 0.012815105728805065
0.0 0.8679397573694587 0.8948467737063766 0.013863606378436089 0.013955248519778252
0.0 0.8491442847065628 0.9053975655697286 0.026024274341762067 0.010679134167730808
0.0 0.8717309692874551 0.9141979813575745 0.021446030214428903 0.013810727745294571
0.0 0.9974084251560271 0.8816302041523159 0.005183149687945842 0.012863279320299625
0.0 0.9976975183933974 0.5089965160004795 0.004604963213205337 0.01352168619632721
0.0 0.9101410274393856 0.4736184920184314 0.012899717129766942 0.010213525034487247
0.0 0.9845676907338202 0.4968237678986043 0.01071492601186037 0.010245623532682657
0.0 0.7611272058449685 0.4216675378847867 0.014956001937389374 0.015304264146834612
0.0 0.6460896529722959 0.40782465995289385 0.012514106277376414 0.010839833412319422
0.0 0.6558728622738272 0.40397048834711313 0.008739072550088166 0.016026919707655907
0.0 0.650475229555741 0.3916050458792597 0.007293146755546332 0.009972708765417337
0.0 0.3925925716292113 0.5948641595896333 0.011502233985811471 0.009667540434747934
0.0 0.3738293634261936 0.5872200392186642 0.011743068415671586 0.014966997317969799
0.0 0.2844788247719407 0.4658940995577723 0.01609656438231468 0.014758227858692408
0.0 0.295081376703456 0.44970658398233354 0.012112592998892068 0.012124600354582071
0.0 0.1966383731458336 0.48914757487364113 0.013542340602725744 0.010117229539901018
0.0 0.17098348550498485 0.4401996652595699 0.02338980305939913 0.007001711055636406
0.0 0.16269418504089117 0.4581857821904123 0.010233073309063912 0.010004807263612747
0.0 0.1366376462392509 0.4563550048042089 0.01240187007933855 0.013200546149164438
0.0 0.10555295334197581 0.4667291515506804 0.015518285986036062 0.008527345955371857
