0.0 0.7229218751192092 0.4545468810945749 0.01381257176399231 0.01379694789648056
0.0 0.7112031251192092 0.45804686211049556 0.017718762159347534 0.020781219005584717
0.0 0.6447031170129776 0.49267187546938657 0.027359336614608765 0.019687430933117867
0.0 0.6749375134706497 0.4479374822229147 0.02140626311302185 0.014234382659196854
0.0 0.959031280875206 0.2603281347081065 0.02064076066017151 0.014718739315867424
0.0 0.9166718691587448 0.1595624999143183 0.01984378695487976 0.01309374812990427
0.0 0.935593780875206 0.14460937744006513 0.018156319856643677 0.018078130669891834
0.0 0.8909219026565551 0.059281246922910216 0.01917189359664917 0.012249983847141266
0.0 0.81328125 0.05634373771026731 0.017593681812286377 0.012687494046986103
0.0 0.7942343473434448 0.0320000003091991 0.01781255006790161 0.013562514446675777
0.0 0.9581874579191207 0.08234374755993486 0.01759377121925354 0.012796877883374691
0.0 0.9641562223434448 0.029062503669410943 0.0188748836517334 0.01225000899285078
0.0 0.9960664570331573 0.027234379155561327 0.007867085933685302 0.013296862598508596
