0.0 0.5538220307324082 0.25330556407570837 0.012673812918365002 0.010010384023189545
0.0 0.5042986204614863 0.2849110156763345 0.009131585014984012 0.007373321335762739
0.0 0.6415283735375852 0.24890581858344377 0.011273044161498547 0.011692278552800417
0.0 0.686822696775198 0.2504531381651759 0.009427907411009073 0.008624576032161713
0.0 0.7131669137859717 0.2324505179654807 0.01160974963568151 0.007709639612585306
0.0 0.7622189440997318 0.20924089746549726 0.010505380341783166 0.007454001344740391
0.0 0.7756065895780921 0.21316970642656088 0.007111275102943182 0.007911491207778454
0.0 0.7898157686693594 0.22339541036635638 0.007798172766342759 0.008059426210820675
0.0 0.8253589272033424 0.24040234917774797 0.012337030377238989 0.011288618668913841
0.0 0.8556898171780631 0.1323867362458259 0.012013888685032725 0.009445277508348227
0.0 0.9860776441171766 0.17569793472066522 0.008471660781651735 0.011140597052872181
0.0 0.984124690713361 0.12606292627751828 0.008902619127184153 0.009122427552938461
