0.0 0.9652812063694001 0.9297343555837869 0.02476555109024048 0.015578169375658035
0.0 0.9989140570163727 0.8271874867379665 0.0021718859672546385 0.012624956667423248
0.0 0.994808578491211 0.8324843801558017 0.010382843017578126 0.018906354904174805
0.0 0.8363125056028367 0.7733593991026282 0.015625029802322388 0.016437498852610588
0.0 0.940749990940094 0.7542968641966581 0.0214998722076416 0.011140655726194382
0.0 0.8407812893390656 0.7388437444344162 0.013015687465667725 0.012437520548701286
0.0 0.8317812263965607 0.7467499829828739 0.011390626430511475 0.016734369099140167
0.0 0.811968731880188 0.7478593865409493 0.019718706607818604 0.01287495531141758
0.0 0.8242031812667847 0.7575000001117587 0.009843707084655762 0.018218720331788063
0.0 0.8859063267707825 0.7211094059050083 0.016453027725219727 0.0188593827188015
0.0 0.8509687662124634 0.6933125087991356 0.009093761444091797 0.014859354123473167
0.0 0.8973437130451203 0.6904062431305646 0.016281187534332275 0.009031232446432114
0.0 0.8764687061309815 0.6714843733236193 0.01823437213897705 0.008828205987811089
0.0 0.9285156309604645 0.6674218827858567 0.018531382083892822 0.008593747392296791
0.0 0.9567811965942383 0.7039375266060233 0.010109424591064453 0.01851564086973667
0.0 0.9266093850135804 0.7074218669906258 0.017750144004821777 0.011499987915158272
0.0 0.9907187402248383 0.6227343862876296 0.009390413761138916 0.016343755647540092
0.0 0.9469062864780426 0.626484391093254 0.009781301021575928 0.01474997028708458
0.0 0.8972812175750733 0.6295624773949384 0.007640719413757324 0.015437453985214233
0.0 0.9223749816417695 0.5940312378108501 0.01657801866531372 0.010546915233135223
0.0 0.8567655563354493 0.6193124826997518 0.015718817710876465 0.013765666633844376
0.0 0.941312450170517 0.5459843751043081 0.013578236103057861 0.015796836465597153
0.0 0.9782811582088471 0.5439531046897172 0.01285940408706665 0.014906276017427444
0.0 0.7097969084978104 0.562484386190772 0.015250056982040405 0.013156235218048096
0.0 0.7859999865293503 0.48242188040167094 0.012265652418136597 0.014843763783574104
0.0 0.6724218457937241 0.5391093872487545 0.01374998688697815 0.015515606850385666
0.0 0.7517812579870224 0.4587656266987324 0.01323428750038147 0.013843819499015808
0.0 0.7549374580383301 0.4688437253236771 0.013078093528747559 0.015171915292739868
0.0 0.7340780973434449 0.45293750502169133 0.012499988079071045 0.01571878418326378
0.0 0.7463437050580979 0.4045156443491578 0.012890607118606567 0.011640602722764015
0.0 0.6664218783378602 0.37220313102006913 0.006437480449676514 0.008453132584691048
0.0 0.6456719070672989 0.3924687623977661 0.014765650033950806 0.010296866297721863
0.0 0.6564531356096268 0.3782500077970326 0.012234359979629517 0.015015634708106518
0.0 0.6015156388282776 0.4042187489569187 0.01112508773803711 0.010249994695186615
0.0 0.6227343261241913 0.3893281387165189 0.012734413146972656 0.006734373047947884
0.0 0.45137501060962676 0.40057812798768283 0.013734430074691772 0.00828123651444912
