0.0 0.01123436689376831 0.3995937408879399 0.0069844722747802734 0.0067187827080488205
0.0 0.0037305176258087156 0.4613906295970082 0.007461035251617431 0.008125031366944313
0.0 0.0017304837703704834 0.4677500046789646 0.003460967540740967 0.009203128516674042
0.0 0.03290625810623169 0.4500312564894557 0.006734132766723633 0.007546881213784218
0.0 0.050562435388565065 0.5543593719601632 0.01057809591293335 0.008203133940696716
0.0 0.06579684615135192 0.5814531195908785 0.007437407970428467 0.005921915173530579
0.0 0.07509374022483825 0.5717187628149987 0.01176542043685913 0.006484374403953552
0.0 0.08009373545646667 0.5752187438309193 0.01468724012374878 0.007265601307153702
0.0 0.15118738412857055 0.4407187692821026 0.009546875953674316 0.011796858161687851
0.0 0.12375008463859558 0.4392031367868185 0.011140644550323486 0.011640653014183044
0.0 0.0858125627040863 0.4472187591716647 0.011734306812286377 0.009046873077750206
0.0 0.08193757534027099 0.41899999249726533 0.011859297752380371 0.007671905681490898
0.0 0.14871867895126342 0.4317187678068876 0.008906364440917969 0.007359344512224197
0.0 0.1060781717300415 0.4550781261175871 0.012250185012817383 0.006203044205904007
0.0 0.1410936951637268 0.46864061541855334 0.008656024932861328 0.010468762367963791
0.0 0.14901559948921203 0.45707811526954173 0.009500205516815186 0.012328136712312698
0.0 0.1617500126361847 0.4668124720454216 0.01279681921005249 0.006796885281801224
0.0 0.17751559019088745 0.4740312771871686 0.007890701293945312 0.01051558367908001
0.0 0.19076561331748962 0.4691562533378601 0.010796964168548584 0.008609388023614883
0.0 0.21946882605552673 0.4679531317204237 0.014609277248382568 0.0097968690097332
0.0 0.2090156316757202 0.47320310324430465 0.010140538215637207 0.008156262338161469
0.0 0.2047812283039093 0.4910000294446945 0.008796751499176025 0.006578117609024048
0.0 0.22782810926437377 0.489124989323318 0.009171724319458008 0.010671889409422874
0.0 0.1887188196182251 0.4600000215694308 0.0081406831741333 0.005328124389052391
0.0 0.194546902179718 0.45212498884648084 0.009781122207641602 0.01173434592783451
0.0 0.2282187283039093 0.5755468953400851 0.009937584400177002 0.007687445729970932
0.0 0.22539060711860656 0.5811406338587404 0.013593614101409912 0.006015608087182045
0.0 0.2575624525547028 0.6132968666031957 0.013609349727630615 0.0067187827080488205
0.0 0.2375469148159027 0.6444531299173832 0.007859408855438232 0.009703125804662704
0.0 0.26168751120567324 0.6445312576368452 0.009515583515167236 0.00937497429549694
0.0 0.25290622711181643 0.6728749984875322 0.012125015258789062 0.015796886757016182
0.0 0.26371883749961855 0.6738125059753657 0.011281192302703857 0.014500021934509277
0.0 0.27848430871963503 0.6688593544065953 0.00754702091217041 0.007750008255243301
0.0 0.2852812945842743 0.6634062306955457 0.015421807765960693 0.006156222894787788
0.0 0.29331245422363283 0.6489687461405993 0.012203335762023926 0.006578117609024048
0.0 0.3044999480247498 0.5838749783113599 0.015265703201293945 0.007906263694167137
0.0 0.3228281080722809 0.5861719131469727 0.010484397411346436 0.006796885281801224
0.0 0.3311405420303345 0.5947031231597066 0.014359474182128906 0.010468712076544762
0.0 0.32067188024520876 0.6543281015008688 0.012593865394592285 0.007999956607818604
0.0 0.3101405441761017 0.6658124739304185 0.010812342166900635 0.008125031366944313
0.0 0.30873444080352785 0.6867812547832728 0.013015508651733398 0.009296871721744537
0.0 0.2730156421661377 0.6961250232532621 0.01803123950958252 0.009406255558133125
0.0 0.3357656538486481 0.6746718605980278 0.012031137943267822 0.007953135296702385
0.0 0.37439062595367434 0.7015625063329936 0.01210927963256836 0.00954682007431984
0.0 0.3630312025547028 0.7055937407538295 0.010109245777130127 0.010484402999281883
0.0 0.3795937538146973 0.7463749770075083 0.018203258514404297 0.014859404414892197
0.0 0.41048439741134646 0.7020155817270279 0.014250040054321289 0.009749997407197952
0.0 0.20125001072883605 0.8019374396651984 0.01532810926437378 0.008734311908483505
0.0 0.2221093714237213 0.8456562731415034 0.02060920000076294 0.01185942068696022
0.0 0.24623441100120544 0.8223750174045563 0.017390549182891846 0.009593792259693146
0.0 0.2656562864780426 0.8329375229775906 0.018234193325042725 0.010718710720539093
0.0 0.2513593971729279 0.8720937680453063 0.016906321048736572 0.011109273880720139
0.0 0.22470306754112243 0.8757187232375145 0.01721853017807007 0.009062513709068298
0.0 0.38118752241134646 0.8480000041425229 0.009546875953674316 0.011015631258487701
0.0 0.4297187864780426 0.8160624887794257 0.011265456676483154 0.011281270533800125
0.0 0.42946880459785464 0.8452812500298024 0.015047013759613037 0.00967184454202652
0.0 0.3973593652248383 0.8644219126552344 0.01801532506942749 0.01004691794514656
0.0 0.4573437511920929 0.8436094123870135 0.018609344959259033 0.009906303137540817
0.0 0.503468805551529 0.8683125071227551 0.019359290599822998 0.008562617003917694
0.0 0.44084378480911257 0.8706093665212393 0.012062430381774902 0.013140644878149033
0.0 0.4308281481266022 0.9065937820822001 0.014187633991241455 0.011484447866678238
0.0 0.31995304822921755 0.9238905601203442 0.011859297752380371 0.01464063674211502
0.0 0.34276568293571474 0.9554218716919423 0.011046946048736572 0.012672029435634613
0.0 0.375156307220459 0.9262343414127827 0.011484503746032715 0.012875005602836609
0.0 0.4132812261581421 0.9460937689989806 0.011968731880187988 0.012578185647726059
0.0 0.4300155282020569 0.9782968733459712 0.012547016143798828 0.014109458774328232
0.0 0.5158906519412995 0.9742968447506428 0.017062604427337646 0.014656327664852142
0.0 0.4738280713558197 0.9544531583786011 0.012968838214874268 0.013593770563602448
0.0 0.48907812833786013 0.7994375035166741 0.018453240394592285 0.009484358131885529
0.0 0.06115626692771912 0.8033281482756138 0.014452993869781494 0.008843846619129181
0.0 0.06470313072204589 0.6270625080913306 0.0070313215255737305 0.006468784064054489
0.0 0.11924987435340881 0.4614687321707606 0.005843818187713623 0.007046883925795555
