0.0 0.23744610608555378 0.9162194395437837 0.02934599043801427 0.022984994016587733
0.0 0.16348315412178635 0.7952515662647783 0.025928851030766965 0.026030430011451243
0.0 0.21500083622522653 0.7534910251852125 0.032466682884842155 0.020199521351605652
0.0 0.4073010857217014 0.7518973599653691 0.02828612197190523 0.034963320661336186
0.0 0.48252737228758635 0.7907947570551187 0.020302758272737264 0.030781670194119214
0.0 0.53496027556248 0.6708865917287767 0.03114989371970296 0.01836728285998106
0.0 0.5559945520013571 0.7379697848577053 0.03187962379306555 0.019668370205909013
0.0 0.09118670462630689 0.6285037799738348 0.01889562336727977 0.01992960423231125
0.0 0.1338213300332427 0.4920607291162014 0.025663083977997304 0.025513891875743867
0.0 0.15567248254083096 0.5362561365123838 0.016407727543264628 0.02864097012206912
0.0 0.15690805464982988 0.5892459815833717 0.02091993261128664 0.02975473562255502
0.0 0.18138986807316543 0.5621096749790013 0.029935308173298834 0.019116570241749287
0.0 0.2331576008349657 0.5553484576288611 0.019452190771698952 0.022018523421138525
0.0 0.3076344883069396 0.5319617117289454 0.019696500711143018 0.028127608727663754
0.0 0.41430758610367774 0.4965460231062025 0.01805898416787386 0.03190814265981316
0.0 0.405188030609861 0.406900342553854 0.020425854343920948 0.028982046246528625
0.0 0.218878644797951 0.29643951465841384 0.02921818885952234 0.02430561832152307
0.0 0.1360249191056937 0.38093532694038 0.027492020558565856 0.01621308163739741
0.0 0.0427605408243835 0.4224422316998243 0.017921583354473115 0.020139692723751067
0.0 0.012522386200726033 0.293215519329533 0.02241440173238516 0.026638881862163545
0.0 0.15490077934227883 0.18777473687659949 0.06057437201961875 0.04354766984470189
0.0 0.24325204333290457 0.10406392384320498 0.02197810709476471 0.022734031453728674
0.0 0.2439613515045494 0.0915960084181279 0.020105126965790986 0.02179392781108618
0.0 0.37101804818958045 0.14223805635701864 0.018292000889778136 0.023588627809658647
0.0 0.3925369918812066 0.14798904350027442 0.01697163553908467 0.02360509391874075
0.0 0.47269408544525504 0.1836314720334485 0.02370107565075159 0.027382609946653248
0.0 0.5109532478265464 0.22223311450798064 0.021389354020357132 0.028371847188100218
0.0 0.489472418744117 0.10854479686822742 0.022966263629496098 0.02273323726840317
0.0 0.4689028582070023 0.12168686974328011 0.014078313205391168 0.018245454831048846
0.0 0.46581369265913963 0.10754039068706334 0.015218739956617355 0.019191329553723335
0.0 0.4023536212276667 0.09282156873960049 0.021217885334044694 0.025748706003651024
0.0 0.3652874931693077 0.06973711624741555 0.016348061710596086 0.020502158906310797
0.0 0.39346736478619276 0.025396770029328764 0.021350392419844866 0.025783861940726637
0.0 0.40933424131944773 0.032745155063457786 0.01950602177530527 0.023716015135869385
0.0 0.07124043558724225 0.1315471570705995 0.02206788817420602 0.025122146727517246
0.0 0.09877555859275162 0.041993125504814086 0.01153508061543107 0.023043181328102947
0.0 0.012787776812911034 0.05309782181866467 0.013031243719160557 0.022254978865385057
0.0 0.008909027138724924 0.03037297644186765 0.015529868099838496 0.026425775466486813
