0.0 0.9224375784397125 0.9175000064074993 0.020515501499176025 0.031421877443790436
0.0 0.9089530408382416 0.8729062531143427 0.02457815408706665 0.028890710324048996
0.0 0.8742499947547913 0.8689687870442867 0.01478111743927002 0.020109325647354126
0.0 0.8474219143390656 0.8816718462854624 0.026750028133392334 0.029062505811452866
0.0 0.8925781548023224 0.7819374999031424 0.019812405109405518 0.019062509760260582
0.0 0.9660625457763672 0.7189531302079558 0.018734335899353027 0.018953176215291023
0.0 0.8437343239784241 0.8391718504950404 0.019546866416931152 0.01923440583050251
0.0 0.8370938003063202 0.7944062765687704 0.014062464237213135 0.02123444527387619
0.0 0.8566717803478241 0.7386562520638108 0.016593754291534424 0.02020311914384365
0.0 0.8104375600814819 0.7560156177729368 0.015249967575073242 0.020906243473291397
0.0 0.7398593425750732 0.7458750069141388 0.019906282424926758 0.02764056622982025
0.0 0.7640000283718109 0.8005000123754143 0.02371877431869507 0.029890654608607292
0.0 0.7457500100135803 0.7861875271424651 0.021062493324279785 0.026921851560473442
0.0 0.7634218335151672 0.630031262896955 0.023843765258789062 0.02171880193054676
0.0 0.7710312604904175 0.6163593897596001 0.015921950340270996 0.014687558636069298
0.0 0.7514219880104065 0.6047343522310257 0.026156187057495117 0.015203095972537994
0.0 0.7295312285423279 0.6272968681529164 0.030296802520751953 0.019687430933117867
0.0 0.72740638256073 0.49846873469650743 0.012531280517578125 0.01493745669722557
0.0 0.7962343692779541 0.034062498505227266 0.015546798706054688 0.02045312407426536
0.0 0.5370313227176666 0.03715624901233241 0.018093645572662354 0.016343752504326403
0.0 0.5282968878746033 0.00833984378259629 0.011609315872192383 0.01667968756519258
0.0 0.46204686164855957 0.048734377219807355 0.013843774795532227 0.019234377541579306
0.0 0.4756562113761902 0.12690625097602606 0.0126875638961792 0.02026563137769699
0.0 0.5210313200950623 0.14457812127657235 0.01817178726196289 0.015796874184161425
0.0 0.5626094043254852 0.12728125522844494 0.020124971866607666 0.013734372798353434
0.0 0.5560470223426819 0.10403124932199717 0.01737499237060547 0.012593750841915607
0.0 0.36428123712539673 0.17279687537811697 0.018265485763549805 0.014078139793127775
0.0 0.3682343661785126 0.11546874386258424 0.016984283924102783 0.0108750038780272
0.0 0.3395625352859497 0.1313906236551702 0.013390660285949707 0.009484383277595043
0.0 0.3179999887943268 0.0696406222647056 0.015484392642974854 0.012515629408881068
0.0 0.35940632224082947 0.058562502346467225 0.01474982500076294 0.01743750285822898
0.0 0.37987497448921204 0.0523906231042929 0.021484315395355225 0.012578125926665962
0.0 0.4098750352859497 0.05329687604680657 0.01842176914215088 0.01342187449336052
0.0 0.36726564168930054 0.03710937426658347 0.014937400817871094 0.016671872581355274
0.0 0.35973435640335083 0.02137499974342063 0.01634359359741211 0.01675000030081719
0.0 0.2517344057559967 0.029125000140629707 0.018249928951263428 0.008796874433755875
0.0 0.2109687626361847 0.02771874991012737 0.019015610218048096 0.012953123892657459
0.0 0.040937453508377075 0.1378906261175871 0.010859370231628418 0.017671876586973667
0.0 0.026343733072280884 0.14234375525265933 0.012265563011169434 0.02596875373274088
0.0 0.007730469107627869 0.1317343717906624 0.015460938215255737 0.011046874802559614
