0.0 0.6760154962539673 0.7932960856705904 0.02231597900390625 0.021814707666635513
0.0 0.60875204205513 0.7723654005676508 0.02532362937927246 0.024118658155202866
0.0 0.724948912858963 0.9005588311702013 0.02245420217514038 0.025893140584230423
0.0 0.6459644734859467 0.9540725219994783 0.019244134426116943 0.027177181094884872
0.0 0.5654954761266708 0.8698374629020691 0.030812054872512817 0.026616834104061127
0.0 0.5570075809955597 0.911927005276084 0.027710258960723877 0.027367282658815384
0.0 0.490206316113472 0.892506068572402 0.032319098711013794 0.028414148837327957
0.0 0.5279883146286011 0.915604867041111 0.02926647663116455 0.028263777494430542
0.0 0.9004023969173431 0.9918473605066538 0.02656763792037964 0.01630527898669243
0.0 0.27213767170906067 0.6374914590269327 0.024235010147094727 0.025835607200860977
0.0 0.25796130299568176 0.5581807848066092 0.024731755256652832 0.029393021017313004
0.0 0.4550981670618057 0.5566434264183044 0.020887166261672974 0.02298036217689514
0.0 0.41934892535209656 0.4987839534878731 0.019412577152252197 0.022042326629161835
0.0 0.4015149176120758 0.47702667862176895 0.021956205368041992 0.021586686372756958
0.0 0.36068016290664673 0.36142063699662685 0.021384716033935547 0.01930013671517372
0.0 0.43485531210899353 0.528223292902112 0.018936753273010254 0.023167144507169724
0.0 0.38276149332523346 0.34336184337735176 0.022191613912582397 0.02358124405145645
0.0 0.2969929873943329 0.35517323575913906 0.016605377197265625 0.01611286774277687
0.0 0.409449964761734 0.33367365412414074 0.013700723648071289 0.016523849219083786
0.0 0.33284951746463776 0.3420493882149458 0.024279266595840454 0.016689207404851913
0.0 0.10936616361141205 0.27442163694649935 0.02491137385368347 0.021956177428364754
0.0 0.47420094907283783 0.42887108586728573 0.01789364218711853 0.018412593752145767
