0.0 0.5177348359487951 0.9952746303752065 0.017305187322199343 0.009450739249587059
0.0 0.29340689107775686 0.9991858888417482 0.02300596497952938 0.0016282223165035247
0.0 0.24945086678490042 0.9627619942650198 0.01467271540313959 0.017746544256806374
0.0 0.3459762929007411 0.9872023867443204 0.02355106920003891 0.014944463595747947
0.0 0.30864039715379477 0.9617656532675027 0.021557463705539702 0.01590958908200264
0.0 0.37518179342150687 0.9806330498307944 0.018161703273653983 0.024004577845335006
0.0 0.3474249724298716 0.9259145634248853 0.02708693817257881 0.014259425923228264
0.0 0.28317326344549654 0.9324839003384113 0.02439243346452713 0.013403329253196716
0.0 0.2598090056329966 0.8580418705940247 0.021385982260107995 0.01746625602245331
0.0 0.3020515523850918 0.8688921919092536 0.021385982260107995 0.018431581929326056
0.0 0.41460505686700344 0.8551308112218976 0.016868996992707254 0.021109000965952873
0.0 0.3518019382841885 0.8530448835343123 0.01940788496285677 0.01780877485871315
0.0 0.33283006539568305 0.8186414819210768 0.021806486137211322 0.01953680142760277
0.0 0.4803209535777569 0.8076977144926787 0.02001555673778057 0.02023727148771286
0.0 0.4803208644501865 0.8850508537143469 0.024018275924026965 0.015536005049943924
0.0 0.506597900390625 0.9136165037751198 0.024205265566706657 0.018805065751075746
0.0 0.47323379656299946 0.9543713349848986 0.018488801456987856 0.01992601826786995
0.0 0.6205064113251865 0.8185480358079076 0.018660282902419566 0.018587108328938486
0.0 0.34169300012290477 0.7523410888388753 0.019937480986118316 0.01766878105700016
0.0 0.3982967614196241 0.7494144968688488 0.010077654384076595 0.016423267126083375
0.0 0.02252164464443922 0.7281653517857194 0.01478180754929781 0.017466356232762336
0.0 0.06049631768837571 0.7647481271997094 0.012741320952773093 0.015302414819598199
0.0 0.16697506522759795 0.6639353287406266 0.015249014273285866 0.018649389035999775
0.0 0.5024547161534428 0.0830946194473654 0.02112109512090683 0.010336618218570948
0.0 0.12507512485608457 0.6322562445886433 0.014252211526036262 0.016189827211201192
0.0 0.11086966074071825 0.6274615570902824 0.017071405705064536 0.017948868870735168
0.0 0.021150951739400625 0.5511981799267233 0.015918897092342378 0.013356581144034863
0.0 0.03411027872934937 0.534058784879744 0.01831749826669693 0.019318844005465508
0.0 0.002296727802604437 0.5475555101409555 0.004593455605208874 0.013776913285255432
0.0 0.07582331858575345 0.8237474977970123 0.01668200735002756 0.016547728329896927
0.0 0.531426256801933 0.8587735561653972 0.01174433995038271 0.010492319986224175
0.0 0.0453407091088593 0.5226169471628964 0.015217997878789902 0.011613122187554836
