0.0 0.9745468616485595 0.47568749971687796 0.010421991348266602 0.014718689024448395
0.0 0.8857813000679016 0.7073749877512455 0.01764070987701416 0.01578124612569809
0.0 0.9174999415874481 0.6884530927985907 0.01879674196243286 0.019093740731477737
0.0 0.9938515484333038 0.6643749695271254 0.012296903133392333 0.020234350115060806
0.0 0.9048125565052032 0.6452655881643296 0.01396876573562622 0.016312524676322937
0.0 0.9631875276565551 0.5672343527898193 0.01621878147125244 0.017390621826052666
0.0 0.8814219057559967 0.6082499973475933 0.01781255006790161 0.017874978482723236
0.0 0.9059218287467956 0.5837500045076013 0.02446889877319336 0.01801554299890995
0.0 0.8922342479228973 0.5286718482151628 0.0193750262260437 0.017250007018446922
0.0 0.7743593871593475 0.5318124970421195 0.016609489917755127 0.01548437587916851
0.0 0.8257343292236328 0.9085468497127295 0.022562384605407715 0.016656216233968735
0.0 0.7625 0.9410311836749315 0.025343656539916992 0.012796852737665176
0.0 0.8328125 0.9861875470727682 0.024859070777893066 0.025421809405088425
0.0 0.816703063249588 0.9437031164765358 0.02326565980911255 0.015484325587749481
0.0 0.7697031617164611 0.8998906403779984 0.018218636512756348 0.02232818305492401
0.0 0.98515625 0.9305155999958515 0.027578115463256836 0.020078144967556
0.0 0.8664062738418579 0.6828437387943268 0.014562606811523438 0.01729682832956314
0.0 0.7849219262599945 0.9202187336981297 0.02437502145767212 0.015890680253505707
0.0 0.8692812442779541 0.6968124821782112 0.01895320415496826 0.018062464892864227
0.0 0.5676720261573791 0.9488281138241291 0.02031254768371582 0.023265615105628967
0.0 0.9492499649524688 0.8161562323570252 0.01331251859664917 0.01850000023841858
0.0 0.9447031736373901 0.807296895980835 0.011312484741210938 0.01432802528142929
