0.0 0.9776093244552613 0.37564064785838125 0.009484291076660156 0.01021871343255043
0.0 0.8770000219345093 0.4782656192779541 0.018437504768371582 0.01106250286102295
0.0 0.8744843780994416 0.44525000676512716 0.013468801975250244 0.010796863585710526
0.0 0.8641874670982361 0.4550000041723251 0.014031171798706055 0.008843746036291122
0.0 0.8043593645095826 0.38559374716132877 0.011468768119812012 0.008703181520104408
0.0 0.8964686572551728 0.3718593869358301 0.010937511920928955 0.009109385311603546
0.0 0.9636250913143158 0.3571875192224979 0.010281264781951904 0.007609393447637558
0.0 0.9506562530994416 0.283265620842576 0.009062469005584717 0.006312478333711624
0.0 0.9094219386577607 0.28928125407546756 0.009359300136566162 0.006906269118189812
0.0 0.8693906843662262 0.20370313748717309 0.009359300136566162 0.006578117609024048
0.0 0.8436405837535859 0.22145311664789916 0.007953107357025146 0.007046883925795555
0.0 0.7590781331062317 0.21521874088793994 0.0069844722747802734 0.0067187827080488205
0.0 0.7691406190395356 0.2770156295970082 0.012578308582305908 0.008125031366944313
0.0 0.7723125100135804 0.2833750046789646 0.010921955108642578 0.009203128516674042
0.0 0.7374062418937684 0.2656562564894557 0.006734132766723633 0.007546881213784218
0.0 0.719750064611435 0.3699843719601631 0.01057809591293335 0.008203133940696716
0.0 0.7045156538486481 0.39707811959087846 0.007437407970428467 0.005921915173530579
0.0 0.6952187597751618 0.3873437628149986 0.01176542043685913 0.006484374403953552
0.0 0.6902187645435334 0.39084374383091924 0.01468724012374878 0.007265601307153702
0.0 0.6191251158714295 0.25634376928210256 0.009546875953674316 0.011796858161687851
0.0 0.6465624153614045 0.2548281367868185 0.011140644550323486 0.011640653014183044
0.0 0.6844999372959137 0.2628437591716647 0.011734306812286377 0.009046873077750206
0.0 0.688374924659729 0.23462499249726534 0.011859297752380371 0.007671905681490898
0.0 0.8636406540870667 0.16179688218981028 0.012265563011169434 0.006374990567564964
0.0 0.8205624997615815 0.15892189778387547 0.007656276226043701 0.007078114897012711
0.0 0.9449688076972962 0.14112502187490464 0.010453104972839355 0.00792190432548523
0.0 0.9683750152587891 0.13954687714576722 0.010812520980834961 0.0062187351286411285
0.0 0.6215938210487366 0.24734376780688763 0.008906364440917969 0.007359344512224197
0.0 0.6642343282699585 0.27070312611758707 0.012250185012817383 0.006203044205904007
0.0 0.6292188048362732 0.28426561541855333 0.008656024932861328 0.010468762367963791
0.0 0.621296900510788 0.2727031152695417 0.009500205516815186 0.012328136712312698
0.0 0.6085624873638154 0.2824374720454216 0.01279681921005249 0.006796885281801224
0.0 0.5927969098091126 0.2896562771871686 0.007890701293945312 0.01051558367908001
0.0 0.5795468866825104 0.2847812533378601 0.010796964168548584 0.008609388023614883
0.0 0.5508436739444733 0.2835781317204237 0.014609277248382568 0.0097968690097332
0.0 0.5612968683242798 0.28882810324430463 0.010140538215637207 0.008156262338161469
0.0 0.5655312716960907 0.3066250294446945 0.008796751499176025 0.006578117609024048
0.0 0.5424843907356263 0.304749989323318 0.009171724319458008 0.010671889409422874
0.0 0.581593680381775 0.2756250215694308 0.0081406831741333 0.005328124389052391
0.0 0.575765597820282 0.2677499888464808 0.009781122207641602 0.01173434592783451
0.0 0.5420937716960907 0.391171895340085 0.009937584400177002 0.007687445729970932
0.0 0.5449218928813935 0.3967656338587403 0.013593614101409912 0.006015608087182045
0.0 0.5127500474452973 0.42892186660319565 0.013609349727630615 0.0067187827080488205
0.0 0.5327655851840973 0.46007812991738317 0.007859408855438232 0.009703125804662704
0.0 0.5086249887943268 0.4601562576368451 0.009515583515167236 0.00937497429549694
0.0 0.5174062728881836 0.4884999984875321 0.012125015258789062 0.015796886757016182
0.0 0.5065936625003815 0.4894375059753656 0.011281192302703857 0.014500021934509277
0.0 0.491828191280365 0.4844843544065952 0.00754702091217041 0.007750008255243301
0.0 0.4850312054157257 0.47903123069554565 0.015421807765960693 0.006156222894787788
0.0 0.4770000457763672 0.46459374614059923 0.012203335762023926 0.006578117609024048
0.0 0.46581255197525023 0.39949997831135986 0.015265703201293945 0.007906263694167137
0.0 0.4474843919277191 0.40179691314697263 0.010484397411346436 0.006796885281801224
0.0 0.4391719579696655 0.41032812315970657 0.014359474182128906 0.010468712076544762
0.0 0.44964061975479125 0.4699531015008688 0.012593865394592285 0.007999956607818604
0.0 0.4601719558238983 0.48143747393041847 0.010812342166900635 0.008125031366944313
0.0 0.46157805919647216 0.5024062547832727 0.013015508651733398 0.009296871721744537
0.0 0.4972968578338623 0.511750023253262 0.01803123950958252 0.009406255558133125
0.0 0.4345468461513519 0.4902968605980277 0.012031137943267822 0.007953135296702385
0.0 0.3959218740463257 0.5171875063329935 0.012109279632568314 0.00954682007431984
0.0 0.40728129744529723 0.5212187407538295 0.010109245777130127 0.010484402999281883
0.0 0.3907187461853028 0.5619999770075083 0.018203258514404297 0.014859404414892197
0.0 0.3598281025886536 0.5176405817270279 0.014250040054321289 0.009749997407197952
0.0 0.569062489271164 0.6175624396651983 0.01532810926437378 0.008734311908483505
0.0 0.5482031285762787 0.6612812731415033 0.02060920000076294 0.01185942068696022
0.0 0.5240780889987946 0.6380000174045563 0.017390549182891846 0.009593792259693146
0.0 0.5046562135219574 0.6485625229775905 0.018234193325042725 0.010718710720539093
0.0 0.5189531028270722 0.6877187680453062 0.016906321048736572 0.011109273880720139
0.0 0.5456094324588776 0.6913437232375145 0.01721853017807007 0.009062513709068298
0.0 0.3891249775886536 0.6636250041425228 0.009546875953674316 0.011015631258487701
0.0 0.34059371352195744 0.6316874887794256 0.011265456676483154 0.011281270533800125
0.0 0.34084369540214543 0.6609062500298023 0.015047013759613037 0.00967184454202652
0.0 0.3729531347751618 0.6800469126552343 0.01801532506942749 0.01004691794514656
0.0 0.31296874880790715 0.6592344123870134 0.018609344959259033 0.009906303137540817
0.0 0.2668436944484711 0.683937507122755 0.019359290599822998 0.008562617003917694
0.0 0.3294687151908875 0.6862343665212393 0.012062430381774902 0.013140644878149033
0.0 0.33948435187339787 0.7222187820822 0.014187633991241455 0.011484447866678238
0.0 0.45035945177078246 0.7395155601203441 0.011859297752380371 0.01464063674211502
0.0 0.42754681706428527 0.7710468716919422 0.011046946048736572 0.012672029435634613
0.0 0.395156192779541 0.7418593414127826 0.01148450374603267 0.012875005602836609
0.0 0.35703127384185795 0.7617187689989805 0.011968731880187988 0.012578185647726059
0.0 0.34029697179794316 0.7939218733459711 0.012547016143798828 0.014109458774328232
0.0 0.2544218480587006 0.7899218447506428 0.017062604427337646 0.014656327664852142
0.0 0.29648442864418034 0.770078158378601 0.012968838214874268 0.013593770563602448
0.0 0.28123437166213994 0.615062503516674 0.018453240394592285 0.009484358131885529
0.0 0.7091562330722809 0.6189531482756138 0.014452993869781494 0.008843846619129181
0.0 0.7056093692779541 0.4426875080913305 0.0070313215255737305 0.006468784064054489
0.0 0.6510626256465912 0.2770937321707606 0.005843818187713623 0.007046883925795555
