0.0 0.009652196243405343 0.5110080772079527 0.009685970842838287 0.012864115834236144
0.0 0.1472965793684125 0.5731531048193574 0.01411694847047329 0.011688506416976451
0.0 0.18781039565801622 0.5694776617921888 0.0090106800198555 0.012728940322995186
0.0 0.1545779088512063 0.7810329909436404 0.019655631855130196 0.010729056037962436
0.0 0.26455562077462674 0.7698444338515401 0.01525186374783516 0.013647855445742606
0.0 0.23713221196085216 0.7534804987721145 0.016251349821686745 0.016512549854815005
0.0 0.10404032170772552 0.7486294898204505 0.014981623739004135 0.016188267804682254
0.0 0.11278076171875 0.7176988276652991 0.01972319185733795 0.011688506416976451
0.0 0.06845734203234315 0.7202257137745619 0.013387470506131649 0.018323327600955962
0.0 0.1419064661487937 0.6955243897624314 0.022425128147006035 0.011026372574269772
0.0 0.09631312713027 0.6980512758716941 0.024316344410181046 0.010553432255983352
0.0 0.1693164248019457 0.732657381054014 0.014238618314266205 0.017498965747654437
0.0 0.14158219359815122 0.7361301912926137 0.01822388544678688 0.01197225321084261
0.0 0.24810151364654304 0.716131304949522 0.01207716204226017 0.014107313007116318
0.0 0.19763148650527002 0.6486487365793436 0.01402248814702034 0.015039667394012213
0.0 0.26832468044012786 0.6841196736320854 0.015400433912873268 0.015458546206355095
0.0 0.24714245535433293 0.6629317168612033 0.021155402064323425 0.015580108482390642
0.0 0.1545780634507537 0.6480136552359909 0.013482162728905678 0.015701801236718892
0.0 0.11128122340887785 0.6562564256601036 0.013860313221812248 0.014985692873597144
0.0 0.13648929800838233 0.6199747182428836 0.015994714573025703 0.014809982106089591
0.0 0.07479314068332314 0.6480136552359909 0.016629732213914394 0.013972094003111123
0.0 0.25897650960832835 0.6152993113268167 0.016751324757933617 0.01491806162521243
0.0 0.3608891496434808 0.6180153909604996 0.01436028815805912 0.0133911176584661
0.0 0.31647123098373414 0.9438208403997124 0.019507061690092087 0.014404542557895184
0.0 0.371142578125 0.9719137736596167 0.021911703050136566 0.011066907830536366
0.0 0.3103515625 0.9999865435063839 0.021492738276720047 2.691298723220825e-05
0.0 0.3242795130237937 0.9742245007306337 0.02011510170996189 0.013391074165701866
0.0 0.36491484455764295 0.9363348223268986 0.01575152948498726 0.019309743493795394
0.0 0.1786376953125 0.9628197411075234 0.02384357899427414 0.017363877221941947
0.0 0.05452946880832314 0.8038424666970968 0.017494252882897854 0.015039623901247978
0.0 0.04786947490647435 0.7855192260816694 0.009307743050158024 0.01641799658536911
0.0 0.03508988982066512 0.7769521518610418 0.01830481830984354 0.015837020240724087
0.0 0.05323257185518741 0.7742766074836254 0.00898362509906292 0.01594514325261116
0.0 0.06241879966109991 0.7666959926486016 0.012955287471413612 0.010553432255983352
0.0 0.28130694553256036 0.7486294463276864 0.012590587139129639 0.01495855338871479
0.0 0.35175695437937976 0.9539148585870862 0.021074237301945686 0.013742495700716973
0.0 0.2788212940096855 0.760709822550416 0.016386624425649643 0.01562068723142147
0.0 0.5395875971764326 0.9786566743627191 0.017561890184879303 0.020120448619127273
0.0 0.2096816709265113 0.8639200657606125 0.011509781703352928 0.015999074280261993
0.0 0.21361275091767312 0.8562583804130555 0.009780585765838623 0.012391088530421257
