0.0 0.5861893713474273 0.2662664083763957 0.014749467372894287 0.01328030414879322
0.0 0.7712475776672363 0.1812026221305132 0.011471271514892578 0.010870389640331268
0.0 0.6103679656982421 0.2526594866067171 0.01369321346282959 0.011022068560123444
0.0 0.6209717214107513 0.251997877843678 0.015551626682281494 0.013439727947115898
0.0 0.6510415196418762 0.24752463214099407 0.0102996826171875 0.010282985866069794
0.0 0.6585218429565429 0.23205687757581472 0.014841556549072266 0.01273806206882
0.0 0.614673626422882 0.12236847635358572 0.013342022895812988 0.012498775497078896
0.0 0.5767867982387542 0.12655201833695173 0.014219820499420166 0.012950895354151726
0.0 0.4802301347255707 0.18518477212637663 0.010945379734039307 0.00976000539958477
0.0 0.39276410341262813 0.23197799548506737 0.011387944221496582 0.012222625315189362
0.0 0.6799158573150634 0.2211802015081048 0.013813376426696777 0.014748310670256615
0.0 0.6387906193733215 0.24245482962578535 0.013222575187683105 0.011002002283930779
0.0 0.6721235930919647 0.22115118335932493 0.01001054048538208 0.009426170960068703
0.0 0.7448015332221984 0.19308482483029366 0.007963299751281738 0.00791335478425026
0.0 0.7371517837047576 0.19589440524578094 0.009988367557525635 0.009345754981040955
0.0 0.7224623084068298 0.19340935535728931 0.012183308601379395 0.011181693524122238
0.0 0.6888055026531219 0.21825600694864988 0.009744465351104736 0.01020357571542263
0.0 0.713573557138443 0.21113041695207357 0.009104311466217041 0.007693430408835411
0.0 0.7020548105239868 0.20909180399030447 0.008834123611450195 0.00865892507135868
0.0 0.760074120759964 0.19223987869918346 0.010387837886810303 0.010153938084840775
0.0 0.7505071282386779 0.1916181007400155 0.010375142097473145 0.009532084688544273
0.0 0.6385865032672882 0.08116011507809162 0.008365809917449951 0.008983757346868515
0.0 0.6298815727233886 0.08585408981889486 0.00877368450164795 0.00851489044725895
0.0 0.6142075479030609 0.09227489586919546 0.01117318868637085 0.012191696092486382
0.0 0.720705372095108 0.20394508074969053 0.007904469966888428 0.007829217240214348
0.0 0.7106908082962036 0.2072574496269226 0.010677695274353027 0.008841130882501602
0.0 0.2649998486042022 0.3149531539529562 0.011455714702606201 0.009761162102222443
0.0 0.8344167292118072 0.0006677312776446342 0.0075640082359313965 0.0013354625552892685
0.0 0.8125966012477874 0.0048605771735310555 0.008332550525665283 0.009721154347062111
0.0 0.8141824126243591 0.002117079682648182 0.0073206424713134766 0.004234159365296364
