0.0 0.5973847860936076 0.8987178770359605 0.016680026706308127 0.014584844280034304
0.0 0.6214067087741568 0.8854054198134691 0.019935623137280346 0.01755750076845288
0.0 0.36464140876196327 0.04426374782342464 0.007030662987381175 0.006241096602752805
0.0 0.31495290596503767 0.04599763185251504 0.006092509953305125 0.006148697854951024
0.0 0.23427277572918684 0.15813756668940188 0.006995398504659578 0.007721753418445587
0.0 0.23921907956246286 0.14621125627309084 0.007265587756410197 0.006436947174370289
0.0 0.29433724519331006 0.05295194163918495 0.006839321879670068 0.005709762405604124
0.0 0.28397401496768 0.054312339331954715 0.008759285230189562 0.007249989919364453
0.0 0.29795284855645154 0.05734487699810416 0.00947907823137939 0.006638179393485188
0.0 0.29208179072011264 0.06540563281159847 0.007139843003824309 0.006777771050110459
0.0 0.28215347684454173 0.06618013468105347 0.008172451844438822 0.006760466983541847
0.0 0.2489730219822377 0.07870914821978658 0.007365491520613432 0.007566968956962228
0.0 0.23638246052432804 0.087678077747114 0.007357172342017293 0.007160199200734496
0.0 0.22967208591289823 0.07985595660284162 0.006776817608624697 0.007386683765798807
0.0 0.2407837477279827 0.06251856521703303 0.006073221238329962 0.005799014959484339
0.0 0.23159094494767488 0.06509171717334539 0.007638036645948842 0.006556626735255122
0.0 0.22823813192080705 0.05408682760316878 0.007228629989549517 0.006273800460621715
0.0 0.2230650752549991 0.06179247747641057 0.008054952649399594 0.006662520999088884
0.0 0.21448340080678463 0.06251388732343913 0.007807659544050605 0.006463855411857367
0.0 0.20932889664545656 0.05153275979682803 0.006479241326451302 0.006700316723436117
0.0 0.19459239202551543 0.06958177057094872 0.006840720679610945 0.006138803903013468
0.0 0.21590447111520916 0.06893092240206897 0.006173345865681856 0.0053452178835868835
0.0 0.21396444602869452 0.07693616445176303 0.006821579206734896 0.005789079610258341
0.0 0.2123920844634995 0.08510912761557847 0.006652913382276892 0.0074182698968797926
0.0 0.20263593341223896 0.09366325631272047 0.00649499623104921 0.0064537958707660435
0.0 0.1926361334975809 0.08716276430059225 0.007312484364956573 0.0075431241188198325
0.0 0.1746625113300979 0.09419396955054253 0.006276636198162988 0.007440624432638288
0.0 0.2543249777983874 0.022272349079139532 0.00683541996404533 0.005744577525183559
0.0 0.25653857870493085 0.03489206407684833 0.007587900711223483 0.006176185654476285
0.0 0.26701073127333075 0.021443264884874226 0.006595194479450672 0.00600004019215703
0.0 0.28154691301751883 0.017942472139839082 0.008458837727084756 0.009826039685867727
0.0 0.2877207006094977 0.011632966517936438 0.0058541249949484175 0.006094984873197973
0.0 0.2966821860522032 0.014992242632433771 0.006935544591397003 0.006505418289452791
0.0 0.3126421252731234 0.01470403471030295 0.006373521499335811 0.005175985768437386
0.0 0.3178265563910827 0.012019151472486556 0.006079552648589015 0.00519308284856379
0.0 0.3223583369050175 0.009481404547113926 0.007397590298205659 0.008395928959362208
0.0 0.32385542094707487 0.0014947460615076125 0.0053186791017652 0.002989492123015225
0.0 0.334614364313893 0.0018575001507997514 0.005824823817238212 0.0037150003015995027
0.0 0.31176596116274596 0.008071868272963911 0.007437492907047228 0.005403898539952934
0.0 0.31037474418990313 0.0031907243421301244 0.005058207828551575 0.0044151036068797115
0.0 0.2962652700487524 0.0016999110230244696 0.008953203074634075 0.0033998220460489392
