0.0 0.6302500367164612 0.9446250058710575 0.025640487670898438 0.02801574021577835
0.0 0.6787188053131104 0.9258906476199626 0.02623450756072998 0.031843721866607666
0.0 0.681640625 0.9854257389903068 0.025937676429748535 0.02914852201938629
0.0 0.5937343537807465 0.9444218788295984 0.027781426906585693 0.029734399169683456
0.0 0.5808125436306 0.9052812743932008 0.021234333515167236 0.020718757063150406
0.0 0.5853280425071716 0.8524219252169132 0.016359329223632812 0.02395319938659668
0.0 0.6314687430858612 0.838875026255846 0.017968833446502686 0.0206717848777771
0.0 0.47978124022483826 0.8286250315606594 0.019718706607818604 0.03128126263618469
0.0 0.45640623569488525 0.8149374675005674 0.021859288215637207 0.029671836644411087
0.0 0.5537186563014984 0.8131874769926071 0.013859331607818604 0.022593721747398376
0.0 0.6011562049388885 0.7850937347859144 0.012953102588653564 0.019437532871961594
0.0 0.47029685974121094 0.770390585809946 0.013812661170959473 0.029140658676624298
0.0 0.724124938249588 0.7512656141072511 0.026968538761138916 0.020546961575746536
0.0 0.46456247568130493 0.6450155869126319 0.02584362030029297 0.022781208157539368
0.0 0.49848437309265137 0.645859351195395 0.024187445640563965 0.024656223133206367
0.0 0.45751577615737915 0.5062812509015202 0.02031254768371582 0.018218720331788063
0.0 0.4872499406337738 0.6170312536880374 0.02346879243850708 0.01790620945394039
0.0 0.51171875 0.6303124882280826 0.02089083194732666 0.015625040978193283
0.0 0.062015652656555176 0.11700001899152994 0.02039051055908203 0.013625001534819603
0.0 0.03564068675041199 0.07029686756432056 0.016796886920928955 0.012687519192695618
0.0 0.06787502765655518 0.053453114628791806 0.01946890354156494 0.012406239286065102
0.0 0.270078182220459 0.06682813009247184 0.022812366485595703 0.014312510378658772
0.0 0.2670937776565552 0.04218749729916453 0.018656373023986816 0.012015625834465027
0.0 0.22899997234344482 0.08678125059232115 0.017671823501586914 0.01345313061028719
0.0 0.18181249499320984 0.06768750357441604 0.011546909809112549 0.01704686740413308
0.0 0.012203097343444824 0.004824223136529327 0.01387488842010498 0.009648446273058654
