0.0 0.09109376072883606 0.749000009894371 0.014703154563903809 0.011624962091445923
0.0 0.033640620112419126 0.785703114978969 0.01059374213218689 0.008562566712498665
0.0 0.19284371733665467 0.7438906280323863 0.013078093528747559 0.013578129932284355
0.0 0.24539060592651368 0.7456875152885913 0.010937511920928955 0.010015636682510376
0.0 0.27595308125019075 0.7247812466695904 0.013468712568283081 0.00895312987267971
0.0 0.33285936415195466 0.6978281389921903 0.01218751072883606 0.008656259626150131
0.0 0.34839065074920655 0.7023906268179416 0.008249938488006592 0.009187538176774979
0.0 0.36487501561641694 0.7142656378448009 0.009046822786331177 0.009359333664178848
0.0 0.40610937476158143 0.7340156313031911 0.014312446117401123 0.013109363615512848
0.0 0.44129687249660493 0.6085781453177332 0.013937562704086304 0.010968709364533424
0.0 0.5925625085830688 0.6588750209659338 0.009828150272369385 0.01293746754527092
0.0 0.590296846628189 0.6012343659996986 0.010328114032745361 0.010593786835670471
0.0 0.61331247985363 0.5902812469750642 0.008453160524368286 0.007968675345182419
0.0 0.6344062209129333 0.5996875025331974 0.014171898365020752 0.011781267821788788
0.0 0.7266093909740448 0.7174062363803386 0.013484179973602295 0.011343732476234436
0.0 0.7391562283039093 0.713812487013638 0.015062391757965088 0.01299997977912426
0.0 0.7533593297004699 0.7109687335789203 0.017359256744384766 0.012984339147806168
0.0 0.7795781016349792 0.7102031221613287 0.019250035285949707 0.012359367683529854
0.0 0.8344062983989715 0.6800000321120023 0.012499988079071045 0.012296855449676514
0.0 0.8661406755447387 0.6475156478583812 0.009484291076660156 0.01021871343255043
0.0 0.9667499780654907 0.7501406192779541 0.018437504768371582 0.01106250286102295
0.0 0.9692656219005584 0.7171250067651271 0.013468801975250244 0.010796863585710526
0.0 0.9795625329017639 0.7268750041723251 0.014031171798706055 0.008843746036291122
0.0 0.9472813427448272 0.6437343869358301 0.010937511920928955 0.009109385311603546
0.0 0.8801249086856842 0.6290625192224979 0.010281264781951904 0.007609393447637558
0.0 0.7574375391006469 0.6132031202316284 0.00865638256072998 0.006656169891357422
0.0 0.8930937469005584 0.555140620842576 0.009062469005584717 0.006312478333711624
0.0 0.9343280613422393 0.5611562540754675 0.009359300136566162 0.006906269118189812
0.0 0.8348750591278076 0.5087656209245324 0.009843707084655762 0.006500015035271645
0.0 0.9743593156337738 0.4755781374871731 0.009359300136566162 0.006578117609024048
0.0 0.7284062027931213 0.5193906135857105 0.008484363555908203 0.008437491953372955
0.0 0.9980664312839508 0.49332811664789916 0.003867137432098389 0.007046883925795555
0.0 0.9801093459129333 0.4336718821898103 0.012265563011169434 0.006374990567564964
0.0 0.8987811923027038 0.41300002187490464 0.010453104972839355 0.00792190432548523
0.0 0.8753749847412109 0.4114218771457672 0.010812520980834961 0.0062187351286411285
0.0 0.8383749842643737 0.4080000238493085 0.00970315933227539 0.006500015035271645
