0.0 0.5765126852318645 0.6402928333729505 0.013814838975667954 0.010925311595201492
0.0 0.6304946986027062 0.6747869552811607 0.009953703545033932 0.00804722704924643
0.0 0.4809101218357682 0.6354909606045112 0.012287958711385726 0.012760927667841315
0.0 0.4315379410982132 0.6371797018684446 0.010276703909039498 0.009412843734025955
0.0 0.40282194865867493 0.6175316808978095 0.012654977850615978 0.008414284093305469
0.0 0.349353753682226 0.59220075099729 0.011451181955635548 0.008135281037539244
0.0 0.3347608156502247 0.5964886446483433 0.007751504704356238 0.008634584490209818
0.0 0.31927238116040824 0.6076489559374749 0.008500243909656957 0.008796040434390306
0.0 0.2805292645469308 0.6262102923821657 0.013447735831141472 0.012320374138653278
0.0 0.2474676781333983 0.5083222847199067 0.013095501624047712 0.010308555560186505
0.0 0.10534100756049158 0.555592033592984 0.009234366193413779 0.012158823665231466
0.0 0.107469785772264 0.5014204921200871 0.009704123809933685 0.009956197813153267
0.0 0.08584468038752674 0.4911265885923058 0.00794244874268768 0.0074890791438519955
0.0 0.06602535285055633 0.4999667269177735 0.013315679505467415 0.011072210036218166
