0.0 0.4747289405670017 0.25872199386358263 0.019002638664096592 0.020186790637671946
0.0 0.488296837778762 0.342687833821401 0.022222247999161483 0.025173035357147454
0.0 0.45552172167226673 0.3809775702189654 0.019895720295608044 0.027349820267409085
0.0 0.4118588052224368 0.3955269670113921 0.019691033568233252 0.03254074864089489
0.0 0.3341179980896413 0.37565645393915476 0.01734618842601776 0.02930335747078061
0.0 0.6035217272117734 0.36992600029334427 0.02789873704314232 0.01786113400012255
0.0 0.710668945685029 0.2756900472100824 0.021589444391429423 0.02602889807894826
0.0 0.7475013744551688 0.21047839196398854 0.019374525267630817 0.019182056188583374
0.0 0.7606784286443145 0.2867974290624261 0.014833504427224397 0.02576834261417389
0.0 0.8826592580415309 0.31009130319580436 0.04388645309954882 0.02327525019645691
