0.0 0.7690591407008469 0.4198755770456046 0.008232825435698032 0.005664824787527323
0.0 0.7786830871365964 0.42584385205991565 0.009409026056528092 0.011114637833088636
0.0 0.7881426592823118 0.4395254240371287 0.010749564785510302 0.006891364417970181
0.0 0.8248933566734195 0.44813641435466706 0.007448836416006088 0.008484600204974413
0.0 0.7024374413304031 0.4500963462982327 0.011773873865604401 0.006739598605781794
0.0 0.7161336224060506 0.49191230442374945 0.012393524777144194 0.012100973166525364
0.0 0.7019695372320711 0.49675521701574327 0.011571544781327247 0.011114678531885146
0.0 0.6965062539558857 0.5051639139652252 0.009320525173097848 0.013099884428083897
0.0 0.6710488626733422 0.5187190144322813 0.009067469090223313 0.012037727236747741
0.0 0.7738774457480758 0.565934237698093 0.010635664220899343 0.013112541753798723
0.0 0.7440443985629827 0.5891372117213904 0.01210262244567275 0.011582551896572113
0.0 0.5421938196755945 0.5768718561157584 0.013215504772961139 0.010937638767063617
0.0 0.5042670302093029 0.573432522919029 0.00843529924750328 0.011911235377192497
0.0 0.5353774425573647 0.771397573966533 0.0184005131945014 0.010039823316037654
0.0 0.4324224038049579 0.7609277678653598 0.014277949556708336 0.01277111954987049
0.0 0.4580946792848408 0.7456150491721928 0.015213613025844097 0.015451786480844021
0.0 0.5826879307627678 0.7410756682045758 0.014024965837597847 0.015148336254060268
0.0 0.574505615234375 0.7121319864876569 0.01846375912427902 0.010937638767063617
0.0 0.6159987442661077 0.7144965458661318 0.012532607931643725 0.017146240174770355
0.0 0.5472397449426353 0.6913820306770504 0.020993162132799625 0.010318040288984776
0.0 0.5899217020720243 0.6937465900555253 0.02276361398398876 0.009875481575727462
0.0 0.5215800607576966 0.7261296049691737 0.013329405337572098 0.016374835185706614
0.0 0.547543310932815 0.7293793224729598 0.017060191556811332 0.011203157715499401
0.0 0.4478258269838989 0.7106651611626148 0.011305969767272472 0.013201061636209488
0.0 0.4950730692595243 0.6475176614243537 0.013127076253294945 0.014073521737009287
0.0 0.42889401903375984 0.680709951557219 0.014417032711207867 0.014465491846203804
0.0 0.4487236442044377 0.6608831054996699 0.019804514944553375 0.0145792449824512
0.0 0.5353772978298366 0.6469233775977046 0.012621253542602063 0.014693120215088128
0.0 0.5759093998931348 0.6546366338618099 0.012975257076323032 0.014023014530539512
0.0 0.5523109975270927 0.6206856571137905 0.01497336532920599 0.013858591392636298
0.0 0.6100675207097084 0.6469233775977046 0.01556783365085721 0.013074529077857732
0.0 0.43764525847509506 0.6163105975370854 0.01568166185170412 0.013959727901965379
0.0 0.3422402930445969 0.6188521966803819 0.013443305902183057 0.01253087455406785
0.0 0.33708053957670925 0.9992764503695071 0.01348107978701596 0.0014470992609858513
0.0 0.3838218867778778 0.9237279598601162 0.018261430040001823 0.013479197211563588
0.0 0.3326416015625 0.9500162078998983 0.020512522011995316 0.010355971567332745
0.0 0.38955078125 0.9865594130940736 0.020120310410857156 0.02057283464819193
0.0 0.3765122058801353 0.9521784942597151 0.018830643408000468 0.01253083385527134
0.0 0.33847166057676076 0.9167228423058986 0.01474570892751217 0.01806928887963295
0.0 0.51285400390625 0.9415063744410872 0.0223210372030735 0.01624842472374439
0.0 0.6290372472722083 0.7927417729049921 0.01637714998796582 0.014073481038212775
0.0 0.9558097538538277 0.44450740441679953 0.010673655197024345 0.007700619287788868
0.0 0.6352719644550234 0.7755956141278147 0.008713393192738294 0.015363307297229766
0.0 0.6472355037461966 0.7675788872875273 0.017135956417769195 0.014819652773439884
0.0 0.6302513303235173 0.7650752194225788 0.008409971930086612 0.014920829981565475
0.0 0.6216516929678619 0.7579815819859504 0.012128022126853466 0.009875481575727462
0.0 0.8072515051811934 0.4352894322481006 0.010117177851498127 0.005968275014311075
0.0 0.4167407419532537 0.7410756275057793 0.011786609888076782 0.013997618481516838
0.0 0.35078934812918305 0.9331735400483012 0.01972853299230337 0.012859680131077767
0.0 0.4190676711499691 0.7523799624294043 0.015340249612927436 0.01461721695959568
0.0 0.17495271023362874 0.9563259458169341 0.01644046828150747 0.01882791444659233
0.0 0.4837923544459045 0.8489599972963333 0.010774819739162922 0.014971296489238738
0.0 0.48011229522526266 0.841790497303009 0.009156042337417602 0.011595087125897408
