0.0 0.013690835237503052 0.9934298634529114 0.02117103338241577 0.013140273094177247
0.0 0.04363492727279663 0.9727499160915614 0.017916083335876465 0.021509941667318344
0.0 0.1832967460155487 0.9036629341542721 0.015777647495269775 0.015350952744483948
0.0 0.1202639400959015 0.8480483192950488 0.014497339725494385 0.014122333377599716
0.0 0.07470098733901978 0.8307962251827121 0.01650381088256836 0.02197227068245411
0.0 0.2762467324733734 0.8364485029131175 0.027006447315216064 0.018745724111795425
0.0 0.318995064496994 0.8224904464557767 0.012940585613250732 0.015732916072010994
0.0 0.33808148503303526 0.8385433165356517 0.014069974422454834 0.015284920111298561
0.0 0.3699421942234039 0.8787445921450854 0.012965261936187744 0.01959705725312233
0.0 0.09241170287132264 0.46615990083664655 0.04146391153335571 0.02213732711970806
0.0 0.0031456232070922853 0.24653898384422063 0.006291246414184571 0.020351730287075043
