0.0 0.41500173658132555 0.9883683848194778 0.01733398251235485 0.022207011841237544
0.0 0.4350868889596313 0.9266747669782489 0.013661629613488912 0.02121888929978013
0.0 0.47478983947075903 0.9680174874607473 0.015451269317418337 0.023876118008047342
0.0 0.3127064048778266 0.8747693646699191 0.02769723432138562 0.013927756994962692
0.0 0.5563591260462999 0.8855457457248122 0.031222870387136937 0.01900212513282895
0.0 0.5692194677889347 0.9237103133928031 0.014930271729826926 0.032943292055279016
0.0 0.5961822009645402 0.9152440932113677 0.015144233778119087 0.030125659983605148
0.0 0.5726381992455571 0.7609967891126871 0.01868301322683692 0.028843722492456435
0.0 0.5518718834035099 0.7272255629766733 0.021380616165697575 0.018975477200001478
0.0 0.5410014651250095 0.7565367417875677 0.018402417283505203 0.02814941490069032
0.0 0.5233467687852681 0.7432098526973278 0.0251597972586751 0.016144435200840235
0.0 0.573346031550318 0.6269935327582061 0.021968094818294048 0.01974990051239729
0.0 0.9642185494769364 0.20531395741272718 0.016786698158830403 0.009641308058053254
0.0 0.9882700997404754 0.1570941576268524 0.015264052525162696 0.012071642512455582
0.0 0.9605060786940157 0.1406959438463673 0.021928053349256516 0.009975137887522578
0.0 0.8522010879591108 0.15426319084363058 0.008934138156473637 0.01666529483627528
0.0 0.810281414212659 0.17420009967172517 0.01092413803562522 0.014475307543762028
0.0 0.7693632356822491 0.15571872672298923 0.017748151905834675 0.010469220648519694
0.0 0.774397915508598 0.13081428862642497 0.01562473140656948 0.009534458443522454
0.0 0.5591502609662712 0.0372857661859598 0.0403171744197607 0.023649213009048254
0.0 0.8022152742370963 0.05536651755101048 0.014556449465453624 0.01436846867436543
0.0 0.873434758046642 0.06715773892356083 0.010790564585477114 0.014061319013126194
0.0 0.9217914800159633 0.07048278846777975 0.01183210127055645 0.009334169141948224
0.0 0.9523999736644327 0.06862664174987003 0.01655943989753723 0.010188772645778953
0.0 0.9706288524437696 0.0765052535221912 0.010777115542441606 0.014582114177756011
0.0 0.9726052504498511 0.036057232011808084 0.015918317902833223 0.01436846867436543
0.0 0.9648596714716404 0.05322994432062842 0.01323431683704257 0.01348713127663359
0.0 0.8064754114486277 0.0188711688737385 0.035589835792779925 0.02546530186664313
