0.0 0.19793656878173352 0.9220518437679857 0.02212982252240183 0.013242275919765234
0.0 0.18922069147229192 0.9501958328299225 0.01432713121175766 0.014420423470437527
0.0 0.20864458419382573 0.9610983177553862 0.026894386857748052 0.011035105306655168
0.0 0.18530272170901296 0.9701920807361603 0.022163070738315582 0.01427108533680439
0.0 0.05043161883950231 0.936538710957393 0.015339776873588562 0.013292055297642946
0.0 0.040105577930808045 0.9511416944209486 0.021980490535497665 0.012595144007354975
0.0 0.04912021420896051 0.5514838998671621 0.016767550259828568 0.013972409069538116
0.0 0.14560843668878076 0.5149266084190458 0.013331014662981033 0.010553975868970156
0.0 0.06869334392249582 0.5389053934952244 0.011073175817728043 0.010587144317105413
0.0 0.29960448332130907 0.4612439558142796 0.015456050634384155 0.01581440628506243
0.0 0.4184882765635848 0.4469396486179903 0.012932511046528816 0.01120116119273007
0.0 0.4083779690787196 0.44295700462535026 0.009031260386109352 0.01656115036457777
0.0 0.4139560697600245 0.4301793807419017 0.0075369905680418015 0.010305132390931249
0.0 0.6804609442129731 0.6402137982426211 0.011886807158589363 0.009989791782572865
0.0 0.6998514937236905 0.6323148738592863 0.012135693803429604 0.015465897228568792
0.0 0.7921894364058971 0.506944736209698 0.0166347473859787 0.015250168787315489
0.0 0.7812323918566108 0.4902176367817447 0.012517573311924934 0.012528753699734807
0.0 0.8829668028280139 0.5309733273694291 0.013995124027132988 0.010454470524564385
0.0 0.9094794526696205 0.48039382076822223 0.02417183294892311 0.0072351014241576195
0.0 0.9180459029972553 0.4989794749300927 0.01057521253824234 0.010338300839066505
0.0 0.9449736330658197 0.49708767163101586 0.012816522270441055 0.013640564354136585
0.0 0.977097631804645 0.5078076232690364 0.01603713445365429 0.008811590820550918
