0.0 0.00891105392947793 0.14237782056443393 0.01782210785895586 0.009558250196278095
0.0 0.028857074864208698 0.1474965027300641 0.014613993093371391 0.007321924204006791
0.0 0.016794808860868215 0.12018016702495515 0.014282447285950184 0.010767507366836071
0.0 0.023869903478771447 0.135470072273165 0.013039885275065898 0.008663677144795656
0.0 0.12578582372516395 0.12692230893298984 0.01277470551431179 0.009525086265057325
0.0 0.13484905548393727 0.1357019798597321 0.019120626896619797 0.008199861971661448
0.0 0.26986992415040734 0.18553067988250405 0.014034143462777138 0.01149642071686685
0.0 0.33874726202338934 0.1715494969394058 0.01466367281973362 0.010701286140829325
0.0 0.2890403255820274 0.1622397362953052 0.014895574748516082 0.011927125276997685
0.0 0.2843678714707494 0.12572958040982485 0.013669319823384285 0.0115625886246562
0.0 0.6101973816752434 0.06897657678928226 0.015227025747299195 0.01671446138061583
0.0 0.6183493128046393 0.04924718348775059 0.021373848989605905 0.015124192228540778
0.0 0.49408182948827745 0.006939177983440459 0.01308928057551384 0.011562641942873597
0.0 0.5696862194687128 0.02966686792206019 0.00947745069861412 0.011330707697197795
0.0 0.5014053227379918 0.019346620421856642 0.014332221820950508 0.015720556490123272
0.0 0.23621826171875 0.0007859898032620549 0.012261032313108444 0.0015719796065241098
0.0 0.27815449256449937 0.025956213241443038 0.010819372162222863 0.01078403601422906
0.0 0.3962085969746113 0.021301372908055782 0.017265032231807708 0.012689095921814442
0.0 0.39620869178324936 0.0322510686237365 0.01390141136944294 0.007321870885789394
0.0 0.2120441447943449 0.0070551184471696615 0.010769882053136826 0.01116515463218093
0.0 0.5875971829518676 0.03553101874422282 0.014083823189139366 0.016283756820484996
