0.0 0.9636600779369473 0.7347463013604283 0.012566945515573025 0.009904300700873137
0.0 0.9896745518781245 0.7541073085274548 0.01162666641175747 0.009665596578270198
0.0 0.9380485746543854 0.739758151746355 0.014775875490158796 0.0099938387516886
0.0 0.9461678548250347 0.9228232575580477 0.014507199916988612 0.020151582546532154
0.0 0.9254964891355485 0.7186667557340115 0.012969958875328303 0.014945893082767725
0.0 0.9101982505992054 0.7049439332215115 0.01011914536356926 0.013499025395140052
0.0 0.9060490662232041 0.9701221529860049 0.012746119499206543 0.016213732678443192
0.0 0.550189208984375 0.9575926830526441 0.014014514163136482 0.015542557369917631
0.0 0.794349417136982 0.8576250576414168 0.015134052652865649 0.014573049917817115
0.0 0.6082330394536257 0.9620525421574712 0.017551876604557037 0.014587836898863315
0.0 0.8554678577929735 0.8170234163757414 0.014805680885910989 0.018958349991589785
0.0 0.8201101609040051 0.8425299024675041 0.014357916731387376 0.015348598267883063
