0.0 0.44118753671646116 0.6290000058710575 0.025640487670898438 0.02801574021577835
0.0 0.48965630531311033 0.6102656476199627 0.02623450756072998 0.031843721866607666
0.0 0.492578125 0.6722186911851168 0.025937676429748535 0.03398442640900612
0.0 0.40467185378074644 0.6287968788295984 0.027781426906585693 0.029734399169683456
0.0 0.39175004363059995 0.5896562743932009 0.021234333515167236 0.020718757063150406
0.0 0.3962655425071716 0.5367969252169132 0.016359329223632812 0.02395319938659668
0.0 0.4424062430858612 0.523250026255846 0.017968833446502686 0.0206717848777771
0.0 0.29071874022483823 0.5130000315606594 0.019718706607818604 0.03128126263618469
0.0 0.26734373569488523 0.49931246750056746 0.021859288215637207 0.029671836644411087
0.0 0.3646561563014984 0.49756247699260714 0.013859331607818604 0.022593721747398376
0.0 0.4120937049388885 0.46946873478591444 0.012953102588653564 0.019437532871961594
0.0 0.2812343597412109 0.4547655858099461 0.013812661170959473 0.029140658676624298
0.0 0.535062438249588 0.4356406141072512 0.026968538761138916 0.020546961575746536
0.0 0.2754999756813049 0.329390586912632 0.02584362030029297 0.022781208157539368
0.0 0.30942187309265134 0.330234351195395 0.024187445640563965 0.024656223133206367
0.0 0.26845327615737913 0.19065625090152025 0.02031254768371582 0.018218720331788063
0.0 0.2981874406337738 0.3014062536880374 0.02346879243850708 0.01790620945394039
0.0 0.32265625 0.3146874882280827 0.02089083194732666 0.015625040978193283
