0.0 0.3612871885299682 0.885777086392045 0.04392099380493164 0.026036370545625687
0.0 0.17328704595565791 0.7216331869363785 0.029437780380249023 0.031922176480293274
0.0 0.3989363729953766 0.7495095193386078 0.034412920475006145 0.020901113748550415
0.0 0.4822478413581848 0.7986557524651289 0.032427191734313965 0.03340325877070427
0.0 0.4507314383983612 0.7586395744234323 0.028727352619171143 0.021464478224515915
0.0 0.3789304912090301 0.8450021114200353 0.01920229196548462 0.028835590928792953
0.0 0.4313414812088013 0.723997638002038 0.032289862632751465 0.02729586884379387
0.0 0.4783278822898865 0.7196348574012518 0.030651569366455078 0.02857266739010811
0.0 0.4178757190704346 0.6997607447206974 0.02072453498840332 0.029521465301513672
0.0 0.6580227434635162 0.7803129632025957 0.035966455936431885 0.028361443430185318
0.0 0.6435638487339019 0.6235477704554796 0.024446547031402588 0.025600243359804153
0.0 0.6419971704483032 0.6097538400441408 0.016662955284118652 0.02111203595995903
0.0 0.7360011756420135 0.5145331233739853 0.030750811100006104 0.01924169808626175
0.0 0.8588952541351318 0.5695460516959429 0.02514338493347168 0.023292671889066696
0.0 0.59273402094841 0.4523274157196283 0.01964503526687622 0.020012665539979935
0.0 0.5977966010570526 0.4722112849354744 0.025375664234161377 0.021395377814769745
0.0 0.5927753269672393 0.4363417852669954 0.021007239818572998 0.025202739983797073
0.0 0.6467619359493255 0.4553618490695953 0.018727362155914307 0.022504806518554688
0.0 0.8609384715557098 0.5193415865302086 0.02339869737625122 0.020584680140018463
0.0 0.8927110254764556 0.5368416424840688 0.030798017978668213 0.027629200369119644
0.0 0.8722640991210937 0.5276367537677288 0.020514607429504395 0.025115936994552612
0.0 0.8736767292022705 0.5450050462037325 0.017902851104736328 0.021971818059682846
0.0 0.8132397651672363 0.4819308057427406 0.02621304988861084 0.023779593408107758
0.0 0.8646115779876709 0.4444991540163755 0.01758742332458496 0.02009715512394905
0.0 0.764995139837265 0.45184894315898416 0.02587026357650757 0.018873464316129684
0.0 0.8063115298748016 0.4332070205360651 0.024068892002105713 0.019480381160974503
0.0 0.737287563085556 0.4402694948017597 0.02212446928024292 0.026890620589256287
0.0 0.7742428600788116 0.39101503454148767 0.029243767261505127 0.018812108784914017
0.0 0.8365727484226226 0.408697547763586 0.026432812213897705 0.017496585845947266
0.0 0.8726253032684326 0.3391818817704916 0.024170637130737305 0.020989123731851578
0.0 0.82900310754776 0.3425510548055172 0.024338722229003906 0.0219433531165123
0.0 0.720208865404129 0.3093481570482254 0.020343124866485596 0.023803330957889557
0.0 0.7826158225536346 0.3182227317243814 0.022276103496551514 0.020983289927244186
0.0 0.8073525846004486 0.2875195689499378 0.024946868419647217 0.023109108209609985
0.0 0.6635526537895202 0.2510178055614233 0.023299455642700195 0.023489613085985184
0.0 0.650074553489685 0.32747967205941675 0.026434779167175293 0.019539523869752884
0.0 0.6191381335258483 0.35114027597010133 0.027189016342163086 0.02280343696475029
0.0 0.644997489452362 0.39723558016121385 0.021736979484558105 0.022916089743375778
0.0 0.5231722712516784 0.23733114674687386 0.02167332172393799 0.021622493863105774
0.0 0.8101492345333099 0.22043966725468636 0.022774994373321533 0.020937122404575348
0.0 0.7547400712966919 0.20768983699381352 0.0128173828125 0.017988938838243484
0.0 0.9945003598928451 0.16347792129963637 0.010999280214309692 0.021089958027005196
0.0 0.5117473125457763 0.428785952180624 0.015677690505981445 0.014929912984371185
0.0 0.6041659533977508 0.2926056407392025 0.013430535793304443 0.012416549026966095
