0.0 0.016406261920928956 0.47017186377197506 0.011031389236450195 0.009328102692961693
0.0 0.04217182993888855 0.4666250111535192 0.010359406471252441 0.008890567347407341
0.0 0.0035625070333480833 0.4711093964055181 0.007125014066696167 0.007609343156218529
0.0 0.04181245863437653 0.419203145056963 0.0071249306201934814 0.006718732416629791
0.0 0.10815622806549072 0.43984374925494196 0.00804680585861206 0.008453082293272018
0.0 0.1377343326807022 0.4241406057029963 0.010703176259994507 0.008437491953372955
0.0 0.1662656158208847 0.4174062578007579 0.010031193494796753 0.006874987855553627
0.0 0.2320624828338623 0.41346876658499243 0.006734311580657959 0.005921915173530579
0.0 0.22046876847743987 0.43996874857693913 0.006140559911727905 0.006187504157423973
0.0 0.22768748700618743 0.4417812513187528 0.007046788930892944 0.006500015035271645
0.0 0.23367185294628143 0.4500937942415476 0.006812542676925659 0.0051249973475933075
0.0 0.3817343503236771 0.47726561930030587 0.00737491250038147 0.006109351292252541
0.0 0.4410624891519547 0.4660468861460686 0.006171852350234985 0.006265606731176376
0.0 0.5666093617677689 0.5773906042799354 0.006890684366226196 0.008062468841671944
0.0 0.5575625389814377 0.5645781360566616 0.007625073194503784 0.006296887993812561
0.0 0.46734375655651095 0.46878123059868815 0.007281213998794556 0.005468789488077164
0.0 0.4799843817949295 0.4676250057294965 0.009343653917312622 0.006921859458088875
0.0 0.4642344057559967 0.47495309412479403 0.010468840599060059 0.005906224250793457
0.0 0.4733437687158585 0.4829374855384231 0.007359355688095093 0.006781244650483131
0.0 0.48531254529953005 0.48120313566178086 0.008718788623809814 0.006453143432736397
0.0 0.5279687881469727 0.48718751277774575 0.00742185115814209 0.007749957963824272
0.0 0.5452812850475312 0.49445313923060896 0.007531285285949707 0.007218729704618454
0.0 0.5511406153440476 0.4833906112238765 0.006703108549118042 0.007687496021389961
0.0 0.5333438009023667 0.46581252813339236 0.0062499940395355225 0.005812481045722961
0.0 0.5449219137430191 0.466406243480742 0.008078187704086304 0.00634370930492878
0.0 0.5459530889987946 0.45246875621378424 0.007624983787536621 0.006093710660934448
0.0 0.5541406661272049 0.46021876446902754 0.008593708276748657 0.006359349936246872
0.0 0.5644999831914902 0.45878123454749586 0.008328169584274292 0.006171863526105881
0.0 0.567671874165535 0.4443906215950847 0.006515711545944214 0.006874987855553627
0.0 0.5899531185626984 0.4618437556549907 0.0071561336517333984 0.0060312990099191666
0.0 0.5645312756299973 0.4667656259611249 0.006515532732009888 0.005187509581446648
0.0 0.5689687669277191 0.4757343713194132 0.007234454154968262 0.005578123033046722
0.0 0.5730156391859055 0.4850000120699406 0.006531268358230591 0.0077655985951423645
0.0 0.5868593692779541 0.4925312526524067 0.006609499454498291 0.006546836346387863
0.0 0.596968749165535 0.48215625863522293 0.007359355688095093 0.007734367623925209
0.0 0.620140665769577 0.48568749576807024 0.006031215190887451 0.007906213402748108
0.0 0.5065468788146973 0.42173436246812346 0.007265746593475342 0.0055156610906124115
0.0 0.5072968691587448 0.4372812254354358 0.00812503695487976 0.0058594029396772385
0.0 0.4912968218326569 0.4241406308487058 0.006875038146972656 0.005921864882111549
0.0 0.47314063608646395 0.42387499157339337 0.008187443017959595 0.010390659794211388
0.0 0.46414057314395907 0.41804689504206183 0.00587502121925354 0.006265606731176376
0.0 0.4544218569993973 0.4244218604639173 0.007171958684921265 0.006484324112534523
0.0 0.4354374945163727 0.4283437613397837 0.006828188896179199 0.004906229674816132
0.0 0.4285781025886536 0.4265468740835786 0.006437480449676514 0.0050156135112047195
0.0 0.4225312411785126 0.42475001197308304 0.007218718528747559 0.00882810540497303
0.0 0.4183280855417252 0.41437501795589926 0.0054374635219573975 0.005250021815299988
0.0 0.40576560199260714 0.4180624853819609 0.006078153848648071 0.00520315021276474
0.0 0.40414063036441805 0.40654688198119404 0.007484346628189087 0.005984427407383919
0.0 0.41653122901916506 0.3930781233124435 0.006515622138977051 0.004390616901218891
0.0 0.4347031056880951 0.42024998608976605 0.008156239986419678 0.004890589043498039
0.0 0.4350468754768372 0.41409373804926874 0.005328118801116943 0.00429689884185791
0.0 0.3755937457084656 0.39748436827212574 0.010531246662139893 0.007062474265694618
0.0 0.4505156219005585 0.4047968914732337 0.008859336376190186 0.010140610858798027
0.0 0.4267343968153 0.39225001223385336 0.005796879529953003 0.003031264990568161
0.0 0.4344687253236771 0.39315625103190543 0.006859391927719116 0.004828101955354214
0.0 0.00906250774860382 0.3297499991953373 0.004859358072280884 0.004312489181756973
0.0 0.014968731999397277 0.32953123152256014 0.005796879529953003 0.0051249973475933075
0.0 0.027703055739402772 0.3754687589593232 0.005671888589859009 0.004859383217990398
0.0 0.09534376263618469 0.328000008687377 0.007624983787536621 0.005781250074505806
0.0 0.10987503230571746 0.3265312603674829 0.005734473466873169 0.003874978981912136
0.0 0.10843750238418579 0.347890616953373 0.0053594112396240234 0.004640640690922737
0.0 0.12162503004074096 0.3548593731597066 0.007265567779541016 0.004578128457069397
0.0 0.12134375572204589 0.3881093688309193 0.0062187910079956055 0.005156278610229492
0.0 0.0919531375169754 0.3889687611721456 0.00535932183265686 0.0038906196132302284
0.0 0.1184218019247055 0.41635939162224533 0.00584372878074646 0.004749974235892296
0.0 0.1730155736207962 0.3478125018067658 0.004687517881393433 0.0034843655303120613
0.0 0.16584374904632568 0.3848906300030649 0.007015585899353027 0.0057187629863619804
0.0 0.19462501406669616 0.3773437487892807 0.004875004291534424 0.004390616901218891
0.0 0.2136250227689743 0.36553123742342 0.0062968432903289795 0.0038750041276216507
0.0 0.22664057612419128 0.3506406146101654 0.004671871662139893 0.003921850584447384
0.0 0.24392191469669341 0.3609218779951334 0.005171924829483032 0.003562493249773979
0.0 0.24784375131130218 0.35767188305035236 0.006218701601028442 0.004843742586672306
0.0 0.25809372365474703 0.36260936884209516 0.006765514612197876 0.005484354682266712
0.0 0.27184375524520876 0.40184372905641796 0.006062507629394531 0.0037031080573797226
0.0 0.26225007474422457 0.3530312423594296 0.004890650510787964 0.00432815495878458
0.0 0.2725312501192093 0.3487656247802079 0.003562420606613159 0.004062465392053127
0.0 0.27892192602157595 0.35310937007889154 0.005656242370605469 0.004484410397708416
0.0 0.28637502491474154 0.36610936243087056 0.0054687559604644775 0.005187509581446648
0.0 0.28637498021125796 0.3590937471948564 0.004999995231628418 0.004796870984137058
0.0 0.2943906277418137 0.36257812529802325 0.006374984979629517 0.006874987855553627
0.0 0.3049375206232071 0.36384374657645824 0.006593853235244751 0.007484394125640392
0.0 0.3086094200611115 0.3553906139917672 0.005687534809112549 0.00565625075250864
0.0 0.3122968763113022 0.3603437404148281 0.0062499940395355225 0.005328149534761906
0.0 0.327874967455864 0.35954687288030984 0.005796879529953003 0.004218771122395992
0.0 0.3246093332767487 0.36037499653175475 0.004843711853027344 0.00426564272493124
0.0 0.3293281435966492 0.3687031423673034 0.004421889781951904 0.004140643402934074
0.0 0.3423593431711197 0.3656874928623438 0.005093783140182495 0.004125002771615982
0.0 0.3114687442779541 0.4257343659177423 0.005234420299530029 0.005515610799193382
0.0 0.2926874697208405 0.4064687542617321 0.0053749680519104 0.0041875652968883514
0.0 0.29854688942432406 0.40681249611079695 0.005718737840652466 0.00387505441904068
