0.0 0.43054684102535246 0.6130937580019236 0.015078216791152954 0.018765639513731003
0.0 0.41895312666893003 0.6215156596153975 0.0162813663482666 0.015234377235174179
0.0 0.41974996626377103 0.598812478594482 0.013000041246414185 0.009703075513243675
0.0 0.03701563775539398 0.92018754594028 0.013015598058700562 0.016890574246644974
0.0 0.0627968966960907 0.9357656147330999 0.014562427997589111 0.014140639454126358
0.0 0.5579375088214874 0.645265631377697 0.020374953746795654 0.019125021994113922
0.0 0.7507032215595245 0.7414687909185886 0.015374958515167236 0.011374913156032562
0.0 0.8485468089580536 0.7878749966621399 0.012703120708465576 0.014312535524368286
0.0 0.8751093506813049 0.8084218576550484 0.021328210830688477 0.013609461486339569
0.0 0.999968695640564 0.8750468734651804 6.260871887207032e-05 0.025296885520219803
0.0 0.9626250028610229 0.017562488093972206 0.008671760559082031 0.004281258210539818
0.0 0.9669531941413879 0.0366562413983047 0.007297039031982422 0.009921868331730366
0.0 0.9248282074928283 0.03223436838015914 0.006390810012817383 0.005234356038272381
0.0 0.9455468416213989 0.04015626013278961 0.011171936988830566 0.004562487825751305
