0.0 0.3069062829017639 0.3336718507111073 0.011406183242797852 0.01348433643579483
0.0 0.3052656203508377 0.35004688762128355 0.021546989679336548 0.01765621080994606
0.0 0.3756718635559082 0.3066874869167805 0.022390544414520264 0.017453134059906006
0.0 0.3953906148672104 0.2942968882620335 0.01898440718650818 0.00932825356721878
0.0 0.4609062075614929 0.24406249970197677 0.013484358787536621 0.010124970227479935
0.0 0.4506874829530716 0.26420315690338614 0.014031261205673218 0.008781183511018753
0.0 0.47849997878074646 0.2633437268435955 0.013703227043151855 0.01015625149011612
0.0 0.503046840429306 0.2804218377918005 0.014953136444091797 0.00889061763882637
0.0 0.5385000109672546 0.2906562924385071 0.02048438787460327 0.011343732476234436
0.0 0.5662499666213989 0.2278906401246786 0.018437504768371582 0.008843746036291122
0.0 0.2241562455892563 0.14634375795722007 0.012374907732009888 0.012312546372413635
0.0 0.2568593919277191 0.16295312773436307 0.017234444618225098 0.009140616282820702
0.0 0.24021874368190765 0.17145310677587985 0.017234355211257935 0.009515639394521713
