0.0 0.9554509735200554 0.22151006704661996 0.012991288024932147 0.011602439032867552
0.0 0.9792440380435437 0.20987285294104369 0.017459114920347928 0.013588588731363416
0.0 0.9898170514963567 0.21217378904111683 0.016030956618487836 0.013261127099394799
0.0 0.6757335403934122 0.2018640271620825 0.013427389413118362 0.010718794399872422
0.0 0.796104199346155 0.13691237242892385 0.0075318699702620505 0.0075094086118042466
0.0 0.8833597966935486 0.0998896824894473 0.007578290160745382 0.0064136665780097244
0.0 0.9785072921775282 0.05347802834585309 0.012058692425489426 0.011398457270115615
0.0 0.2795761827379465 0.27400133763439954 0.01399498879909511 0.009687017556279898
0.0 0.22238456741906704 0.2907930290792137 0.014869520347565413 0.011118947714567184
0.0 0.2920639126095921 0.2687189517309889 0.008904448244720697 0.007806589314714074
0.0 0.31316864262335004 0.2605461115250364 0.012051706109195948 0.009014074085280299
