0.0 0.3934300756081939 0.4054874999448657 0.019672786816954613 0.010419100150465965
0.0 0.38612663093954325 0.43969964031130077 0.019814344123005867 0.011382654681801796
0.0 0.48019631672650576 0.43688611648976805 0.011739397421479225 0.018589961528778075
0.0 0.973161946516484 0.4517246577888727 0.011366595514118671 0.01134415715932846
0.0 0.982805501203984 0.4546024199575186 0.014581064693629742 0.017086780071258544
0.0 0.34104614704847336 0.09125729287043213 0.008692089468240738 0.010059369541704655
0.0 0.33453995548188686 0.10049443948082626 0.012060917913913727 0.010007980931550264
0.0 0.6048295786604285 0.5056572884321213 0.019582731649279594 0.013759370148181915
0.0 0.6009722156450152 0.42060867343097924 0.021511560305953026 0.010239224508404731
0.0 0.6372190527617931 0.43977673873305323 0.01885007694363594 0.013232644647359848
0.0 0.43703171238303185 0.4627347011119127 0.012266632169485092 0.015699297934770585
0.0 0.5127272009849548 0.32117120623588563 0.011970862746238708 0.018564241379499434
0.0 0.43712176755070686 0.30798996053636074 0.01765434443950653 0.018268749117851257
0.0 0.4381503388285637 0.2598128542304039 0.01676703616976738 0.01912950575351715
0.0 0.6159646352753043 0.33570137452334164 0.012973682954907417 0.017382313683629035
0.0 0.5662040049210191 0.32494826391339304 0.01613679714500904 0.013540955632925034
0.0 0.7788635813631117 0.29203368853777645 0.016985625959932804 0.012102074548602104
0.0 0.5986448340117931 0.32365069892257453 0.019518721848726273 0.011909380182623863
0.0 0.7362905526533723 0.29384513963013886 0.016651229932904243 0.010316302254796027
0.0 0.6637452291324735 0.35045001935213804 0.01632985658943653 0.012294768914580345
0.0 0.6215450391173363 0.2826937595382333 0.017576944082975388 0.01369515247642994
0.0 0.67218017578125 0.23843506835401057 0.013397913426160812 0.011151380091905593
0.0 0.6058839745819569 0.22382777063176035 0.017795607447624207 0.009686799533665181
0.0 0.5395748978480697 0.18333332873880864 0.019364362582564354 0.013913525640964508
0.0 0.7095457129180431 0.2091690946370363 0.015288189053535461 0.014928479120135308
0.0 0.679316459223628 0.1656684035435319 0.015121027827262878 0.014247556775808334
0.0 0.8137218472547829 0.20918194437399507 0.016329783014953136 0.010765970684587955
0.0 0.7981506907381117 0.19688715478405355 0.014941138215363026 0.014864240773022175
0.0 0.8349119238555431 0.1267284696921706 0.015776870772242546 0.010072208940982819
0.0 0.8988037109375 0.12431318433955311 0.014478133991360664 0.01043193954974413
0.0 0.9144777245819569 0.1042972224764526 0.014658244326710701 0.01115140076726675
0.0 0.7795579773373902 0.14569097021594643 0.014478207565844059 0.010521877370774747
0.0 0.7336545996367931 0.1554805469699204 0.012497950345277786 0.011202758364379405
0.0 0.7746461816132069 0.10188194746151566 0.015532456338405609 0.010072229616343974
0.0 0.7432981543242931 0.10037882286123931 0.016651082783937454 0.01093297591432929
0.0 0.7336546732112765 0.13063402473926544 0.013822438195347786 0.01533958800137043
0.0 0.6878541158512235 0.1183006962761283 0.015223884955048561 0.01124131791293621
0.0 0.7035152539610863 0.030746873607859014 0.013346705585718155 0.015211121644824743
0.0 0.6812321916222572 0.06098923091776669 0.012626558542251587 0.01284722490236163
0.0 0.647004091180861 0.02722673830576241 0.010684927925467491 0.013155556563287974
0.0 0.6167362108826637 0.07665000031702221 0.013603921979665756 0.013810758758336306
0.0 0.5875483304262161 0.02717534969560802 0.01127631962299347 0.01682985769584775
0.0 0.5745360208675265 0.11994514213874936 0.013038134202361107 0.014414593018591404
0.0 0.49738758336752653 0.07102291649207473 0.012883627787232399 0.01988750584423542
0.0 0.4154300969094038 0.10863958587870001 0.011572383344173431 0.016046168468892574
0.0 0.40434654243290424 0.11389410486444831 0.01033780351281166 0.01663715299218893
0.0 0.3333570985123515 0.170627430267632 0.012883922085165977 0.01533958800137043
0.0 0.3563472852110863 0.13852223325520754 0.015043921768665314 0.02033715359866619
0.0 0.28936971072107553 0.07688124906271696 0.02628183551132679 0.02252117469906807
0.0 0.35032977536320686 0.1053506889846176 0.017795607447624207 0.01778055215254426
0.0 0.406982421875 0.06876180730760098 0.015172529965639114 0.01670139133930206
0.0 0.38890392053872347 0.08434548862278461 0.014143811538815498 0.018615619651973246
0.0 0.3845193227753043 0.04214236252009869 0.014323921874165535 0.01808889415115118
0.0 0.37169985193759203 0.046638886583968996 0.0145296361297369 0.015339577663689851
0.0 0.455110140144825 0.026622916967608035 0.014735497534275055 0.0180375003721565
0.0 0.6480712890625 0.012452430184930563 0.013397913426160812 0.01219201236963272
0.0 0.3871682249009609 0.011758678779006004 0.010145038366317749 0.014196178503334522
0.0 0.3756601456552744 0.014443754334934056 0.015416797250509262 0.014812846994027495
0.0 0.610487088561058 0.305651742592454 0.01238229125738144 0.016174665838479995
