0.0 0.37917600274085994 0.005408564954996109 0.017608702182769775 0.010817129909992219
0.0 0.3533394008874893 0.039946850202977655 0.018726378679275513 0.018322622403502464
0.0 0.11206088662147518 0.10483223553746938 0.019776642322540283 0.018003975972533226
0.0 0.06628013849258418 0.11569440253078937 0.014559388160705566 0.017267759889364243
0.0 0.18046651482582088 0.33542223908007146 0.02549833059310913 0.018987927585840225
0.0 0.05574629902839656 0.3635804045945406 0.02174144983291626 0.020569290965795517
0.0 0.07980723381042476 0.33555928319692613 0.023890256881713867 0.02407751977443695
0.0 0.22398177981376644 0.2813196860253811 0.022378742694854736 0.023255154490470886
0.0 0.20303015112876888 0.250620898604393 0.025924980640411377 0.020064666867256165
0.0 0.2525667071342468 0.23709919564425946 0.02141493558883667 0.02501002326607704
0.0 0.1629404246807098 0.23701535984873773 0.02864474058151245 0.020331814885139465
0.0 0.2138696730136871 0.2230268519371748 0.030545175075531006 0.0205085389316082
0.0 0.14652637839317317 0.2878020990639925 0.022045433521270752 0.02441919967532158
0.0 0.17821775078773494 0.28141523972153665 0.024385035037994385 0.01982467621564865
0.0 0.05405257344245906 0.29864271618425847 0.0184287428855896 0.019906047731637955
0.0 0.08460311293601985 0.20610529817640783 0.020904600620269775 0.021643314510583878
0.0 0.02011109590530391 0.2709796193987131 0.022569894790649414 0.022609110921621323
0.0 0.03555489778518672 0.23996369428932668 0.028925657272338867 0.024857740849256516
0.0 0.13158495426177974 0.18958368692547084 0.02055537700653076 0.022170720621943474
0.0 0.18209613561630245 0.18270603362470866 0.020707011222839355 0.021524576470255852
0.0 0.14111868739128108 0.15219365134835244 0.022983133792877197 0.02211645618081093
0.0 0.21908227801322933 0.1602568242698908 0.023371517658233643 0.02143128588795662
0.0 0.008499687910079934 0.19209073930978776 0.016999375820159868 0.022513054311275482
0.0 0.04103921055793758 0.6903673063963651 0.02312690019607544 0.027174968272447586
0.0 0.06274436116218562 0.5734059613198041 0.026686012744903564 0.022962961345911026
0.0 0.013579970598220803 0.6243020340800285 0.027159941196441606 0.020187579095363617
0.0 0.09412960410118099 0.6447722509503364 0.03164917230606079 0.03200405091047287
0.0 0.06535379290580745 0.6096097983419895 0.026980340480804443 0.022075317800045013
0.0 0.009525990486144997 0.5830051347613334 0.019051980972289995 0.026960425078868866
0.0 0.2208831131458282 0.5435718342661857 0.03252929449081421 0.027801498770713806
0.0 0.036823672056198076 0.7226789899170398 0.03093785047531128 0.02423020452260971
0.0 0.2985680222511291 0.32365470081567765 0.024712085723876953 0.022919408977031708
0.0 0.2991384834051132 0.3011176072061062 0.016240686178207397 0.021421529352664948
0.0 0.31000518500804897 0.2870274603366852 0.025893956422805786 0.024091601371765137
0.0 0.2891255736351013 0.2907628554850817 0.015711486339569092 0.020783934742212296
0.0 0.2762656778097152 0.28582826144993306 0.01808568835258484 0.016332540661096573
0.0 0.029579740762710527 0.3464782040566206 0.01930457353591919 0.021028149873018265
0.0 0.12387396097183223 0.8173440366983413 0.02556610107421875 0.03723737597465515
0.0 0.09419227838516231 0.8496879570186138 0.029667019844055176 0.03256268799304962
0.0 0.027757000923156694 0.5974428959190845 0.02816140651702881 0.02281319350004196
0.0 0.036744815111160234 0.3588091067969799 0.023710906505584717 0.023149341344833374
0.0 0.07958291172981258 0.9867475856095552 0.032116591930389404 0.02650482878088951
0.0 0.1504950642585754 0.44655199237167836 0.01850152015686035 0.021771658211946487
0.0 0.14336852431297298 0.43959689028561116 0.01527947187423706 0.017180252820253372
