0.0 0.9212003231048584 0.04220656007528305 0.011246323585510254 0.008683215826749802
0.0 0.908196035027504 0.047370382398366925 0.013863712549209595 0.015568211674690247
0.0 0.8937118381261826 0.06195212788879871 0.014574319124221802 0.010723136365413666
0.0 0.8471409559249878 0.06442339792847633 0.01090693473815918 0.011942300945520401
0.0 0.993874529004097 0.09347310457378626 0.012250941991806031 0.010761609300971031
0.0 0.9698785275220871 0.14135367870330812 0.01770821213722229 0.017417829483747482
0.0 0.986049833893776 0.15032871048897506 0.01649370789527893 0.01603919081389904
0.0 0.9908628791570664 0.16174634620547296 0.014188438653945923 0.017963692545890808
0.0 0.8835304409265519 0.2188163695856929 0.015790611505508423 0.018265491351485252
0.0 0.9147594004869462 0.2535357799381018 0.01724150776863098 0.016723908483982086
0.0 0.9993973314762116 0.5262347634881734 0.0012053370475769043 0.020684558898210526
0.0 0.6887133747339249 0.03150112628936767 0.014658182859420776 0.01169094443321228
0.0 0.9997330993413925 0.5040212951600551 0.0005338013172149659 0.020584680140018463
0.0 0.9907999128103256 0.49166494496166707 0.018400174379348756 0.021757375448942184
0.0 0.8713945627212525 0.05263855941593647 0.013604164123535156 0.009462632238864899
