0.0 0.18514016740955413 0.6763895777985454 0.01549460468813777 0.016701306402683257
0.0 0.13118694610893727 0.6891926689073443 0.018681124411523344 0.016327617689967155
0.0 0.07930589816533029 0.8109781953506172 0.024735105130821465 0.019197594560682773
0.0 0.1359492352232337 0.7634194931946695 0.022832630015909672 0.019116747565567492
0.0 0.2725154818966985 0.7269825573079288 0.01814778707921505 0.01928155105561018
0.0 0.29247674606740476 0.8093278740532697 0.026163466461002826 0.017835267819464207
0.0 0.15548055921681225 0.7936087580397725 0.02016350282356143 0.018518168851733206
0.0 0.11878506341017783 0.8138032673858107 0.019785708654671906 0.019334412552416323
0.0 0.41911157802678645 0.7158895081840455 0.01650823848322034 0.019132660888135433
0.0 0.22445955923758448 0.7870961393229663 0.014503098372370005 0.022046262212097645
0.0 0.10514989914372563 0.8933889487758279 0.02429759930819273 0.014776891842484475
0.0 0.16743891611695289 0.8764962252229452 0.024797094613313676 0.01577248051762581
0.0 0.07865687967278064 0.9309896149672567 0.015963186603039504 0.020538520626723768
0.0 0.32380933812819424 0.8371396061964334 0.02548385998234153 0.019082908891141413
0.0 0.13812692086212336 0.9215886824764311 0.020483375061303377 0.016379107348620893
0.0 0.29113502358086407 0.8823592328466475 0.01751341177150607 0.02020799908787012
0.0 0.20784133416600525 0.9298606378957629 0.017188007663935422 0.025781045854091644
0.0 0.1760496782604605 0.9436443646438419 0.024055986758321525 0.018105245567858218
0.0 0.2969618722330779 0.9513843669556081 0.01615712745115161 0.0236754572018981
0.0 0.13260139641351998 0.9726697162725031 0.020503550115972758 0.025099425204098226
0.0 0.34737103604711594 0.9739460287615657 0.018971872981637716 0.020164191722869873
0.0 0.345211735740304 0.9450317960232496 0.021794590912759305 0.02312699630856514
0.0 0.34790616310201583 0.9306415339000523 0.016717473324388266 0.023667957819998264
