0.0 0.7939844310283661 0.9500625006854534 0.019250214099884033 0.01082814484834671
0.0 0.7087499976158143 0.9018437419086694 0.01737499237060547 0.010140661150217056
0.0 0.7454374313354493 0.8789687402546406 0.017624974250793457 0.008562617003917694
0.0 0.7222655594348908 0.882999999821186 0.012437403202056885 0.010750092566013336
0.0 0.8464530885219574 0.8760780900716781 0.014452993869781494 0.008687540888786316
0.0 0.846750009059906 0.8881719190627336 0.019749999046325684 0.009296972304582596
0.0 0.8952813625335694 0.6700468700379133 0.015468835830688477 0.009046822786331177
0.0 0.9062969267368317 0.6829999782145023 0.00817197561264038 0.008437491953372955
0.0 0.9059063076972962 0.7147968787699938 0.008953213691711426 0.010171841830015182
0.0 0.876078087091446 0.710703157261014 0.01265627145767212 0.009328152984380722
0.0 0.9428125202655793 0.686312523111701 0.013218820095062256 0.01651560142636299
0.0 0.9678749918937684 0.6740468483418226 0.014640569686889648 0.00967184454202652
0.0 0.9909687221050263 0.6823438009247184 0.014109313488006592 0.014468790963292122
0.0 0.9300781071186066 0.6520937386900186 0.010687530040740967 0.009937584400177002
0.0 0.9350625455379487 0.6634687524288893 0.008078277111053467 0.009140565991401672
0.0 0.9285156309604645 0.6767343714833259 0.01565641164779663 0.01148434728384018
0.0 0.9848593652248383 0.6619687605649233 0.010140717029571533 0.010562404990196228
0.0 0.993140596151352 0.6135937463492155 0.0112343430519104 0.011015631258487701
0.0 0.9859843730926514 0.6289999945089221 0.010812520980834961 0.018250001594424248
