0.0 0.4750649718567729 0.9270680962596088 0.014942656829953193 0.023930435720831155
0.0 0.41219428423792126 0.9464067959226667 0.018062468245625497 0.02699289098381996
0.0 0.378635623306036 0.9342696074862034 0.0160638570785522 0.021435077767819166
0.0 0.3547424668446183 0.9041284381877631 0.017095384374260947 0.017870419751852752
0.0 0.3729090249165893 0.8325994267128408 0.014911228045821234 0.016175617277622224
0.0 0.25948268715292216 0.929353723116219 0.021478402242064522 0.016759668290615082
0.0 0.03853069376200435 0.8885393054690212 0.038490889593958855 0.02249496812000871
0.0 0.18310396578162913 0.853904877603054 0.02227623201906681 0.02125588767230511
0.0 0.1609081078320742 0.8002858310006559 0.01554427295923233 0.016633772850036622
0.0 0.14103430360555652 0.8639224881306291 0.015004793554544427 0.021834098175168036
