0.0 0.23590126461349428 0.7776855202391744 0.014672956708818675 0.01508791372179985
0.0 0.26340865732636304 0.78245400628075 0.014254303788766265 0.015724914707243444
0.0 0.33446178715676067 0.012092772708274423 0.010303924418985843 0.007098073745146394
0.0 0.394482907326892 0.003803211753256619 0.009775790479034185 0.007606423506513238
0.0 0.4157096208073199 0.010818741447292269 0.009994335845112801 0.006406476022675633
0.0 0.41907749031670394 0.004121063300408423 0.008629104401916266 0.004823053488507867
0.0 0.4323305271565914 0.004485065955668688 0.007190955057740212 0.0055692772381007675
0.0 0.4253399921581149 0.0192090502474457 0.006881366483867168 0.007061666157096624
0.0 0.43733686190098525 0.016879418608732523 0.009138904698193073 0.007971680117771029
0.0 0.5765304680913687 0.019045260036364198 0.0072272056713700294 0.0054964620620012285
0.0 0.546765693416819 0.0025519388960674404 0.008610770758241414 0.005103877792134881
0.0 0.5216431848239154 0.00022686186712235213 0.009339116420596838 0.00045372373424470427
0.0 0.5102287207730114 0.0007137218257412314 0.007628045789897442 0.0014274436514824628
0.0 0.5010899202432484 0.0052858717972412705 0.008611187431961298 0.005296264262869954
0.0 0.487654796987772 0.002820397261530161 0.00597093440592289 0.005640794523060322
0.0 0.48210241133347154 0.021629686211235823 0.007900967076420785 0.005696659861132503
0.0 0.49819528791122136 0.030092810187488793 0.005934892129153014 0.005842260923236609
0.0 0.5054227019194514 0.020137268002144992 0.007973676640540361 0.007061695447191596
0.0 0.5213518257252872 0.005886479839682579 0.005625095218420029 0.00587869780138135
0.0 0.5243919813539832 0.014149391371756793 0.007372833136469126 0.005605655536055565
0.0 0.5284152786247432 0.021429503057152032 0.006717613711953163 0.005915076099336147
0.0 0.5411949741188437 0.028054366027936338 0.006808656919747591 0.006715867295861244
