0.0 0.9719761759508401 0.8616806432139128 0.024707573186606168 0.030844638403505088
0.0 0.97226792848669 0.8218662246596068 0.027382404450327157 0.029807947855442763
0.0 0.9449385560583323 0.8098602993879467 0.017160520423203707 0.020158301573246717
0.0 0.9198211691342294 0.8134316811338067 0.0291987894102931 0.030498473159968852
0.0 0.9819505517370999 0.7434677483979613 0.02100220900028944 0.02057865122333169
0.0 0.9275792801752687 0.7778083806857466 0.02082889974117279 0.02065163217484951
0.0 0.9335011383518577 0.7395877234172076 0.016858986765146255 0.020894644130021334
0.0 0.9636075089219958 0.6990440111141651 0.018663756642490627 0.02069418290629983
0.0 0.921469593886286 0.7014992742799222 0.017745095305144787 0.020927567221224307
0.0 0.8664281626231969 0.6753411046694964 0.023252172768115996 0.02760390592738986
0.0 0.8722930916119367 0.7260429230052978 0.026934306789189576 0.030406408850103615
0.0 0.86102256430313 0.7097371388692408 0.024013877660036088 0.02731026289984584
0.0 0.9150130598340184 0.5867576165590436 0.024965855944901704 0.02376806493848562
0.0 0.9246884236577898 0.5775263213319703 0.016717924643307923 0.016022069612517953
0.0 0.9116274160798639 0.5630697533022613 0.025202436838299036 0.019035735912621022
0.0 0.8880420738365501 0.5759394584223628 0.029718564357608557 0.023744941409677266
0.0 0.9189489681273699 0.4702499315608293 0.014013597182929516 0.015367003250867128
0.0 0.880435188114643 0.045488415332511065 0.01891027148813009 0.017924087308347224
0.0 0.8808037377428264 0.019120710232527927 0.014096278231590986 0.01782440469833091
0.0 0.8162941801827401 0.03594101437483914 0.01617354406043887 0.019206723233219238
0.0 0.8075965465046465 0.1031938799074851 0.015491157956421375 0.019755509472452103
0.0 0.8401572145987302 0.12911386212799697 0.01883553760126233 0.01749750548042357
0.0 0.8784786580130458 0.125529930065386 0.01990733463317156 0.016308921715244652
0.0 0.8790128753986209 0.10489035393111408 0.0173735654912889 0.014681205805391073
0.0 0.7050573744811117 0.11243309429846704 0.018476539850234987 0.01611838899552822
0.0 0.7228094235528261 0.06664267265005037 0.016619196441024543 0.013179358397610485
0.0 0.6953713889699429 0.07237419707817025 0.013333350699394942 0.01113386092474684
0.0 0.6934162343386561 0.01651008317130618 0.01581041989848018 0.014138458331581205
0.0 0.730021854955703 0.01795844667358324 0.01645796075463295 0.01796964667737484
0.0 0.7482935261446982 0.01810670266277157 0.02072390550747514 0.015709568874444812
0.0 0.7725519318599254 0.026447032851865514 0.018437873851507903 0.015622339874971658
0.0 0.7418726779054851 0.005567723815329373 0.016417155135422946 0.011135447630658745
0.0 0.44996631862595676 0.005304656067164615 0.013341756351292134 0.01060931213432923
0.0 0.4369256374426186 0.007055387645959854 0.016591839864850043 0.014110775291919708
0.0 0.3947253677528352 0.006639174872543663 0.023791509959846736 0.013278349745087325
