0.0 0.7943902528844774 0.04749871550593525 0.005925219319760799 0.0052593131083995106
0.0 0.7997676690574735 0.05172587404958904 0.01242226166650653 0.009613857325166463
0.0 0.8081427583936602 0.05301189022138715 0.00664502689614892 0.005914014670997858
0.0 0.8362133212387561 0.04528926969505846 0.0077254876494407656 0.005556864384561777
0.0 0.8417830936610698 0.04651087189558893 0.008651258796453476 0.004587614955380559
0.0 0.8920744122005999 0.03927360831294209 0.004118482582271099 0.005648237699642777
0.0 0.9014676052611321 0.04945378936827183 0.004295890498906374 0.0037343683652579784
0.0 0.9028916015755385 0.045695324009284374 0.006024217512458563 0.004509022366255522
0.0 0.9204555769450963 0.044995512696914375 0.006059793755412102 0.006557178078219294
0.0 0.9034891404677182 0.016176573256962 0.0074472672306001185 0.0054878573399037124
0.0 0.9427002736367285 0.013906663074158132 0.006791354902088642 0.008791852509602904
0.0 0.9674736050423235 0.014096576673910021 0.004686045926064253 0.00600667493417859
0.0 0.9761019877623767 0.01276043609250337 0.006937209609895944 0.005448095081374049
0.0 0.9919461160432548 0.018415752006694673 0.009856670256704092 0.012903207913041115
0.0 0.8408299501053988 0.015814652387052774 0.005305987596511841 0.004966909624636173
0.0 0.8362116252537817 0.020273927552625536 0.004800426308065653 0.00609480869024992
0.0 0.8314389657694846 0.023056841874495148 0.0058621917851269245 0.004830404371023178
0.0 0.7980098397936672 0.004655947000719607 0.005877495091408491 0.007564281532540918
0.0 0.7556673267390579 0.005607867008075118 0.006857064459472895 0.005224299244582653
0.0 0.7450349997263401 0.002821380295790732 0.004098525177687407 0.003902958566322923
0.0 0.7122316133230925 0.002542394585907459 0.004389366880059242 0.005084789171814918
0.0 0.6879772533196956 0.007020403491333127 0.007429597433656454 0.004868835303932428
0.0 0.595360026601702 0.0026875312672927977 0.006581841595470905 0.005375062534585595
0.0 0.572346457093954 0.035844557289965454 0.009876312129199505 0.00518555766902864
0.0 0.5630620831623674 0.03812518464401364 0.006856670044362545 0.009536817949265242
0.0 0.49077573269605634 0.016191705991514028 0.009758855309337377 0.009629522589966655
0.0 0.47367902090772984 0.02499913501087576 0.008249823097139597 0.005336352484300732
0.0 0.452435882226564 0.030441838223487137 0.008239292213693261 0.006750442180782556
0.0 0.3995741406921297 0.031376450997777285 0.0076290925964713095 0.009603606117889286
0.0 0.44206929239444437 0.026910141995176672 0.005196576844900847 0.005785408616065979
0.0 0.4112018531188369 0.029031897825188935 0.01103747021406889 0.009928005794063211
0.0 0.5761875080876052 0.0033307454781606794 0.005358523689210415 0.005189285380765796
0.0 0.5818479959852993 0.0011377573013305665 0.004286976717412472 0.002275514602661133
