0.0 0.6748125612735748 0.8334843531250954 0.018234193325042725 0.008624978363513947
0.0 0.7258280873298645 0.8395155515521765 0.021750211715698242 0.009749997407197952
0.0 0.750312453508377 0.8517656359821558 0.0206717848777771 0.008437592536211014
0.0 0.09329686164855958 0.8829999767243862 0.011406183242797852 0.010296866297721863
0.0 0.01803126037120819 0.7241562396287918 0.00812503695487976 0.008875027298927307
0.0 0.015140599012374878 0.74295311011374 0.014125049114227295 0.011890601366758347
0.0 0.03109375238418579 0.5353593859821558 0.008343815803527832 0.007999956607818604
0.0 0.057343772053718566 0.5603281199932099 0.007953017950057983 0.007046833634376526
0.0 0.09373441934585572 0.593953113630414 0.0063280463218688965 0.006718732416629791
0.0 0.05304691791534424 0.6052187435328961 0.0071874260902404785 0.008687540888786316
0.0 0.028000003099441527 0.5562343733385205 0.011921882629394531 0.0076562147587537766
0.0 0.004304710030555725 0.5681875120848418 0.00860942006111145 0.009062513709068298
0.0 0.009890666604042054 0.5937812678515911 0.009984344244003296 0.006390631198883057
0.0 0.0031171619892120363 0.6093750024214387 0.006234323978424073 0.006234375759959221
0.0 0.034999987483024596 0.5950937481597066 0.007328063249588013 0.00804687850177288
0.0 0.03260937929153442 0.5818125136196614 0.009406328201293945 0.005937505513429642
0.0 0.02681249976158142 0.5671718768775463 0.00856250524520874 0.006031248718500137
0.0 0.015171891450881958 0.5602187613025308 0.009781301021575928 0.00876564346253872
0.0 0.004320356249809265 0.5487343637272716 0.00864071249961853 0.005374995991587639
0.0 0.06584373712539673 0.5905937222763896 0.007328152656555176 0.013718744739890099
