0.0 0.8467655897140502 0.5642655964940786 0.03207814693450928 0.01990624889731407
0.0 0.7223593711853027 0.5302656300365924 0.012234270572662354 0.01609385758638382
0.0 0.7572030991315841 0.5805156089365482 0.013437420129776001 0.01815640926361084
0.0 0.7173905789852142 0.5874843902885913 0.019421875476837158 0.01603129506111145
0.0 0.6729218333959579 0.6885156266391277 0.022500067949295044 0.013734385371208191
0.0 0.5411249667406082 0.644281255826354 0.013578146696090698 0.017281237989664078
0.0 0.5784062415361404 0.7052343551069498 0.014312535524368286 0.02043752744793892
0.0 0.5665468990802764 0.7450937747955322 0.018406212329864502 0.018812410533428192
0.0 0.538437482714653 0.772640648111701 0.014625102281570435 0.021484393626451492
0.0 0.4691718488931656 0.7804843492805957 0.017328232526779175 0.02328130602836609
