0.0 0.7483281075954438 0.4365156047046185 0.0223122239112854 0.025484371930360794
0.0 0.8050938427448273 0.40921878032386305 0.027062594890594482 0.024265609681606293
0.0 0.7706249535083771 0.4034531205892563 0.01754683256149292 0.03006250038743019
0.0 0.8028593838214875 0.36028125658631327 0.028249919414520264 0.02448437735438347
0.0 0.8562344491481781 0.3590468537062407 0.026750028133392334 0.025250013917684555
0.0 0.8888593196868897 0.31137498896569016 0.019843697547912598 0.026140624657273293
0.0 0.7907187223434449 0.38389061354100706 0.018374919891357422 0.020468708127737045
0.0 0.7555624723434449 0.3095468707382679 0.021781325340270996 0.017812516540288925
0.0 0.833203125 0.28793747778981926 0.02845323085784912 0.02007809467613697
0.0 0.8170937776565552 0.32126562632620337 0.020953059196472168 0.020234350115060806
0.0 0.8830000340938569 0.19998437408357858 0.02554696798324585 0.019156252965331078
0.0 0.7936562776565552 0.2853750042617321 0.023796916007995605 0.018656205385923386
0.0 0.7047187864780426 0.2700000122189522 0.024281322956085205 0.018281232565641403
0.0 0.8578593313694001 0.34182812795042994 0.026437461376190186 0.020718757063150406
0.0 0.915234375 0.07462500324472784 0.015593647956848145 0.013562514446675777
0.0 0.891796875 0.1757968669757247 0.027906417846679688 0.019312558695673943
0.0 0.9068436205387116 0.19454689100384712 0.015828073024749756 0.018343694508075714
0.0 0.8771718621253968 0.1873593671247363 0.013296961784362793 0.014359356835484505
