0.0 0.8333750784397125 0.4471875064074993 0.020515501499176025 0.031421877443790436
0.0 0.8198905408382415 0.4025937531143427 0.02457815408706665 0.028890710324048996
0.0 0.7851874947547912 0.39865628704428674 0.01478111743927002 0.020109325647354126
0.0 0.7583594143390655 0.4113593462854624 0.026750028133392334 0.029062505811452866
0.0 0.8035156548023223 0.31162499990314246 0.019812405109405518 0.019062509760260582
0.0 0.8770000457763671 0.24864063020795585 0.018734335899353027 0.018953176215291023
0.0 0.754671823978424 0.36885935049504043 0.019546866416931152 0.01923440583050251
0.0 0.7480313003063201 0.3240937765687704 0.014062464237213135 0.02123444527387619
0.0 0.767609280347824 0.26834375206381084 0.016593754291534424 0.02020311914384365
0.0 0.7213750600814819 0.28570311777293683 0.015249967575073242 0.020906243473291397
0.0 0.6507968425750732 0.2755625069141388 0.019906282424926758 0.02764056622982025
0.0 0.6749375283718109 0.3301875123754144 0.02371877431869507 0.029890654608607292
0.0 0.6566875100135803 0.3158750271424651 0.021062493324279785 0.026921851560473442
0.0 0.6743593335151672 0.15971876289695502 0.023843765258789062 0.02171880193054676
0.0 0.6819687604904174 0.14604688975960017 0.015921950340270996 0.014687558636069298
0.0 0.6623594880104064 0.1344218522310257 0.026156187057495117 0.015203095972537994
0.0 0.6404687285423278 0.15698436815291644 0.030296802520751953 0.019687430933117867
0.0 0.6383438825607299 0.028156234696507455 0.012531280517578125 0.01493745669722557
