0.0 0.16284477361477911 0.7774092828854918 0.015848571155220315 0.011420425772666932
0.0 0.169967363961041 0.7994404980447143 0.01865039989352224 0.010931272152811288
0.0 0.15202575111761685 0.8039951812010259 0.0188530208542943 0.010070896055549384
0.0 0.15504705370403826 0.7923891441896558 0.011814694944769055 0.009935970231890679
0.0 0.050823727995157275 0.7831954288762063 0.011899200826883338 0.008569500129669904
0.0 0.04245214071124792 0.7934350229334086 0.018549185991287187 0.010222707968205213
0.0 0.056140451785177015 0.5500966257415711 0.017064007185399577 0.012331405840814113
0.0 0.0721915473230183 0.5405486826319248 0.01372201684862373 0.01177470786496997
0.0 0.13563701836392283 0.5259230219759047 0.012287251837551638 0.010914386063814164
0.0 0.25579332453198733 0.49331487105228006 0.014093359839171126 0.014558034855872393
0.0 0.3693502041976899 0.4809666062705219 0.014515406358987093 0.01307363361120224
0.0 0.3580248224548995 0.4791616136673838 0.009603731334209442 0.013124291878193617
0.0 0.36610957263037563 0.47091256915591656 0.009063666313886642 0.0064103611744940284
0.0 0.5543865049723535 0.6086834273301065 0.016490043234080078 0.01720665320754051
0.0 0.5777629566844553 0.6067097095772624 0.017317138519138096 0.014929257333278656
0.0 0.656955688400194 0.521857573883608 0.01606818987056613 0.014220747444778681
0.0 0.6696312809828668 0.511499912943691 0.012675592582672835 0.011909633688628674
0.0 0.7398616568651051 0.5431465341243893 0.01598358741030097 0.01250010384246707
0.0 0.7524696930311621 0.5084465714171529 0.022481848299503327 0.01422080174088478
0.0 0.7811627719551325 0.5152954279445112 0.0192580696195364 0.01653186120092869
0.0 0.8002520229667425 0.5220769030041993 0.011072105541825295 0.015047297067940234
0.0 0.8246242437046021 0.527744927816093 0.018431070912629365 0.010880613885819911
