0.0 0.004333014739677288 0.5673581600189209 0.008666029479354576 0.016249635815620424
0.0 0.06395590680185703 0.21445317657198756 0.01748173166997735 0.01670496570877731
0.0 0.05325990130659192 0.21681680688634514 0.013135213917121358 0.015029180515557527
0.0 0.05755116280633954 0.206652782834135 0.010301186190918132 0.008872824674472212
0.0 0.2731514686951414 0.26313686459325253 0.020685487380251333 0.021070089284330608
0.0 0.2932304287562147 0.25319272428750994 0.020621836604550435 0.019335763528943062
0.0 0.33384455889463427 0.15003319147508593 0.019263676647096828 0.01826852005906403
0.0 0.34147568729240446 0.1363866783445701 0.015438818512484432 0.015025886474177241
0.0 0.41497503682039677 0.13990808639209718 0.018585104029625654 0.016709634428843857
0.0 0.41401077369228007 0.10465044416487217 0.02496254276484251 0.020515600964426995
0.0 0.44190738659817724 0.10068489818368107 0.022908283164724708 0.021440137224271894
0.0 0.4612469368148595 0.10002415757626296 0.015114199556410312 0.017252736259251833
0.0 0.484890155820176 0.09652291580568999 0.020192055497318506 0.01612775628454983
