0.0 0.2967763483524323 0.9986619871109724 0.012331902980804443 0.002676025778055191
0.0 0.6495151311159134 0.8077880630269647 0.018399149179458618 0.01353699155151844
0.0 0.5959978193044663 0.8165779469534755 0.015620917081832886 0.011549675837159157
0.0 0.7995737731456757 0.8093120941892267 0.011549234390258789 0.010772975161671638
0.0 0.9484222918748856 0.8156373968347908 0.01582619547843933 0.011857258155941963
0.0 0.8627383649349213 0.950744765996933 0.020193278789520264 0.012636423110961914
0.0 0.8267635941505432 0.9494323108345271 0.018846988677978516 0.01578637585043907
0.0 0.7938589692115784 0.9617552172392607 0.018754899501800537 0.01733434572815895
0.0 0.8122481495141983 0.9544972602277995 0.017426222562789917 0.01924220100045204
0.0 0.9068134963512421 0.8969931967556477 0.010408759117126465 0.01704295724630356
0.0 0.9375179052352905 0.8447458941489459 0.011110246181488037 0.01351199671626091
0.0 0.6066114097833634 0.9017929594963789 0.011398226022720337 0.01721203699707985
0.0 0.41471303403377535 0.8474524274468422 0.013774663209915161 0.010831162333488464
0.0 0.7536002635955811 0.6807630026713014 0.012762665748596191 0.010287662968039513
0.0 0.6239939570426941 0.79589778855443 0.010405361652374268 0.011635523289442062
0.0 0.9959567308425903 0.7134408328682185 0.008086538314819336 0.009685825556516647
0.0 0.951964819431305 0.7084260743111372 0.009533286094665527 0.007526915520429611
0.0 0.8772855937480927 0.6505211127921939 0.00925666093826294 0.008084999397397041
0.0 0.9301273912191391 0.5128457883372903 0.0148906409740448 0.010277604684233665
0.0 0.9059124529361725 0.5144165905192495 0.014179587364196777 0.009317440912127495
0.0 0.8602179825305939 0.5146675195544959 0.008346319198608398 0.006662104278802872
