0.0 0.002413693070411671 0.23243179954588414 0.004827386140823342 0.012193053960800171
0.0 0.37874927222728727 0.12899685967713595 0.015061050653457642 0.012785336002707481
0.0 0.39791633784770963 0.13017020877450705 0.016722410917282104 0.014409748837351799
0.0 0.5592223763465881 0.09968963582068682 0.016304612159729004 0.011174803599715233
0.0 0.639579302072525 0.10272263586521149 0.01732349395751953 0.012156844139099121
0.0 0.6175393223762512 0.09198320508003235 0.010999739170074463 0.011688631027936935
0.0 0.5755463004112243 0.0730826085433364 0.02332448959350586 0.01516854576766491
0.0 0.6012572854757309 0.08636268638074399 0.015491276979446411 0.012502044439315796
0.0 0.5002705514431 0.060127362981438635 0.013532280921936035 0.01212988793849945
0.0 0.48832658529281614 0.06552483923733235 0.015054523944854736 0.01297558844089508
