0.0 0.0489381401799619 0.6852166667580605 0.02041300293058157 0.017334893345832825
0.0 0.06926329806447029 0.6725073732435703 0.022083631902933165 0.01807045191526413
0.0 0.049611053103581104 0.6674265895038843 0.01680307658389213 0.0163285993039608
0.0 0.04827905395068233 0.6424453981220722 0.021639604587107897 0.017676688730716705
0.0 0.02656365092843771 0.2310084817931056 0.016750502027571113 0.01696948893368244
0.0 0.38919719131663444 0.29186671003699305 0.01396645158529286 0.013070181012153625
0.0 0.40240002851933243 0.2811425538733602 0.014576150849461511 0.01636338420212269
0.0 0.45091135818511247 0.15461593270301818 0.017171264067292212 0.015390105545520782
0.0 0.6064568260218948 0.11157511603087186 0.014415280986577272 0.012282701209187508
0.0 0.5774329801090061 0.11086384169757366 0.012325463071465492 0.013962294906377792
0.0 0.438245650799945 0.14302192125469446 0.010263132955878973 0.011729402467608452
0.0 0.5340308623854071 0.15221905764192342 0.014429521653801203 0.012517953291535378
0.0 0.5543113939929754 0.1180146062746644 0.011328036803752184 0.012090476229786873
0.0 0.5444619855377824 0.10488461107015609 0.021679511573165656 0.012379512190818787
0.0 0.12334637157619 0.1914154678583145 0.01279755774885416 0.011690426617860794
0.0 0.11295126406475897 0.18958187997341155 0.012027568183839321 0.01483038067817688
0.0 0.1156303723808378 0.177856039814651 0.007453085016459249 0.009442353621125221
