0.0 0.6063437730073928 0.8072968360036612 0.02917197346687317 0.021687570959329605
0.0 0.6484687149524688 0.7339218568056822 0.02728128433227539 0.01451561227440834
0.0 0.6895937293767929 0.7474531151354313 0.013000041246414185 0.016359396278858185
0.0 0.7070937573909759 0.736515586450696 0.015859365463256836 0.012968849390745163
0.0 0.9941288739442825 0.4446406356990337 0.011742252111434936 0.016593754291534424
0.0 0.973421823978424 0.28148438427597283 0.011890590190887451 0.01995307020843029
0.0 0.9553750276565551 0.2996093865483999 0.012937545776367188 0.016109447926282883
0.0 0.9907890766859054 0.1941562520340085 0.018421846628189086 0.01457812450826168
0.0 0.9197499722242355 0.16225001793354749 0.023359447717666626 0.013140594586730003
0.0 0.8046562492847442 0.1257343741133809 0.02482813596725464 0.01287495531141758
0.0 0.8266406625509262 0.16009374819695948 0.02276560664176941 0.014765661209821701
0.0 0.9941288739442825 0.12407812681049109 0.011742252111434936 0.012515673413872719
