0.0 0.047421866655349754 0.13290625307708978 0.014546871185302734 0.014890635386109352
0.0 0.1593124955892563 0.11943750698119401 0.012171775102615356 0.010546864941716194
0.0 0.14979691207408907 0.11568750217556953 0.008500009775161743 0.015593759715557098
0.0 0.15504688918590548 0.10365626085549592 0.007093638181686401 0.009703176096081734
0.0 0.40587500631809237 0.30142188500612976 0.011187583208084106 0.009406255558133125
0.0 0.4241249352693558 0.2939843624830246 0.011421829462051392 0.014562483876943588
0.0 0.5110312342643738 0.17593750227242708 0.015656232833862305 0.014359356835484505
0.0 0.5007187217473984 0.16018748711794614 0.011781245470046997 0.01179690845310688
0.0 0.5964687556028366 0.19856250528246164 0.013171881437301636 0.009843790903687477
0.0 0.6214218378067017 0.15093751214444637 0.02274996042251587 0.006812475621700287
0.0 0.6294843792915344 0.16843751780688762 0.009953141212463379 0.00973440706729889
0.0 0.6548281252384186 0.1666562208905816 0.012062609195709229 0.012843774631619453
0.0 0.6850624769926071 0.1767499852925539 0.015093773603439331 0.008296877145767212
