0.0 0.41677812724374236 0.12069012012216263 0.017980367038398982 0.01660676560131833
0.0 0.44797659502364695 0.14335968461236917 0.014260228630155325 0.018346544925589115
0.0 0.4765763101633638 0.14280611267895438 0.01422067517414689 0.01575005849590525
0.0 0.5443554596044123 0.08644854039303027 0.009511247463524341 0.01274502946762368
0.0 0.5515976672060787 0.06623045420856215 0.010091566108167171 0.014366176386829466
0.0 0.5398306650109589 0.07589137521572412 0.010012459196150302 0.012890016380697488
0.0 0.5560564135666937 0.07822423172183335 0.01167476112022996 0.012731846910901368
0.0 0.5306360716465861 0.155854298529448 0.012690469715744257 0.019783136050682514
0.0 0.49430599585175516 0.13783726979745553 0.013719312474131584 0.018227923125959933
0.0 0.48149679028429093 0.13271025214344262 0.007387589197605848 0.016593583044596016
0.0 0.4783571214880794 0.18283370533026755 0.010659052524715662 0.019150489987805486
0.0 0.4972214025910944 0.17516295268433169 0.01051382189616561 0.020231247530318797
0.0 0.5176949205808341 0.18326864485861732 0.010870255902409554 0.019058243907056748
0.0 0.5095952182076872 0.16540978029370307 0.009854245372116566 0.02038941700011492
0.0 0.455944427382201 0.22266359674977138 0.015223249606788159 0.018386071384884416
0.0 0.48908207127824427 0.2054900872637518 0.013811704516410828 0.01817519289907068
0.0 0.47468989714980125 0.20170742525951937 0.012387176230549812 0.020152173400856555
