0.0 0.03224013107828799 0.5731957115232944 0.026546801347285487 0.021813297644257545
0.0 0.05299563431181015 0.5839308108203113 0.022537724953144767 0.016045560874044896
0.0 0.0692808697698638 0.5872540057636797 0.02354294597171247 0.019639022834599017
0.0 0.004027202259749174 0.128621460031718 0.008054404519498348 0.012266491353511811
0.0 0.09805023628287013 0.3661086673848331 0.013603738974779844 0.013410950265824794
0.0 0.3599078901228495 0.39443866824731233 0.017680755653418645 0.013792955316603184
0.0 0.2900497570168227 0.3825818311423063 0.024309245962649627 0.015257169678807258
0.0 0.32413912916090337 0.363016989082098 0.015171761997044042 0.013844311237335205
0.0 0.3531454564421438 0.5313020413741469 0.015013234666548714 0.01910979747772217
0.0 0.6022715714294463 0.4605688055045903 0.024725651182234288 0.014946440421044826
0.0 0.15487179111223665 0.18097119564190506 0.015888986317440845 0.012670595012605191
0.0 0.7626326323428657 0.7721221961081028 0.031700830662157384 0.018240585550665857
0.0 0.8548759822209832 0.8182578653097152 0.031569377973210064 0.025321892648935317
0.0 0.6957770862092729 0.7969688130542636 0.020726883446332067 0.016925666481256485
0.0 0.7725993060332257 0.736634217388928 0.01928832979174331 0.01838126964867115
0.0 0.768787189584691 0.7468960122205317 0.024424647586420177 0.018353776074945927
0.0 0.9756194281566423 0.8755956095643341 0.0232418731902726 0.028645087592303754
