0.0 0.6220427576452494 0.3103301332332194 0.015770864486694337 0.013470931723713876
0.0 0.5620130781084299 0.3338670843280852 0.011397209763526917 0.009879076294600964
0.0 0.7173985360190273 0.32419696399010717 0.014620200917124748 0.014985398855060339
0.0 0.7658318150788546 0.33547226544469594 0.011982055008411407 0.01128970729187131
0.0 0.7980176687240601 0.321669975691475 0.014136578887701035 0.010767055908218026
0.0 0.8557560842484235 0.30707631576806305 0.012893317639827729 0.010257431585341693
0.0 0.8693339481949807 0.31414810800924897 0.009336552023887635 0.010030171182006598
0.0 0.8824584640562534 0.32817670728545634 0.010107438266277313 0.010335261141881347
0.0 0.9171095300465822 0.35403523275163024 0.015679873526096344 0.014776347810402513
0.0 0.972711137868464 0.24412416184786706 0.014940360561013222 0.012722256081178784
