0.0 0.6426395369693637 0.614938204549253 0.036108726635575294 0.03792715780436993
0.0 0.6887660311535001 0.5799052661284805 0.03792637027800083 0.04221101962029934
0.0 0.7110190117731691 0.6453678192570805 0.0382691714912653 0.04441260434687137
0.0 0.6034690175205469 0.6259946810081601 0.03893185406923294 0.04042925424873829
0.0 0.5775479642674327 0.5880565063096583 0.029137106612324715 0.028750169090926647
0.0 0.5660672128200531 0.5300389627926052 0.024914473295211792 0.03070977460592985
0.0 0.6113017262890935 0.5012816453352571 0.025625387206673622 0.027691594138741494
0.0 0.44568240232765677 0.5371346555650234 0.030774381011724472 0.039596791937947275
0.0 0.41642302330583336 0.5296893656253815 0.03257030062377453 0.03853367567062378
0.0 0.5201030509546399 0.49776994725689294 0.02181750349700451 0.028481614775955677
0.0 0.5622360106557608 0.45302952723577616 0.019872505217790604 0.024820866249501704
0.0 0.41754888612776997 0.4776816640049219 0.02378821186721325 0.03548034206032753
0.0 0.6834916757419706 0.3788264562375844 0.03522541560232639 0.030336489714682103
0.0 0.37270640172064307 0.34514935268089175 0.03471021726727486 0.03238254841417074
0.0 0.40929674413055184 0.3355799607001245 0.03351539559662342 0.03387972470372915
0.0 0.3223347529768944 0.19871156243607402 0.027378257364034653 0.02578743752092123
0.0 0.38836613912135365 0.3081676294095814 0.03066217340528965 0.02642714623361826
0.0 0.4186716597527266 0.3148399706929922 0.027196891605854034 0.02318761870265007
