0.0 0.8990468859672547 0.9983867153525352 0.017656445503234863 0.0032265692949295043
0.0 0.9451874971389771 0.1519374880939722 0.008671760559082031 0.004281258210539818
0.0 0.9408593058586121 0.1710312413983047 0.007297039031982422 0.009921868331730366
0.0 0.9829842925071717 0.16660936838015913 0.006390810012817383 0.005234356038272381
0.0 0.9622656583786011 0.1745312601327896 0.011171936988830566 0.004562487825751305
0.0 0.7403906464576722 0.17759374352172017 0.007640719413757324 0.009781253524124622
0.0 0.7340311288833619 0.19826561640948057 0.008437514305114746 0.007124986499547958
0.0 0.6956717848777771 0.19125000117346644 0.0091094970703125 0.009593767113983631
0.0 0.512062418460846 0.212375012319535 0.00787496566772461 0.008765618316829205
0.0 0.6874217569828034 0.29054687507450583 0.01057809591293335 0.007218729704618454
0.0 0.7094687998294831 0.2876406219787896 0.010734379291534424 0.005999992601573467
0.0 0.7193125069141388 0.2911093720234931 0.012890517711639404 0.008359364233911037
0.0 0.756999957561493 0.28684375444427135 0.01223444938659668 0.007281267084181309
0.0 0.7374843835830689 0.28939062505960467 0.011031389236450195 0.006062479689717293
0.0 0.7472343921661377 0.29467186527326705 0.007640719413757324 0.005703122355043888
0.0 0.7715624749660492 0.2829375067725778 0.00842195749282837 0.006390631198883057
0.0 0.7788593351840973 0.2858749908395112 0.009328186511993408 0.00995314959436655
0.0 0.786265629529953 0.28554686447605493 0.008312523365020752 0.005859377793967724
0.0 0.8009686946868897 0.28192187156528237 0.0070781707763671875 0.009531229734420776
0.0 0.8204062163829804 0.2780156238935888 0.007874786853790283 0.006312503479421139
0.0 0.8664843320846558 0.28415624387562277 0.007671833038330078 0.008250005543231964
0.0 0.8549375116825104 0.2874062513932586 0.007203161716461182 0.006703142076730728
0.0 0.8482656061649323 0.2847343563102186 0.005609571933746338 0.0059531209990382195
0.0 0.8415624082088471 0.28523437874391677 0.00751572847366333 0.00753126572817564
0.0 0.8341718494892121 0.28478125305846336 0.00817197561264038 0.006609373725950718
0.0 0.8174219012260437 0.28490623980760577 0.00579679012298584 0.006296887993812561
0.0 0.8099844038486481 0.28776562130078676 0.0062811970710754395 0.0045312317088246346
0.0 0.8072498917579651 0.2849062649533153 0.006015658378601074 0.005734378471970558
