0.0 0.6529739088844508 0.9592482795938849 0.010760290268808603 0.00885485652834177
0.0 0.892062697885558 0.32670610973145814 0.005670385435223579 0.0058717102278023955
0.0 0.8835570811061189 0.32680058348923924 0.005805346788838506 0.005601778998970986
0.0 0.7760487749706954 0.29632153317797927 0.0064668660052120686 0.004683891171589493
0.0 0.7756842170841992 0.30294916380662473 0.0076956555247306825 0.00537225273437798
0.0 0.7572688292246312 0.30150486011989414 0.007749578263610601 0.0059932292439043525
0.0 0.7607927342876792 0.2933249185560271 0.005238385498523712 0.008409402659162879
0.0 0.7543392330873757 0.29139466914348305 0.009707174543291331 0.006479131523519754
0.0 0.7385430379770697 0.28387615249957887 0.0128258865326643 0.011527536297217011
0.0 0.7168739767745137 0.27593916207551955 0.008883500844240189 0.007316079083830118
0.0 0.7061408023815602 0.2707153432769701 0.008978213276714086 0.005939225619658828
0.0 0.6959069927223027 0.2691900341538712 0.006763981841504574 0.0061282165814191105
0.0 0.6876983758993447 0.2697299617808312 0.006359175033867359 0.0072080718353390695
0.0 0.6790982398204506 0.2693655133480206 0.008829423598945141 0.009070827579125761
0.0 0.7901977771893144 0.31150706557091323 0.009329097345471382 0.005925757298246026
0.0 0.7827182761393487 0.3151381250238046 0.0073174238204956055 0.006695102574303747
0.0 0.7764134101103991 0.31357232404407115 0.01166477082297206 0.008071999484673142
0.0 0.4434522400144488 0.22445676415227353 0.006197097804397344 0.007167579978704453
0.0 0.4337854688987136 0.22826325935311614 0.0067503852769732475 0.0057637464255094525
0.0 0.46093595419079064 0.22494270987808704 0.009194058738648892 0.012418400589376688
