0.0 0.43195312917232515 0.41410938538610936 0.010546892881393433 0.011234398931264877
0.0 0.4165312319993973 0.40926561765372754 0.022156208753585815 0.01849989965558052
0.0 0.6534999728202819 0.33301562890410424 0.01737499237060547 0.011452965438365936
0.0 0.6675312340259552 0.34399992860853673 0.014640748500823975 0.01112496480345726
0.0 0.677593719959259 0.3379062682390213 0.017796814441680908 0.009562410414218903
0.0 0.6837344139814376 0.3493281535804272 0.018749982118606567 0.013249978423118591
0.0 0.7348437279462814 0.24693751502782108 0.021703094244003296 0.011656293645501137
0.0 0.7226406157016754 0.25620313063263894 0.013843774795532227 0.010796863585710526
0.0 0.6863906055688858 0.27390623819082976 0.014734357595443726 0.008968720212578773
0.0 0.6874375164508819 0.30060934722423555 0.0152968168258667 0.011968754231929779
0.0 0.7277187079191207 0.2895781256258488 0.01753118634223938 0.009312562644481659
0.0 0.7666406452655792 0.21260934676975013 0.017796814441680908 0.008921848610043526
0.0 0.7719219148159027 0.22274998277425767 0.019062459468841553 0.009046822786331177
0.0 0.8156718730926513 0.18760935664176942 0.018906354904174805 0.010875016450881958
0.0 0.8387968957424163 0.1681250024586916 0.018625080585479736 0.01070312038064003
0.0 0.8588592827320098 0.1628124935552478 0.015312373638153076 0.010140610858798027
0.0 0.870046865940094 0.12676561605185271 0.01829695701599121 0.011750036850571632
0.0 0.8908750236034393 0.15492187049239875 0.02053123712539673 0.009281231090426445
0.0 0.8777032315731048 0.15818751864135266 0.011484324932098389 0.007937494665384293
0.0 0.8902187764644622 0.16146875713020564 0.016906321048736572 0.011687474325299263
