0.0 0.0565276175737381 0.9932242013514042 0.012277811765670776 0.012840606272220612
0.0 0.040512683987617495 0.9900279480963945 0.024938911199569702 0.01994410380721092
0.0 0.2613851308822632 0.8762087929993868 0.01904618740081787 0.01419837400317192
0.0 0.27705624997615813 0.8846908934414387 0.016295582056045532 0.013417549431324005
0.0 0.2859574735164642 0.8769996255636215 0.01914578676223755 0.01240508258342743
0.0 0.29392251670360564 0.8872332252562046 0.020702451467514038 0.016200073063373566
0.0 0.3271816402673721 0.7777351016178727 0.023347288370132446 0.015122881159186363
0.0 0.3167006403207779 0.788911715708673 0.015454977750778198 0.012960752472281456
0.0 0.2839232414960861 0.8124298943206668 0.016027182340621948 0.011307371780276299
0.0 0.2894227534532547 0.838581507652998 0.01708361506462097 0.014359205961227417
0.0 0.3272907167673111 0.820966787263751 0.018842071294784546 0.012114297598600388
0.0 0.35278730392456054 0.7385711619630456 0.019038677215576172 0.011773472651839256
0.0 0.3596906840801239 0.7476852998137474 0.02030736207962036 0.012108463793992996
0.0 0.39694504737854003 0.7057206310331822 0.02045917510986328 0.013884756714105606
0.0 0.4164844036102295 0.6826420748606324 0.020153045654296875 0.013668252155184746
0.0 0.4353752017021179 0.6740480257198215 0.016793131828308105 0.012559426948428154
0.0 0.4403745710849762 0.6366375215351582 0.02000480890274048 0.014645464718341827
0.0 0.46561970114707946 0.6609124099835754 0.02179473638534546 0.012585276737809181
0.0 0.45317988395690917 0.6663356605917216 0.012650370597839355 0.009746979922056198
0.0 0.46606798768043517 0.667476823180914 0.018623292446136475 0.01435115933418274
0.0 0.8361423790454865 0.43006134368479254 0.009317457675933838 0.00826871395111084
0.0 0.8391789972782135 0.44151154309511187 0.01386934518814087 0.010582219809293747
0.0 0.8665237605571747 0.4311818365007639 0.012799680233001709 0.012300778180360794
0.0 0.8871383249759675 0.4391896385699511 0.016290128231048584 0.010918166488409042
