0.0 0.09891473227180542 0.9878814777825028 0.0207203806377948 0.01825506007298827
0.0 0.20426370948553085 0.9997928507626057 0.02249131165444851 0.00041429847478866575
0.0 0.1743912565987557 0.9642912730574608 0.019288961123675175 0.01922129038721323
0.0 0.18299832912161945 0.8909094271250069 0.01596997641026976 0.016606897115707397
0.0 0.5664005469530821 0.9073923690244555 0.023230560310184955 0.017838813923299314
0.0 0.5953991977497936 0.8973117319401354 0.02535924017429352 0.0183278345502913
0.0 0.41570865283720193 0.877728478005156 0.018111167941242456 0.018537329602986576
0.0 0.5723100828938186 0.8853661593981087 0.01843668334186077 0.01761070769280195
0.0 0.4040219077374786 0.8949085039552301 0.02822398776188493 0.015656653326004744
0.0 0.010723737254738797 0.695533219538629 0.021447474509477593 0.015548446029424668
0.0 0.5777656998019666 0.8537877031136304 0.024859409686177968 0.017916002590209246
0.0 0.20800130488350987 0.6121909635374323 0.016888205520808608 0.015339129930362105
0.0 0.18239851132966578 0.6960475919302553 0.01535393586382261 0.013363660778850317
0.0 0.24209909611381591 0.6340588290244341 0.01632051514461632 0.015441312454640865
0.0 0.2744542666245252 0.6551745822187514 0.01821889551356439 0.01575328828766942
0.0 0.2840243133716285 0.49161200581584125 0.01584952510893345 0.02029507183469832
0.0 0.3932464997284114 0.44775190206710247 0.01951141431927681 0.016516644833609463
0.0 0.41491235946305094 0.4340493329335004 0.01236598016694188 0.01266753114759922
0.0 0.49888260909356175 0.401817367807962 0.015478204283863307 0.012483029952272772
0.0 0.6678951885551214 0.3337585573317483 0.018148490879684686 0.018539059488102794
0.0 0.8000161109725014 0.31189075149595735 0.014290126087144018 0.012352692056447267
0.0 0.7875597393140197 0.30663855185266586 0.012150525022298098 0.017071639699861408
0.0 0.7942461649421603 0.2927576554240659 0.00744529003277421 0.010937467077746987
