0.0 0.011649098247289658 0.5585702437441796 0.023298196494579315 0.018515076953917742
0.0 0.186480373586528 0.5947266608476639 0.02048335731960833 0.016903324984014034
0.0 0.13621887147892267 0.5549190441146493 0.02218490713275969 0.016725046560168266
0.0 0.10977837619138882 0.52637281534262 0.015469504264183342 0.016545502934604883
0.0 0.12470793609973044 0.5373627600260079 0.016483201133087277 0.016046668402850628
0.0 0.5535298457369209 0.3982927073724568 0.022299796529114246 0.01741228112950921
0.0 0.49159709508530797 0.39434225878212603 0.01893946072086692 0.014846739592030644
0.0 0.7204590233508498 0.4385308664990589 0.014271861594170331 0.013484577415511012
0.0 0.8848049798980355 0.48380841033067556 0.01920709265395999 0.015216868603602052
0.0 0.7545413771178573 0.6123524735216052 0.024206776358187198 0.01661727437749505
0.0 0.9808840254321695 0.7070425854530186 0.02604664359241724 0.017267358023673296
0.0 0.714765501813963 0.6016505347564817 0.023074046708643436 0.019991337321698666
0.0 0.9953811313956976 0.665476223314181 0.009237737208604813 0.01699476456269622
0.0 0.6749087026342749 0.6069309691432864 0.023157119005918502 0.021718107629567385
0.0 0.6972785274730995 0.6035664527211339 0.0218943587038666 0.023699873592704535
0.0 0.8175009709317237 0.5637768938671798 0.013746214471757412 0.02038619527593255
0.0 0.865165184927173 0.5134434601990506 0.014108888478949666 0.016506684245541692
0.0 0.9772461340297014 0.5165859624743462 0.013882281165570021 0.01607473287731409
0.0 0.989431589632295 0.6494031582027674 0.021136820735409855 0.015640883706510067
0.0 0.481531280069612 0.492023566365242 0.01487802336923778 0.020695019513368607
0.0 0.28152321497909727 0.38218597064260396 0.016778762545436622 0.01381778554059565
0.0 0.7022343219956383 0.28348074106033894 0.015576567267999053 0.013085808837786317
0.0 0.5281287004938349 0.3784886199049652 0.013090945919975639 0.014315182343125343
0.0 0.966433435631916 0.38268273484427484 0.015008872468024492 0.012357167666777968
0.0 0.9163084605941549 0.36525230957195165 0.011616310337558389 0.009597705211490393
0.0 0.8479201126145199 0.2815485767554492 0.011372617958113552 0.010190969798713923
0.0 0.9422233854886144 0.14170804501045495 0.017965918872505426 0.013330797897651792
0.0 0.9148191952845082 0.13723915126174688 0.017051407461985947 0.012167214881628752
0.0 0.8638037506956607 0.12578295099083334 0.010178607143461704 0.008483925135806203
