0.0 0.2664755489910021 0.9893243350554257 0.01486562578938897 0.01939060790464282
0.0 0.36372333669569346 0.9211667142342777 0.022793911537155466 0.015458852145820856
0.0 0.3259694214444607 0.935776358563453 0.015699409972876353 0.018053802847862243
0.0 0.29949450080748646 0.9653732528910041 0.013905914360657334 0.018556939624249934
0.0 0.7242259461199865 0.8311495214700699 0.019144451757892967 0.0099546167999506
0.0 0.50289364552591 0.8377859664149583 0.013764414982870222 0.011779069714248181
0.0 0.9708218489657157 0.8418433545157313 0.011530624073930084 0.00849217940121889
0.0 0.43515684923622755 0.8171845401171595 0.021016348106786608 0.013446102570742368
0.0 0.41884400525595994 0.7898680094629527 0.017854395089671016 0.01575779840350151
0.0 0.3974343932932243 0.7708706479985267 0.011719514941796617 0.010426472034305334
0.0 0.29205376682803036 0.8429441813379526 0.012836297880858183 0.01376043651252985
0.0 0.4701264131814241 0.8083620822988451 0.01664327923208475 0.01067804042249918
