0.0 0.34680690572131423 0.26211284659802914 0.01856829416938126 0.009683467447757721
0.0 0.367272357782349 0.26729858573526144 0.014807793591171504 0.007417844608426094
0.0 0.355050130491145 0.2396243941038847 0.014471851056441665 0.010908566415309906
0.0 0.36221905003767463 0.2551146037876606 0.01321281106211245 0.008777175098657608
0.0 0.4654865075368434 0.2464548610150814 0.012944114673882724 0.009649869054555893
0.0 0.4746699295006692 0.2553495494648814 0.0193741912022233 0.008307283744215965
0.0 0.6114813499618321 0.30583102721720934 0.01422025440260768 0.011647028848528862
0.0 0.681272090645507 0.29166668467223644 0.014858132135123015 0.010841477662324905
0.0 0.6309059757739306 0.28223496209830046 0.015093109384179116 0.012083375826478004
0.0 0.626171558862552 0.2452465072274208 0.013850592728704213 0.011714063584804535
0.0 0.9563219908624887 0.1877500144764781 0.015428955852985381 0.01693342812359333
0.0 0.9645820271689445 0.16776215750724077 0.02165729394182563 0.015322325751185417
0.0 0.838666595891118 0.1248998986557126 0.013262861408293247 0.011714117601513863
0.0 0.9152735981158913 0.1479253312572837 0.009603133983910083 0.011479144915938377
0.0 0.8460872081574052 0.13746988400816917 0.014522285666316748 0.015926502645015717
0.0 0.5773834228515625 0.11308506689965725 0.012423629499971866 0.012754641473293304
0.0 0.6198757824953646 0.14416606537997723 0.01096285106614232 0.010925311595201492
0.0 0.6009883573278785 0.09972627554088831 0.012138505838811398 0.011361712589859962
0.0 0.542765010567382 0.03325117938220501 0.014740547444671393 0.017017316073179245
0.0 0.4609199177939445 0.011618648655712605 0.016184226144105196 0.011949090287089348
0.0 0.7394954374060034 0.13945024460554123 0.01749398894608021 0.012855328619480133
0.0 0.7394955334719271 0.15054338611662388 0.014085762109607458 0.007417790591716766
0.0 0.5528887257911265 0.12501735799014568 0.010912704654037953 0.011311423033475876
0.0 0.44539038091897964 0.004517069086432457 0.009469025954604148 0.009034138172864914
0.0 0.9334220841992646 0.1538663050159812 0.01427059294655919 0.016497081145644188
