0.0 0.7397504345979542 0.14420761296059936 0.008493596874177455 0.005943345371633768
0.0 0.74811456494499 0.15439808345399797 0.009270544210448862 0.004959275480359793
0.0 0.7642990662250668 0.13874335150467232 0.005891227070242167 0.005192352342419326
0.0 0.7859992119949311 0.13840668724151328 0.00552864670753479 0.004091712762601674
0.0 0.8045919388532639 0.13845847052289173 0.005140135996043682 0.005075824330560863
0.0 0.7878766062902287 0.13081886322470382 0.00576164941303432 0.004376572906039655
0.0 0.7808072153013199 0.12741340918000787 0.004881277028471231 0.0028745660092681646
0.0 0.7824256765423343 0.12200094142463058 0.00766508518718183 0.005749132018536329
0.0 0.8352518350817263 0.09413577424129471 0.0063572324812412265 0.004829765181057155
0.0 0.8953157096169889 0.12299797276500612 0.006253659259527922 0.004648492438718677
0.0 0.8820573741104454 0.07874003163306043 0.006719812843948602 0.0036385204875841737
0.0 0.9230882985517382 0.08195125148631632 0.006577418185770512 0.004324789624661207
0.0 0.9311676025390625 0.09697149757994339 0.0054898252710700035 0.006085775443352759
0.0 0.9402697476558387 0.11045088368700817 0.00734125217422843 0.005192352342419326
0.0 0.9593027347931639 0.11032139422604814 0.007846301281824708 0.007147572352550924
0.0 0.9743737128097564 0.10790003091096878 0.006590309273451567 0.0062670898623764515
0.0 0.949514287430793 0.11015307251363993 0.005502716358751059 0.004143537720665336
0.0 0.9642357243457809 0.017131080996477976 0.005334465438500047 0.005503104126546532
0.0 0.9580209235660732 0.01795977499568835 0.005269639566540718 0.006733222748152912
0.0 0.9714863684726879 0.048116826452314854 0.005256674392148853 0.0042859469540417194
0.0 0.9821681533940136 0.07802786043612286 0.004518696665763855 0.00488156930077821
0.0 0.9224927525268868 0.05587297218153253 0.0045964136254042385 0.0034701883560046554
0.0 0.8089164172066375 0.020834351424127817 0.007496612006798386 0.00485568807926029
