0.0 0.16513847112655639 0.6481740191578865 0.020226359367370605 0.01951669156551361
0.0 0.0970840334892273 0.666369353979826 0.023115992546081543 0.021410465240478516
0.0 0.26376365423202514 0.712771636992693 0.019336223602294922 0.024204254150390625
0.0 0.22552527785301207 0.8001791793853045 0.015288054943084717 0.02651796117424965
0.0 0.11251969933509827 0.7718855790793896 0.028828918933868408 0.02289023995399475
0.0 0.12780319452285765 0.8120101854205132 0.025043606758117676 0.02455790340900421
0.0 0.06094546914100647 0.8312355387955904 0.030111372470855713 0.02458355203270912
0.0 0.10522462725639344 0.8306071475148201 0.026614844799041748 0.025195598602294922
0.0 0.30920358300209044 0.9328166112303734 0.023247063159942627 0.029932647943496704
0.0 0.05040608644485474 0.9975560445338487 0.019731760025024414 0.004887910932302475
0.0 0.3182668566703796 0.8385381545871496 0.03099524974822998 0.0226040817797184
0.0 0.46408559679985045 0.7014495801180601 0.023457348346710205 0.026034560054540634
0.0 0.21695696115493773 0.9961416486650705 0.023568034172058105 0.007716702669858933
0.0 0.12791906595230101 0.9963588070124387 0.026560306549072266 0.007282385975122452
0.0 0.08379189968109131 0.9605548433959484 0.03087437152862549 0.021337643265724182
0.0 0.3595298707485199 0.8796499814838171 0.03353208303451538 0.02631116285920143
0.0 0.16371564865112304 0.9329752806574106 0.029319405555725098 0.018985915929079056
