0.0 0.47915070652961733 0.912370003759861 0.019968688488006592 0.01709083467721939
0.0 0.4566319972276688 0.9162093009799719 0.014280885457992554 0.013636719435453415
0.0 0.5564503163099289 0.8726103622466326 0.01544836163520813 0.014268781989812851
0.0 0.5844735443592072 0.09036943316459656 0.008680522441864014 0.008806027472019196
0.0 0.5935090124607086 0.09427752904593945 0.008703768253326416 0.008578307926654816
0.0 0.7218936622142792 0.10986437369138002 0.0089988112449646 0.007894596084952354
0.0 0.7193155229091645 0.11710239015519619 0.010618507862091064 0.009179390966892242
0.0 0.7396160900592804 0.12380364630371332 0.010953962802886963 0.009866422042250633
0.0 0.7395173847675324 0.11349443346261978 0.009355723857879639 0.011321604251861572
0.0 0.7472691476345062 0.11432263255119324 0.01326066255569458 0.011261355131864548
0.0 0.7674938082695008 0.11336744762957096 0.018849492073059082 0.018046371638774872
0.0 0.7941736519336701 0.1145943570882082 0.012756407260894775 0.011786095798015594
0.0 0.8079675376415253 0.11382238380610943 0.012241065502166748 0.010358724743127823
0.0 0.8195724725723267 0.11677499301731586 0.00996243953704834 0.009569350630044937
0.0 0.8280915260314942 0.12102562375366688 0.010013937950134277 0.010540880262851715
0.0 0.8374332129955292 0.12448615115135908 0.013484179973602295 0.01363505981862545
0.0 0.6999944090843201 0.11974120605736971 0.012609601020812988 0.010501401498913765
0.0 0.7063513338565827 0.12696521636098623 0.01080697774887085 0.010422242805361748
0.0 0.7137812316417694 0.12811590917408466 0.016063034534454346 0.013837985694408417
