0.0 0.24471871554851532 0.8930781356990337 0.022296935319900513 0.016593754291534424
0.0 0.3057030737400055 0.8959843762218952 0.025468647480010986 0.013500027358531952
0.0 0.4173906147480011 0.9951054409146309 0.015703260898590088 0.00978911817073822
0.0 0.47600001096725464 0.8761562801897526 0.02154707908630371 0.021375060081481934
0.0 0.4905468821525574 0.9206718303263187 0.012031316757202148 0.025750011205673218
0.0 0.4845156669616699 0.9706562705338001 0.016297101974487305 0.026203036308288574
0.0 0.5112187564373016 0.9484687525779009 0.026640594005584717 0.014499921351671219
0.0 0.5608124434947968 0.9491405956447124 0.015953242778778076 0.018828101456165314
0.0 0.6340156495571136 0.9372656349092722 0.01532810926437378 0.024781297892332077
0.0 0.739124983549118 0.9184531237930059 0.013187706470489502 0.02871871367096901
0.0 0.7427187860012054 0.8329374440014362 0.015922129154205322 0.02551565319299698
0.0 0.5825312733650208 0.7037968751043081 0.02520310878753662 0.019687481224536896
0.0 0.4931563138961792 0.7719843447208404 0.024656295776367188 0.011999934911727905
0.0 0.39982813596725464 0.7983437370508909 0.01471853256225586 0.017203185707330704
0.0 0.3437499403953552 0.7487343702465296 0.021375060081481934 0.020453017204999924
0.0 0.21873432397842407 0.7299218842759728 0.011890590190887451 0.01995307020843029
0.0 0.20068752765655518 0.7480468865483999 0.012937545776367188 0.016109447926282883
0.0 0.38893747329711914 0.6727499956265092 0.018203258514404297 0.022937463596463203
0.0 0.30517181754112244 0.658078127913177 0.015484392642974854 0.01584375835955143
0.0 0.239437535405159 0.6425937520340085 0.025093764066696167 0.01457812450826168
0.0 0.16506247222423553 0.6106875179335475 0.023359447717666626 0.013140594586730003
0.0 0.04996874928474426 0.5741718741133809 0.02482813596725464 0.01287495531141758
0.0 0.07195316255092621 0.6085312481969595 0.02276560664176941 0.014765661209821701
0.0 0.2449374496936798 0.5725156268104911 0.022734403610229492 0.012515673413872719
0.0 0.2924218475818634 0.5665624806657433 0.019703328609466553 0.01548437587916851
0.0 0.3703750669956207 0.5958750102669 0.01968759298324585 0.014687508344650269
0.0 0.2997656464576721 0.6176249928772449 0.015062570571899414 0.02406253293156624
0.0 0.5371249616146088 0.5929531291127205 0.0532187819480896 0.03410935029387474
0.0 0.6315624117851257 0.526250010728836 0.018328070640563965 0.01917189359664917
0.0 0.6339218616485596 0.5146249983459711 0.016625046730041504 0.018515590578317642
0.0 0.7465156316757202 0.5794843830168247 0.014593720436096191 0.020531270653009415
0.0 0.7659687101840973 0.5878124911338091 0.013296782970428467 0.02073434740304947
0.0 0.8365000784397125 0.6322031173855066 0.019359290599822998 0.023484382778406143
0.0 0.8672343492507935 0.6736875031143427 0.016952991485595703 0.02478119730949402
0.0 0.8624687790870667 0.5638906233012676 0.019296884536743164 0.019031278789043427
0.0 0.8413437902927399 0.573453109152615 0.01121896505355835 0.015890629962086678
0.0 0.8403594195842743 0.559734364412725 0.0122031569480896 0.016656266525387764
0.0 0.7826875448226929 0.5372812574729323 0.017156124114990234 0.022234389558434486
0.0 0.750968724489212 0.5105468671768904 0.01312476396560669 0.01778123527765274
0.0 0.7834844291210175 0.4726874869316816 0.01728111505508423 0.02225003018975258
0.0 0.7974062561988831 0.4817500257864594 0.015765666961669922 0.020484348759055138
0.0 0.7715781033039093 0.42159376889467237 0.012765705585479736 0.01807815581560135
0.0 0.7892030775547028 0.42970310933887956 0.021796882152557373 0.014718789607286453
0.0 0.61460942029953 0.36915623899549244 0.02403116226196289 0.0156718622893095
0.0 0.7404063642024994 0.3582812225446105 0.01428133249282837 0.01620314083993435
0.0 0.7671405673027039 0.34181251786649225 0.0172501802444458 0.01445315033197403
0.0 0.7342656254768372 0.33257813323289154 0.01685929298400879 0.018250001594424248
0.0 0.6694375276565552 0.31878124820068476 0.025281429290771484 0.02034370880573988
0.0 0.6031562983989716 0.32303126286715267 0.01598435640335083 0.01548437587916851
0.0 0.4660937190055847 0.5287343816831708 0.018078088760375977 0.021499933674931526
0.0 0.375187486410141 0.4983749859035015 0.008515655994415283 0.021671880036592484
0.0 0.5041405856609344 0.4482812624424696 0.00804680585861206 0.020953115075826645
0.0 0.4217812120914459 0.4470468847081065 0.009625017642974854 0.019968761131167412
0.0 0.4212188422679901 0.42515623699873684 0.011484324932098389 0.02370310015976429
0.0 0.3537030816078186 0.4392187487334013 0.011562466621398926 0.017687492072582245
0.0 0.3525467813014984 0.375546845048666 0.009265601634979248 0.015093762427568436
0.0 0.3760938048362732 0.36375001203268764 0.017734408378601074 0.009296821430325508
0.0 0.4798593521118164 0.3340468815527856 0.014406323432922363 0.021171857602894306
0.0 0.4064999520778656 0.2965937679633498 0.014703333377838135 0.019062509760260582
0.0 0.5724999010562897 0.28973438302055 0.01109379529953003 0.01720311027020216
0.0 0.5918906629085541 0.2921249981969595 0.012765705585479736 0.020515630021691322
0.0 0.6237030923366547 0.2800000010989606 0.01103121042251587 0.012593750841915607
0.0 0.6053905785083771 0.24025000296533108 0.011546909809112549 0.019218765199184418
0.0 0.6079530715942383 0.18812500908970833 0.013703227043151855 0.012968748807907104
0.0 0.6883593499660492 0.19220311511307955 0.018562495708465576 0.012203112244606018
0.0 0.7450937926769257 0.22528125243261457 0.01175004243850708 0.01599998865276575
0.0 0.7109686732292175 0.24851562399417162 0.017765522003173828 0.016437498852610588
0.0 0.7102030813694 0.27395312432199714 0.014734447002410889 0.0168125219643116
0.0 0.7411874234676361 0.2757968831807375 0.01435929536819458 0.01457812450826168
0.0 0.6597813069820404 0.26787500400096176 0.014890730381011963 0.012109369039535522
0.0 0.6399217844009399 0.2609531068243086 0.01673448085784912 0.014593739993870258
0.0 0.7069061994552612 0.15043748719617725 0.03659391403198242 0.017906234599649906
0.0 0.6528281271457672 0.1477343862876296 0.009952962398529053 0.013781256973743439
0.0 0.6263437271118164 0.1627187523059547 0.012624979019165039 0.012687494046986103
0.0 0.5477656424045563 0.1465312395244837 0.012062609195709229 0.010078148916363716
0.0 0.4839375615119934 0.1202031284570694 0.017687559127807617 0.007906263694167137
0.0 0.45259371399879456 0.10235936837270856 0.00803142786026001 0.012312496080994606
0.0 0.440734326839447 0.10564063200727106 0.010187387466430664 0.01759374886751175
0.0 0.662828117609024 0.06695312182419003 0.01571863889694214 0.013984371442347765
0.0 0.5915625393390656 0.0176250034943223 0.010343849658966064 0.014953122474253178
0.0 0.697328120470047 0.06845312626101077 0.009687602519989014 0.014375010039657354
0.0 0.7436562180519104 0.09318749597296119 0.018203258514404297 0.009499998763203621
0.0 0.8140468597412109 0.049015624821186064 0.01667189598083496 0.01043750625103712
0.0 0.8844843506813049 0.0627499976195395 0.013906359672546387 0.01464063674211502
0.0 0.8633437156677246 0.0432187529746443 0.009140610694885254 0.01178125524893403
0.0 0.8485468626022339 0.03699999898672104 0.011906147003173828 0.013593745417892933
0.0 0.44165629148483276 0.0665624957997352 0.0094374418258667 0.015765618067234755
0.0 0.47221872210502625 0.0417031267657876 0.009765565395355225 0.013953127898275852
0.0 0.46278128027915955 0.0346562554128468 0.010281264781951904 0.01018750760704279
0.0 0.4215155839920044 0.010406248643994332 0.01704704761505127 0.00828123651444912
0.0 0.47126564383506775 0.011687497980892659 0.013015687465667725 0.008250005543231964
0.0 0.47312504053115845 0.0005117175867781043 0.00898432731628418 0.0010234351735562085
0.0 0.4589686989784241 0.004292972222901881 0.016890764236450195 0.008585944445803762
0.0 0.44267186522483826 0.0009140615118667483 0.012765705585479736 0.0018281230237334966
0.0 0.33979690074920654 0.006441405927762389 0.01535940170288086 0.012882811855524779
