0.0 0.28132819533348086 0.9469062678515912 0.015609204769134521 0.014249972999095917
0.0 0.22801562547683715 0.9384218540042639 0.022156476974487305 0.009593691676855087
0.0 0.1730155885219574 0.9576249282807112 0.017953097820281982 0.013562489300966263
0.0 0.09090628623962402 0.9353593580424786 0.021015644073486328 0.012062497437000275
0.0 0.08609368801116943 0.9700624991208315 0.019999980926513672 0.013812538236379623
0.0 0.16001563668251037 0.9938788931816817 0.012843668460845947 0.012242213636636735
0.0 0.13004695773124694 0.951578139513731 0.018109381198883057 0.012531213462352753
0.0 0.03448441028594971 0.9561249867081643 0.011515617370605469 0.014249972999095917
0.0 0.06673430800437927 0.9686093788594008 0.012046873569488525 0.0158437080681324
0.0 0.0197500079870224 0.9636875085532666 0.015281349420547485 0.010906197130680084
0.0 0.0018515557050704956 0.9715624406933785 0.0037031114101409913 0.01312505453824997
0.0 0.016890594363212587 0.9805780827999115 0.012578219175338745 0.014359407126903534
0.0 0.2114531636238098 0.9543437652289868 0.025937318801879883 0.015593759715557098
0.0 0.028890618681907655 0.4708906190469861 0.01374998688697815 0.008546875789761543
0.0 0.07290624976158142 0.5505156146362424 0.018140852451324463 0.009937534108757973
0.0 0.11712496876716613 0.5169687487185002 0.015874922275543213 0.008812464773654938
0.0 0.0508750319480896 0.47028126306831836 0.01178133487701416 0.00967184454202652
0.0 0.062171870470047 0.4773906089365482 0.011546909809112549 0.00792190432548523
0.0 0.29589062333106997 0.5359375152736903 0.01285940408706665 0.011390604078769684
0.0 0.4621093511581421 0.5513750195503235 0.013062715530395508 0.009296871721744537
0.0 0.6979687750339508 0.6023749943822623 0.012577950954437256 0.00925000011920929
