0.0 0.9146241653244942 0.5408370427787303 0.006872263271361589 0.0049800857901573185
0.0 0.9142367538996041 0.5478837840259075 0.00817808359861374 0.005711977183818817
0.0 0.8946669354569167 0.5463481470942497 0.008235386665910482 0.006372222304344177
0.0 0.8984117483720183 0.5376509316265583 0.0055667713284492494 0.008941186964511872
0.0 0.8915536877233535 0.5355986192822456 0.010315701458603143 0.006888851523399353
0.0 0.8747672549448907 0.5276046551764011 0.013629920408129692 0.012256501615047455
0.0 0.851739795692265 0.5191657543182373 0.009440393000841141 0.007778725028038025
0.0 0.8403337761294096 0.5136115975677967 0.009541042800992727 0.006314803659915924
0.0 0.8294584256596863 0.5119898326694965 0.007188004814088345 0.0065157458186149595
0.0 0.820735224056989 0.5125639036297798 0.006757821328938008 0.007663887739181518
0.0 0.811595959495753 0.5121764086186886 0.009382925741374493 0.009644438326358796
0.0 0.929660145379603 0.5569828607141971 0.009913923218846321 0.006300483644008636
0.0 0.9217117666266859 0.5608435370028019 0.007776141166687012 0.0071184799075126644
0.0 0.9150116588454693 0.5591787196695804 0.012396016251295805 0.008582447469234467
0.0 0.5611776968929917 0.4644277706742287 0.006585583742707968 0.0076208353042602536
0.0 0.5509049316868186 0.46847497671842575 0.00717355590313673 0.006128227710723877
0.0 0.5797574365511536 0.46494444608688357 0.009770419262349606 0.013203701376914978
