0.0 0.00939034642651676 0.726246899086982 0.01878069285303352 0.029957538284361363
0.0 0.0335875628516078 0.7153658070135862 0.03098425492644319 0.03196200979873538
0.0 0.03244427209720019 0.6802342035807669 0.023092657886445545 0.02282176036387682
0.0 0.013305269088596083 0.6392368469387293 0.02013744693249464 0.023980578035116197
0.0 0.09085972504690287 0.5892022564075887 0.024980319477617696 0.030833985283970834
0.0 0.10556362336501479 0.5713818107265979 0.02622238676995048 0.030173605028539895
0.0 0.027103092893958125 0.5985447628423571 0.017735842242836974 0.022158206440508366
0.0 0.08135620169341562 0.539791806275025 0.01962106302380562 0.027386438380926848
0.0 0.049133083038032044 0.4377248012460768 0.027390161901712395 0.025826108828186988
0.0 0.022209573537111282 0.44835744658485055 0.02661428935825816 0.02684116791933775
0.0 0.014038198627531528 0.3245762055274099 0.021620086580514952 0.02054949989542365
0.0 0.022742966841906354 0.42197804735042155 0.024056472815573215 0.021225748490542172
0.0 0.008852224051952351 0.4397942471783608 0.017704448103904702 0.018642554339021445
