0.0 0.9087783383438364 0.2822733850218356 0.01277069398202002 0.011174799129366874
0.0 0.9021939586149529 0.30158890183083714 0.017945307912304996 0.009185199905186892
0.0 0.8674809788586572 0.2697721241507679 0.008093650033697487 0.013462814223021268
0.0 0.8254538484849036 0.24543289998546242 0.011543376836925745 0.008057762123644351
0.0 0.8354547868482769 0.2512690061237663 0.012853590678423643 0.008405967336148023
0.0 0.8311757609248162 0.25892890710383654 0.011858545616269112 0.0075604023411870004
0.0 0.8365494075929746 0.27191093130968513 0.008143378561362625 0.008439160231500865
0.0 0.8074090597918258 0.27189436154440044 0.00835899538360536 0.008406020700931549
0.0 0.7528932123212144 0.19617413631640374 0.010133658489212393 0.006764573324471712
0.0 0.6768828256288544 0.24287960855290294 0.014296524645760655 0.008289898931980132
0.0 0.619265564577654 0.17392395664937793 0.012969750445336103 0.00754380589351058
0.0 0.64367909245193 0.17156963581219314 0.007430239208042621 0.0061676882207393645
0.0 0.6734662907198071 0.172498102998361 0.007811744324862957 0.005355316121131182
0.0 0.5553458532318473 0.2194688248913735 0.011709360033273697 0.00989815341308713
0.0 0.5279967763461173 0.21570522016845645 0.010996078327298164 0.009433879796415568
0.0 0.5696589856874198 0.22046365118585526 0.008922949153929948 0.008074358571320772
0.0 0.5799915582872928 0.22119312109425665 0.008922854252159596 0.0068806417286396025
0.0 0.6082861415110529 0.1987605939619243 0.009619433246552945 0.007958396896719932
0.0 0.5283782340120524 0.16538535114377736 0.007562816981226206 0.007129321619868278
0.0 0.457957087084651 0.1872873255982995 0.00854134913533926 0.00896965954452753
0.0 0.42656116145662965 0.17062454549595713 0.011360975634306669 0.008953116461634636
0.0 0.3962763932067901 0.1634786541108042 0.010647693928331137 0.007295126002281905
0.0 0.3264357604086399 0.15930053843185304 0.007148191146552607 0.00628380998969078
0.0 0.3387420051265508 0.18741996376775205 0.006517948489636183 0.006565629411488772
0.0 0.33107963618822395 0.18934323056600988 0.007479872833937451 0.0068972381763160225
0.0 0.32472748109139504 0.1981637622229755 0.007231230195611671 0.005438191629946232
0.0 0.1675653093960136 0.2269960877019912 0.007828162331134148 0.006482700537890196
0.0 0.10459096203558142 0.21509176529943944 0.006551164109259822 0.006648504920303821
0.0 0.0766944917384535 0.21799320857971907 0.007728705275803827 0.005802993290126323
0.0 0.06327699474059045 0.21676632552407682 0.009917899314314083 0.007344861980527639
0.0 0.07999493805691599 0.22454224154353142 0.011112238094210691 0.006267160177230835
0.0 0.07032572883181276 0.23301456798799336 0.007811649423092648 0.007195654045790434
0.0 0.05762137118726968 0.2311742300633341 0.009254630841314726 0.006847502198070288
0.0 0.012343546748161294 0.23752431911416352 0.007877985760569528 0.008223566506057978
0.0 0.006638194667175412 0.21484308540821076 0.006634108256548643 0.0061676882207393645
0.0 0.035082010924816165 0.16807125406339765 0.007712287269532658 0.005852729268372059
0.0 0.03428592742420733 0.18456820310093464 0.008624388184398368 0.006217477563768625
0.0 0.0512693109922111 0.1706245721783489 0.007297566533088773 0.006283756624907255
0.0 0.07054134565405545 0.17034269939176738 0.008690629620105028 0.011025644559413194
0.0 0.0800945374649018 0.16415844140574337 0.006236090231686919 0.006648504920303821
0.0 0.09041054970584811 0.1709229880478233 0.007612735312432117 0.006880588363856077
0.0 0.11056165946647523 0.17508456064388156 0.007247838005423501 0.005206054821610451
0.0 0.1178426181897521 0.1731778636109084 0.006833117268979616 0.005322123225778341
0.0 0.12426110962405801 0.17127119326032697 0.007662368938326836 0.009367600735276937
0.0 0.128722584201023 0.16026217183098196 0.0057716409675776514 0.005570856481790542
0.0 0.14205713705159723 0.16417498448863627 0.006451707053929501 0.0055211205035448074
0.0 0.14378197672776877 0.15195564976893366 0.007944322098046519 0.006350142415612936
0.0 0.13062987253069874 0.13766380029264838 0.0069160614162683265 0.004658932378515601
0.0 0.1113411826081574 0.16649616579525173 0.00865750890225181 0.0051894583739340305
0.0 0.11097628530114889 0.15996370259672404 0.0056555761024355 0.0045594871044158936
0.0 0.17408330533653493 0.14233931577764453 0.01117847952991724 0.007494069915264845
0.0 0.0945568555034697 0.15009871539659797 0.009403816424310207 0.010760314855724573
0.0 0.11979963504709301 0.13678508242592216 0.006153146084397987 0.0032165089622139932
0.0 0.11158996759913857 0.13774670248385518 0.007280958723276831 0.005123152630403638
0.0 0.6129963061772287 0.07346657940652221 0.0061365382745862005 0.0052724139299243685
0.0 0.616247023968026 0.13073342258576304 0.00547307999804616 0.004824736760929227
0.0 0.5631409422960132 0.07046562414616346 0.005158006120473147 0.004576030187308788
0.0 0.556871731346473 0.07023348733782768 0.006153146084398031 0.005438191629946232
0.0 0.5433547772932797 0.11897830811794848 0.006020473409444093 0.005156345525756478
0.0 0.4715569852851331 0.0686086897738278 0.008093602582812309 0.00613454869017005
0.0 0.45613264800049363 0.06705018461216242 0.0060869046486914154 0.004111783253028989
0.0 0.4576585261151195 0.08971483521163463 0.0056887917220592495 0.00492423539981246
0.0 0.4436605149880052 0.09710945985279977 0.0077120974659919735 0.004857902973890304
0.0 0.4439590759575367 0.1323913997039199 0.006600987538695336 0.005471384525299073
0.0 0.47515599257312713 0.13330331046599894 0.005688696820288897 0.004128379700705409
0.0 0.44706060816533866 0.16236781277693807 0.00620287461206317 0.005040250439196825
0.0 0.3891115942504257 0.08963194636162371 0.00497560491785407 0.003697298979386687
0.0 0.3967241872102022 0.12897596016991883 0.007446752116084143 0.006068242946639657
0.0 0.3661740736104548 0.1209678806597367 0.005174613930284977 0.004658932378515601
0.0 0.34600635604001584 0.10843349359929562 0.006683836784213826 0.004111809935420751
0.0 0.3321908884681761 0.09263288828078657 0.004958997108042151 0.004161519231274724
0.0 0.313847467629239 0.103542451094836 0.005489782709628299 0.0037802011705935002
0.0 0.3096846014726907 0.10009384534787387 0.006600892636924982 0.005139749078080058
0.0 0.298804682912305 0.1053330663824454 0.007181311864405959 0.005819509690627456
0.0 0.2842095972970128 0.14696508194319904 0.006435099244117781 0.003929409105330706
0.0 0.29439288941212 0.09516960994806141 0.005191221740096808 0.004592653317376971
0.0 0.283479850133881 0.09064331573899835 0.0037813610397279263 0.004310727166011929
0.0 0.2766964139416814 0.09525251213926822 0.006003865599632263 0.004758457699790597
0.0 0.26878526001237335 0.10904694846831262 0.0058048565872013125 0.005504524055868387
0.0 0.2687853074632585 0.10160260119009763 0.005307286605238914 0.005090013099834323
0.0 0.26027703159488735 0.1052999135106802 0.006766780931502625 0.007295126002281905
0.0 0.2490819442551583 0.10664287831168622 0.0069991004653274565 0.00794177376665175
0.0 0.24518437599763274 0.09767316540237517 0.006037081219255969 0.006001910520717501
0.0 0.24127029483206575 0.10292898288462311 0.006634108256548643 0.005653758672997356
0.0 0.2247348001692444 0.10208341788966209 0.006153146084398031 0.004476584913209081
0.0 0.2282011347822845 0.1029621490975842 0.005141398310661316 0.004526320891454816
0.0 0.22319231424480676 0.11179923717863857 0.0046936517581344095 0.004393682722002268
0.0 0.20936023886315525 0.10859929798170924 0.0054068385623395445 0.004377086274325847
0.0 0.2421493224799633 0.17231570216827094 0.005556119047105313 0.005852675903588534
0.0 0.2620848628692329 0.15187274757772684 0.005705304630100683 0.004443472065031528
0.0 0.25586533299647274 0.1522374958731234 0.006070201937109276 0.004111863300204277
