0.0 0.24765628278255464 0.6833437327295542 0.009093672037124634 0.011109374463558197
0.0 0.26832806766033174 0.6930937552824616 0.01173439621925354 0.010812504217028618
0.0 0.2792968720197678 0.6808437462896109 0.012249916791915894 0.008937489241361618
0.0 0.28754685521125795 0.6785625023767352 0.009843707084655762 0.008640618994832039
0.0 0.2997031182050705 0.6757812360301614 0.013421863317489624 0.007968725636601448
0.0 0.31498437821865083 0.6543593797832727 0.01287505030632019 0.007796879857778549
0.0 0.32578125298023225 0.6746406266465783 0.008859425783157349 0.008734362199902534
0.0 0.34137503504753114 0.6705312393605709 0.011390626430511475 0.0066093988716602325
0.0 0.34025002717971803 0.679734367877245 0.009171903133392334 0.009749997407197952
0.0 0.35120309591293336 0.6660937508568168 0.010312557220458984 0.009328102692961693
0.0 0.3746249943971634 0.6714687468484044 0.008984416723251343 0.009718766435980797
0.0 0.3895781308412552 0.6717812325805426 0.016296833753585815 0.01215624064207077
0.0 0.3962968856096268 0.6551093757152557 0.011468678712844849 0.009296871721744537
0.0 0.41971873939037324 0.6627187691628933 0.015609294176101685 0.009890612214803696
0.0 0.4438437342643738 0.6853906186297536 0.011406362056732178 0.0088906679302454
0.0 0.45043754279613496 0.6651249872520566 0.014843791723251343 0.008015597239136696
0.0 0.47978122234344484 0.6632968690246344 0.016828179359436035 0.01228126510977745
0.0 0.49206252098083497 0.6535156406462193 0.01635950803756714 0.007953185588121414
0.0 0.5295468389987945 0.6566250082105398 0.012062609195709229 0.008078109472990036
0.0 0.8521875262260437 0.45684372913092375 0.01021885871887207 0.006687501445412636
0.0 0.6739532172679901 0.42709376476705074 0.010796964168548584 0.008437491953372955
0.0 0.5449375331401825 0.41953124292194843 0.007859408855438232 0.009218819439411163
0.0 0.4016562521457672 0.4069531327113509 0.014250040054321289 0.006281247362494469
0.0 0.3656562238931656 0.42998436465859413 0.0139218270778656 0.010062508285045624
0.0 0.3469999849796295 0.38264062628149986 0.010453104972839355 0.010437581688165665
0.0 0.33115622103214265 0.38089063577353954 0.011624962091445923 0.009406205266714096
0.0 0.32257815897464753 0.3785000080242753 0.009390681982040405 0.006125042214989662
0.0 0.04828124940395355 0.3544062441214919 0.006765693426132202 0.007203089073300362
0.0 0.006562483310699463 0.3955781189724803 0.011437475681304932 0.005453148856759071
0.0 0.029484373331069947 0.4048281190916896 0.00748443603515625 0.009499998763203621
0.0 0.05857811570167541 0.3946406366303563 0.00845324993133545 0.00556248240172863
0.0 0.06323438584804535 0.3995781224220991 0.00959363579750061 0.012437470257282257
