0.0 0.7941406786441803 0.9380937371402979 0.021890580654144287 0.018015693873167038
0.0 0.8126406788825988 0.9617968875914812 0.020031094551086426 0.01748441532254219
0.0 0.8274688243865966 0.9531875498592853 0.025562524795532227 0.015171915292739868
0.0 0.834187489748001 0.9757499903440475 0.025796949863433838 0.014984428882598877
0.0 0.8486876010894775 0.88125 0.018281221389770508 0.018359385430812836
0.0 0.8539687812328338 0.8331406250596046 0.021406352519989014 0.016890674829483032
0.0 0.9090780735015869 0.8663281336426735 0.02253127098083496 0.016968727111816406
0.0 0.9077656686305999 0.8050312925130129 0.02126544713973999 0.016468729823827744
0.0 0.9289062142372131 0.7893280986696481 0.025875091552734375 0.016609344631433487
0.0 0.9857187986373901 0.7474218182265758 0.025562524795532227 0.016406267881393433
0.0 0.9791563272476196 0.7306093465536833 0.02382802963256836 0.012484442442655563
0.0 0.011765655875205994 0.029015636444091795 0.0095156729221344 0.01348438672721386
0.0 0.04890629351139068 0.08096875939518214 0.011234432458877563 0.009781228378415108
0.0 0.06657816171646118 0.07178127150982619 0.012218713760375977 0.008562466129660606
0.0 0.09823435246944427 0.19731250070035458 0.011468678712844849 0.00901564210653305
0.0 0.1482187032699585 0.1855312328785658 0.010359406471252441 0.008796874433755875
0.0 0.17625002264976503 0.0869687519967556 0.015687525272369385 0.009265590459108353
0.0 0.24718752205371858 0.07457812819629908 0.007421940565109253 0.009515589103102684
0.0 0.25626563727855683 0.08176562692970038 0.008203178644180298 0.009890561923384666
0.0 0.3068437397480011 0.08665624111890793 0.006609320640563965 0.008656259626150131
0.0 0.08521875441074371 0.09921876098960639 0.010046929121017456 0.006265657022595406
0.0 0.10089063346385956 0.1615468779578805 0.00914052128791809 0.006437553092837334
0.0 0.1102812260389328 0.18315624576061965 0.008874982595443726 0.008968720212578773
0.0 0.3207968592643738 0.08745313379913569 0.010531246662139893 0.013515667989850044
0.0 0.3402968764305115 0.10832812115550042 0.012812554836273193 0.0130624920129776
0.0 0.34348436892032624 0.10196874607354403 0.010203033685684204 0.007000012323260307
0.0 0.3450624912977219 0.09551562778651715 0.013000041246414185 0.008859336376190186
