0.0 0.02335939109325409 0.5192031268030405 0.010984450578689575 0.010062508285045624
0.0 0.03562499880790711 0.5213124997913837 0.009515583515167236 0.008781284093856812
0.0 0.16556246876716613 0.4940000096336007 0.013203084468841553 0.008656209334731102
0.0 0.17735944986343383 0.4985781632363796 0.007984399795532227 0.006984371691942215
0.0 0.18343751430511473 0.49559371955692766 0.011156201362609863 0.0064375028014183044
0.0 0.18698428869247435 0.5012499954551458 0.010562539100646973 0.007468778640031815
0.0 0.18542190194129943 0.48151561748236416 0.00790625810623169 0.007062474265694618
0.0 0.1859218657016754 0.47021875660866497 0.01012498140335083 0.00846872292459011
0.0 0.21200000047683715 0.4774687675759196 0.011281371116638184 0.00798441655933857
0.0 0.20732812881469725 0.46343751195818184 0.00793755054473877 0.008125031366944313
0.0 0.2155469536781311 0.4587187435477972 0.012218713760375977 0.011531218886375427
0.0 0.23604689836502074 0.4429374974220991 0.014359474182128906 0.0072968825697898865
0.0 0.2390312135219574 0.4492812318727374 0.014468729496002197 0.0111874770373106
0.0 0.2679219126701355 0.4353750007227063 0.011531352996826172 0.010187482461333275
0.0 0.2821719527244568 0.42692186813801525 0.010640501976013184 0.006484324112534523
0.0 0.2956717789173126 0.42420311402529476 0.01064068078994751 0.0052343811839818954
0.0 0.30171872973442077 0.40845312401652334 0.011328041553497314 0.006156273186206818
0.0 0.30824999809265136 0.42224999647587536 0.006734490394592285 0.0050156135112047195
0.0 0.31660937070846557 0.41953124236315487 0.007656097412109375 0.005843712016940117
0.0 0.31470303535461425 0.425281236320734 0.011453032493591309 0.00889061763882637
0.0 0.6125937283039093 0.3512812353670597 0.010374963283538818 0.006984371691942215
0.0 0.6356561660766602 0.3502812659367919 0.008609533309936523 0.009812509641051292
0.0 0.6478437662124634 0.35579687673598526 0.009859442710876465 0.007953135296702385
0.0 0.6137501180171967 0.3448437325656414 0.0062500834465026855 0.006484374403953552
