0.0 0.1653280794620514 0.0032890618313103914 0.021296918392181396 0.006578123662620783
0.0 0.2022812306880951 0.023609381867572665 0.01689058542251585 0.02175002032890916
0.0 0.23615627884864807 0.02295311656780541 0.016843736171722412 0.018671858590096235
0.0 0.30018758177757265 0.03842187696136534 0.015031278133392334 0.023453114088624716
0.0 0.2571562767028809 0.01706250151619315 0.016249895095825195 0.021609392948448658
0.0 0.24198436141014099 0.010984368622303009 0.00875025987625122 0.019671865738928318
0.0 0.2382655680179596 0.07040624506771564 0.012625157833099365 0.022703105583786964
0.0 0.26060944199562075 0.061312487814575434 0.012453138828277588 0.02398435492068529
0.0 0.2848593831062317 0.07092187041416764 0.01287531852722168 0.02259374689310789
0.0 0.27526565790176394 0.04975000023841858 0.011671900749206543 0.024171866476535797
0.0 0.21171876192092895 0.1176249966956675 0.01803123950958252 0.02179687935858965
0.0 0.25096877813339236 0.09726562211290002 0.016359329223632812 0.021546880714595318
0.0 0.23392190933227539 0.09278123686090112 0.014672040939331055 0.023890611715614796
