0.0 0.8879218608140945 0.7716718599200248 0.017624884843826294 0.013156235218048096
0.0 0.9107656091451645 0.7798437628895044 0.0166875422000885 0.013749975711107254
0.0 0.9528281450271606 0.7942031197249889 0.014468729496002197 0.01664062589406967
0.0 0.9528749942779541 0.8115468950942158 0.020859360694885254 0.01603124476969242
0.0 0.885953164100647 0.8380156461149454 0.01601564884185791 0.01403120532631874
0.0 0.5430937170982361 0.9008593507111072 0.011406183242797852 0.01348433643579483
0.0 0.5447343796491623 0.9172343876212835 0.021546989679336548 0.01765621080994606
0.0 0.4743281364440918 0.8738749869167804 0.022390544414520264 0.017453134059906006
0.0 0.4546093851327896 0.8614843882620334 0.01898440718650818 0.00932825356721878
0.0 0.38909379243850706 0.8112499997019768 0.013484358787536621 0.010124970227479935
0.0 0.3993125170469284 0.8313906569033861 0.014031261205673218 0.008781183511018753
0.0 0.3715000212192535 0.8305312268435955 0.013703227043151855 0.01015625149011612
0.0 0.34695315957069395 0.8476093377918005 0.014953136444091797 0.00889061763882637
0.0 0.31149998903274534 0.8578437924385071 0.02048438787460327 0.011343732476234436
0.0 0.28375003337860105 0.7950781401246786 0.018437504768371582 0.008843746036291122
0.0 0.6258437544107437 0.71353125795722 0.012374907732009888 0.012312546372413635
0.0 0.5931406080722809 0.7301406277343631 0.017234444618225098 0.009140616282820702
0.0 0.6097812563180923 0.7386406067758798 0.017234355211257935 0.009515639394521713
