0.0 0.9693281382322312 0.5320781042799354 0.006890684366226196 0.008062468841671944
0.0 0.9783749610185624 0.5192656360566617 0.007625073194503784 0.006296887993812561
0.0 0.9906562149524689 0.44914063923060893 0.007531285285949707 0.007218729704618454
0.0 0.9847968846559525 0.43807811122387647 0.006703108549118042 0.007687496021389961
0.0 0.9997343510389328 0.4205000281333923 0.0005312979221343995 0.005812481045722961
0.0 0.9910155862569809 0.42109374348074197 0.008078187704086304 0.00634370930492878
0.0 0.9899844110012055 0.4071562562137842 0.007624983787536621 0.006093710660934448
0.0 0.9817968338727951 0.4149062644690275 0.008593708276748657 0.006359349936246872
0.0 0.9714375168085099 0.41346873454749583 0.008328169584274292 0.006171863526105881
0.0 0.9682656258344651 0.39907812159508466 0.006515711545944214 0.006874987855553627
0.0 0.9459843814373017 0.41653125565499066 0.0071561336517333984 0.0060312990099191666
0.0 0.9714062243700028 0.4214531259611249 0.006515532732009888 0.005187509581446648
0.0 0.9669687330722809 0.4304218713194132 0.007234454154968262 0.005578123033046722
0.0 0.9629218608140946 0.43968751206994056 0.006531268358230591 0.0077655985951423645
0.0 0.9490781307220459 0.4472187526524067 0.006609499454498291 0.006546836346387863
0.0 0.9389687508344651 0.4368437586352229 0.007359355688095093 0.007734367623925209
0.0 0.915796834230423 0.4403749957680702 0.006031215190887451 0.007906213402748108
