0.0 0.4432883679866791 0.9894928473979234 0.019433677196502686 0.02101430520415306
0.0 0.09341109991073604 0.9993175275623798 0.0261690616607666 0.0013649448752403258
0.0 0.01579521298408504 0.9886831555515527 0.028280317783355713 0.022633688896894454
0.0 0.11404408216476436 0.9918810863047838 0.025318622589111328 0.016237827390432356
0.0 0.15226976275444026 0.9265810806304217 0.0186651349067688 0.026623371988534927
0.0 0.03512240648269649 0.8643304627388716 0.026651859283447266 0.01966867223381996
0.0 0.14868221879005428 0.8317442886531353 0.029475510120391846 0.02034730464220047
0.0 0.12133942246437068 0.7899436201900244 0.02191990613937378 0.0251009501516819
0.0 0.09034605026245113 0.7648020848631859 0.018581628799438477 0.021969705820083618
0.0 0.21733827590942378 0.7325540702790022 0.020488858222961426 0.017868641763925552
0.0 0.3041944622993469 0.6747490126639605 0.022696495056152344 0.0174679197371006
0.0 0.3527714133262634 0.6025215830653906 0.01503145694732666 0.022404726594686508
0.0 0.33112455606460567 0.6064741868525744 0.017200827598571777 0.020954322069883347
0.0 0.34470422267913814 0.5230940064415336 0.014359831809997559 0.021988967433571815
0.0 0.2977048575878143 0.5323770228773356 0.020236551761627197 0.017494473606348038
0.0 0.3035221219062805 0.5173488153144717 0.012430071830749512 0.014038799330592155
0.0 0.1422720074653625 0.5136874742805958 0.0155564546585083 0.021382000297307968
0.0 0.45302818417549134 0.4384095935150981 0.023053228855133057 0.01950698532164097
0.0 0.4052846848964691 0.37531883232295515 0.010935366153717086 0.01361660286784172
0.0 0.4124886512756348 0.3776447853073478 0.018544793128967285 0.02049480937421322
0.0 0.34090523123741145 0.4701444847509265 0.018181264400482178 0.013245603069663048
0.0 0.3300590932369232 0.4504299718886614 0.02266627550125122 0.013866953551769257
0.0 0.3035278439521789 0.4632724389433861 0.017839550971984863 0.014232371002435684
0.0 0.29083965420722957 0.4789365814998746 0.024638235569000244 0.015046840533614159
0.0 0.28832785487174983 0.4549707338213921 0.013683021068572998 0.018094651401042938
0.0 0.008703541755676225 0.643323715403676 0.014894843101501465 0.014541562646627426
0.0 0.05352647304534908 0.6242309302091599 0.017209410667419434 0.022364795207977295
0.0 0.020984929800033525 0.26061796080321076 0.04181796312332153 0.023598292842507362
0.0 0.1154289066791534 0.036966563761234285 0.03507596254348755 0.021548213437199593
0.0 0.22652582526206966 0.23170846663415431 0.0100974440574646 0.014472763985395432
0.0 0.31478248238563533 0.31892389580607416 0.01212376356124878 0.01548764482140541
0.0 0.3169074177742004 0.3265276063233614 0.01947176456451416 0.01597396284341812
0.0 0.33916286826133724 0.3246993120759726 0.017581522464752197 0.015412308275699615
0.0 0.34703327417373653 0.3161413470283151 0.015757441520690918 0.015964658930897713
0.0 0.3267408430576324 0.26207475233823063 0.014224112033843994 0.019525593146681786
0.0 0.34497718214988704 0.29198680594563486 0.012375891208648682 0.013484839349985123
0.0 0.30631403326988216 0.22103215157985687 0.012696683406829834 0.01563389226794243
0.0 0.3408854722976684 0.24346639923751354 0.014514327049255371 0.017207711935043335
0.0 0.38564590811729427 0.22969658356159925 0.01225823163986206 0.015427043661475182
0.0 0.40802375674247743 0.22862469740211963 0.015542328357696533 0.016493070870637894
0.0 0.442873877286911 0.24859418775886297 0.01816767454147339 0.011379389092326164
0.0 0.4240569293498993 0.2786962674930692 0.01605159044265747 0.01826961524784565
0.0 0.4510032057762146 0.2775059450417757 0.017821669578552246 0.012057166546583176
0.0 0.4465644180774689 0.3132866803556681 0.02052229642868042 0.01407536119222641
0.0 0.4846621572971344 0.280767016671598 0.0177803635597229 0.019840015098452568
0.0 0.47146953344345094 0.25885202791541817 0.015487074851989746 0.012696119025349617
0.0 0.4606210708618164 0.21520199310034513 0.009941697120666504 0.015218636021018028
0.0 0.4350215315818787 0.1910175914876163 0.018459677696228027 0.018349905498325825
0.0 0.40208489894866944 0.16494893385097384 0.014584064483642623 0.016326933167874813
0.0 0.3784388124942779 0.16691732741892337 0.014939725399017334 0.014257214963436127
0.0 0.4972220480442047 0.19840807896107435 0.018867909908294678 0.017978226765990257
0.0 0.4859245836734772 0.24129662625491619 0.01855069398880005 0.012968849390745163
0.0 0.5117568492889404 0.25254865232855084 0.014701366424560547 0.017260568216443062
0.0 0.5273622989654541 0.28363521173596384 0.01568591594696045 0.01273670420050621
0.0 0.5352599740028381 0.28951933290809395 0.015605807304382324 0.017019571736454964
0.0 0.5437251150608062 0.29552691951394083 0.015991508960723877 0.018550794571638107
0.0 0.5546154201030731 0.2857470490038395 0.022680938243865967 0.015234477818012238
0.0 0.5382288217544555 0.3079063031822443 0.0194166898727417 0.01901468262076378
0.0 0.5916198462247848 0.1382514951750636 0.016880840063095093 0.018306680023670197
0.0 0.6259845316410064 0.12487977379932999 0.017457783222198486 0.018761842511594296
0.0 0.5310506045818328 0.08842905620113015 0.014991581439971924 0.01566167827695608
0.0 0.5560299277305603 0.0736068045720458 0.01263570785522461 0.014183487743139267
0.0 0.5509870171546936 0.06584869939833879 0.014393091201782227 0.01524619571864605
0.0 0.5685663938522338 0.057590873539447786 0.011364340782165527 0.014496400952339172
0.0 0.55835862159729 0.016377583704888822 0.017316341400146484 0.015622325241565704
