0.0 0.40185767933726313 0.5759986677672714 0.02485033720731735 0.026334281917661427
0.0 0.3663168964907527 0.5379190281499178 0.028144676610827445 0.026822306495159865
0.0 0.39461028054356573 0.5438311697915197 0.022553838789463043 0.02842967715114355
0.0 0.38274267241358756 0.5008906623348593 0.029125361889600753 0.027347506769001485
0.0 0.34198389258235695 0.4839070036774501 0.02819969318807125 0.027486770087853073
0.0 0.3311675891280174 0.4373826385010034 0.023145414888858795 0.026098336838185788
0.0 0.38500426784157754 0.5227251879870891 0.02030939906835556 0.021287785097956657
0.0 0.43443237356841563 0.47601382157299665 0.022136186063289643 0.020264704944565892
0.0 0.38109705559909346 0.43604520747903736 0.027958182245492937 0.024014127580448984
0.0 0.3834967100992799 0.4665588235948235 0.02222566194832325 0.021881598234176635
0.0 0.3691512854769826 0.3533315910026431 0.025441765412688257 0.022431000135838985
0.0 0.4123408515006304 0.4459501810837537 0.02394285947084427 0.02152007082477212
0.0 0.4854936730116606 0.4608207714976743 0.024203448742628097 0.021376732317730785
0.0 0.34590537659823895 0.4701542831258848 0.026597261428833008 0.02390218465588987
0.0 0.38197806030511855 0.2470770677784458 0.016091165691614152 0.015132047003135085
0.0 0.36964007522910836 0.3320560938445851 0.027306709066033365 0.023260134598240258
0.0 0.3524117523804307 0.3419806740945205 0.01770838685333729 0.01888571116141975
0.0 0.3774356432259083 0.34535642692353574 0.01456075832247734 0.015056032268330456
