0.0 0.4402320981025696 0.2595892991870642 0.01972675323486328 0.013924285769462585
0.0 0.22851872444152832 0.27209365703165533 0.014314234256744385 0.01188969612121582
0.0 0.25800563395023346 0.28893288373947146 0.013306885957717896 0.01152246817946434
0.0 0.20253786444664001 0.2805472925305367 0.016621112823486328 0.012262456119060516
0.0 0.23416352272033691 0.469877989590168 0.01762855052947998 0.02279086410999298
0.0 0.1868220418691635 0.2602045895531774 0.015371650457382202 0.017183220013976097
0.0 0.16918571293354034 0.24787162486463785 0.01222577691078186 0.015317810699343681
0.0 0.19846278429031372 0.524139865860343 0.015299677848815918 0.018473144620656967
0.0 0.06813384592533112 0.4213007535785437 0.017573386430740356 0.017069410532712936
0.0 0.12650595605373383 0.37134462743997576 0.01778760552406311 0.02158789336681366
0.0 0.09299264848232269 0.4023432020097971 0.01686510443687439 0.017777714878320694
0.0 0.01635339856147766 0.7933701999485493 0.016897380352020264 0.022182539105415344
0.0 0.052640557289123535 0.9405939035117626 0.023316800594329834 0.025332793593406677
0.0 0.03424154222011566 0.8792278613895178 0.019306808710098267 0.016623426228761673
0.0 0.05916382372379303 0.9048554129898548 0.014672666788101196 0.02524247020483017
0.0 0.07942232489585876 0.890645220503211 0.027693629264831543 0.020747121423482895
0.0 0.05204653739929199 0.8884235970675946 0.017270565032958984 0.02675081044435501
