0.0 0.9527812719345092 0.08203124925494194 0.00804680585861206 0.008453082293272018
0.0 0.9232031673192977 0.06632810570299626 0.010703176259994507 0.008437491953372955
0.0 0.8946718841791153 0.05959375780075789 0.010031193494796753 0.006874987855553627
0.0 0.8288750171661377 0.05565626658499241 0.006734311580657959 0.005921915173530579
0.0 0.8404687315225601 0.08215624857693911 0.006140559911727905 0.006187504157423973
0.0 0.8332500129938125 0.08396875131875277 0.007046788930892944 0.006500015035271645
0.0 0.8272656470537185 0.09228129424154759 0.006812542676925659 0.0051249973475933075
0.0 0.6792031496763229 0.11945311930030585 0.00737491250038147 0.006109351292252541
0.0 0.6198750108480453 0.10823438614606858 0.006171852350234985 0.006265606731176376
0.0 0.49432813823223115 0.21957810427993535 0.006890684366226196 0.008062468841671944
0.0 0.5033749610185623 0.2067656360566616 0.007625073194503784 0.006296887993812561
0.0 0.593593743443489 0.11096873059868813 0.007281213998794556 0.005468789488077164
0.0 0.5809531182050705 0.10981250572949648 0.009343653917312622 0.006921859458088875
0.0 0.5967030942440033 0.11714059412479401 0.010468840599060059 0.005906224250793457
0.0 0.5875937312841415 0.12512498553842305 0.007359355688095093 0.006781244650483131
0.0 0.5756249547004699 0.12339063566178084 0.008718788623809814 0.006453143432736397
0.0 0.5329687118530273 0.1293750127777457 0.00742185115814209 0.007749957963824272
0.0 0.5156562149524688 0.13664063923060893 0.007531285285949707 0.007218729704618454
0.0 0.5097968846559524 0.12557811122387647 0.006703108549118042 0.007687496021389961
0.0 0.5275936990976333 0.10800002813339234 0.0062499940395355225 0.005812481045722961
0.0 0.5160155862569809 0.10859374348074198 0.008078187704086304 0.00634370930492878
0.0 0.5149844110012054 0.09465625621378422 0.007624983787536621 0.006093710660934448
0.0 0.5067968338727951 0.10240626446902752 0.008593708276748657 0.006359349936246872
0.0 0.49643751680850984 0.10096873454749584 0.008328169584274292 0.006171863526105881
0.0 0.49326562583446504 0.08657812159508467 0.006515711545944214 0.006874987855553627
0.0 0.47098438143730165 0.10403125565499068 0.0071561336517333984 0.0060312990099191666
0.0 0.49640622437000276 0.1089531259611249 0.006515532732009888 0.005187509581446648
0.0 0.4919687330722809 0.11792187131941319 0.007234454154968262 0.005578123033046722
0.0 0.48792186081409455 0.12718751206994056 0.006531268358230591 0.0077655985951423645
0.0 0.4740781307220459 0.13471875265240668 0.006609499454498291 0.006546836346387863
0.0 0.46396875083446504 0.12434375863522291 0.007359355688095093 0.007734367623925209
0.0 0.440796834230423 0.1278749957680702 0.006031215190887451 0.007906213402748108
0.0 0.5543906211853027 0.06392186246812344 0.007265746593475342 0.0055156610906124115
0.0 0.5536406308412551 0.07946872543543577 0.00812503695487976 0.0058594029396772385
0.0 0.5696406781673431 0.06632813084870577 0.006875038146972656 0.005921864882111549
0.0 0.587796863913536 0.06606249157339335 0.008187443017959595 0.010390659794211388
0.0 0.5967969268560409 0.06023439504206181 0.00587502121925354 0.006265606731176376
0.0 0.6065156430006027 0.06660936046391726 0.007171958684921265 0.006484324112534523
0.0 0.6255000054836273 0.07053126133978367 0.006828188896179199 0.004906229674816132
0.0 0.6323593974113464 0.06873437408357859 0.006437480449676514 0.0050156135112047195
0.0 0.6384062588214874 0.06693751197308302 0.007218718528747559 0.00882810540497303
0.0 0.6426094144582748 0.05656251795589924 0.0054374635219573975 0.005250021815299988
0.0 0.6551718980073928 0.06024998538196087 0.006078153848648071 0.00520315021276474
0.0 0.6567968696355819 0.04873438198119402 0.007484346628189087 0.005984427407383919
0.0 0.6444062709808349 0.0352656233124435 0.006515622138977051 0.004390616901218891
0.0 0.6262343943119049 0.06243748608976603 0.008156239986419678 0.004890589043498039
0.0 0.6258906245231628 0.056281238049268725 0.005328118801116943 0.00429689884185791
0.0 0.6853437542915344 0.039671868272125724 0.010531246662139893 0.007062474265694618
0.0 0.6104218780994415 0.0469843914732337 0.008859336376190186 0.010140610858798027
0.0 0.6342031031847 0.03443751223385334 0.005796879529953003 0.003031264990568161
0.0 0.6264687746763229 0.035343751031905415 0.006859391927719116 0.004828101955354214
0.0 0.9395937442779541 0.030296868830919265 0.0062187910079956055 0.005156278610229492
0.0 0.9689843624830246 0.031156261172145604 0.00535932183265686 0.0038906196132302284
0.0 0.9425156980752945 0.058546891622245315 0.00584372878074646 0.004749974235892296
0.0 0.8950937509536743 0.02707813000306487 0.007015585899353027 0.0057187629863619804
0.0 0.8663124859333038 0.019531248789280652 0.004875004291534424 0.004390616901218891
0.0 0.8473124772310257 0.0077187374234199526 0.0062968432903289795 0.0038750041276216507
0.0 0.8170155853033065 0.0031093779951334 0.005171924829483032 0.003562493249773979
0.0 0.8130937486886978 0.001140627171844244 0.006218701601028442 0.002281254343688488
0.0 0.802843776345253 0.004796868842095137 0.006765514612197876 0.005484354682266712
0.0 0.7890937447547912 0.044031229056417945 0.006062507629394531 0.0037031080573797226
0.0 0.7745624750852584 0.008296862430870532 0.0054687559604644775 0.005187509581446648
0.0 0.774562519788742 0.0018398413434624673 0.004999995231628418 0.0036796826869249346
0.0 0.7665468722581863 0.004765625298023224 0.006374984979629517 0.006874987855553627
0.0 0.7559999793767929 0.006031246576458216 0.006593853235244751 0.007484394125640392
0.0 0.7523280799388885 0.0002031196840107441 0.005687534809112549 0.0004062393680214882
0.0 0.7486406236886978 0.0025976575911045075 0.0062499940395355225 0.005195315182209015
0.0 0.733062532544136 0.0019218792207539082 0.005796879529953003 0.0038437584415078165
0.0 0.7363281667232513 0.0025624965317547323 0.004843711853027344 0.00426564272493124
0.0 0.7316093564033508 0.01089064236730337 0.004421889781951904 0.004140643402934074
0.0 0.7185781568288803 0.007874992862343787 0.005093783140182495 0.004125002771615982
0.0 0.7494687557220459 0.06792186591774226 0.005234420299530029 0.005515610799193382
0.0 0.7682500302791595 0.048656254261732104 0.0053749680519104 0.0041875652968883514
0.0 0.7623906105756759 0.04899999611079693 0.005718737840652466 0.00387505441904068
