0.0 0.008601535949856076 0.5186795951798558 0.013072604872286342 0.010394300799816847
0.0 0.040411942079663254 0.5146237164502964 0.018557284027338028 0.011067589512094855
0.0 0.24682676987722516 0.5217995344195515 0.00899954978376627 0.008768661879003048
0.0 0.0825193479657173 0.5321281659184024 0.01082238852977746 0.008259638911113143
0.0 0.07529349038377409 0.5184661237057299 0.011512319557368755 0.00796403456479311
0.0 0.05162853663787248 0.5213890286162496 0.016652503050863743 0.01129744527861476
0.0 0.10202921042218804 0.517776477127336 0.016044702194631055 0.008358156075701118
0.0 0.2288769108243287 0.5309130592271686 0.010691017843782902 0.009162730537354946
0.0 0.1884281773120165 0.5070373133989051 0.015831389278173513 0.011872216826304793
0.0 0.1394234345294535 0.5205022948561236 0.00962351355701685 0.010952582350000739
0.0 0.1207509427331388 0.5103379026753828 0.009344233386218592 0.009918152121827006
0.0 0.12692583482712505 0.5194185267668218 0.015042789280414581 0.011001893784850836
0.0 0.15901542715728278 0.5157731274142862 0.008966660127043724 0.009425513446331024
0.0 0.18149785678833724 0.5206665077479556 0.007767973095178626 0.008768714731559157
0.0 0.16896736742928625 0.5254285230534151 0.01064177732914684 0.009113524807617068
0.0 0.2028637295588851 0.5204859105637297 0.01088816784322264 0.009310559136793017
0.0 0.1684747743420303 0.5190737166907639 0.00968929287046194 0.007093764375895262
0.0 0.21987726707011457 0.5234744847752154 0.009098218753933907 0.008276076056063175
0.0 0.2128977060317993 0.5221936559304595 0.008687755838036581 0.008259586058557034
0.0 0.137616852670908 0.351171875 0.011331332474946998 0.00973744923248887
0.0 0.10066616907715797 0.3350138972513378 0.011824113503098532 0.010558513691648841
0.0 0.1810216145589948 0.31228761523962023 0.010559647157788232 0.008473057532683015
0.0 0.17157871220260862 0.314685046824161 0.01021496355533602 0.00799688242841512
0.0 0.15397381866350773 0.314307362458203 0.005912056751549266 0.011379551724530756
0.0 0.41748964809812605 0.2830587511183694 0.008326251525431871 0.010771985165774822
0.0 0.4066342759411782 0.31192635480547326 0.007784229982644319 0.008785072597675025
0.0 0.42980654262937606 0.3205964863067493 0.006191242951899767 0.007914775982499123
0.0 0.40182251916266976 0.31773930354975166 0.0073079877533018586 0.00926130055449903
0.0 0.452814455004409 0.31309222934069114 0.0052879990078508856 0.00596073770429939
