0.0 0.9614199578762055 0.008404142037034035 0.02128922939300537 0.01680828407406807
0.0 0.8302015095949173 0.08023345805704593 0.014202207326889038 0.013800770044326782
0.0 0.7023339003324509 0.156691200658679 0.018390744924545288 0.01633797213435173
0.0 0.842025625705719 0.23467815443873405 0.022546470165252686 0.018637999892234802
0.0 0.6734613060951233 0.3672290850430727 0.0241091251373291 0.0195872001349926
0.0 0.873032632470131 0.21638947874307632 0.022515088319778442 0.020932093262672424
0.0 0.6464621454477311 0.3369836747646332 0.020453721284866333 0.018219172954559326
0.0 0.9078345179557801 0.21155250035226345 0.023004233837127686 0.022269543260335922
0.0 0.8882082581520081 0.2139293733984232 0.022530555725097656 0.023469697684049606
0.0 0.7776694178581238 0.20840797908604144 0.015503346920013428 0.018934618681669235
0.0 0.7257862865924836 0.17709211595356464 0.01482313871383667 0.016065392643213272
0.0 0.6321155458688736 0.20585815384984016 0.014543920755386353 0.015680059790611267
0.0 0.40084640979766845 0.7049383275210858 0.02503609657287593 0.022438019514083862
0.0 0.40230669379234313 0.7810009304434061 0.027880489826202347 0.024949271231889725
0.0 0.6526950627565384 0.3206754751503468 0.020195335149765015 0.017210930585861206
0.0 0.3814019143581391 0.8367770813405514 0.026508629322052002 0.02345632016658783
0.0 0.33049063682556157 0.946101875603199 0.024658799171447754 0.02694634348154068
0.0 0.3194797217845917 0.996455105766654 0.02522045373916626 0.007089788466691971
0.0 0.1999848067760468 0.9607805326581002 0.023080408573150635 0.023148536682128906
0.0 0.21795560717582707 0.8813290424644947 0.025379955768585205 0.02267579734325409
0.0 0.09130196571350102 0.8174730721861124 0.022188305854797363 0.019203979521989822
0.0 0.10405452847480778 0.9287288557738066 0.025271952152252197 0.023779895156621933
0.0 0.36242153048515324 0.7543216846883297 0.02525120973587036 0.022160813212394714
0.0 0.5667896747589112 0.641456475108862 0.02164757251739502 0.02028413861989975
0.0 0.4119456589221954 0.8284927770495415 0.023666203022003174 0.021545447409152985
0.0 0.26959018707275395 0.9719241052865982 0.023210763931274414 0.023619867861270905
0.0 0.18564339280128483 0.6950395178049803 0.027773916721343994 0.025865379720926285
0.0 0.545217114686966 0.2667332511395216 0.015878498554229736 0.013992581516504288
0.0 0.44961853623390197 0.13665648233145475 0.01526552438735962 0.013962557539343834
0.0 0.4541752517223358 0.14315297696739435 0.01350170373916626 0.013297202065587044
0.0 0.4462927758693695 0.28046889379620554 0.01590031385421753 0.013514310121536255
0.0 0.42447792291641234 0.32188196629285815 0.019400596618652344 0.015598185360431671
0.0 0.4274340748786926 0.31445729322731497 0.01755702495574951 0.013497311621904373
0.0 0.44221930503845214 0.3253799356520176 0.012769103050231934 0.012223832309246063
0.0 0.4652812957763672 0.38897796124219897 0.011664748191833496 0.01202065497636795
0.0 0.6099997937679291 0.09048035982996225 0.01448589563369751 0.013122590258717537
0.0 0.648154753446579 0.06410917416214942 0.01121985912322998 0.010182101279497147
0.0 0.41594098806381224 0.13383556120097637 0.010782122611999512 0.011865254491567612
0.0 0.4156597137451172 0.057603551633656026 0.01163327693939209 0.010474344715476036
0.0 0.5053539454936982 0.030291438661515714 0.012157022953033447 0.012482883408665657
0.0 0.5239453196525574 0.000767289474606514 0.010092616081237793 0.001534578949213028
0.0 0.3588988065719605 0.1532093245536089 0.012013792991638184 0.012294139713048935
0.0 0.34194813966751103 0.17229884080588817 0.01698017120361328 0.01426093652844429
0.0 0.3325788259506226 0.18579253144562244 0.013918876647949219 0.012547910213470459
0.0 0.17302404642105107 0.9060626138001681 0.021128296852111816 0.02200702205300331
0.0 0.17301313877105717 0.8671882521361113 0.022304177284240723 0.020478766411542892
0.0 0.14253028035163884 0.8708255790174008 0.027467072010040283 0.020816825330257416
0.0 0.1614222407341004 0.8187606330960989 0.02194368839263916 0.02077709510922432
0.0 0.22681154608726506 0.8455841146409512 0.01725393533706665 0.018927879631519318
0.0 0.3451784133911133 0.7793378937989474 0.025138378143310547 0.020820949226617813
0.0 0.13344125747680669 0.6405203003436327 0.02159571647644043 0.019194524735212326
0.0 0.18515165448188786 0.6265400402247906 0.01555091142654419 0.014361821115016937
0.0 0.1718453943729401 0.6254246771335602 0.020106017589569092 0.018068499863147736
0.0 0.2713062644004822 0.5734732892364264 0.020882606506347656 0.021049272269010544
0.0 0.23281173706054692 0.5748929657042027 0.02517092227935791 0.026019170880317688
0.0 0.2002933502197266 0.5718599405139685 0.016880393028259277 0.015835057944059372
0.0 0.28717197775840764 0.5350525561720133 0.021209657192230225 0.02308828756213188
0.0 0.27513207793235783 0.5391039323061705 0.019235193729400635 0.022613536566495895
0.0 0.22444905638694768 0.5468845177441836 0.015649616718292236 0.01521788164973259
0.0 0.20799942612648015 0.5362366676330567 0.0182306170463562 0.01651892066001892
0.0 0.23444439768791203 0.5161070242524147 0.01597505807876587 0.014581292867660522
0.0 0.2468464851379395 0.5327227056026459 0.01864314079284668 0.01411358267068863
0.0 0.25460388064384465 0.5370234768837691 0.020168960094451904 0.017154302448034286
0.0 0.2906512498855591 0.48641989901661875 0.012751936912536621 0.014524362981319427
0.0 0.26528890728950505 0.4971357934176922 0.015246570110321045 0.015496596693992615
0.0 0.25564752817153935 0.44923145659267905 0.019620895385742188 0.01616678014397621
0.0 0.2739136397838593 0.39208084121346476 0.01917475461959839 0.01499348133802414
0.0 0.26970203518867497 0.3839932266622782 0.016001522541046143 0.013994190841913223
0.0 0.19410933852195744 0.42590664848685267 0.02052408456802368 0.015699170529842377
0.0 0.1780506849288941 0.43813571110367777 0.015374064445495605 0.013957478106021881
0.0 0.1730423748493195 0.4534087121486664 0.018324315547943115 0.015885449945926666
0.0 0.35318588018417363 0.11574742253869771 0.012437582015991211 0.011081764474511147
0.0 0.31070898771286015 0.16057080645114183 0.013343453407287598 0.015199223533272743
0.0 0.29275204539299016 0.1729420680552721 0.017950594425201416 0.018397405743598938
0.0 0.28859032988548283 0.16010928209871053 0.013401925563812256 0.011985501274466515
0.0 0.30049558281898503 0.19313864931464195 0.014391481876373291 0.015376098453998566
0.0 0.3121034681797028 0.20493661388754844 0.01542288064956665 0.0159226655960083
0.0 0.29091589450836186 0.20988403223454952 0.015916943550109863 0.013144668191671371
0.0 0.2605350494384766 0.2133704848587513 0.011218786239624023 0.011801987886428833
0.0 0.2535825848579407 0.20779915116727352 0.015293240547180176 0.015262942761182785
0.0 0.27700068354606633 0.22668212056159973 0.015929996967315674 0.01717974990606308
0.0 0.261931586265564 0.2258527647703886 0.017633557319641113 0.01564173772931099
0.0 0.2463644921779633 0.23924894034862518 0.01158839464187622 0.010664395987987518
0.0 0.233729499578476 0.23613223023712634 0.017970263957977295 0.014122333377599716
0.0 0.257728922367096 0.26019053868949416 0.011978387832641602 0.012599509209394455
0.0 0.23283292651176457 0.269241937994957 0.015526235103607178 0.013950638473033905
