0.0 0.22238747775554657 0.31526777874678374 0.011606544256210327 0.009335344657301903
0.0 0.23203842341899872 0.32539873365312816 0.014708250761032104 0.016218630596995354
0.0 0.23909325897693634 0.3447028433904052 0.014997392892837524 0.01158498041331768
0.0 0.2803582400083542 0.3664318796247244 0.011546283960342407 0.01246362179517746
0.0 0.13332468271255493 0.33068627286702396 0.01617497205734253 0.011722074821591377
0.0 0.13669300079345703 0.38495405837893487 0.01858377456665039 0.018326494842767715
0.0 0.11825008690357208 0.38633998930454255 0.017294079065322876 0.016891278326511383
0.0 0.10910160839557648 0.394696587510407 0.015220016241073608 0.018565228208899498
0.0 0.07444465160369873 0.4029886869713664 0.014587104320526123 0.017216311767697334
0.0 0.18271130323410034 0.4914377395063639 0.016796529293060303 0.018989436328411102
0.0 0.1398209035396576 0.5099066847935319 0.01807469129562378 0.0176160279661417
0.0 0.4380274713039398 0.4028130190446973 0.015158414840698242 0.012529151514172554
0.0 0.26326000690460205 0.34558078069239856 0.013954102993011475 0.010284343734383583
