0.0 0.005269545316696167 0.9978867087513208 0.010539090633392334 0.0042265824973583225
0.0 0.1302812159061432 0.7706093803048134 0.018375098705291748 0.012249983847141266
0.0 0.262109375 0.7720781411975622 0.01387488842010498 0.014718789607286453
0.0 0.24600002765655518 0.7522968664765358 0.01275014877319336 0.012015625834465027
0.0 0.344140625 0.7881874885410071 0.013046979904174805 0.012796852737665176
0.0 0.367578125 0.8028280749917031 0.016031384468078613 0.014953047037124634
0.0 0.40859375 0.8211406391113997 0.020797133445739746 0.014890585094690323
0.0 0.40773428082466123 0.8355625081807375 0.01754683256149292 0.012562494724988937
0.0 0.402734375 0.8519062638282776 0.019234299659729004 0.01801559329032898
0.0 0.2663749814033508 0.10126562099903821 0.011031389236450195 0.00792190432548523
0.0 0.12039065957069398 0.08728125584311783 0.01012498140335083 0.009812497068196535
0.0 0.074609375 0.07901562852784991 0.012078166007995605 0.008703131228685379
0.0 0.08223435878753663 0.09437499879859387 0.01048421859741211 0.009125013370066881
0.0 0.37548438310623167 0.11768750436604022 0.008750081062316895 0.005781250074505806
0.0 0.063078111410141 0.07714062612503766 0.006546914577484131 0.008718746714293957
0.0 0.05585939288139343 0.07779687885195016 0.005984365940093994 0.006203119643032551
0.0 0.1113281011581421 0.16220312993973493 0.006781339645385742 0.006515605375170708
0.0 0.09209371209144593 0.16078124064952135 0.009703338146209717 0.006343759596347809
0.0 0.08375007510185242 0.16293751038610935 0.009218752384185791 0.006859397515654564
0.0 0.06909385919570923 0.16106249541044235 0.009203195571899414 0.005171868950128555
0.0 0.06089068055152893 0.16648437557742 0.006390631198883057 0.005203125067055225
0.0 0.052625006437301634 0.16053125457838177 0.009812414646148682 0.006843731738626957
0.0 0.010468816757202149 0.16034375559538602 0.006421923637390137 0.007203139364719391
0.0 0.028015559911727904 0.15962499063462018 0.005281269550323486 0.0056406352669000626
0.0 0.036312437057495116 0.15843748450279235 0.00892174243927002 0.008593747392296791
0.0 0.01699990630149841 0.1561249970458448 0.005281269550323486 0.009609357453882694
0.0 0.0028906822204589843 0.1596093751490116 0.0045468807220458984 0.005656275898218155
0.0 0.002343791723251343 0.1544843778014183 0.004687583446502686 0.005828121677041054
0.0 0.7631250083446502 0.08998438189737498 0.01135951280593872 0.006375003140419722
0.0 0.784624969959259 0.0906406283378601 0.007921814918518066 0.00504686962813139
0.0 0.7972968876361847 0.09225000403821468 0.007656276226043701 0.004406232386827469
0.0 0.8557500004768371 0.09218749809078872 0.007515549659729004 0.0048593454994261265
0.0 0.8629374265670776 0.09217188260518014 0.00801551342010498 0.0058593652211129665
