0.0 0.02672688663005829 0.4497213071212173 0.030109137296676636 0.013151558116078377
0.0 0.04129302501678467 0.4736026652157307 0.014952778816223145 0.014028690755367279
0.0 0.007577031850814819 0.47156797498464587 0.011014044284820557 0.009237326681613922
0.0 0.06735403835773468 0.5287365946918726 0.01793423295021057 0.01847435161471367
0.0 0.16752806305885315 0.5110264211893082 0.01779574155807495 0.01670117676258087
0.0 0.20727089047431946 0.483220798522234 0.01031041145324707 0.013764560222625732
0.0 0.6676228046417236 0.4559562109410763 0.016645610332489014 0.020000092685222626
0.0 0.6553437858819962 0.4633432157337666 0.01753869652748108 0.01658610999584198
0.0 0.658102348446846 0.4407941779121757 0.013790935277938843 0.010791683569550514
0.0 0.24899278581142426 0.7278427366167307 0.014428406953811646 0.017953533679246902
0.0 0.2733292281627655 0.7455934450030327 0.015731513500213623 0.015347734093666077
0.0 0.7917515933513641 0.4990314651280642 0.0219535231590271 0.02081652358174324
0.0 0.9754689633846283 0.6115551456809044 0.01630157232284546 0.012662775814533234
