0.0 0.9227499485015869 0.8582343909889459 0.03653132915496826 0.022234339267015457
0.0 0.9077031135559082 0.9028906565159559 0.017468690872192383 0.038546863943338394
0.0 0.8761562228202819 0.8929843533784151 0.017719030380249023 0.03524995967745781
0.0 0.9037031352519989 0.7124999672174454 0.021859467029571533 0.03374996781349182
0.0 0.9280001044273376 0.6729843396693468 0.025015711784362793 0.02220315858721733
0.0 0.9407186925411224 0.7072812769562006 0.02153116464614868 0.032937560230493546
0.0 0.9613750100135803 0.6916875172406435 0.02943742275238037 0.018890563398599625
0.0 0.9028749585151672 0.5557030908763408 0.025703072547912598 0.023109309375286102
0.0 0.006156271696090699 0.038484373968094586 0.012312543392181397 0.018187514506280422
0.0 0.027234342694282532 0.008343745861202479 0.020875006914138794 0.013734360225498676
0.0 0.05737499594688415 0.01337500000372529 0.011984288692474365 0.014515637420117855
0.0 0.06964064836502075 0.010859385505318642 0.011343777179718018 0.014468740671873093
0.0 0.44554696679115297 0.06229687053710222 0.019640743732452393 0.011281270533800125
0.0 0.41740621328353883 0.006468751188367605 0.017859220504760742 0.01293750237673521
0.0 0.576609444618225 0.006156252883374691 0.010453104972839355 0.012312505766749382
0.0 0.6256562292575836 0.02589062312617898 0.01278144121170044 0.016937521286308765
0.0 0.6735312461853027 0.005195309594273567 0.02076566219329834 0.010390619188547135
