0.0 0.15620410442352295 0.9702983222901821 0.025767087936401367 0.017225414514541626
0.0 0.008989661931991577 0.992020745202899 0.017979323863983154 0.011549826711416245
0.0 0.008464306592941284 0.961962066963315 0.01692861318588257 0.014483626931905746
0.0 0.11205476522445679 0.8705214042216539 0.010273933410644531 0.013237204402685165
0.0 0.11836975812911987 0.8754003759473562 0.01517486572265625 0.01980888471007347
0.0 0.2742461562156677 0.8055191919207573 0.01670604944229126 0.01746148243546486
0.0 0.16875451803207397 0.7935991449281573 0.022207260131835938 0.012576224282383919
0.0 0.2674417495727539 0.7713871099054813 0.013830900192260742 0.013293430209159851
0.0 0.2769583612680435 0.7786633478477597 0.012501686811447144 0.01746988110244274
0.0 0.2968004494905472 0.7784235583618283 0.020548135042190552 0.014185449108481407
0.0 0.2852495610713959 0.7888734363019466 0.011059284210205078 0.018845602869987488
0.0 0.22121566534042358 0.7567608313634991 0.017696857452392578 0.01993406005203724
0.0 0.2541831433773041 0.7266535967588424 0.010082781314849854 0.015443086624145508
0.0 0.20771798491477966 0.7269060345366597 0.0168573260307312 0.010116973891854286
0.0 0.2272585928440094 0.706609096750617 0.01879209280014038 0.010047119110822678
0.0 0.17505592107772827 0.7060935342684388 0.019072651863098145 0.009833430871367455
0.0 0.1493375599384308 0.7444458961486816 0.011344492435455322 0.019159924238920212
0.0 0.17967647314071655 0.7458714315667748 0.01849079132080078 0.012679824605584145
0.0 0.07541516423225403 0.7724724993109703 0.013213098049163818 0.017207913100719452
0.0 0.05053427815437317 0.788403588719666 0.01686018705368042 0.01494273729622364
0.0 0.03252127766609192 0.7821602862328291 0.018231689929962158 0.018899817019701004
0.0 0.02404344081878662 0.7721979081630707 0.01616191864013672 0.018355362117290497
0.0 0.05898547172546387 0.739810536056757 0.012426137924194336 0.0177285298705101
0.0 0.040317028760910034 0.7037146998569369 0.01738518476486206 0.016949163749814034
0.0 0.06008857488632202 0.6812877444550395 0.021030306816101074 0.017616430297493935
0.0 0.10995924472808838 0.6657371850684285 0.010479569435119629 0.01694423519074917
0.0 0.03589487075805664 0.6394917782396078 0.015706300735473633 0.017362307757139206
0.0 0.15392538905143738 0.6665006591007113 0.01076120138168335 0.015380674973130226
0.0 0.2036447823047638 0.6661987345665693 0.00867229700088501 0.015921056270599365
0.0 0.17619416117668152 0.6324552292004227 0.017256438732147217 0.011649252846837044
0.0 0.24337008595466614 0.6532186701893806 0.016618072986602783 0.014802172780036926
0.0 0.154034823179245 0.5858066188171506 0.014620363712310791 0.016683222725987434
0.0 0.11701354384422302 0.5862927105277776 0.013842880725860596 0.015745840966701508
0.0 0.3861364722251892 0.5865328269079327 0.016108989715576172 0.014162315055727959
0.0 0.30466794967651367 0.5118348313495517 0.01324617862701416 0.01564309559762478
0.0 0.42183631658554077 0.5606715962290764 0.01477271318435669 0.01641431450843811
0.0 0.3371996134519577 0.48590751774609087 0.01414462924003601 0.014711346477270126
0.0 0.3347357362508774 0.4961768494918942 0.014079004526138306 0.016025712713599205
0.0 0.3544657528400421 0.47888962682336567 0.013539433479309082 0.01653204672038555
0.0 0.33893732726573944 0.4314134208485484 0.013651996850967407 0.012489823624491692
0.0 0.41647815704345703 0.39374350095167754 0.006997168064117432 0.008871129713952541
0.0 0.4385575205087662 0.4125519384630024 0.015431374311447144 0.01127666886895895
0.0 0.426834836602211 0.39909883299842475 0.013226598501205444 0.01581245195120573
0.0 0.4834103584289551 0.4212735392153263 0.011795997619628906 0.010982438921928406
0.0 0.4612286686897278 0.4078595479018986 0.013162672519683838 0.007584323175251484
0.0 0.6329563409090042 0.40743658449500797 0.014265507459640503 0.009195584803819656
