0.0 0.7642197549343109 0.6825900051742793 0.015438079833984375 0.011669620871543884
0.0 0.7592066615819931 0.703440953232348 0.017989665269851685 0.011416302993893623
0.0 0.7760901838541031 0.7063765639439226 0.018115729093551636 0.010636081919074059
0.0 0.7724789470434189 0.695872044377029 0.011609584093093872 0.010012971237301826
0.0 0.8680290222167969 0.6799994187429548 0.011590719223022461 0.00875699333846569
0.0 0.8764819145202637 0.6888630298897624 0.017845988273620605 0.010754769667983055
0.0 0.9623314678668976 0.5498403983190656 0.013565003871917725 0.012486102059483528
0.0 0.9397421717643738 0.5613837625831366 0.010453104972839355 0.00967647135257721
0.0 0.9990396618843078 0.5747971629723907 0.0019206762313842773 0.009608225896954536
0.0 0.9827820599079132 0.5357500502839685 0.014352142810821533 0.013258980587124825
0.0 0.9233292877674103 0.4773776551708579 0.01381462812423706 0.016144903376698494
0.0 0.8466027319431305 0.46510257590562104 0.016624510288238525 0.012597044929862022
0.0 0.831110292673111 0.4574216680601239 0.01350027322769165 0.011846194043755531
0.0 0.7715115636587143 0.4484081633388996 0.012114912271499634 0.010950051248073578
0.0 0.6582924365997315 0.4268040761351585 0.01404029130935669 0.014442991465330124
0.0 0.5526004821062088 0.4234431508928537 0.014324694871902466 0.01310202106833458
0.0 0.562926271557808 0.42097404338419436 0.009794622659683228 0.012800876051187515
0.0 0.554879242181778 0.41392841674387454 0.00882035493850708 0.006562124937772751
0.0 0.39085657298564913 0.5544990936294198 0.016440242528915405 0.017058799043297768
0.0 0.36913944184780123 0.5543320255354047 0.017042309045791626 0.015014151111245155
0.0 0.29002867043018343 0.4815777430310845 0.01583924889564514 0.014271346852183342
0.0 0.2775947093963623 0.47290991637855767 0.012543976306915283 0.011896686628460884
0.0 0.2150123357772827 0.5071107970550657 0.01563924551010132 0.012676304206252098
0.0 0.2009156286716461 0.47595737520605325 0.021759331226348877 0.014725679531693459
0.0 0.17491630613803863 0.48431477807462214 0.01894739270210266 0.016631674021482468
0.0 0.1577768564224243 0.49192972872406243 0.01128619909286499 0.01468081958591938
0.0 0.1356821596622467 0.49889056403189896 0.01778358221054077 0.01135404221713543
0.0 0.9060927867889405 0.08916788822971285 0.00817716121673584 0.009486306924372911
0.0 0.8907214939594269 0.09327786015346647 0.007088363170623779 0.00841154158115387
0.0 0.9025131106376648 0.0766237435862422 0.005800008773803711 0.00817331112921238
0.0 0.9601062178611756 0.15222017019987105 0.007460117340087891 0.0067984191700816154
0.0 0.9682549476623535 0.15446265200152992 0.0068378448486328125 0.007571498863399029
0.0 0.9749137103557587 0.1515854044817388 0.007803976535797119 0.006840286776423454
0.0 0.9852355659008026 0.15049558943137525 0.006062686443328857 0.006149131804704666
0.0 0.9999290823936462 0.15104797780513762 0.00014183521270751953 0.007957108318805695
0.0 0.9953375697135926 0.1457243419252336 0.0075359344482421875 0.005363881587982178
0.0 0.9967198193073272 0.14985785651952027 0.006560361385345459 0.005210643634200096
