0.0 0.0005433565005660057 0.6774242014391347 0.0010867130011320114 0.007770174881443381
0.0 0.11995381074957549 0.7246417905436828 0.013296592701226472 0.010893988190218806
0.0 0.18521136711351574 0.7113932460080832 0.013893037755042314 0.010140520054847002
0.0 0.13811673037707806 0.7025713330833241 0.014112752303481102 0.01130212307907641
0.0 0.13368983254767955 0.667974373139441 0.012950942013412714 0.010956688784062862
0.0 0.4423956897109747 0.6141953260404989 0.014426784217357635 0.01583859440870583
0.0 0.4501192040275782 0.5954997874097898 0.020250567141920327 0.014331658137962222
0.0 0.3323824774473906 0.5554087952943518 0.01240138616412878 0.010956739308312535
0.0 0.40401355223730206 0.5769455145811662 0.008979372493922711 0.010736958822235465
0.0 0.33932109163142743 0.5671660660766065 0.013579005841165781 0.014896771870553493
0.0 0.0880706787109375 0.5443578535225242 0.011616665683686734 0.01192998792976141
0.0 0.12780299172736703 0.5734293046873062 0.010250770580023527 0.010218933690339327
0.0 0.11014237944036723 0.5318627771222963 0.011350061930716037 0.010627119103446603
0.0 0.055700869066640735 0.46968563976697625 0.0137830906547606 0.01591705856844783
0.0 0.23965287748724223 0.569018386118114 0.016357685253024102 0.012024165131151676
0.0 0.23965296731330454 0.579394298652187 0.013170836213976144 0.0069381920620799065
0.0 0.06516700899228453 0.5555186602752655 0.010203881375491618 0.010580081027001143
0.0 0.42098322245292363 0.5825023736571893 0.013343661557883024 0.015430459519848228
0.0 0.2281146299559623 0.09375006995396688 0.00866552023217082 0.004850479541346431
0.0 0.48966315179131925 0.11155086201615631 0.012228740472346544 0.0075818204786628485
0.0 0.05263986634090543 0.08318577143945731 0.005117570422589779 0.008194010180886835
0.0 0.0679769478738308 0.08025036305771209 0.009544558078050613 0.00929281156277284
0.0 0.03048956780694425 0.07877480866154656 0.0055413697846233845 0.005760926520451903
0.0 0.06485306690447032 0.06780237525817938 0.005415972601622343 0.0079428541357629
0.0 0.22108196788467466 0.08390783875365741 0.007990387547761203 0.008099807717371732
0.0 0.2043475521262735 0.08285611965693533 0.006812947522848845 0.004536547116003931
0.0 0.21244797660037876 0.08147475509322248 0.006844386644661427 0.008068432158324867
0.0 0.2694324627984315 0.08869553559925407 0.010329458210617305 0.008916090126149356
0.0 0.3928991938941181 0.10021738232462667 0.00842999629676342 0.005541158665437251
0.0 0.11824280391447246 0.14762335109408015 0.006467656139284373 0.008931790536735207
0.0 0.12632723934948445 0.15018200646154584 0.004552384838461876 0.007001044228672981
0.0 0.13505545817315578 0.14820413365960122 0.008712409436702729 0.006969618145376444
0.0 0.14199407235719264 0.14789020123425872 0.006750428583472967 0.006765550700947642
0.0 0.15324981692247092 0.1460849950555712 0.00772342449054122 0.009732334641739726
0.0 0.16172679224982858 0.14765473928418943 0.006185063347220421 0.008460879267659038
0.0 0.16766070192679763 0.14569256689283067 0.005682756006717682 0.007958541915286332
0.0 0.18081581857986748 0.14705822473042646 0.011789311375468969 0.0076288964482955635
0.0 0.19971656948328018 0.14790588269825095 0.00935592334717512 0.00712660962017253
0.0 0.21338971303775905 0.14969536951975898 0.009371732734143734 0.005996394786052406
0.0 0.22651348039507865 0.15008782926015557 0.0090577008202672 0.006059171166270971
0.0 0.23456656653434038 0.14883203008794227 0.010219690762460232 0.007299276243429631
0.0 0.25020214007236063 0.14950701511697845 0.008288610074669123 0.0063731035916134715
