0.0 0.9909065255895257 0.743684823345393 0.016482197865843772 0.015122990123927593
0.0 0.9728060994762927 0.732198875118047 0.016735362354665995 0.019431724213063717
0.0 0.8935248639667407 0.5809666269458831 0.020380784897133707 0.017683024518191814
0.0 0.6924944151891396 0.5498976360075176 0.017218837654218076 0.013990829698741436
0.0 0.7287236518925055 0.5447542152367533 0.014129729988053442 0.0165995629504323
0.0 0.9076804217416793 0.5646012585610152 0.011747834086418153 0.013960495591163635
0.0 0.7891203401144594 0.5901477403938771 0.017197653651237488 0.01430373452603817
0.0 0.7587168607627973 0.5503146566450596 0.013113523973152042 0.014261959120631218
0.0 0.7691215977538377 0.5324398290365935 0.02693979050964117 0.012876681983470917
0.0 0.19551269623916595 0.778310767095536 0.018782488396391274 0.013761182315647602
