0.0 0.873828125 0.2796874884516001 0.012078166007995605 0.009328052401542664
0.0 0.6702657163143158 0.27300001215189695 0.00909358263015747 0.007968725636601448
0.0 0.8462656557559967 0.27651560865342617 0.011937439441680908 0.006937500089406967
0.0 0.8362343728542327 0.2800156148150563 0.013046801090240479 0.009093744680285454
0.0 0.8067812144756317 0.28754688054323196 0.007875144481658936 0.007843751460313797
0.0 0.7938905179500579 0.27618750743567944 0.012499988079071045 0.008562516421079636
0.0 0.791796875 0.15807812241837382 0.010656237602233887 0.009078129194676876
0.0 0.8283436715602874 0.14724999014288187 0.011562645435333252 0.00918748788535595
0.0 0.9400781512260437 0.1638749879784882 0.009015798568725586 0.006796860136091709
0.0 0.7699531435966491 0.2744531575590372 0.01003110408782959 0.011781267821788788
0.0 0.8161094903945922 0.27812500949949026 0.01132822036743164 0.007171908393502235
0.0 0.7771250128746032 0.27140622679144144 0.007968664169311523 0.006874987855553627
0.0 0.6992499351501464 0.2737031113356352 0.006109356880187988 0.006015658378601074
0.0 0.7073907077312469 0.2733281133696437 0.0079842209815979 0.006781244650483131
0.0 0.7199687480926513 0.26534377224743366 0.009859442710876465 0.00798436626791954
0.0 0.7606250464916229 0.2752031031996012 0.0071874260902404785 0.008046828210353851
0.0 0.7350312292575836 0.27823439333587885 0.0077345967292785645 0.005093766376376152
0.0 0.744859379529953 0.2718906085938215 0.006843745708465576 0.006515655666589737
0.0 0.6848437011241912 0.2788437493145466 0.008062541484832764 0.007624983787536621
0.0 0.6934218525886535 0.27456249110400677 0.008390665054321289 0.006812475621700287
0.0 0.7537812113761901 0.12935937102884054 0.006046772003173828 0.007203139364719391
0.0 0.7636250078678131 0.13031250657513738 0.006843745708465576 0.0063593750819563866
0.0 0.7805625319480896 0.13015625113621354 0.007968664169311523 0.009874996729195118
0.0 0.7256718397140502 0.2743750046938658 0.006078243255615234 0.005937505513429642
0.0 0.7361874401569366 0.27354685589671135 0.009171903133392334 0.005734428763389587
0.0 0.5533437550067901 0.10024999361485243 0.004750192165374756 0.006968781352043152
0.0 0.5192656636238098 0.12085936684161425 0.005953073501586914 0.005937505513429642
0.0 0.5406093418598175 0.12760936794802547 0.005078136920928955 0.0074375225231051445
0.0 0.5637344539165496 0.1263124905526638 0.005406081676483154 0.008640618994832039
0.0 0.5604374825954437 0.12256249831989408 0.004906117916107178 0.007218754850327969
