0.0 0.9922698557376861 0.6975142156705261 0.015460288524627686 0.030068786814808846
0.0 0.9915048897266387 0.6551872726529837 0.01699022054672241 0.019971225410699844
0.0 0.9847899615764618 0.6107098685577512 0.014867842197418213 0.02175903506577015
0.0 0.9967664003372192 0.5542488491162658 0.006467199325561524 0.02082572691142559
0.0 0.95667844414711 0.5733716582879425 0.016041934490203857 0.02147669903934002
0.0 0.8857628047466278 0.5659501284360886 0.020953595638275146 0.028384979814291
0.0 0.9119843482971192 0.6196073258295656 0.024849772453308105 0.030779806897044182
0.0 0.8931978881359101 0.6060065647587181 0.022081196308135986 0.027711225673556328
0.0 0.9048571825027466 0.4492866342887282 0.024660587310791016 0.022618817165493965
0.0 0.9119358897209168 0.4353325257077813 0.016474485397338867 0.015288440510630608
0.0 0.8918944239616394 0.4244694534689188 0.026720881462097168 0.016196753829717636
0.0 0.8708865582942963 0.44785634633153676 0.03103083372116089 0.02083689160645008
0.0 0.863813841342926 0.3192049369215965 0.013095974922180176 0.015407882630825043
0.0 0.48844467997550967 0.007724561681970954 0.018792808055877686 0.01476949593052268
0.0 0.14958673119544982 0.0017438396811485291 0.013254225254058838 0.0034876793622970583
0.0 0.10313288271427154 0.008710980275645852 0.023702770471572876 0.017421960551291703
