0.0 0.4084433318115771 0.8102609085850417 0.01268551554530859 0.01303701288998127
0.0 0.4322248684708029 0.8143812140915543 0.012323568854480983 0.01358742630109191
0.0 0.010877898521721363 0.12094688446959481 0.007727773487567901 0.005865871231071651
0.0 0.08389080446213484 0.15600075016263873 0.007601871155202389 0.005645710928365588
0.0 0.06777413515374064 0.10224836802808568 0.008168521709740162 0.004419074603356421
0.0 0.11765082143247127 0.1061484752688557 0.007995428517460823 0.00525256572291255
0.0 0.127471923828125 0.12439094175351784 0.006673363968729973 0.0073913272703066465
0.0 0.13853637930005788 0.14076199504779652 0.008923935703933239 0.006306242453865707
0.0 0.16167264399118722 0.14060472684213893 0.009537867177277804 0.008680906309746207
0.0 0.17999273920431733 0.13766392022371293 0.008011098764836789 0.00761153819039464
0.0 0.1497739279642701 0.14040029589086772 0.006689034216105938 0.005032430728897452
0.0 0.2476386754773557 0.11890247372211889 0.006846457161009312 0.006054623448289931
0.0 0.16766912532038986 0.027422748651588336 0.006484510470181703 0.006683658307883889
0.0 0.16011449005454778 0.028429218346718698 0.006405708938837051 0.008177668298594653
0.0 0.23846293510869146 0.026793694810476155 0.0056974858045578 0.00597598934546113
0.0 0.24700911878608167 0.025991649739444254 0.00612247372046113 0.007061099470593035
0.0 0.27755835610441865 0.10522060804069042 0.006500180717557669 0.007690146984532476
0.0 0.2619925770442933 0.09875712268985808 0.008152761403471232 0.005504184728488326
0.0 0.29998630760237577 0.09926034804666414 0.007302875630557537 0.008099008887074887
0.0 0.3241299260407686 0.06768201099475846 0.006720554828643799 0.006699387659318745
0.0 0.3577324750367552 0.09652398503385484 0.00568172549828887 0.005331225134432316
0.0 0.34783270619809625 0.11821050880244002 0.005241067335009575 0.004136022203601897
0.0 0.3533413385041058 0.12022348615573719 0.007381587103009224 0.005236849025823176
0.0 0.3598887551110238 0.1269386031664908 0.005571493413299322 0.00578723712824285
0.0 0.25963172819465397 0.07565522303339094 0.0072084939107298854 0.005457009328529239
0.0 0.2566256073769182 0.049533882655669007 0.007082501519471407 0.0052997411228716375
0.0 0.24699340350925922 0.043306274304632096 0.007161303050816059 0.005708628334105015
0.0 0.17648291899822652 0.0650557154789567 0.006389948632568121 0.005205390322953462
0.0 0.1894675651565194 0.10138341820565984 0.005492871999740601 0.005928788636811078
0.0 0.39368020263500514 0.08892820150358602 0.005603014025837183 0.00570865364279598
0.0 0.41351126092486085 0.09322147925850004 0.010875601973384618 0.006793763767927885
0.0 0.4867287806700915 0.08671079319901764 0.007948147598654032 0.008256302401423454
0.0 0.49365390427410605 0.14873521974077447 0.008908265456557273 0.006133232242427766
0.0 0.30536903757601974 0.04413977175136097 0.007350066490471363 0.004717881663236767
0.0 0.23471698048524559 0.07702342352131382 0.004642986226826906 0.0049852300202473995
0.0 0.3410177246201783 0.059315628441981974 0.0066417532972991465 0.007123991567641497
0.0 0.3692533940076828 0.05406305639189668 0.008861074596643448 0.0062905131024308504
0.0 0.38036513039842246 0.056767960701836276 0.007963907904922962 0.005802966479677707
0.0 0.3846932707354426 0.0492350819229614 0.005870578996837139 0.004686448269058019
0.0 0.39454584871418774 0.04524061122792773 0.006783505994826555 0.005834450491238386
0.0 0.40022761924192307 0.04954959935275838 0.0047059373930096625 0.0058501798426732424
0.0 0.39871665616519747 0.05517961889272556 0.005996571388095617 0.004246089700609445
0.0 0.40513817043975 0.053638439829228446 0.003808770701289177 0.0038529571495018898
0.0 0.40740459254011513 0.059913217253051695 0.005634624697268009 0.004576317500323057
0.0 0.4148176101967692 0.05665788055048324 0.005965140834450722 0.006133219588082284
0.0 0.4231120342388749 0.059409985569072885 0.005351119302213192 0.005724357685539872
0.0 0.4271411790512502 0.05116940619191155 0.004831839725375176 0.004812245117500424
0.0 0.4303047678433359 0.054707826930098236 0.007113932073116303 0.005834463145583868
0.0 0.44385597449727354 0.05470782060292549 0.007082501519471407 0.005457021982874721
0.0 0.44511499782092867 0.06230361046036705 0.004233758617192507 0.004529167409054935
0.0 0.45780064845457674 0.059001092030666766 0.005429830774664879 0.006526402756571769
0.0 0.5127137882634998 0.09397632362088189 0.006216945499181748 0.005598560837097466
0.0 0.513154446426779 0.10171365865971893 0.004941891692578792 0.004953771317377687
0.0 0.5269103119149804 0.07752666153246537 0.006657513603568077 0.008114750892855228
0.0 0.5407132782042027 0.08354980096919462 0.006862127408385277 0.006746563059277832
0.0 0.5388876043260098 0.09954342575510963 0.004831839725375176 0.0038686611922457816
0.0 0.5286887949332595 0.10960824924986809 0.0069723594933748245 0.006793763767927885
0.0 0.5333789720200002 0.10723357273964211 0.005634624697268009 0.005284024425782264
0.0 0.5403042307123542 0.11108651723479852 0.007932387292385101 0.007407069276086986
0.0 0.5404929941520095 0.10570814200909809 0.005335449054837227 0.004371899203397334
0.0 0.5332530696876348 0.08306230496382341 0.0053669696673750876 0.005236849025823176
0.0 0.5564365702681243 0.10806706385919825 0.0060751928016543385 0.00533119982574135
0.0 0.5534460746683181 0.09885147348977626 0.006531611271202564 0.005692886328324676
0.0 0.5513843564316631 0.10353790910448879 0.005083644390106201 0.0043090071063488725
0.0 0.5660688191652298 0.1035378964501433 0.005445681139826774 0.004859395208768547
0.0 0.5739539255388081 0.10916791599011048 0.005665965192019939 0.006463510659523308
0.0 0.5893466114066541 0.10825577811338008 0.006326997466385364 0.005173956928774715
0.0 0.6044088711962103 0.10573958805762232 0.006374368444085121 0.004434791300445795
0.0 0.5455452079884708 0.14150113536743447 0.008451666869223117 0.0067151296650990846
0.0 0.5638967787846922 0.14763436760986223 0.008640610426664353 0.005535643431358039
0.0 0.5668084728531539 0.14184710517292842 0.0074602985754609105 0.004167455597780645
0.0 0.5782663956284523 0.14216162892989814 0.006216945499181748 0.004812245117500424
0.0 0.5722227234393358 0.1548841813346371 0.005949290469288826 0.006101773539558053
0.0 0.5825946260243654 0.15287121663568543 0.007901046797633171 0.006888089259155095
0.0 0.7029345609247685 0.15474265513475985 0.006248285993933678 0.004749327711760998
0.0 0.6772014030255378 0.13961396751692517 0.007444448210299015 0.006164716253988445
0.0 0.6585348962806166 0.12530306697590277 0.007712103240191936 0.004890879220329225
0.0 0.6554817196913063 0.1362642863416113 0.00807413998991251 0.004827961814589799
0.0 0.6456133363768458 0.13749093532096596 0.006594832614064216 0.004057388100773096
0.0 0.6379326636902988 0.13134194841841235 0.006263956241309643 0.004639260214753449
0.0 0.6377123796381057 0.14285358119523153 0.0074448084458708765 0.004576342809014022
0.0 0.626097033917904 0.1406519148964435 0.005162175744771957 0.005016688723117113
0.0 0.6212967148050665 0.1569757801364176 0.006830786913633346 0.004922312614507973
0.0 0.6352098231203854 0.1642885112669319 0.005131015367805958 0.005048122117295861
0.0 0.641458289232105 0.155686226405669 0.006893648020923138 0.006101798848249018
0.0 0.6552298249676823 0.14337254855781795 0.004863180220127106 0.0050796061288565396
0.0 0.6578581937588751 0.15051228213123977 0.00637418832629919 0.004843678511679173
0.0 0.6613365383818746 0.1568028078880161 0.005807717889547348 0.005111039523035288
0.0 0.6723852335475385 0.1625271529192105 0.005886429361999035 0.00580297913402319
0.0 0.11692688302136958 0.07447574945399538 0.005587343778461218 0.0042146309977397324
