0.0 0.9542835006024688 0.14439719177316873 0.013060481008142232 0.013496771594509483
0.0 0.8490490152034909 0.13294910066761076 0.013451596442610025 0.012120581418275832
0.0 0.8595443786121905 0.1312756898580119 0.008899889886379242 0.012167546758428216
0.0 0.8520521462894977 0.12362799078691751 0.008399405330419541 0.005943053541705013
0.0 0.6775737162213773 0.25135551881976426 0.01528151547536254 0.01595230884850025
0.0 0.655910485656932 0.249525682721287 0.016047994326800107 0.0138409323990345
0.0 0.5825216571334749 0.17085916583891958 0.014890579041093588 0.013184072030708194
0.0 0.5707750375848264 0.16125656594522297 0.011746619548648595 0.011041435692459346
0.0 0.5056917287874967 0.1905961864395067 0.014812176954001189 0.011588861281052232
0.0 0.49400771455839276 0.15842580934986472 0.020834191143512724 0.013184122368693351
0.0 0.4674175035208464 0.16477539245970546 0.01784667782485485 0.015326708368957043
0.0 0.4497272718697786 0.17106250612996518 0.010260649397969246 0.013950367178767919
0.0 0.4271412505302578 0.17631733873859048 0.017080288473516704 0.010087430197745561
