0.0 0.05187288809102031 0.84622220993042 0.00963578601367776 0.010518550872802734
0.0 0.05530103179626167 0.8684999823570252 0.016751425433903844 0.014092564582824707
0.0 0.9535930662648753 0.6557592630386353 0.011118153459392488 0.012277722358703613
0.0 0.8991511324129533 0.6915370404720307 0.017807574465405197 0.013037025928497314
0.0 0.8827703518560156 0.6895925581455231 0.015583970281295479 0.010574042797088623
0.0 0.8533072186808568 0.682370412349701 0.01821526394924149 0.012259244918823242
0.0 0.8092422280577012 0.6760000169277192 0.018345019477419556 0.013407409191131592
0.0 0.3157625507097691 0.6865555822849274 0.01654742164537315 0.007703721523284912
0.0 0.22214755543973297 0.6654444515705109 0.01221149289049217 0.008425891399383545
0.0 0.18471646530088037 0.6677222430706025 0.011581456242129251 0.009499967098236084
0.0 0.1655931777320802 0.6685740530490876 0.012674742657691307 0.010037004947662354
0.0 0.1595152114285156 0.689888882637024 0.012063261447474383 0.008592605590820312
0.0 0.189608367998153 0.6810555338859559 0.01689965687692163 0.010648131370544434
0.0 0.1764890370424837 0.6953889310359955 0.011803803406655766 0.007981479167938232
0.0 0.03638158896937965 0.6224629759788514 0.009895244054496266 0.009481430053710938
0.0 0.005250706267543148 0.6520555496215821 0.009431782225146956 0.008351802825927734
0.0 0.010346506722271442 0.7052592515945435 0.008523838128894567 0.010296344757080078
0.0 0.04005058226175606 0.6472037017345429 0.014138607680797666 0.009074032306671143
0.0 0.07018079669214783 0.6613703846931458 0.014268389716744379 0.01074075698852539
0.0 0.09736467262264337 0.7002037048339844 0.01332333474420011 0.010629653930664062
0.0 0.061527123511768866 0.6917037248611451 0.011840808251872725 0.0075740814208984375
0.0 0.07129263854585588 0.7101851880550385 0.010858642403036356 0.007388889789581299
0.0 0.031749038281850495 0.6932592570781708 0.00869062501005824 0.009537041187286377
0.0 0.034584150183945894 0.6775185346603394 0.011155317351221994 0.007037043571472168
0.0 0.04145888700149958 0.6601666688919068 0.01015459606423974 0.007148146629333496
0.0 0.05526392091996968 0.651925939321518 0.011600011680275246 0.01038891077041626
0.0 0.06842036275193097 0.6383148014545441 0.01082174358889465 0.006370365619659424
0.0 0.0865987013792619 0.658222246170044 0.008134810114279412 0.006722211837768555
0.0 0.12434480984229594 0.6123148083686829 0.013916260516270929 0.008907437324523926
0.0 0.12315885226707905 0.5857407629489899 0.01165567799471312 0.007999956607818604
0.0 0.14761878987774252 0.5902222275733948 0.012656081188470059 0.009981513023376465
0.0 0.16740917195565996 0.5941296398639679 0.01252651121467352 0.010851919651031494
0.0 0.23636027884203936 0.5948333323001862 0.008153259521350265 0.006425917148590088
0.0 0.24443952867295593 0.5944999933242798 0.012915539229288786 0.010407447814941406
0.0 0.22867026908788834 0.5984814643859864 0.012470844900235534 0.007148146629333496
0.0 0.22722490648739035 0.5855370342731476 0.014824204612523317 0.008722245693206787
0.0 0.22490865765139462 0.5399815022945404 0.01134044760838151 0.010462939739227295
0.0 0.3109817685792223 0.5450926005840302 0.011006979877129197 0.005574047565460205
0.0 0.3099625448696315 0.5506110966205597 0.013656802475452423 0.004259288311004639
0.0 0.2510177495889366 0.5398888766765595 0.01134044760838151 0.009111106395721436
0.0 0.23632322098128497 0.5387962937355042 0.008245824649929956 0.006907463073730469
0.0 0.2706042339093983 0.5628333270549775 0.016306731104850723 0.006259262561798096
0.0 0.2683991586556658 0.5823888957500458 0.010265822662040592 0.007092535495758057
0.0 0.25227776987012474 0.5765370309352875 0.008820407046005174 0.006962954998016357
0.0 0.228521984629333 0.5758518755435944 0.009895244054496244 0.006796300411224365
0.0 0.20458085706923157 0.5741666734218598 0.0101916009094567 0.0068703293800354
0.0 0.1994479987537488 0.5929074168205262 0.010006258590146944 0.010703682899475098
0.0 0.18605060130357742 0.581333327293396 0.011062434129416987 0.009666681289672852
0.0 0.20704539036378264 0.5816666662693024 0.01074752183631067 0.007036983966827393
0.0 0.5494478301610798 0.6264259099960328 0.012859978945925832 0.009037017822265625
0.0 0.5389411314041354 0.6302963078022004 0.013638300052843989 0.00901859998703003
0.0 0.5323999418411404 0.6442036807537079 0.011970590287819504 0.009629666805267334
0.0 0.6292576854815707 0.5889814972877503 0.01497243605554104 0.009999990463256836
0.0 0.6789744107401929 0.6046296238899231 0.013082379125989974 0.007129549980163574
0.0 0.7211678601102903 0.6336110711097718 0.009561670292168856 0.010092616081237793
0.0 0.8295514069322962 0.5212963104248047 0.010358414298389107 0.006240725517272949
0.0 0.6079849624657072 0.5270370125770569 0.007504720450378954 0.011055588722229004
0.0 0.5733518468448893 0.51788889169693 0.015065107215195894 0.009407401084899902
0.0 0.7340649234247394 0.5410925626754761 0.009598728152923286 0.005037069320678711
0.0 0.8475813550699968 0.44366668462753295 0.011822332337033004 0.005111098289489746
0.0 0.8378159328131005 0.44451849460601806 0.010302827507257462 0.008166670799255371
0.0 0.69976535505848 0.47212966084480285 0.011507287505082786 0.0070555806159973145
0.0 0.7236323668970727 0.44325928688049315 0.010488116811029614 0.005962967872619629
0.0 0.6933539210236631 0.4372222006320953 0.010988477454520761 0.007222235202789307
0.0 0.6794376870151609 0.48516668677330016 0.012137271137908101 0.007314741611480713
0.0 0.600591362582054 0.47059257626533507 0.008950136066414417 0.009814798831939697
0.0 0.5467609231942333 0.5003889083862305 0.006596776354126632 0.006907463073730469
0.0 0.9596895349910483 0.6139444291591645 0.016010162187740207 0.010740697383880615
0.0 0.9950638210808392 0.6111295998096467 0.009450417186599225 0.008481442928314209
0.0 0.9169401912018657 0.4512036919593811 0.010654903692193329 0.006833314895629883
0.0 0.9392135692352894 0.5427963018417359 0.009450417186599225 0.007592558860778809
0.0 0.689518140850123 0.5396851480007172 0.010339885368011892 0.006370365619659424
0.0 0.6990982605493627 0.5892407476902009 0.00950605699326843 0.006351888179779053
0.0 0.8231028752750718 0.5990185022354126 0.00824598369654268 0.005907416343688965
0.0 0.5278043959988281 0.5817407548427582 0.010302827507257462 0.007999956607818604
0.0 0.4649312289082445 0.5591111063957215 0.011840861267410218 0.011055588722229004
0.0 0.4360425588442013 0.5650185227394104 0.01210026629269123 0.004536986351013184
0.0 0.42855628780089317 0.5672962844371796 0.01210026629269123 0.007555544376373291
0.0 0.4360610347590409 0.5730555534362793 0.007930965372361242 0.005185246467590332
0.0 0.4110637316596694 0.5975740730762482 0.007856849650852381 0.007185161113739014
0.0 0.4892799929366447 0.48416666984558104 0.016010109172202646 0.008870363235473633
0.0 0.49960137588204817 0.4923703849315643 0.010840246011503041 0.010037004947662354
0.0 0.47782831873046233 0.4929444670677185 0.014379457267932595 0.009537100791931152
0.0 0.4547210460528731 0.4717407405376434 0.008079249830916523 0.006277740001678467
0.0 0.4470680411439389 0.47759257555007933 0.011618461087346077 0.007851839065551758
0.0 0.39913022574037316 0.4879444420337677 0.013730918196961284 0.009796321392059326
0.0 0.37620829538209366 0.4872222125530243 0.018122566281817853 0.0109444260597229
0.0 0.35473167460877447 0.4977407336235046 0.008097699237987399 0.009592533111572266
0.0 0.41091544720111417 0.4941481530666351 0.009783964441157877 0.010555565357208252
0.0 0.4249614367377944 0.4923703849315643 0.01022865877021104 0.0090370774269104
0.0 0.40281774796312675 0.4789814531803131 0.00900569634977728 0.005814850330352783
0.0 0.46572802593000234 0.4814814805984497 0.008060694392770528 0.0054999589920043945
0.0 0.44037862013792617 0.4888703405857086 0.011044037737883627 0.006814777851104736
0.0 0.43928530721459536 0.4962962746620178 0.011229327041655779 0.0064258575439453125
0.0 0.37543000078294425 0.5010740637779236 0.009487554570659995 0.006666660308837891
