0.0 0.3059539794921875 0.23718624897301196 0.01878422498703003 0.014422472566366196
0.0 0.3438933789730072 0.23495182637125253 0.019146502017974854 0.01570022664964199
0.0 0.2950531244277954 0.1723629232496023 0.019900918006896973 0.01567915454506874
0.0 0.45339335501194 0.29427797310054304 0.019560903310775757 0.016771584749221802
0.0 0.4415469765663147 0.2742554755881429 0.023467719554901123 0.01763061247766018
0.0 0.5133792608976364 0.3450531452894211 0.01976493000984192 0.016857080161571503
0.0 0.37066830694675446 0.22649814058095216 0.01654323935508728 0.013344677165150642
0.0 0.6135954409837723 0.20498636327683925 0.016822904348373413 0.012235097587108612
0.0 0.39266595244407654 0.21381504703313112 0.016763269901275635 0.01850789599120617
0.0 0.6359813362360001 0.1857221094891429 0.01468464732170105 0.014200033619999886
0.0 0.39697040617465973 0.23385906927287578 0.01826539635658264 0.013860616832971573
0.0 0.5145547389984131 0.33065584357827904 0.013651371002197266 0.013091308996081352
0.0 0.6002055406570435 0.19235431551933288 0.01852118968963623 0.013836376368999481
0.0 0.9191218018531799 0.3386087525635958 0.018875956535339355 0.01747586578130722
0.0 0.9161925166845322 0.3550099410116673 0.020182818174362183 0.018233556300401688
0.0 0.8822610974311829 0.3176808837801218 0.019297242164611816 0.02018023654818535
0.0 0.8591392934322357 0.3057485153898597 0.02578103542327881 0.0217424388974905
