0.0 0.09102718234062195 0.8241373676806688 0.01607877016067505 0.029925506561994553
0.0 0.10342015027999878 0.7394481267780065 0.018468260765075684 0.02702147886157036
0.0 0.02448166608810425 0.42293334789574144 0.02020740509033203 0.020959652960300446
0.0 0.02802736759185791 0.41161360442638395 0.018445730209350586 0.020131252706050873
0.0 0.13333259224891664 0.4877377891913056 0.01663309335708618 0.02192670665681362
0.0 0.15182311534881593 0.4980274638161063 0.01536405086517334 0.021995002403855324
0.0 0.2174010694026947 0.5494545636698603 0.021677792072296143 0.025355475023388863
0.0 0.24369360208511354 0.5938871078193187 0.01941812038421631 0.026397261768579483
0.0 0.2502755641937256 0.48418412208557127 0.02115654945373535 0.020919721573591232
0.0 0.22827715873718263 0.4915172144770622 0.012797713279724121 0.016962792724370956
0.0 0.22871266007423402 0.47777013052254913 0.01385575532913208 0.017825843766331673
0.0 0.1736636281013489 0.44948963113129137 0.01935732364654541 0.023885004222393036
0.0 0.14487065076828004 0.41962696369737384 0.014888405799865723 0.019039878621697426
0.0 0.18111703991889955 0.3853223821148276 0.01948338747024536 0.023913418874144554
0.0 0.1940301775932312 0.3957722097635269 0.017793774604797363 0.022000886499881744
0.0 0.17454294562339784 0.33327327799052 0.014561712741851807 0.01929817534983158
0.0 0.19123772978782655 0.3431568494066596 0.023198425769805908 0.016888009384274483
0.0 0.023818355798721314 0.2649288740009069 0.025519073009490967 0.018066387623548508
0.0 0.15006617903709413 0.2670838613063097 0.01587599515914917 0.017589423805475235
0.0 0.1783560633659363 0.2534597650170326 0.018648505210876465 0.016154911369085312
0.0 0.1466085433959961 0.2408845717087388 0.018651366233825684 0.01989121176302433
0.0 0.08354882597923279 0.22047623842954636 0.027244627475738525 0.02284226194024086
0.0 0.01718266010284424 0.21786872893571854 0.01749587059020996 0.01705009862780571
0.0 0.009164106845855714 0.18596552489325405 0.01481330394744873 0.021722649224102497
0.0 0.04205728769302368 0.1771856363862753 0.012270927429199219 0.013664128258824348
0.0 0.027941358089447022 0.13575917379930616 0.013467192649841309 0.020306996069848537
0.0 0.035865318775177 0.08417629627510906 0.01496744155883789 0.01431266125291586
0.0 0.11542240977287292 0.09652407178655267 0.019721925258636475 0.014052201993763447
0.0 0.16844333410263063 0.13527626302093268 0.013337373733520508 0.01712634041905403
0.0 0.132104229927063 0.15486782593652607 0.019365906715393066 0.01818183157593012
0.0 0.12871972918510438 0.1800907830707729 0.016389548778533936 0.01824228186160326
0.0 0.1593486785888672 0.18511978667229415 0.015786051750183105 0.015981154516339302
0.0 0.07919345498085022 0.16884562177583576 0.016060173511505127 0.013580317609012127
0.0 0.06015352606773376 0.15991273419931532 0.018150150775909424 0.0162415886297822
0.0 0.1381771981716156 0.05689362892881036 0.03824526071548462 0.02158429753035307
0.0 0.08466614484786987 0.048628473095595835 0.011321067810058594 0.01473412849009037
0.0 0.056777787208557126 0.06080190083011985 0.013865947723388672 0.013921746052801609
0.0 0.18063486814498902 0.0047008471563458444 0.01908588409423828 0.009401694312691689
