0.0 0.25991944861598315 0.3778675685520284 0.012632216978818177 0.010140403010882437
0.0 0.05891117970459163 0.38736236332915724 0.0095853335224092 0.008565976005047559
0.0 0.2325237332843244 0.3769212354440242 0.012304843962192535 0.007775073312222958
0.0 0.22292090924456714 0.3811604624497704 0.013567694649100303 0.009986177482642234
0.0 0.19450862384401263 0.3909039359539747 0.0083754844032228 0.008346661739051343
0.0 0.18091575345024466 0.3807355348486453 0.012987150810658932 0.009419781249016523
0.0 0.16952306646853685 0.26458684366662055 0.01121195163577795 0.009781942935660481
0.0 0.20466098580509423 0.251036250393372 0.012113331630825997 0.009961235080845654
0.0 0.31601692624390126 0.2585819355910644 0.00941625852137804 0.007405756833031773
0.0 0.4140164716169238 0.2598738600849174 0.008883769437670708 0.010298454365693033
0.0 0.15720382374711334 0.3809185161837377 0.010810023080557585 0.012394609837792813
0.0 0.20295133190229536 0.3808883815887384 0.011723240092396735 0.007957793795503676
0.0 0.1640264505520463 0.37735134281683713 0.008391208201646804 0.007399993250146508
0.0 0.08751206235028804 0.38576515526510774 0.00649216203019023 0.006406818609684705
0.0 0.09549984028562904 0.3847527521196753 0.008398981764912605 0.007308918703347445
0.0 0.10725664803758264 0.37589617477497084 0.010340959206223488 0.008641871460713445
0.0 0.14807624709792436 0.3823939312947914 0.00771437818184495 0.008492291579023004
0.0 0.12310941694304348 0.38740096939727664 0.008019843883812428 0.005627343710511923
0.0 0.13228769842535257 0.38037723625311626 0.007254854589700699 0.006957265618257225
0.0 0.07373006469570101 0.3919657021993771 0.008542969357222319 0.008145979745313526
0.0 0.08184009958058595 0.3870718737831339 0.008801793679594994 0.0073717715684324505
0.0 0.12981429193168878 0.23930771944578738 0.006524139642715454 0.007571310782805085
0.0 0.13958424758166074 0.23946873954264447 0.00724248755723238 0.0068033382063731555
0.0 0.15625297562219204 0.23797686592442915 0.008628125209361315 0.010354400868527592
0.0 0.11358689027838409 0.38433961253613236 0.0064554142765700815 0.00632742028683424
0.0 0.12387785133905709 0.38269333948846906 0.00948604391887784 0.006371789937838912
0.0 0.5638141841161997 0.274588200240396 0.01005563409999013 0.007181871449574828
