0.0 0.9368349961936474 0.8893961852416397 0.0233740103431046 0.015096403285861015
0.0 0.9899411541875451 0.8831059854477644 0.020117691624909638 0.017982452362775802
0.0 0.4945639072451741 0.7279243975412101 0.009444302972406149 0.009057822916656733
0.0 0.4946823654929176 0.7199469851795584 0.014743795478716492 0.009723790269345046
0.0 0.6402556934393943 0.7359906055498868 0.014610725827515126 0.01152942879125476
0.0 0.7249144191853703 0.9503735470585525 0.02318156333640218 0.013779140822589398
0.0 0.7068694629706442 0.8927854731678962 0.01894789859652519 0.014667097292840481
0.0 0.8685484962537885 0.7359905579127372 0.01225697696208954 0.014548766613006591
0.0 0.8602143211290241 0.702689808420837 0.015010358300060034 0.011159478686749935
0.0 0.9247556854272261 0.47929334654472766 0.011753582349047064 0.01021216632798314
0.0 0.9330749950371683 0.3060109041398391 0.011798051837831735 0.008273381972685456
0.0 0.6928361628670245 0.32890700940042733 0.0107470472343266 0.009368607681244612
0.0 0.9157258380902931 0.8055078315548598 0.010791516723111272 0.017316294461488725
0.0 0.7575255470350385 0.7179490354843437 0.01225697696208954 0.013142708502709866
0.0 0.02199105452746153 0.934181965701282 0.018222495354712098 0.011381467804312706
0.0 0.06730326130054892 0.9394509679172188 0.021079554129391886 0.019136891048401595
0.0 0.0790716668125242 0.9516316441819072 0.014284955058246895 0.01139633059501648
0.0 0.12688551526516678 0.8920602928381414 0.016342410072684332 0.012254656758159399
0.0 0.16531426869332794 0.9217497652862221 0.023196301795542218 0.013039145339280366
0.0 0.19845835277810692 0.9398949461523444 0.01412215437740092 0.017242456879466773
0.0 0.2338968083728105 0.9031752784270793 0.013012026529759213 0.020528086367994546
0.0 0.2192566903308034 0.900585246598348 0.016312933154404206 0.018145276140421628
0.0 0.19792539654299618 0.8832836243789643 0.01798566356301303 0.011440633144229651
0.0 0.19385453248396517 0.8725533564109356 0.019155253469944067 0.00811060583218932
0.0 0.16370074623264375 0.8752322315238417 0.012479070294648453 0.010685774870216847
0.0 0.15567751871421937 0.8525136937387288 0.01597242392599585 0.009901476837694646
0.0 0.19203382455743845 0.844713920308277 0.013026595581322908 0.011041052732616663
0.0 0.23271273411810398 0.8415022236760705 0.01259748619049783 0.012994747515767813
0.0 0.26501282965764406 0.8439887399785221 0.0121976843103766 0.012373082712292672
0.0 0.2508316367398947 0.7759663200937211 0.018237572629004717 0.010256659425795078
0.0 0.17008088966831564 0.7302924402523786 0.01646099537611001 0.009605459589511155
0.0 0.20483841150999066 0.7086247303523123 0.016697827167808987 0.008110701106488705
0.0 0.18288547662086785 0.7124432289972902 0.01178314397111535 0.010182726569473744
0.0 0.30054022422991694 0.7058866422623395 0.01369270617142324 0.008229031786322593
0.0 0.30082152551040053 0.7173421858344227 0.01871106680482626 0.008806298766285182
0.0 0.48631867109797894 0.7275987976230681 0.014847388211637735 0.010049342550337315
0.0 0.5312163375318051 0.6904351040255279 0.01141315782442689 0.010626800078898668
0.0 0.5039935141103342 0.7413483081385494 0.01006611348129809 0.010774570517241955
0.0 0.4942530443426222 0.8357745233457535 0.010006736125797033 0.011307439673691988
0.0 0.7242038814583793 0.8770378700457513 0.016179694095626473 0.012905856594443321
0.0 0.3467999275773764 0.5107292921748012 0.01465511061251159 0.008569351583719253
0.0 0.3572360272053629 0.5229987640865147 0.007742095645517111 0.00799217987805605
0.0 0.35686595635488627 0.5531174948904664 0.008482237346470356 0.009634994622319936
0.0 0.32860682443715633 0.5492398309055716 0.011990498844534158 0.008835833799093962
0.0 0.391830748366192 0.5261364802252502 0.012523455079644918 0.015643944684416055
0.0 0.4155748295597732 0.5145181605126709 0.013870414718985558 0.009161386080086232
0.0 0.4374537333380431 0.5223772183759138 0.013367104809731245 0.01370516032911837
0.0 0.47486112848855555 0.5132453435100615 0.018104079458862544 0.010789433307945729
0.0 0.3797662184108049 0.493723687203601 0.010125321429222822 0.009413100779056549
0.0 0.3844884546007961 0.5044983529951423 0.007653326075524136 0.008658147230744363
0.0 0.3782859350088984 0.5170638421550393 0.014832819160073951 0.010878228954970837
0.0 0.43166575408540664 0.5030775273684412 0.009607273060828448 0.01000494472682476
0.0 0.43951135776005684 0.4572556389030069 0.010643369797617198 0.010434250719845295
0.0 0.45487687904387714 0.46962874543387445 0.012005237303674221 0.01564399232156575
0.0 0.43273158185184 0.4718487795209512 0.010243737325072288 0.017286807065829635
0.0 0.48442384735681115 0.5012274195672944 0.017112367507070302 0.009072638070210814
0.0 0.5089821437140927 0.4913852509809658 0.012641786271706224 0.010330639919266105
0.0 0.8461365938885137 0.5561367850750685 0.0109246710781008 0.00868787281215191
0.0 0.7929343986557796 0.5655497905798257 0.0112799187656492 0.009368512406945228
0.0 0.6023450307315216 0.5310649482766167 0.008718984434381127 0.011559106735512614
0.0 0.6028927677776664 0.523383624618873 0.010406538005918264 0.010138233471661807
0.0 0.5747965635964647 0.4996586567722261 0.009385095024481416 0.00874694287776947
0.0 0.8646108289016411 0.30496005243621765 0.013056326610967516 0.011381467804312706
0.0 0.886563806142658 0.30975539847277106 0.010998617485165596 0.008406623080372811
0.0 0.7706409968901425 0.34102852032519876 0.012612224649637937 0.008169771172106266
0.0 0.7511454035993665 0.4068308584857732 0.011131941247731448 0.008628612197935582
0.0 0.7160621956922114 0.4346555270720273 0.007327555306255817 0.008465788420289755
0.0 0.6115229402901605 0.41508942530490456 0.008482152642682195 0.008421390596777201
0.0 0.5228081736480817 0.44377253914717585 0.010095759807154537 0.005772145790979266
