0.0 0.9644218504428863 0.9091406349092722 0.01532810926437378 0.024781297892332077
0.0 0.8593125164508819 0.890328123793006 0.013187706470489502 0.02871871367096901
0.0 0.8557187139987945 0.8048124440014363 0.015922129154205322 0.02551565319299698
0.0 0.9668750882148742 0.4981250107288361 0.018328070640563965 0.01917189359664917
0.0 0.9645156383514404 0.48649999834597113 0.016625046730041504 0.018515590578317642
0.0 0.8519218683242797 0.5513593830168247 0.014593720436096191 0.020531270653009415
0.0 0.8324687898159027 0.5596874911338091 0.013296782970428467 0.02073434740304947
0.0 0.7619374215602874 0.6040781173855067 0.019359290599822998 0.023484382778406143
0.0 0.7312031507492065 0.6455625031143427 0.016952991485595703 0.02478119730949402
0.0 0.7359687209129333 0.5357656233012676 0.019296884536743164 0.019031278789043427
0.0 0.7570937097072601 0.5453281091526151 0.01121896505355835 0.015890629962086678
0.0 0.7580780804157257 0.531609364412725 0.0122031569480896 0.016656266525387764
0.0 0.8157499551773071 0.5091562574729324 0.017156124114990234 0.022234389558434486
0.0 0.8474687755107879 0.4824218671768904 0.01312476396560669 0.01778123527765274
0.0 0.8149530708789825 0.44456248693168166 0.01728111505508423 0.02225003018975258
0.0 0.8010312438011169 0.45362502578645947 0.015765666961669922 0.020484348759055138
0.0 0.8268593966960907 0.3934687688946724 0.012765705585479736 0.01807815581560135
0.0 0.8092344224452972 0.4015781093388796 0.021796882152557373 0.014718789607286453
0.0 0.9838280797004699 0.3410312389954925 0.02403116226196289 0.0156718622893095
0.0 0.8580311357975006 0.3301562225446105 0.01428133249282837 0.01620314083993435
0.0 0.8312969326972961 0.3136875178664923 0.0172501802444458 0.01445315033197403
0.0 0.8641718745231628 0.3044531332328916 0.01685929298400879 0.018250001594424248
0.0 0.9289999723434448 0.2906562482006848 0.025281429290771484 0.02034370880573988
0.0 0.9936445116996765 0.2949062628671527 0.012710976600646972 0.01548437587916851
0.0 0.9747344076633453 0.25187500109896066 0.01103121042251587 0.012593750841915607
0.0 0.9930469214916229 0.21212500296533107 0.011546909809112549 0.019218765199184418
0.0 0.9904844284057617 0.16000000908970832 0.013703227043151855 0.012968748807907104
0.0 0.9100781500339508 0.16407811511307954 0.018562495708465576 0.012203112244606018
0.0 0.8533437073230743 0.19715625243261456 0.01175004243850708 0.01599998865276575
0.0 0.8874688267707824 0.2203906239941716 0.017765522003173828 0.016437498852610588
0.0 0.8882344186305999 0.24582812432199716 0.014734447002410889 0.0168125219643116
0.0 0.8572500765323638 0.2476718831807375 0.01435929536819458 0.01457812450826168
0.0 0.9386561930179596 0.23975000400096177 0.014890730381011963 0.012109369039535522
0.0 0.95851571559906 0.23282810682430863 0.01673448085784912 0.014593739993870258
0.0 0.8915313005447387 0.12231248719617724 0.03659391403198242 0.017906234599649906
0.0 0.9456093728542327 0.1196093862876296 0.009952962398529053 0.013781256973743439
0.0 0.9720937728881835 0.1345937523059547 0.012624979019165039 0.012687494046986103
0.0 0.9356093823909759 0.03882812182419002 0.01571863889694214 0.013984371442347765
0.0 0.901109379529953 0.04032812626101077 0.009687602519989014 0.014375010039657354
0.0 0.8547812819480896 0.06506249597296118 0.018203258514404297 0.009499998763203621
0.0 0.784390640258789 0.020890624821186067 0.01667189598083496 0.01043750625103712
0.0 0.713953149318695 0.0346249976195395 0.013906359672546387 0.01464063674211502
0.0 0.7350937843322753 0.015093752974644303 0.009140610694885254 0.01178125524893403
0.0 0.7498906373977661 0.008874998986721038 0.011906147003173828 0.013593745417892933
