0.0 0.038484361767768815 0.8504374861717224 0.022046953439712524 0.01976553350687027
0.0 0.031781297922134355 0.8006406329572201 0.020718634128570557 0.017249956727027893
0.0 0.06610937118530269 0.8123593885451555 0.027171850204467773 0.02326551452279091
0.0 0.044374984502792314 0.8068437777459622 0.01685929298400879 0.022531360387802124
0.0 0.04878127276897426 0.82370312102139 0.014703065156936646 0.01971876248717308
0.0 0.02240626215934749 0.726296890154481 0.014718711376190186 0.017812516540288925
0.0 0.00040630102157590553 0.695906238257885 0.0008126020431518111 0.013453155755996704
0.0 0.012015652656555131 0.6211874723434448 0.021453022956848145 0.01753118634223938
0.0 0.25004686117172237 0.49082814119756224 0.014828145503997803 0.01753128692507744
0.0 0.21195314526557918 0.5275469120591879 0.012781262397766113 0.015359301120042801
0.0 0.105140608549118 0.4263593448325992 0.0152968168258667 0.018718717619776726
0.0 0.14717189669609065 0.39456249456852677 0.014296889305114746 0.016250012442469597
0.0 0.16142189204692836 0.3897499829530716 0.017124921083450317 0.01801559329032898
0.0 0.4772187888622284 0.32149997595697644 0.019999980926513672 0.01325002871453762
0.0 0.25142185091972347 0.3132030988112092 0.015968799591064453 0.013406233862042427
0.0 0.23842189908027644 0.29599998854100706 0.018374919891357422 0.019390661269426346
0.0 0.2771406143903732 0.30954688750207426 0.01821872591972351 0.013828128576278687
0.0 0.30351562499999996 0.3260312579572201 0.012125015258789062 0.009859330952167511
0.0 0.19657809734344478 0.5867656111717224 0.016734302043914795 0.01660924404859543
0.0 0.35259374678134914 0.9800781529396773 0.014828234910964966 0.01706257089972496
0.0 0.22715626358985896 0.28451561611145737 0.015265703201293945 0.011656293645501137
