0.0 0.0580050528049469 0.12326782029122114 0.019153475761413574 0.01605292037129402
0.0 0.03762232065200806 0.11662310427054763 0.017411649227142334 0.015167917124927044
0.0 0.200751456618309 0.06649796753190458 0.012897223234176636 0.011704032775014639
0.0 0.20858520567417144 0.06135111856274307 0.012524396181106567 0.01286098686978221
0.0 0.21936397552490233 0.07184677426703275 0.009820103645324707 0.012879770714789629
0.0 0.31278142631053923 0.11081081810407341 0.010973900556564331 0.012666937429457903
0.0 0.40159602761268615 0.15210727108642458 0.010629236698150635 0.010639526881277561
0.0 0.4500922441482544 0.17625761283561586 0.008311450481414795 0.008311486802995205
0.0 0.46322791576385497 0.18551446516066789 0.014333367347717285 0.012130340561270714
0.0 0.5253961563110352 0.21478182049468159 0.013132274150848389 0.015722832642495632
0.0 0.4595490872859955 0.3471820654347539 0.01574188470840454 0.012172283604741096
0.0 0.45430063009262084 0.3410202099010348 0.010711848735809326 0.010263020172715187
0.0 0.3694191753864288 0.3159730087034404 0.016786158084869385 0.013950864784419537
0.0 0.3634185820817947 0.3306278527714312 0.019859880208969116 0.016718602739274502
0.0 0.37790537178516387 0.3353956678882241 0.016535013914108276 0.014260685071349144
0.0 0.3735761076211929 0.3261650551110506 0.01192125678062439 0.009759150445461273
0.0 0.5451815605163575 0.2755032272078097 0.013657093048095703 0.012708515860140324
0.0 0.5647990584373475 0.2720593965612352 0.0142289400100708 0.011842447333037853
0.0 0.5572131454944611 0.4012981720268726 0.013650119304656982 0.012048918753862381
0.0 0.6084259033203125 0.4051042517647147 0.012526452541351318 0.011506525799632072
0.0 0.6648173362016678 0.3195453716441989 0.017748624086380005 0.01355680637061596
0.0 0.7361954331398011 0.3290755578316748 0.009941339492797852 0.011307950131595135
0.0 0.742689910531044 0.33866169322282075 0.010799199342727661 0.011900609359145164
0.0 0.7894519448280335 0.3585455875843763 0.008907794952392578 0.010243959724903107
0.0 0.5743191570043564 0.30383447064086794 0.01146671175956726 0.008998568169772625
0.0 0.5705088555812836 0.3679896371439099 0.010654091835021973 0.008889762684702873
0.0 0.572961512207985 0.391423200443387 0.011162549257278442 0.01122363656759262
0.0 0.8025185942649842 0.363504321500659 0.014110207557678223 0.01605825126171112
0.0 0.8148330628871918 0.38927967958152293 0.016149580478668213 0.016312625259160995
0.0 0.8197864770889283 0.384174245595932 0.011836409568786621 0.009745873510837555
0.0 0.8232333838939667 0.37849511224776505 0.015063464641571045 0.012360675260424614
0.0 0.6607215583324433 0.000661778706125915 0.014608383178710938 0.00132355741225183
0.0 0.6748483061790467 0.0016965372255071999 0.009254872798919678 0.0033930744510143997
0.0 0.6981626033782959 0.006900872639380396 0.008603096008300781 0.00872555491514504
0.0 0.7043793380260468 0.008747843862511217 0.007895171642303467 0.007884971564635634
0.0 0.7199216663837433 0.014012623066082596 0.006478071212768555 0.007518303114920855
0.0 0.6884025365114212 0.0040999861434102055 0.008747488260269165 0.008199972286820411
