0.0 0.9874843686819077 0.3582499987445772 0.015734374523162842 0.011250014416873455
0.0 0.9468750089406968 0.36065624197945 0.010875016450881958 0.012343752197921276
0.0 0.8443124771118165 0.4214531235396862 0.016406267881393433 0.011656243354082108
0.0 0.8657500103116036 0.4212499713525176 0.014703109860420227 0.011265629902482033
0.0 0.7252656251192093 0.3243593658320606 0.010718733072280884 0.008890642784535885
0.0 0.7193437546491623 0.3170937393791974 0.009859353303909302 0.01037499401718378
0.0 0.7059062451124192 0.32385936854407193 0.006703108549118042 0.011390629224479198
0.0 0.6050937205553055 0.3329062541946769 0.00812503695487976 0.010718761011958122
0.0 0.5079687863588334 0.34556251727044585 0.008468717336654663 0.008484363555908203
0.0 0.4544530838727951 0.35399999665096404 0.006624966859817505 0.006624964065849781
0.0 0.43914066553115844 0.3588750079274178 0.01223444938659668 0.008859386667609215
0.0 0.37104684412479405 0.3680781364440918 0.0095156729221344 0.01348438672721386
0.0 0.393999981880188 0.5141562517732382 0.013859331607818558 0.008390620350837708
0.0 0.4008594185113907 0.5098593780770898 0.00870314240455623 0.008015597239136696
0.0 0.48934375047683715 0.5115156253799796 0.01442188024520874 0.010078148916363716
0.0 0.49065628945827483 0.5272968966513872 0.016984373331069946 0.012171830981969833
0.0 0.475406277179718 0.5274843830615282 0.014015614986419678 0.010531224310398102
0.0 0.4823125183582306 0.5199843734502793 0.010296821594238281 0.006984371691942215
0.0 0.33390620648860936 0.42003125939518215 0.011234432458877563 0.009781228378415108
0.0 0.31623433828353886 0.4108437715098262 0.012218713760375977 0.008562466129660606
0.0 0.28457814753055577 0.5363750007003546 0.011468678712844849 0.00901564210653305
0.0 0.23459379673004155 0.5245937328785658 0.010359406471252441 0.008796874433755875
0.0 0.20656247735023503 0.4260312519967556 0.015687525272369385 0.009265590459108353
0.0 0.13562497794628148 0.4136406281962991 0.007421940565109253 0.009515589103102684
0.0 0.12654686272144322 0.4208281269297004 0.008203178644180298 0.009890561923384666
0.0 0.07596876025199895 0.42571874111890795 0.006609320640563965 0.008656259626150131
0.0 0.29759374558925633 0.4382812609896064 0.010046929121017456 0.006265657022595406
0.0 0.2819218665361405 0.5006093779578805 0.00914052128791809 0.006437553092837334
0.0 0.27253127396106724 0.5222187457606197 0.008874982595443726 0.008968720212578773
0.0 0.062015640735626265 0.4265156337991357 0.010531246662139893 0.013515667989850044
0.0 0.04251562356948857 0.44739062115550043 0.012812554836273193 0.0130624920129776
0.0 0.03932813107967381 0.44103124607354405 0.010203033685684204 0.007000012323260307
0.0 0.03775000870227818 0.43457812778651717 0.013000041246414185 0.008859336376190186
0.0 0.4373593658208847 0.06506249853409826 0.006468683481216431 0.008953117299824953
0.0 0.4221562922000885 0.06392187657766044 0.006562471389770508 0.008531247731298208
0.0 0.42742187082767485 0.052093749726191164 0.005703181028366089 0.005843749735504389
0.0 0.45956246852874755 0.06204687103163451 0.005515694618225098 0.005093734944239259
0.0 0.27335931658744816 0.07254687380045652 0.007531285285949707 0.007609368301928043
0.0 0.22821876704692845 0.0674843761138618 0.008749991655349731 0.00837500486522913
0.0 0.30820313394069676 0.1175312468316406 0.01218751072883606 0.009921880904585123
0.0 0.29346868693828587 0.11728124190121889 0.007515639066696167 0.006937500089406967
0.0 0.26884372830390935 0.11784375142306089 0.006812453269958496 0.007000012323260307
0.0 0.2623593538999558 0.11773437387309968 0.0062968432903289795 0.006281259935349226
0.0 0.24595313072204594 0.11807812829501926 0.00478130578994751 0.006375003140419722
0.0 0.2790781438350678 0.11784374513663351 0.00696873664855957 0.006984384264796972
0.0 0.32664063870906834 0.12007812373340129 0.005234330892562866 0.008203133940696716
0.0 0.3206093788146973 0.11706249308772385 0.005515694618225098 0.005421880166977644
0.0 0.33307811915874486 0.11731250430457293 0.006499975919723511 0.009203115943819284
0.0 0.35701558291912083 0.12100000316277146 0.0053282082080841064 0.00895312987267971
0.0 0.3657499730587006 0.11973436931148171 0.005218863487243652 0.005343739874660969
0.0 0.3509843677282334 0.12014062339439988 0.0071717798709869385 0.005812506191432476
0.0 0.3441718697547913 0.11965624787844717 0.005703091621398926 0.005406239535659552
0.0 0.28339064419269566 0.06248437180183828 0.00424996018409729 0.010453134309500456
