0.0 0.996361068636179 0.4048913037404418 0.007277862727642059 0.02811567038297653
0.0 0.989487417647615 0.30370221910998224 0.02102516470476985 0.024372755922377108
0.0 0.9928018286824226 0.2904173096641898 0.014396342635154723 0.016425979509949683
0.0 0.9748966166749596 0.28637270266190173 0.025597083382308483 0.019692800007760525
0.0 0.9632858000230045 0.3108917153440416 0.03022684222087264 0.024507555179297924
0.0 0.9257266673259437 0.2062375389970839 0.014391588605940342 0.015687361173331738
0.0 0.5384954729350284 0.041150156315416096 0.018837474985048175 0.016579744406044483
0.0 0.5257839292287827 1.0325293987989426e-05 0.016900062654167415 2.0650587975978853e-05
0.0 0.5067865785676986 0.014196749776601791 0.013577395491302014 0.011471477523446082
0.0 0.2646185633959249 0.10253989053890109 0.013786113495007158 0.017456330172717572
0.0 0.2539338605478406 0.11023563263006508 0.01724203610792756 0.02462540687993169
0.0 0.23308632702101023 0.10765945217572152 0.021084067737683655 0.015154825989156961
0.0 0.21963771169539542 0.13552444628439844 0.024301025597378612 0.02268266575410962
