0.0 0.08427890613675118 0.8219570288434624 0.008742950856685638 0.006976566463708878
0.0 0.07422967255115509 0.8160788998939097 0.005403158068656921 0.005892891995608806
0.0 0.04702109731733799 0.8427827658131719 0.008416412025690078 0.007956182956695557
0.0 0.7339453436434269 0.48706717109307646 0.008638988435268401 0.010553905740380287
0.0 0.7535835392773151 0.4963296925183386 0.011147676408290863 0.010271879006177187
0.0 0.7640039034187793 0.4846921839751303 0.011637420952320099 0.008490614779293536
0.0 0.7718413874506951 0.48252500225789846 0.009351521730422974 0.008208588045090438
0.0 0.7833898372948169 0.4798827992286533 0.012750770151615142 0.0075702893547713755
0.0 0.7979070343077183 0.4595320357941091 0.012231297791004181 0.007407035864889622
0.0 0.8081640653312206 0.4787992203142494 0.00841645449399948 0.008297644089907408
0.0 0.8229781582951545 0.47489530239254235 0.010821095108985901 0.006278928928077221
0.0 0.8219094008207322 0.4836382744833827 0.008713307976722717 0.009262497536838055
0.0 0.8323148161172866 0.47067968831397594 0.009796929359436036 0.008861697558313609
0.0 0.8545656196773053 0.47578593450598416 0.008535195887088776 0.009232828114181756
0.0 0.8687710992991924 0.4760827959515154 0.015481992065906525 0.011548428609967232
0.0 0.8751539163291454 0.46024453192949294 0.010895244777202606 0.00883202813565731
0.0 0.8974046774208546 0.46747345570474863 0.0148288294672966 0.009396081604063512
0.0 0.9203234225511551 0.48901171269826593 0.010836043953895569 0.00844613453373313
0.0 0.9265875406563282 0.46975936288945375 0.014101602137088776 0.007614817377179861
0.0 0.9544640362262726 0.46802265057340264 0.015986770391464233 0.011667201854288578
0.0 0.9661312699317932 0.4587304836139083 0.015541532635688781 0.007555526308715343
0.0 0.9980058163404465 0.46168438280001284 0.0039883673191070555 0.007674203999340534
0.0 0.8802453145384789 0.22449610107578338 0.013537538051605225 0.005967184994369745
0.0 0.8460452876985073 0.2463757714256644 0.01322573572397232 0.009559382870793342
0.0 0.8283218607306481 0.20139921996742488 0.009930449724197387 0.009915702603757381
0.0 0.8132702849805356 0.19973672898486255 0.011043713986873626 0.00893589500337839
0.0 0.8051211260259151 0.19746563262306155 0.008921147882938385 0.005818790104240179
0.0 0.5445390619337559 0.17457655691541732 0.006427408754825592 0.006842934619635343
0.0 0.5049062341451644 0.21368983802385627 0.010865601897239684 0.005180491413921118
0.0 0.5266820296645165 0.2224773381371051 0.007110214233398438 0.00902499882504344
0.0 0.5543210849165916 0.2127992297988385 0.008030587434768676 0.0052843582816421986
0.0 0.5587445415556431 0.21748984130099416 0.00911395400762558 0.011815596744418145
