0.0 0.001513826847076416 0.3501434217207134 0.003027653694152832 0.008605426736176014
0.0 0.0036784994415938856 0.32993506249040366 0.007356998883187771 0.012428091466426849
0.0 0.022871851362287997 0.3129263861104846 0.015481308102607727 0.007864417880773545
0.0 0.026089316140860318 0.3197635221295059 0.015599098987877369 0.012057614140212536
0.0 0.05723710115998983 0.30477569522336123 0.012432239949703217 0.010979842208325864
0.0 0.07260042559355498 0.295665096770972 0.011471791192889214 0.006988660432398319
0.0 0.08715492570772768 0.29273488400503994 0.011471983976662159 0.005641499720513821
0.0 0.0936742945574224 0.27575989477336404 0.012213044799864292 0.006635094434022904
0.0 0.10071581825613976 0.29062985731288793 0.0072606224566698074 0.00540571678429842
0.0 0.10972826685756445 0.28769964454695585 0.00825423002243042 0.006298222951591015
0.0 0.1076729990541935 0.2938968602567911 0.01234780065715313 0.0095821101218462
0.0 0.4288364023901522 0.21414130367338657 0.011185507290065289 0.007527600601315498
0.0 0.4537005931138992 0.21306355884298683 0.009282153099775314 0.010575704835355281
0.0 0.46684034951031206 0.21900816159322858 0.010629711672663689 0.008571712486445903
0.0 0.4300831350497901 0.20720310620963572 0.006738371215760708 0.006988714635372162
