0.0 0.9964375108480453 0.7946718614548445 0.007124978303909302 0.010781172662973404
0.0 0.7542812645435333 0.6359062269330025 0.011343777179718018 0.009890612214803696
0.0 0.3890313625335693 0.8278593700379133 0.015468835830688477 0.009046822786331177
0.0 0.4000469267368317 0.8408124782145023 0.008171975612640426 0.008437491953372955
0.0 0.39965630769729615 0.8726093787699938 0.008953213691711471 0.010171841830015182
0.0 0.3698280870914459 0.868515657261014 0.01265627145767212 0.009328152984380722
0.0 0.43656252026557923 0.844125023111701 0.013218820095062256 0.01651560142636299
0.0 0.4616249918937683 0.8318593483418226 0.014640569686889648 0.00967184454202652
0.0 0.48471872210502626 0.8401563009247184 0.014109313488006592 0.014468790963292122
0.0 0.5242031633853912 0.8305156119167805 0.01910930871963501 0.011390604078769684
0.0 0.4238281071186066 0.8099062386900187 0.010687530040740967 0.009937584400177002
0.0 0.4288125455379486 0.8212812524288893 0.008078277111053467 0.009140565991401672
0.0 0.4222656309604645 0.834546871483326 0.01565641164779663 0.01148434728384018
0.0 0.47860936522483827 0.8197812605649233 0.010140717029571533 0.010562404990196228
0.0 0.48689059615135194 0.7714062463492155 0.0112343430519104 0.011015631258487701
0.0 0.5031092882156372 0.7844687635079026 0.012671828269958496 0.01651565171778202
0.0 0.4797343730926514 0.7868124945089221 0.010812520980834961 0.018250001594424248
0.0 0.5342968523502349 0.8178280675783753 0.0180625319480896 0.009578151628375053
0.0 0.5602187484502792 0.807437508367002 0.013343721628189087 0.010906247422099113
0.0 0.9160937041044235 0.8757968991994858 0.011531263589859009 0.009171947836875916
0.0 0.8599374562501907 0.8857343830168247 0.011906236410140991 0.009890511631965637
0.0 0.6587656110525131 0.8493280978873372 0.009203106164932251 0.012203162536025047
0.0 0.6593437612056732 0.8412187825888395 0.010984361171722412 0.01070312038064003
0.0 0.6296875149011611 0.8161718957126141 0.009906202554702759 0.009234309196472168
0.0 0.9355937212705612 0.6106249820441008 0.01378127932548523 0.012015625834465027
0.0 0.9587656378746032 0.6156875174492598 0.011609315872192383 0.008875027298927307
0.0 0.8364062130451202 0.6487031299620867 0.01331251859664917 0.008624978363513947
0.0 0.81582812666893 0.7181718740612268 0.01175004243850708 0.009109385311603546
0.0 0.7787969231605529 0.7475468907505274 0.007734417915344238 0.008937489241361618
0.0 0.6684531241655349 0.7268905956298113 0.008953124284744263 0.00889061763882637
0.0 0.5748124688863754 0.7571718888357282 0.01065632700920105 0.0060937609523534775
