0.0 0.9743557155132294 0.3082609673961997 0.014176905155181885 0.01372256688773632
0.0 0.9863857358694077 0.3050714353099465 0.012307852506637573 0.011946072801947594
0.0 0.006700980663299561 0.44358695335686205 0.009958326816558838 0.011644575744867325
0.0 0.02167564183473587 0.43545696828514335 0.008971765637397766 0.01064261980354786
0.0 0.054453353583812716 0.4047717846930027 0.0116758793592453 0.012723024934530258
0.0 0.1439798131585121 0.40016916431486604 0.010536208748817444 0.012661367654800415
0.0 0.15552462190389632 0.394606807641685 0.011250749230384827 0.010103495791554451
0.0 0.17470585852861403 0.33337114602327345 0.011075243353843689 0.012122444808483124
0.0 0.1584429547190666 0.33868830688297746 0.007812425494194031 0.008135844022035599
0.0 0.15455272346735 0.3430650433525443 0.00955595076084137 0.00980999507009983
0.0 0.27956757992506026 0.295158795453608 0.011971995234489441 0.012634159997105598
0.0 0.31703473180532454 0.2778274169191718 0.010043665766716003 0.009943569079041481
0.0 0.3575190335512161 0.26284354124218223 0.007832318544387817 0.008840980008244514
0.0 0.36887657940387725 0.2600994653999805 0.013448148965835571 0.01186203584074974
0.0 0.4187281608581543 0.2382132936269045 0.010757982730865479 0.009395040571689606
0.0 0.42218856811523436 0.24456826820969582 0.0085601806640625 0.008444633334875107
0.0 0.43103677332401275 0.3041890975087881 0.01020464301109314 0.008726265281438828
0.0 0.43856153190135955 0.3078233566135168 0.01691266894340515 0.015087727457284927
0.0 0.44842504262924193 0.30399341359734533 0.011881649494171143 0.01081899181008339
0.0 0.48032848834991454 0.27965488135814665 0.008662283420562744 0.008839420974254608
0.0 0.4870638281106949 0.2789762238040566 0.010815650224685669 0.009937936440110207
0.0 0.47076922953128814 0.24227155968546868 0.009096354246139526 0.008757546544075012
0.0 0.47529183626174926 0.2347352145239711 0.009425818920135498 0.009256487712264061
0.0 0.5507361620664597 0.20478838440030814 0.01310768723487854 0.010897798463702202
0.0 0.5835067212581635 0.2364907119423151 0.008069515228271484 0.007692273706197739
0.0 0.5607808113098145 0.24638331066817046 0.0074329376220703125 0.0070864129811525345
0.0 0.5447331100702286 0.24417770504951478 0.007768481969833374 0.0072064585983753204
0.0 0.5604888528585434 0.25328819677233694 0.008587807416915894 0.008603252470493317
0.0 0.5868838012218476 0.1822869222611189 0.006882369518280029 0.007036272436380386
0.0 0.5958196252584458 0.1814597038552165 0.009642630815505981 0.00901891104876995
0.0 0.637633565068245 0.16521384045481682 0.010082155466079712 0.010174456983804703
0.0 0.6262642174959183 0.1697334297001362 0.008326202630996704 0.007394447922706604
0.0 0.6527396321296692 0.15917190480977297 0.010766386985778809 0.008972341194748878
0.0 0.6559639155864716 0.16343525927513838 0.01158607006072998 0.012502295896410942
0.0 0.1526124358177185 0.1740210246294737 0.009868115186691284 0.009290635585784912
0.0 0.2544566050171852 0.126518315076828 0.008951917290687561 0.008736323565244675
0.0 0.2720393121242523 0.1251337168738246 0.00859782099723816 0.007350442931056023
0.0 0.33055986016988753 0.09181861896067858 0.010251536965370178 0.011206286028027534
0.0 0.31886797696352004 0.13563504293560982 0.00701652467250824 0.007378455251455307
0.0 0.32986369282007216 0.12977423183619977 0.006846830248832703 0.007154759019613266
0.0 0.31463015377521514 0.138727386854589 0.008099913597106934 0.007537828758358955
0.0 0.30684861838817595 0.14301304556429387 0.008529245853424072 0.007274150848388672
0.0 0.29649030715227126 0.14700082819908858 0.005944803357124329 0.00486685149371624
0.0 0.29237483739852904 0.1463078124448657 0.006320446729660034 0.005858397111296654
0.0 0.2858248382806778 0.15076840985566378 0.0064435601234436035 0.005735183134675026
0.0 0.2813588708639145 0.15276221316307784 0.004780590534210205 0.004187716171145439
0.0 0.2747530370950699 0.15578759405761958 0.006128042936325073 0.005512090399861336
0.0 0.2720475599169731 0.1584358898922801 0.0058166831731796265 0.005347033962607384
0.0 0.2678296074271202 0.16033330969512463 0.0049469321966171265 0.004207782447338104
0.0 0.26357372403144835 0.16027172785252333 0.005409568548202515 0.0050708334892988205
0.0 0.2586311727762222 0.16475234124809504 0.005222350358963013 0.005299357697367668
0.0 0.25425758510828017 0.1664976043626666 0.004466548562049866 0.0036734361201524734
0.0 0.2507499486207962 0.169908544421196 0.005209475755691528 0.005001582205295563
0.0 0.244409541785717 0.17212493754923344 0.006284818053245544 0.005976833403110504
0.0 0.38352859318256377 0.0761008657515049 0.006735026836395264 0.006665725260972977
0.0 0.3484398007392883 0.09217116180807353 0.007145941257476807 0.0066069345921278
0.0 0.4505579799413681 0.04913155166432261 0.008201748132705688 0.00780897494405508
