0.0 0.6684875816106797 0.5041817139834166 0.013936132192611694 0.014323096722364426
0.0 0.6523645550012589 0.5053410820662976 0.027402609586715698 0.025344863533973694
0.0 0.8447619557380677 0.34738076403737067 0.02036726474761963 0.01703430712223053
0.0 0.8618470013141633 0.35244345031678675 0.017703652381896973 0.015725020319223404
0.0 0.8689678639173508 0.34307974129915236 0.02006515860557556 0.015430815517902374
0.0 0.8788746923208237 0.3514476802200079 0.022306233644485474 0.0192108191549778
0.0 0.8888026654720307 0.23744140863418578 0.02446746826171875 0.01881321519613266
0.0 0.8808558613061905 0.2505416192114353 0.016841858625411987 0.01512705534696579
0.0 0.8536422580480576 0.2803221356123686 0.01699867844581604 0.013753797858953476
0.0 0.8644242018461228 0.30477422587573527 0.01862373948097229 0.016750764101743698
0.0 0.8978379100561142 0.27971846256405114 0.019726306200027466 0.015100954100489616
0.0 0.9057679951190949 0.19383354317396878 0.019829928874969482 0.014835113659501076
0.0 0.9144047975540162 0.20132548101246356 0.021052837371826172 0.015416231006383896
0.0 0.9421892642974854 0.15257154610008 0.021579265594482422 0.01705930195748806
0.0 0.9565410494804383 0.12595516461879014 0.021254539489746094 0.01679607667028904
0.0 0.9732497811317444 0.11364495679736138 0.017966866493225098 0.015056144446134567
0.0 0.9704150438308716 0.07600849326699972 0.021333932876586914 0.017649320885539055
0.0 0.9944383442401886 0.09454628750681877 0.011123311519622803 0.016173720359802246
0.0 0.989077764749527 0.1024217477068305 0.013597190380096436 0.011600973084568977
0.0 0.9959574580192566 0.10087659414857626 0.008085083961486817 0.01708032377064228
0.0 0.015375654399394988 0.1603194672614336 0.007843449711799622 0.0066914744675159454
0.0 0.08717061132192612 0.11810746528208256 0.014900431036949158 0.01191936805844307
0.0 0.09207637161016465 0.12487211376428604 0.01066647469997406 0.008652739226818085
0.0 0.06108449697494507 0.1910704320296645 0.009870350360870361 0.008779926225543022
0.0 0.08085720539093018 0.20123719442635774 0.010569959878921509 0.00968175195157528
0.0 0.07734161168336869 0.2142002100124955 0.010757938027381897 0.01087225042283535
0.0 0.11204383075237274 0.18908920157700776 0.010681718587875366 0.010461872443556786
0.0 0.14020957350730895 0.08395752981305123 0.00944817066192627 0.00920192152261734
0.0 0.15149096697568892 0.08585248533636332 0.010466203093528748 0.009015189483761787
0.0 0.20815135836601256 0.06550938002765179 0.012140035629272461 0.011172741651535034
0.0 0.19557470381259917 0.07045923750847578 0.009065240621566772 0.00844971276819706
0.0 0.23038222193717955 0.05901484675705433 0.012367844581604004 0.008674465119838715
0.0 0.23284757435321807 0.06385381165891886 0.010954052209854126 0.008790789172053337
0.0 0.23312835693359374 0.07128580212593079 0.011603057384490967 0.0093783438205719
