0.0 0.39449487689416857 0.07231547269038856 0.019853424048051238 0.012289932649582624
0.0 0.4373954061185941 0.057373424107208845 0.019853424048051238 0.013877499010413885
0.0 0.3608206919627264 0.004050877946428955 0.020880651427432895 0.00810175589285791
0.0 0.5826632261043414 0.08989118132740259 0.02000282728113234 0.015166284516453743
0.0 0.562510995590128 0.0707279664464295 0.024952156702056527 0.014830110967159272
0.0 0.6682027220260351 0.12872205176390708 0.020245741121470928 0.015203677210956812
0.0 0.4654291915241629 0.03891988890245557 0.017238653730601072 0.011692250706255436
0.0 0.4865899472963065 0.01716037660371512 0.015557813923805952 0.018584229284897447
0.0 0.4980761490762234 0.03880783105269074 0.0193677032366395 0.011729523167014122
0.0 0.664859637664631 0.1117814177647233 0.01342855067923665 0.012457899190485478
0.0 0.0059436092153191565 0.26902863942086697 0.00902083469554782 0.011225262843072414
