0.0 0.960859340429306 0.047125020623207094 0.009578168392181396 0.008265595883131027
0.0 0.9529531717300415 0.06375000588595867 0.00976574420928955 0.009531229734420776
0.0 0.9172500193119049 0.08698436487466096 0.010390698909759521 0.013562539592385292
0.0 0.8552812457084655 0.10875001326203346 0.01451575756072998 0.01228126510977745
0.0 0.8367343962192535 0.11218750718981027 0.011828362941741943 0.011953113600611687
0.0 0.824312549829483 0.11732812002301216 0.009390413761138916 0.010249994695186615
0.0 0.8152812838554382 0.11703124977648258 0.011359333992004395 0.008843746036291122
0.0 0.7488749742507934 0.024562479555606843 0.016187667846679688 0.010375019162893295
0.0 0.7096250474452972 0.02423437833786011 0.011312663555145264 0.011328142136335373
0.0 0.7102812051773071 0.0681874943897128 0.007015585899353027 0.012796802446246147
0.0 0.5759218454360961 0.030859367549419404 0.0112343430519104 0.00937502458691597
0.0 0.5469687402248382 0.12685937490314245 0.012531280517578125 0.009281231090426445
0.0 0.4204374969005585 0.1156093856319785 0.014781296253204346 0.011578140780329704
0.0 0.41190623939037324 0.13449997417628765 0.009734362363815308 0.01015625149011612
0.0 0.4647812515497208 0.09659374747425317 0.013031333684921265 0.008781233802437782
0.0 0.48565625846385957 0.0966405939310789 0.011546820402145386 0.010484352707862854
0.0 0.5068593889474868 0.10560936443507671 0.009781211614608765 0.009093794971704483
0.0 0.36264063119888307 0.13501563724130392 0.012640714645385742 0.007750058546662331
0.0 0.2772500038146973 0.13653124459087848 0.01643747091293335 0.010749991983175278
0.0 0.2292031466960907 0.16476562675088643 0.009421885013580322 0.00943753682076931
0.0 0.7278124809265136 0.01610937211662531 0.008687496185302734 0.00828123651444912
0.0 0.856609296798706 0.0338437357917428 0.00865638256072998 0.00882810540497303
