0.0 0.9431656807661056 0.7232180323451758 0.011189192533493042 0.010842729359865189
0.0 0.942131108045578 0.7148589950054884 0.0168265700340271 0.012308623641729355
0.0 0.5271837174892425 0.9974518470466137 0.02481740713119507 0.005096305906772613
0.0 0.5825949370861053 0.9482334081083537 0.01886540651321411 0.015187103301286697
0.0 0.6270831286907196 0.9736999768763781 0.02614492177963257 0.01700262352824211
0.0 0.6643698573112488 0.987862141057849 0.01726841926574707 0.020080458372831345
0.0 0.6960884988307953 0.9443198304623366 0.016584813594818115 0.02335503324866295
0.0 0.6804062485694885 0.9437370032072068 0.01968991756439209 0.021342672407627106
0.0 0.6555921494960785 0.9287419125437737 0.020465075969696045 0.014574453234672546
0.0 0.6497779250144958 0.9181124690920115 0.021204471588134766 0.011262159794569016
0.0 0.6186414122581482 0.9252915691584349 0.014598369598388672 0.012985747307538986
0.0 0.6069542229175567 0.9027000099420548 0.018136918544769287 0.01267283409833908
0.0 0.6438318252563476 0.889265562593937 0.015222430229187012 0.013436660170555115
0.0 0.6858949422836303 0.8800011791288853 0.015057563781738281 0.015417337417602539
0.0 0.7200255155563354 0.8779118724167347 0.0145493745803833 0.014709234237670898
0.0 0.6953215658664703 0.8088407825678587 0.020556628704071045 0.013372991234064102
0.0 0.6042649507522583 0.7728040639311076 0.018604516983032227 0.012434151023626328
0.0 0.6374572873115539 0.7451002310961485 0.018635272979736328 0.010905493050813675
0.0 0.6150602161884308 0.7522803872823716 0.0137978196144104 0.012358613312244415
0.0 0.7371152102947235 0.7283426776528359 0.015510499477386475 0.010592982172966003
0.0 0.7390727758407593 0.7402807038277388 0.020841121673583984 0.01192520186305046
0.0 0.9344980776309967 0.7240746460855008 0.01698213815689087 0.012663982808589935
0.0 0.9760416954755783 0.6786947373300791 0.013475507497787476 0.012769293040037155
0.0 0.9549735695123672 0.7358861893415451 0.012088626623153687 0.01272815465927124
0.0 0.9585016578435898 0.8360403433442116 0.012104004621505737 0.013276733458042145
0.0 0.7571404933929443 0.5175535373389721 0.016566038131713867 0.011088453233242035
0.0 0.7698329746723175 0.5288684025406838 0.009254872798919678 0.009481340646743774
0.0 0.7738196313381195 0.5604167629033328 0.010267317295074463 0.01130661740899086
0.0 0.7437118351459503 0.5604647409170866 0.013818919658660889 0.010980326682329178
0.0 0.806457108259201 0.5271268609911204 0.01536494493484497 0.01817682757973671
0.0 0.8295942902565002 0.5115304861217738 0.015831828117370605 0.011593680828809738
0.0 0.8536098062992096 0.5165721002966166 0.015965402126312256 0.016271989792585373
0.0 0.891392832994461 0.5015920719131828 0.020494401454925537 0.013910757377743721
0.0 0.7891370117664337 0.49498486071825026 0.011952817440032959 0.01131315529346466
0.0 0.7956386864185333 0.5055661752820015 0.009258806705474854 0.01016480103135109
0.0 0.7909787058830261 0.5196061816066504 0.017087101936340332 0.013528693467378616
0.0 0.8447559237480163 0.49723105151206254 0.011497020721435547 0.01185685582458973
0.0 0.8463046312332153 0.4481767762452364 0.012642860412597656 0.012456178665161133
0.0 0.8641659080982208 0.4588842971250415 0.01482313871383667 0.018101641908288002
0.0 0.8413354814052582 0.46442090459167956 0.013219892978668213 0.019563764333724976
0.0 0.8996454536914825 0.4876367814838886 0.01920837163925171 0.011971570551395416
0.0 0.9238917738199234 0.4737795090302825 0.014717012643814087 0.01263798214495182
0.0 0.9939016759395599 0.47287567164748906 0.011082172393798828 0.010509146377444267
0.0 0.9314329832792282 0.42198432628065347 0.011393219232559204 0.007501618936657906
