0.0 0.5806719303131104 0.9614843789488077 0.01745295524597168 0.01656247302889824
0.0 0.5104218363761902 0.9667187601327896 0.020125150680541992 0.017984412610530853
0.0 0.1477968782186508 0.9648906167596578 0.01787504553794861 0.020718757063150406
0.0 0.10548436045646667 0.8963281743228435 0.016718745231628418 0.025000065565109253
0.0 0.2882812410593033 0.8225000191479921 0.015046924352645874 0.018765639513731003
0.0 0.23378125727176666 0.7818124506622552 0.013640552759170532 0.01831241324543953
0.0 0.2092031031847 0.7681250374764204 0.01710936427116394 0.016453038901090622
0.0 0.12876562178134918 0.6755937550216913 0.017531365156173706 0.013828027993440628
0.0 0.2590156584978104 0.8034999713301658 0.012468785047531128 0.019984401762485504
0.0 0.1426718920469284 0.6506874829530715 0.016406267881393433 0.01887497305870056
0.0 0.0672343611717224 0.6931718632578849 0.013046979904174805 0.012171931564807892
0.0 0.16393747329711914 0.6318749718368053 0.009140610694885254 0.014156229794025421
0.0 0.0957656443119049 0.6677968248724937 0.02253127098083496 0.009046822786331177
0.0 0.25912495851516726 0.6966405630111694 0.013531208038330078 0.01445315033197403
