0.0 0.2842752754688263 0.8770411930978298 0.02514892816543579 0.020113550126552582
0.0 0.019471150636672974 0.9792423587292433 0.027877628803253174 0.02523251250386238
0.0 0.3300047039985657 0.7726395767182112 0.021829962730407715 0.016922157257795334
0.0 0.28253300189971925 0.7645828913897276 0.027018070220947266 0.025626596063375473
0.0 0.2670064985752106 0.7734482124447822 0.01784437894821167 0.015772998332977295
0.0 0.2361735224723816 0.6989388599991798 0.020183086395263672 0.017251163721084595
0.0 0.18845532536506654 0.7176664792001247 0.02735978364944458 0.020072713494300842
0.0 0.14950571656227113 0.7262568067759275 0.01940828561782837 0.02164975181221962
0.0 0.12445495724678039 0.6785655546933412 0.019254863262176514 0.02465134486556053
0.0 0.14005531072616578 0.6802690256386995 0.02189505100250244 0.023212406784296036
0.0 0.16678593754768373 0.6690411143004894 0.02160733938217163 0.016911998391151428
0.0 0.17408378124237062 0.6593699738383293 0.02180778980255127 0.013883046805858612
0.0 0.20384566187858583 0.6709999147802591 0.0158044695854187 0.014519032090902328
0.0 0.21869338750839235 0.6503476429730654 0.019112348556518555 0.014757011085748672
0.0 0.1841609299182892 0.6316941030323505 0.016464293003082275 0.015040956437587738
0.0 0.1438917636871338 0.6164124518632889 0.016607165336608887 0.01689409464597702
0.0 0.11042762994766235 0.6093829687684774 0.01601850986480713 0.01614585891366005
0.0 0.14491162896156312 0.5446376450359821 0.02151256799697876 0.015786677598953247
0.0 0.24024019837379457 0.5222229607403278 0.0195198655128479 0.014601409435272217
0.0 0.21142853498458863 0.48998751901090143 0.019317984580993652 0.013156536966562271
0.0 0.23254377841949464 0.5003478530794382 0.01495063304901123 0.013803485780954361
0.0 0.11526597738265991 0.458918335288763 0.016307830810546875 0.012387983500957489
0.0 0.11159349679946899 0.47044492736458776 0.02156352996826172 0.014456771314144135
0.0 0.1261012077331543 0.24745755307376385 0.017383575439453125 0.013017531484365463
0.0 0.11189837455749511 0.25680672787129877 0.0102081298828125 0.010388698428869247
0.0 0.10336716175079345 0.2874402370303869 0.011444091796875 0.012272413820028305
0.0 0.13314808607101442 0.2918652281165123 0.014762520790100098 0.01249983161687851
0.0 0.0759167194366455 0.2497587375342846 0.01731562614440918 0.019557125866413116
0.0 0.05529294610023498 0.23096407987177373 0.016763627529144287 0.013385463505983353
0.0 0.030799728631973267 0.2324604507535696 0.0175972580909729 0.017841685563325882
0.0 0.0031817317008972167 0.21214613728225232 0.006363463401794433 0.016287077218294144
0.0 0.09772585034370422 0.22047658395022154 0.013043224811553955 0.01253337599337101
0.0 0.08975486159324646 0.23000014424324036 0.010315239429473877 0.011037357151508331
0.0 0.0923240602016449 0.24456851221621037 0.018246352672576904 0.01540999487042427
0.0 0.042371582984924314 0.2146122021600604 0.012693285942077637 0.012979963794350624
0.0 0.04797149896621704 0.16585399247705937 0.0138702392578125 0.013721410185098648
0.0 0.028743278980255128 0.17385083101689816 0.01679062843322754 0.019403938204050064
0.0 0.05052603483200073 0.1826480071991682 0.015491366386413574 0.02054806798696518
