0.0 0.28635448813438413 0.016765101440250875 0.025563418865203857 0.016180207952857018
0.0 0.2712178885936737 0.056526729464530946 0.025912821292877197 0.01736462116241455
0.0 0.38470823168754575 0.07063447833061218 0.017556846141815186 0.02452581748366356
0.0 0.9739412724971771 0.1801202805712819 0.015760838985443115 0.015747802332043648
0.0 0.9849865645170212 0.18537196200340986 0.020689576864242554 0.023247459903359413
0.0 0.5215815365314483 0.17646200731396675 0.026076972484588623 0.02017812430858612
0.0 0.5327747523784637 0.0735251285135746 0.02773815393447876 0.016305886209011078
0.0 0.5727363586425781 0.10330212451517581 0.02509903907775879 0.01940886676311493
0.0 0.32806274890899656 0.0936767240986228 0.017652153968811035 0.02114950306713581
0.0 0.621212637424469 0.004889396764338016 0.02189791202545166 0.009778793528676033
