0.0 0.7077656388282776 0.8861406411975622 0.014828145503997803 0.01753128692507744
0.0 0.7458593547344208 0.9228594120591879 0.012781262397766113 0.015359301120042801
0.0 0.852671891450882 0.8216718448325991 0.0152968168258667 0.018718717619776726
0.0 0.8106406033039093 0.7898749945685267 0.014296889305114746 0.016250012442469597
0.0 0.7963906079530716 0.7850624829530716 0.017124921083450317 0.01801559329032898
0.0 0.4805937111377716 0.7168124759569764 0.019999980926513672 0.01325002871453762
0.0 0.7063906490802765 0.7085155988112092 0.015968799591064453 0.013406233862042427
0.0 0.7193906009197235 0.691312488541007 0.018374919891357422 0.019390661269426346
0.0 0.6806718856096268 0.7048593875020742 0.01821872591972351 0.013828128576278687
0.0 0.654296875 0.72134375795722 0.012125015258789062 0.009859330952167511
0.0 0.7612344026565552 0.9820781111717224 0.016734302043914795 0.01660924404859543
0.0 0.730656236410141 0.6798281161114573 0.015265703201293945 0.011656293645501137
