0.0 0.5660105671966449 0.243836054764688 0.015137205785140394 0.011292435228824615
0.0 0.5463911187602207 0.250850271480158 0.014332165149971843 0.01180206248536706
0.0 0.5102655345574021 0.2631753860972822 0.012426528614014387 0.014283203892409802
0.0 0.510225297883153 0.27806212662253527 0.017915148846805097 0.01376015176065266
0.0 0.5677013905718923 0.3007811379153281 0.013755106739699841 0.012043451238423587
0.0 0.8621676552109421 0.35472198436036706 0.009796248003840446 0.011574055440723896
0.0 0.8607585653429851 0.36877722437493504 0.01850572186522186 0.015154914278537036
0.0 0.9212272606790066 0.33156040543690324 0.01923021236434579 0.014980606734752655
0.0 0.9381627924041822 0.3209251415915787 0.01630483721382916 0.008006750978529454
0.0 0.9943202916532755 0.2778072914108634 0.011359416693449021 0.00869059944525361
0.0 0.9856547379633411 0.29509468884207307 0.0120508071500808 0.007537182513624429
0.0 0.7910974408732727 0.19393203807994724 0.010628241067752241 0.010568268969655037
0.0 0.8191846743691713 0.20818841380532832 0.014801874570548535 0.007845695642754436
0.0 0.8048927842872218 0.21548422914929688 0.014801797783002257 0.008167590480297804
