0.0 0.1068460182286799 0.25681776106357573 0.02000194638967523 0.01107885092496872
0.0 0.09839251358062029 0.29076312724500897 0.020176060497760773 0.012046581879258157
0.0 0.19244398428127168 0.29113445673137905 0.012355042994022347 0.018976549431681634
0.0 0.6843123691156506 0.32264591939747334 0.011737114377319812 0.011722268164157867
0.0 0.6938468076754362 0.3258483674377203 0.015142339281737804 0.017570418119430543
0.0 0.7475403854390607 0.35615329872816803 0.02303563472814858 0.016940026357769967
0.0 0.7239359755069017 0.31855085399001837 0.01799081079661846 0.012293197587132454
0.0 0.31459738379344343 0.3640836229547858 0.020025181211531164 0.014414158836007118
0.0 0.3136256388388574 0.2789532782509923 0.0218324974179267 0.010961290821433068
0.0 0.3491794014815241 0.2993368893861771 0.019275637622922705 0.013862912356853486
0.0 0.14845583424903452 0.3155075442045927 0.012783710751682609 0.01610536202788353
0.0 0.22885545007884503 0.1765867119655013 0.012585332430899099 0.01895868591964245
0.0 0.153787784697488 0.16085464358329774 0.01825183490291238 0.018855681270360948
0.0 0.1564470688812435 0.11273996653035283 0.017394940555095717 0.019685900397598745
0.0 0.33147615836933253 0.19460202250629663 0.013546783477067947 0.01781136877834797
0.0 0.28213980821892615 0.18217120971530676 0.0165761336684227 0.014079217985272407
0.0 0.49565785804297774 0.15647169444710016 0.017375161545351146 0.012669902667403221
0.0 0.3145854722708464 0.18197214733809233 0.01989871319383383 0.012563052400946618
0.0 0.4530747897457331 0.15684149395674468 0.016980684269219636 0.01087387539446354
0.0 0.378699536761269 0.21095902435481548 0.01672657178714876 0.012840308994054795
0.0 0.3388454203493893 0.1418136490508914 0.01801963374018669 0.014282084628939628
0.0 0.39091877369210126 0.09929378675296903 0.013759426213800862 0.011598360724747181
0.0 0.325197315402329 0.08245146181434393 0.0181022791191936 0.01028342843055725
0.0 0.2603400307241827 0.03973642410710454 0.019812391418963717 0.014560809172689915
0.0 0.42923056851141156 0.07130901347845793 0.015775414649397135 0.015437258407473564
0.0 0.4005114463623613 0.026810353714972736 0.015585418511182069 0.014751063846051692
0.0 0.533280659513548 0.07484707431867718 0.016674808133393525 0.011312379129230976
0.0 0.5181447539245709 0.062032413110136984 0.01542667173780501 0.015361297130584716
0.0 0.501308735832572 0.010236446652561427 0.01481719883158803 0.01100576352328062
0.0 0.4551290862262249 0.018467080499976873 0.012862385623157025 0.01161924283951521
0.0 0.45597083382308484 0.0007670367136597634 0.014325297065079212 0.0015340734273195267
0.0 0.05480134077370169 0.020059610530734063 0.01338796317577362 0.015766782313585283
0.0 0.3270231606438756 0.16438425853848457 0.012915325723588555 0.016584368795156477
