0.0 0.6267597675323486 0.036957038752734664 0.028507232666015625 0.025182271376252174
0.0 0.6743052303791046 0.05274562742561102 0.031546175479888916 0.028176119551062584
0.0 0.7116285264492035 0.019379332847893237 0.026609838008880615 0.02774522267282009
0.0 0.7404693365097046 0.013074869848787784 0.030894041061401367 0.02614973969757557
0.0 0.7312110662460327 0.03597811628133059 0.025560736656188965 0.024416333064436913
0.0 0.7943252325057983 0.020482676289975642 0.031165122985839844 0.028678128495812416
0.0 0.7635175585746765 0.05378213357180357 0.029290437698364258 0.028857870027422905
0.0 0.7822683453559875 0.07397808618843556 0.027576327323913574 0.032388076186180115
0.0 0.7615401446819305 0.1179259467869997 0.02755039930343628 0.029649809002876282
0.0 0.7218922674655914 0.16205188930034636 0.029731571674346924 0.032290711998939514
0.0 0.7342521548271179 0.12478499226272106 0.025549650192260742 0.031226545572280884
0.0 0.737557977437973 0.09730553459376097 0.03044039011001587 0.025448312982916832
0.0 0.7463851273059845 0.07507469058036804 0.031534016132354736 0.031335677951574326
