0.0 0.4858630642294884 0.9906730751972646 0.017280923202633858 0.018653849605470896
0.0 0.540543016558513 0.9747069186996669 0.016042919363826513 0.018351221922785044
0.0 0.5638504086993634 0.9710678427945822 0.018233060836791992 0.01789456745609641
0.0 0.6539724849164485 0.9216252197511494 0.01780377421528101 0.015952900983393192
0.0 0.5143992288969457 0.9844459728337824 0.015605910681188107 0.01932631153613329
0.0 0.6502538626547902 0.8980124837253243 0.018382179085165262 0.019595095422118902
0.0 0.6972876249812543 0.9532777883578092 0.013795199804008007 0.013351285364478827
0.0 0.6389777041506022 0.8770582976285368 0.011297075543552637 0.013779283035546541
0.0 0.6821979678235948 0.9250581774394959 0.02035115472972393 0.01364257326349616
0.0 0.8597287904005497 0.9992513605393469 0.02075382648035884 0.0014972789213061333
0.0 0.545302355242893 0.9003954227082431 0.01483767805621028 0.015285197645425797
0.0 0.06625495925545688 0.22582597972359508 0.024757077917456627 0.017494973726570606
0.0 0.3851724851876497 0.21088001743191853 0.017144175246357918 0.014510389533825219
0.0 0.3947854766622186 0.12166701405658387 0.013589628040790603 0.01195910241222009
0.0 0.3589469411410391 0.10287109029013664 0.012725506909191608 0.012957212282344699
0.0 0.3718637752346694 0.11619657927076332 0.022197402082383633 0.016891885141376406
