0.0 0.006162464618682861 0.6313489776104688 0.012324929237365723 0.015333753079175949
0.0 0.41416820883750916 0.4170602083206177 0.02044093608856201 0.02269953489303589
0.0 0.40601688623428345 0.42884570062160493 0.020407140254974365 0.019765734672546387
0.0 0.39925186336040497 0.40715921092778445 0.015479475259780884 0.01346004568040371
0.0 0.1445108950138092 0.83712964579463 0.01787388324737549 0.02024732530117035
0.0 0.17399588227272034 0.8432929597795009 0.018423020839691162 0.018164657056331635
0.0 0.5450256764888763 0.40523893367499114 0.025558054447174072 0.024792412295937538
0.0 0.7587712705135345 0.4321919910609722 0.018273890018463135 0.01582389324903488
0.0 0.8664611577987671 0.44358510971069337 0.016725540161132812 0.017711229622364044
0.0 0.8983284831047058 0.4541782930493355 0.024631261825561523 0.019903533160686493
