0.0 0.0049012400908395645 0.44853500083554537 0.009802480181679129 0.007116086548194289
0.0 0.003401481476612389 0.45577760201413187 0.006802962953224778 0.00929967206902802
0.0 0.013312185578979552 0.44650031679775565 0.009778355667367577 0.009138585859909653
0.0 0.031351513951085506 0.45450972963590175 0.008768921112641692 0.009245067974552513
0.0 0.04335791771300137 0.45710871105547995 0.015046934317797422 0.012357831792905926
0.0 0.05139171991031617 0.44472316417377444 0.010705543262884021 0.009294880786910653
0.0 0.06908025031443685 0.4545338512631133 0.01413700389675796 0.010423475550487638
0.0 0.08497131748590618 0.4765976434573531 0.010591572476550936 0.008957632351666689
0.0 0.09346852989401669 0.4612953209783882 0.013225531345233322 0.008791754860430956
0.0 0.11741278604604304 0.46442739448975773 0.015494886506348848 0.012542048329487443
0.0 0.128849519463256 0.45846986887045205 0.014437719341367483 0.008979358337819576
0.0 0.15858186865225435 0.46686008537653834 0.010993187315762043 0.008405602304264903
0.0 0.8904407201334834 0.34469368807040157 0.014051892980933189 0.008989023510366678
0.0 0.8358293266966939 0.3389117464190349 0.010550522431731223 0.006756162131205201
0.0 0.8229482779279351 0.33556724563241 0.009910464845597744 0.0057710993103683
0.0 0.8023581188637763 0.33125787975732235 0.01088611939921975 0.007172921067103743
0.0 0.4500597313512117 0.3564469715813175 0.009288472216576337 0.006995147978886962
0.0 0.31103453850373625 0.30448789200745524 0.010029135458171367 0.008496677968651056
0.0 0.20820733392611146 0.27814079686068 0.007783499732613564 0.008665446750819683
0.0 0.09466621452011167 0.245511236297898 0.012474513798952102 0.007300385693088174
0.0 0.06202716967090964 0.2584274176741019 0.01280350163578987 0.010297167440876364
0.0 0.054417930683121084 0.21733257030136882 0.010065852850675582 0.01005508378148079
0.0 0.041919146687723695 0.2134349655592814 0.010848741093650461 0.009407558524981142
0.0 0.03537864084355533 0.21016130140051245 0.008532387670129538 0.006411726772785187
