0.0 0.9339273886289448 0.05396928566042334 0.011209641210734844 0.010527101950719953
0.0 0.9233259816421195 0.057606815523467955 0.009719912195578218 0.00917662656866014
0.0 0.8038901401218027 0.05197499427013099 0.012980118487030267 0.009594963118433952
0.0 0.7940596838016063 0.05774097500834614 0.008100718539208174 0.007358563924208283
0.0 0.788227816997096 0.05595943129155785 0.010842019598931074 0.007327663293108344
0.0 0.7858866647351533 0.061499502137303354 0.010462321061640977 0.0081596695818007
0.0 0.7844429085496814 0.04372325711883605 0.008042427245527506 0.007416785787791013
0.0 0.7823768686503172 0.03374754113610834 0.010216756910085677 0.00898614819161594
0.0 0.7602339062839747 0.04394078487530351 0.011175181716680527 0.008721499238163233
0.0 0.7623731323517859 0.03079039151780307 0.008222937025129795 0.008366368524730206
0.0 0.7543891574256122 0.027773774042725564 0.0125178137794137 0.012010649405419826
0.0 0.733899284619838 0.016681761434301733 0.013813104294240475 0.008552044164389372
0.0 0.7321568258106709 0.02275251210667193 0.014468800835311412 0.012028048001229762
0.0 0.7044766736216843 0.01453314812388271 0.011713651567697525 0.010716855386272072
0.0 0.690594891877845 0.009061312396079301 0.010390181560069323 0.007295267470180988
0.0 0.678203241713345 0.00858189952559769 0.010210959985852242 0.006183569692075253
0.0 0.6667407096829265 0.008651108783669769 0.0067068803124129776 0.00542804473079741
0.0 0.6589189681224525 0.007433524238876998 0.007645176909863949 0.006296887109056115
0.0 0.661439019907266 0.01227382265496999 0.011457942798733712 0.009552146261557936
0.0 0.3553006331901997 0.001280199782922864 0.009906782489269928 0.002560399565845728
