0.0 0.004679703712463401 0.31231251545250416 0.009359407424926802 0.008171852678060532
0.0 0.0056444942951202615 0.34226563200354576 0.011288988590240523 0.008968770503997803
0.0 0.0005039513111114724 0.37643749453127384 0.0010079026222229448 0.01053132489323616
0.0 0.035437542200088545 0.3521875003352761 0.014625012874603271 0.017265597358345985
0.0 0.026890683174133345 0.32807812094688416 0.01373434066772461 0.01015625149011612
0.0 0.024984347820282027 0.2831406006589532 0.007281303405761719 0.014046845957636833
0.0 0.006285184621810935 0.25432811863720417 0.01257036924362187 0.015531247481703758
0.0 0.06420316100120549 0.27399999694898725 0.01618748903274536 0.015046815387904644
0.0 0.04456250667572026 0.3137656357139349 0.016937613487243652 0.009781278669834137
0.0 0.0676249891519547 0.32995313592255116 0.011906415224075317 0.015187505632638931
0.0 0.07670314908027653 0.3635312579572201 0.01393747329711914 0.01015625149011612
0.0 0.08326562047004704 0.3708749869838357 0.012921810150146484 0.014734430238604546
0.0 0.0903593480587006 0.3784531243145466 0.012999951839447021 0.016281243413686752
0.0 0.10298441648483281 0.3710468830540776 0.020843803882598877 0.011296810582280159
0.0 0.08249998390674596 0.38948437105864286 0.016546815633773804 0.01603124476969242
0.0 0.16871874332427983 0.23392187245190144 0.0140000581741333 0.015828117728233337
0.0 0.20506245195865636 0.22768749669194221 0.014515668153762817 0.016187500208616257
0.0 0.11932809948921208 0.1730000041425228 0.012562572956085205 0.01342187449336052
0.0 0.14676562249660496 0.16346873668953776 0.010375052690505981 0.012359392829239368
0.0 0.1433749526739121 0.15485936123877764 0.012015670537948608 0.013109363615512848
0.0 0.16224997043609624 0.15028125792741776 0.008953213691711426 0.012968748807907104
0.0 0.1604844063520432 0.10785937728360295 0.015046924352645874 0.012874980457127094
0.0 0.25095312595367436 0.09826562274247408 0.01393747329711914 0.007828161120414734
0.0 0.2412656575441361 0.08518750267103314 0.012765616178512573 0.015062506310641766
