0.0 0.9050967084243894 0.2039647376164794 0.010185813531279564 0.009919790178537368
0.0 0.9254126043990254 0.21427466347813606 0.012100240215659142 0.010365591198205949
0.0 0.9711930342018604 0.18726456863805652 0.017918182909488677 0.013430772162973881
0.0 0.9997042464092374 0.19714719876646997 0.0005915071815252304 0.010662871599197387
0.0 0.9790368657559156 0.2026829699985683 0.00879189819097519 0.00991984996944666
0.0 0.9932190449908376 0.20807013092562557 0.012044509127736091 0.010309925861656665
0.0 0.954854678735137 0.2024786644615233 0.012323377281427383 0.010532826371490955
0.0 0.9937765685841441 0.20088108126074075 0.010966474190354347 0.008025016263127327
0.0 0.935598524287343 0.20585957132279872 0.010297488421201706 0.009362538903951645
0.0 0.9434980869293212 0.20441059842705728 0.009832920879125595 0.009343884140253066
