0.0 0.11985802808776498 0.9302967972587795 0.02570780161768198 0.019097111094743012
0.0 0.1569806331768632 0.8656860516872257 0.02404163181781769 0.012781803030520678
0.0 0.19322205213829874 0.8776010763831437 0.0114562863484025 0.014405357278883457
0.0 0.20864395182579756 0.8679699747357518 0.013976065814495087 0.011419792380183934
0.0 0.7051869770511985 0.9595753320958466 0.022485531494021417 0.01618018699809909
0.0 0.6583705760538578 0.8505927807185799 0.019153507053852083 0.0192345698364079
0.0 0.7060545325279236 0.8221811127848924 0.02552886977791786 0.013387170620262623
0.0 0.8655883014202118 0.8438510582782328 0.020075979083776473 0.026650522090494632
0.0 0.923268961533904 0.885044529242441 0.013700616359710694 0.02403641464188695
0.0 0.9810595335438848 0.7920496163424104 0.024619792029261588 0.011969981621950865
0.0 0.9889600751921535 0.850097459834069 0.022079849615693092 0.013001896440982819
0.0 0.46624430557712915 0.6109578653238714 0.019649174250662326 0.014611722528934478
0.0 0.5199867712333799 0.6135169715620578 0.02244424559175968 0.011887524090707303
0.0 0.618411416746676 0.7039115051738918 0.013838498666882516 0.014845721237361432
0.0 0.6700609471648932 0.5960572314448654 0.018988363444805145 0.018821927905082702
0.0 0.6828803773969412 0.6352556464262307 0.010602597892284394 0.022674315422773362
0.0 0.6775653690099717 0.6792697229422628 0.014361821115016937 0.02307322919368744
0.0 0.7010974666103721 0.6597323807422072 0.02347702346742153 0.012767986301332713
0.0 0.7448019033297897 0.6603239758871495 0.01405879519879818 0.016579189337790012
0.0 0.8093122286722064 0.6498674132395535 0.013507896289229392 0.02182130953297019
0.0 0.9019398292526603 0.6333019520621747 0.011621666327118873 0.025288422871381045
0.0 0.9051068676635623 0.558000645134598 0.01403137631714344 0.02246795017272234
0.0 0.7639416221529245 0.4442851997446269 0.022210239619016647 0.017335920967161654
0.0 0.6851799391210079 0.5043280549347401 0.021728360652923585 0.010566609352827072
0.0 0.6029344823211431 0.5275389642920345 0.012970706820487976 0.01514836074784398
0.0 0.5535155724734068 0.4838551607448608 0.018836771696805955 0.018010017927736044
0.0 0.4433455605059862 0.4672897217096761 0.010478582605719567 0.017569786822423338
0.0 0.42744182124733926 0.48324979315511885 0.011401212215423584 0.014185263868421316
0.0 0.5933370858430862 0.41694669753778724 0.016041621565818787 0.020197711000218988
0.0 0.5195186017081141 0.40402730291243644 0.01364562101662159 0.013951309444382786
0.0 0.46159026557579635 0.39039244970772413 0.022113879583775996 0.012836848525330425
0.0 0.3960472411476076 0.3622972380137071 0.020585513301193716 0.011571023566648363
0.0 0.29462089780718087 0.3301431849831715 0.02187979482114315 0.011337113426998257
0.0 0.31399466199800374 0.3603985227178782 0.02006219085305929 0.013001985009759664
0.0 0.46643706504255533 0.328684767219238 0.02003469318151474 0.011020745756104589
0.0 0.5082826906815171 0.3234426913084462 0.0173635583370924 0.013634853204712272
0.0 0.5769789652898908 0.34925400209613144 0.017349691316485404 0.012933167070150376
0.0 0.5147544134408235 0.36840607011690735 0.013273890316486358 0.02118839705362916
0.0 0.723927309922874 0.34668112341314555 0.04689905159175396 0.030035177897661924
0.0 0.8071503128856421 0.2879453219473362 0.016151612251996995 0.01688191741704941
0.0 0.8092295780777932 0.27770885271020235 0.014650822430849076 0.016304006148129702
0.0 0.9084528379142285 0.33482114421203735 0.01286071613430977 0.01807892443612218
0.0 0.9255958633497358 0.3421545060817152 0.011717789992690086 0.018257744796574115
0.0 0.9877516316249967 0.3812429186422378 0.017060374841094017 0.020679303724318743
0.0 0.992020152695477 0.32951027250383047 0.009886712953448295 0.013992582494392992
0.0 0.9911526760086418 0.3174301556078717 0.01075403206050396 0.014666768023744226
0.0 0.940329336374998 0.2976589475525543 0.015118834376335145 0.019578615250065923
0.0 0.9123771259561181 0.27411783165298403 0.011566198244690896 0.01565736550837755
0.0 0.9410315906628967 0.24078054404817523 0.015228982642292976 0.019592387694865467
0.0 0.9533002007752657 0.2487606129841879 0.013893494009971618 0.01803760710172355
0.0 0.9305391410365701 0.19578968677669764 0.011249778047204017 0.015918820537626742
0.0 0.9460711495950818 0.20293041155673563 0.019208502396941184 0.01296071195974946
0.0 0.7922104891389609 0.1496155285043642 0.021177461743354796 0.01379994540475309
0.0 0.9030690459534526 0.14003947235178202 0.012585424259305 0.014267765684053302
0.0 0.9266285624355077 0.12553786295466124 0.015201721340417862 0.012726801820099354
0.0 0.8976575199514627 0.11740647426340729 0.014857251942157746 0.016070140292868018
0.0 0.8405277587473392 0.10525755049893633 0.02227925956249237 0.017913765809498727
0.0 0.7821174254640937 0.10899992452468724 0.014086214080452918 0.013634853204712272
0.0 0.6613310273736716 0.2901329485932365 0.01593131572008133 0.01893188604153693
0.0 0.5812199098989368 0.2633998139761388 0.007504421845078468 0.01908329436555505
0.0 0.6948598286136984 0.2192895074840635 0.0070912476629018785 0.018450381886214017
0.0 0.6222806306555867 0.21820256931241602 0.00848204679787159 0.017583603551611305
0.0 0.6217850422486663 0.19892663785722106 0.010120561346411705 0.020871896529570222
0.0 0.5622867781668901 0.21130946069024503 0.010189423710107804 0.015574819408357143
0.0 0.5612677885219455 0.15524281216785313 0.008165311440825463 0.013290896359831095
0.0 0.5820186030119657 0.14485504531767218 0.015628447383642198 0.008186367759481072
0.0 0.6734619915485383 0.1186997887562029 0.012695572525262832 0.01864299683365971
0.0 0.6088140202686191 0.08572024151217192 0.012957312539219857 0.016785598872229458
0.0 0.7551014753058553 0.07968017199309543 0.009776407107710838 0.015148294321261347
0.0 0.7721895841881633 0.08178524146787822 0.011249778047204017 0.018065151991322637
0.0 0.800224287621677 0.07110850791214034 0.009721254184842109 0.011089497269131244
0.0 0.7840863848105073 0.03610642622224987 0.010175714269280434 0.01692319046705961
0.0 0.9071998422965407 0.02292560978094116 0.010354724898934364 0.014088878897018731
0.0 0.877127080783248 0.04338476473931223 0.015655866265296935 0.014474130934104323
0.0 0.8764524029567837 0.06578389697242529 0.012984731420874595 0.01480435961857438
0.0 0.9037573544308544 0.06740742907859384 0.012654129043221473 0.012836848525330425
0.0 0.8320182142779231 0.06043177435640246 0.013122456148266792 0.010662972182035445
0.0 0.8145170100033283 0.05433665934251621 0.014747261255979537 0.012850598827935756
