0.0 0.9949280321598053 0.5225900404155255 0.008333265781402588 0.00813513994216919
0.0 0.9853352904319763 0.5766417991369963 0.008278369903564453 0.008884280920028687
0.0 0.9919475615024567 0.6822465874254704 0.012170612812042236 0.010400164872407913
0.0 0.9832965433597565 0.7121015099808574 0.008592188358306885 0.007462592795491219
0.0 0.9720239341259003 0.7047450320795179 0.012934505939483643 0.008997688069939613
0.0 0.9679543077945709 0.7092934634536505 0.015957534313201904 0.010424908250570297
0.0 0.8680490851402283 0.5945611849427224 0.011986613273620605 0.013663876801729202
0.0 0.8944169878959656 0.5868256103247405 0.01350259780883789 0.013875402510166168
0.0 0.9331826865673065 0.585974252037704 0.013488829135894775 0.011485503986477852
0.0 0.9305171966552734 0.5576156500726939 0.013296961784362793 0.01017526164650917
0.0 0.8683992922306061 0.5852353202179075 0.010350644588470459 0.009197244420647621
0.0 0.9152446985244751 0.5982500102370978 0.01334238052368164 0.008834391832351685
0.0 0.8842470347881317 0.6194436943158508 0.01081627607345581 0.012167556211352348
0.0 0.8738960325717926 0.6099935846403242 0.012062251567840576 0.014170462265610695
0.0 0.8637183904647827 0.6223766144365073 0.014010071754455566 0.009537264704704285
0.0 0.8500156104564667 0.6330019842833281 0.010081708431243896 0.012038558721542358
0.0 0.8360028564929962 0.6312785727903247 0.01247638463973999 0.010845696553587914
0.0 0.8077821731567383 0.6366559324786067 0.016459107398986816 0.01287163607776165
0.0 0.8191575109958649 0.6393825069069863 0.011733949184417725 0.010254722088575363
0.0 0.8273406624794006 0.6557439399883151 0.010065436363220215 0.008411591872572899
0.0 0.8044738471508026 0.6591765807941556 0.011364519596099854 0.012482983991503716
0.0 0.8359066545963287 0.6218968342989684 0.009141504764556885 0.007044922560453415
0.0 0.8284355401992798 0.6155592354014516 0.012200474739074707 0.013656483963131905
0.0 0.8238110542297363 0.7434082452207804 0.011429429054260254 0.009752009063959122
0.0 0.8278407156467438 0.7482092149555684 0.014607489109039307 0.00895841047167778
0.0 0.8038539886474609 0.7868574161082507 0.014783263206481934 0.009646598249673843
0.0 0.8304500579833984 0.8126253813505173 0.009865880012512207 0.011240333318710327
0.0 0.8069640100002289 0.8182091873139143 0.011403501033782959 0.0112987719476223
0.0 0.8219804465770721 0.8438018869608641 0.015409290790557861 0.018146652728319168
0.0 0.8116669058799744 0.8471815709024668 0.014291882514953613 0.0166914202272892
0.0 0.7961607873439789 0.8457278974354268 0.009116113185882568 0.009267501533031464
0.0 0.7882988750934601 0.8419693682342768 0.016419589519500732 0.009512420743703842
0.0 0.7771855890750885 0.8297449827194214 0.013382256031036377 0.009188845753669739
0.0 0.7514418363571167 0.7689205288887024 0.016666889190673828 0.011180587112903595
0.0 0.7341211140155792 0.7753385186195374 0.011758625507354736 0.009009607136249542
0.0 0.7279742956161499 0.7855412393808365 0.016369342803955078 0.013468846678733826
0.0 0.7517704963684082 0.8412051398307085 0.01408696174621582 0.01066228374838829
0.0 0.7646442949771881 0.8499838590621949 0.012380897998809814 0.010377533733844757
0.0 0.7707973718643188 0.8700788013637066 0.0147932767868042 0.012021258473396301
0.0 0.8077059984207153 0.8710267443209887 0.019701719284057617 0.013272006064653397
0.0 0.7417163252830505 0.864456019550562 0.01352834701538086 0.010488376021385193
0.0 0.7102453410625458 0.8994498953223229 0.013968050479888916 0.012057870626449585
0.0 0.7222248911857605 0.9007831208407879 0.012234807014465332 0.01251431554555893
0.0 0.7154035866260529 0.9442675460129977 0.021113455295562744 0.018620599061250687
0.0 0.6752068400382996 0.9081259697675705 0.016098618507385254 0.012744046747684479
0.0 0.9017202854156494 0.9576747857034207 0.016916513442993164 0.012001141905784607
0.0 0.8913856446743011 0.9984376687556505 0.02277141809463501 0.003124662488698959
0.0 0.8625852465629578 0.9878366619348526 0.01912057399749756 0.013308517634868622
0.0 0.8460855484008789 0.9976268202066422 0.020198822021484375 0.004746359586715698
0.0 0.9947673678398132 0.7562584571540356 0.008321642875671387 0.007902391254901886
0.0 0.903878390789032 0.6074772283434868 0.007297396659851074 0.00819428265094757
