0.0 0.2663281291723251 0.7281718853861093 0.010546892881393433 0.011234398931264877
0.0 0.25090623199939727 0.7233281176537275 0.022156208753585815 0.01849989965558052
0.0 0.48787497282028197 0.6470781289041042 0.01737499237060547 0.011452965438365936
0.0 0.5019062340259552 0.6580624286085367 0.014640748500823975 0.01112496480345726
0.0 0.5119687199592591 0.6519687682390213 0.017796814441680908 0.009562410414218903
0.0 0.5181094139814377 0.6633906535804271 0.018749982118606567 0.013249978423118591
0.0 0.5692187279462815 0.561000015027821 0.021703094244003296 0.011656293645501137
0.0 0.5570156157016755 0.5702656306326389 0.013843774795532227 0.010796863585710526
0.0 0.5207656055688858 0.5879687381908297 0.014734357595443726 0.008968720212578773
0.0 0.521812516450882 0.6146718472242355 0.0152968168258667 0.011968754231929779
0.0 0.5620937079191208 0.6036406256258487 0.01753118634223938 0.009312562644481659
0.0 0.6010156452655793 0.5266718467697501 0.017796814441680908 0.008921848610043526
0.0 0.6062969148159028 0.5368124827742576 0.019062459468841553 0.009046822786331177
0.0 0.6500468730926514 0.5016718566417694 0.018906354904174805 0.010875016450881958
0.0 0.6731718957424164 0.4821875024586916 0.018625080585479736 0.01070312038064003
0.0 0.6932342827320099 0.47687499355524776 0.015312373638153076 0.010140610858798027
0.0 0.704421865940094 0.4408281160518527 0.01829695701599121 0.011750036850571632
0.0 0.7252500236034394 0.4689843704923987 0.02053123712539673 0.009281231090426445
0.0 0.7120782315731049 0.47225001864135263 0.011484324932098389 0.007937494665384293
0.0 0.7245937764644623 0.4755312571302056 0.016906321048736572 0.011687474325299263
0.0 0.002109387516975403 0.151078116055578 0.004218775033950806 0.008125006221234798
0.0 0.02235935926437378 0.15320312967523933 0.011390626430511475 0.004828101955354214
0.0 0.022875013947486877 0.15860938178375364 0.009531229734420776 0.005687481723725796
0.0 0.020406308770179748 0.16562499701976777 0.010062485933303833 0.006109351292252541
