0.0 0.9981938005425036 0.7354113537818193 0.003612398914992809 0.01067809360101819
0.0 0.8458722361363471 0.7516262759454548 0.016018131282180548 0.011551430821418763
0.0 0.9447490949649364 0.8883491112850607 0.020599428098648787 0.012095184810459614
0.0 0.7245831007137895 0.9400918752886355 0.02226375974714756 0.012424874119460583
0.0 0.9825366370612756 0.8846578745637089 0.01896781730465591 0.015522871632128954
0.0 0.7122235758695752 0.899159059394151 0.01778147416189313 0.012919195927679539
0.0 0.9947619769722224 0.889057709928602 0.010476046055555344 0.01927982345223427
0.0 0.8948986845323816 0.8345959638245404 0.009937050053849816 0.017401400581002237
0.0 0.8592206002911553 0.7815679100807756 0.010909434640780091 0.013611352536827326
0.0 0.7568500122986734 0.7673962554428726 0.010761106386780739 0.013232231047004462
0.0 0.7254400664940477 0.8863387278281152 0.018094349652528763 0.011600863002240659
0.0 0.6466681453865022 0.7869398409500719 0.013908531982451677 0.009804756380617619
0.0 0.6131322870031 0.6200282636098564 0.013018939644098282 0.010183771792799234
0.0 0.6145989733748138 0.628267552680336 0.010859929025173187 0.010414437623694539
0.0 0.5459618418943137 0.7560590218985453 0.014271384570747614 0.00907966266386211
0.0 0.5066748454235495 0.7859511973336339 0.01802871935069561 0.009755324199795723
0.0 0.512805149378255 0.7801672078669071 0.016743082087486982 0.007909785397350788
0.0 0.5220831618178636 0.7971895399969071 0.010513861197978258 0.009326876606792212
0.0 0.5158374390564859 0.86826171875 0.009014359675347805 0.00978820826858282
0.0 0.7870403754757718 0.6472344205714762 0.01244193990714848 0.009475173149257898
0.0 0.835259363707155 0.638995158020407 0.009624080266803503 0.0073659253306686875
0.0 0.9101586726726965 0.5732455575140193 0.009294514311477542 0.007975712651386857
0.0 0.5821839221287519 0.6023467384977266 0.007811326067894697 0.010167276719585061
0.0 0.6158349164295942 0.5293301300611347 0.010035966988652945 0.0075142218731343744
0.0 0.7137560811359436 0.5431226897286251 0.009426057804375887 0.010134392650797963
0.0 0.7465173888020218 0.5191957904491573 0.008190209046006203 0.0076295282691717144
0.0 0.6923986984882504 0.45410538292489944 0.009558072779327631 0.0077284987084567545
0.0 0.7568828745977954 0.4594774198718369 0.013315501855686307 0.008601835928857327
0.0 0.8456909041386098 0.4317109608091414 0.015128161758184433 0.009936610888689756
0.0 0.871283610071987 0.4318098251707852 0.014436026103794575 0.008964303229004145
0.0 0.9194036813685671 0.42914030177053064 0.008421140955761075 0.006525525217875838
0.0 0.5190179626923055 0.5954916565679014 0.009343831334263086 0.009953052923083305
0.0 0.4943151319865137 0.6062027403153479 0.015358810778707266 0.009442183002829552
0.0 0.4793518003541976 0.6149364042328671 0.011996955145150423 0.009013788448646665
0.0 0.08659602859988813 0.9611350273713469 0.01880308147519827 0.013578362390398979
0.0 0.14226372605189685 0.9707749921362847 0.013167173601686954 0.0105792292393744
0.0 0.1300361218862236 0.9637881352566182 0.017369398847222328 0.012935744039714337
0.0 0.2482598695904017 0.9583666130900383 0.016463021747767925 0.016824550367891787
0.0 0.21081853676587348 0.9425966335926205 0.01939639449119568 0.021240880805999042
0.0 0.18107301690615718 0.9252281170804053 0.014123150613158941 0.011848129983991384
0.0 0.2805267811752856 0.9286886879708618 0.015540048480033875 0.019625954795628786
0.0 0.26721118502318864 0.9272056164685637 0.012936335988342762 0.020285121258348228
0.0 0.21528441477566962 0.9120947503950447 0.012722094543278217 0.011782149691134692
0.0 0.20429256507195537 0.8945944854523986 0.01565565587952733 0.011930446233600378
0.0 0.23853696668520574 0.887113200686872 0.013645067811012268 0.010612219385802747
0.0 0.24300293899141256 0.908518873108551 0.017929708119481802 0.008074523974210024
0.0 0.24850711477920417 0.9160826332401484 0.018094349652528763 0.011534988787025214
0.0 0.3054931703489274 0.8837351582013071 0.00889875227585435 0.012754351273179055
0.0 0.2764727898873389 0.882696976326406 0.01193113625049591 0.012474306300282479
0.0 0.28856875626370315 0.8326020754408091 0.017962711863219738 0.01044748080894351
0.0 0.33146494785323743 0.7860829988028855 0.01811094582080841 0.00901373540982604
0.0 0.33103637066669767 0.7764759711455553 0.014089958276599646 0.009722334053367376
0.0 0.24010256999172275 0.7829191270750016 0.01962704351171851 0.00912914788350463
0.0 0.2193053080234677 0.7874672059435397 0.013183581177145243 0.010101243387907743
0.0 0.2077203338965774 0.7998425948433578 0.016232184134423733 0.010925360582768917
0.0 0.5302239595446736 0.5571294997120276 0.010810706298798323 0.007860300177708269
0.0 0.4696618068963289 0.5810893626185134 0.00931082759052515 0.013347696559503675
0.0 0.44698606613092123 0.5849288693629205 0.013941724319010973 0.01491313735023141
0.0 0.44871649956330656 0.5708067264640704 0.011618072167038918 0.008535908674821258
0.0 0.4454041495453566 0.6076857852982357 0.01074469881132245 0.012886258820071817
0.0 0.4512542988639325 0.6241314528509975 0.011898509692400694 0.012985176220536233
0.0 0.42879270524717866 0.619435024401173 0.014551256317645311 0.008519413601607084
0.0 0.3981902196072042 0.6092512791277841 0.00850327312946315 0.009771819273009897
0.0 0.39402109240181743 0.6008307298878208 0.012161785271018698 0.012095237849280238
0.0 0.40801213374361395 0.629305734555237 0.011782902292907238 0.014501184830442071
0.0 0.3939715867862105 0.6218079812359065 0.015375218354165509 0.011040666978806258
0.0 0.3731251020915807 0.627690835064277 0.009838133119046688 0.007827363070100546
0.0 0.3624299088958651 0.6190889991354197 0.01692450838163495 0.00855240374803543
0.0 0.37467410922981803 0.6527711960952729 0.009080178570002317 0.010430932696908712
0.0 0.34684026050381367 0.6503488866379484 0.013414418790489435 0.009985990030691028
