0.0 0.3198437869548798 0.9621875181794166 0.012453138828277588 0.010249994695186615
0.0 0.5965469062328339 0.22998436335474254 0.006562471389770508 0.0067968349903821945
0.0 0.5867031544446946 0.2300937220454216 0.006718665361404419 0.006484374403953552
0.0 0.46228124499320983 0.19481250625103713 0.007484257221221924 0.005421867594122887
0.0 0.4618593335151672 0.202484361641109 0.008906364440917969 0.006218684837222099
0.0 0.4405467689037323 0.2008124988526106 0.008968770503997803 0.006937500089406967
0.0 0.44462506771087645 0.19134375620633365 0.006062507629394531 0.00973435677587986
0.0 0.43715627789497374 0.18910938389599324 0.0112343430519104 0.007499959319829941
0.0 0.4188749670982361 0.18040627781301738 0.01484370231628418 0.013343771919608116
0.0 0.3937968492507935 0.17121876478195192 0.010281085968017578 0.00846877321600914
0.0 0.38137509226799016 0.1651719005778432 0.010390698909759521 0.006874987855553627
0.0 0.369531261920929 0.1634062694385648 0.007828116416931152 0.007093755528330803
0.0 0.36003123521804814 0.16403126604855062 0.007359623908996582 0.00834374874830246
0.0 0.35007809400558476 0.16360939648002387 0.010218501091003418 0.010499993339180946
0.0 0.4786562204360962 0.2123906144872308 0.010796785354614258 0.006859397515654564
0.0 0.4700000166893005 0.2165937701240182 0.0084686279296875 0.007749957963824272
0.0 0.4627032458782196 0.21478126738220454 0.013499915599822998 0.009343793615698814
0.0 0.07735939621925358 0.11162499226629734 0.007172048091888428 0.008296877145767212
0.0 0.06617181301116948 0.1160312246531248 0.007812380790710449 0.0066718608140945435
0.0 0.0975937128067017 0.11218750178813934 0.010640501976013184 0.014374997466802597
0.0 0.9852968484163285 0.05529686789959669 0.008468717336654663 0.005874993279576302
0.0 0.9790624558925629 0.057000011950731275 0.009578168392181396 0.00471874326467514
0.0 0.9217187494039536 0.05170311853289604 0.004359394311904907 0.006187554448843002
0.0 0.9116719096899033 0.06376561596989631 0.004671961069107056 0.003999978303909302
0.0 0.9098437160253525 0.059593741595745084 0.006593674421310425 0.00478130578994751
0.0 0.889921921491623 0.059812484122812745 0.006515622138977051 0.007109345868229866
0.0 0.9074687540531159 0.026218771748244763 0.008156239986419678 0.005812531337141991
0.0 0.8629531145095826 0.02590626087039709 0.007218718528747559 0.00960933230817318
0.0 0.8349218845367432 0.027546892687678338 0.004984438419342041 0.006562527269124985
0.0 0.8250780880451203 0.026531232334673405 0.007578134536743164 0.005796840414404869
0.0 0.8074687153100968 0.033843730390071866 0.010468751192092896 0.014109358191490173
0.0 0.9783750057220459 0.022203127667307854 0.005749940872192383 0.005343765020370483
0.0 0.9838593184947968 0.02698435802012682 0.005109429359436035 0.006656220182776451
0.0 0.9894219070672989 0.02985939271748066 0.00639072060585022 0.005156278610229492
