0.0 0.2674431726336479 0.2867585362866521 0.02122516930103302 0.016373880207538605
0.0 0.36234109103679657 0.2772720533423126 0.0143679678440094 0.007548767141997814
0.0 0.41276033967733383 0.24916394036263229 0.012643799185752869 0.009257040917873383
0.0 0.423328198492527 0.274001828674227 0.011231973767280579 0.008302886970341206
0.0 0.45349887013435364 0.2254708230495453 0.013834923505783081 0.012126266956329346
0.0 0.47710850089788437 0.2231995745562017 0.016181543469429016 0.010994634591042995
0.0 0.5065422356128693 0.22469946583732964 0.012056887149810791 0.010195654816925526
0.0 0.567328467965126 0.2449247257784009 0.01904180645942688 0.013137929141521454
0.0 0.5789562463760376 0.13862386024557055 0.014866232872009277 0.011494694743305445
0.0 0.7331061065196991 0.165293494053185 0.0077918171882629395 0.01407704595476389
0.0 0.7136093974113464 0.1175330598372966 0.013418018817901611 0.010321144480258226
0.0 0.7643579542636871 0.11487732087261975 0.014203190803527832 0.011182561051100492
0.0 0.8798302710056305 0.19455927778035403 0.013799428939819336 0.012609441764652729
0.0 0.8616543263196945 0.2032834119629115 0.013010412454605103 0.012918847147375345
0.0 0.8411210775375366 0.2074520236812532 0.01542431116104126 0.012663052417337894
0.0 0.8232064694166183 0.20930878915823997 0.015469104051589966 0.011243413668125868
0.0 0.9433862417936325 0.16612837561406196 0.013790220022201538 0.012890256475657225
0.0 0.9844977110624313 0.1356590616516769 0.012400835752487183 0.010219291783869267
0.0 0.997378334403038 0.05258362523745745 0.00524333119392395 0.00694855791516602
0.0 0.989964634180069 0.11546324733644724 0.009391486644744873 0.007042106240987778
0.0 0.940476581454277 0.017624561343109236 0.008809000253677368 0.006169825152028352
0.0 0.8806632310152054 0.113205087184906 0.009119957685470581 0.00678597204387188
