0.0 0.17580242753028869 0.9915613401681185 0.030296361446380614 0.016877319663763046
0.0 0.24049415439367294 0.990830902568996 0.020012083649635314 0.018338194862008095
0.0 0.00045476555824279784 0.9935562641359865 0.0009095311164855957 0.012887471728026867
0.0 0.04506787955760956 0.8533725534565747 0.024033188819885254 0.025276740454137324
0.0 0.05081339329481125 0.840480887144804 0.01621149480342865 0.0210071112960577
0.0 0.002140088379383087 0.7193698747083545 0.004280176758766174 0.018425679579377175
0.0 0.14680780321359635 0.7029687742702663 0.01933871805667877 0.01973490435630083
0.0 0.13580725640058516 0.7206926999613643 0.025185945630073547 0.020896057784557342
0.0 0.15166607052087783 0.6874598343856633 0.020503655076026917 0.025025796331465244
0.0 0.09350384473800659 0.6893549022264779 0.01827685832977295 0.022348240949213505
0.0 0.010581518709659576 0.6469853288494051 0.02116303741931915 0.02671532314270735
0.0 0.0021453604102134706 0.5879146264865994 0.004290720820426941 0.018052228912711143
0.0 0.06704733967781067 0.5253048859536648 0.01988319158554077 0.023613085225224494
0.0 0.007417663931846619 0.5147848665714264 0.014835327863693237 0.020614435896277428
0.0 0.0007960841059684754 0.47744153831154107 0.0015921682119369508 0.022683753445744515
0.0 0.13984308689832686 0.48612089175730944 0.02294769585132599 0.023152509704232216
0.0 0.129478819668293 0.5643722023814917 0.026364699006080627 0.018932680785655975
0.0 0.15221808850765228 0.5967882724478841 0.02699170708656311 0.022264695167541503
0.0 0.11302562952041625 0.6335485697723925 0.021362268924713136 0.02263313513249159
0.0 0.28012019246816633 0.5158690699376166 0.02135626971721649 0.0213017201051116
0.0 0.009183067083358764 0.4115581222809851 0.018366134166717528 0.020543774776160716
0.0 0.0647236466407776 0.4161772223189473 0.012389272451400757 0.01796346791088581
0.0 0.2325291156768799 0.7049642095342279 0.01548159122467041 0.014675424993038177
0.0 0.18466834723949432 0.5446332076564431 0.01327970027923584 0.012186844646930695
