0.0 0.3589975476264954 0.8153936088085174 0.01696765422821045 0.014805994927883148
0.0 0.4466243326663971 0.8383322291076183 0.01845449209213257 0.01504216343164444
0.0 0.4237068235874176 0.7993099603801965 0.0157279372215271 0.015666279941797256
0.0 0.434616619348526 0.7379808824509382 0.013000667095184326 0.013556454330682755
0.0 0.7565159440040589 0.7710042901337146 0.01910269260406494 0.01437811553478241
0.0 0.7814286142587662 0.7639688223600387 0.02088788151741028 0.014727137982845306
0.0 0.631155127286911 0.7385117083787918 0.01475304365158081 0.015123635530471802
0.0 0.7625904321670532 0.7527620334178209 0.015056133270263672 0.014330338686704636
0.0 0.620459908246994 0.7523869097232818 0.02339082956314087 0.012382149696350098
0.0 0.29894002676010134 0.5649197611957788 0.01851797103881836 0.012465331703424454
0.0 0.7687596023082733 0.7264577604830265 0.020477592945098877 0.014394208788871765
0.0 0.16710364222526553 0.5648376353085041 0.014047086238861084 0.014881029725074768
0.0 0.18344455361366274 0.5452472668141126 0.012890517711639404 0.01216479018330574
0.0 0.08488857150077822 0.5799808844923973 0.01319664716720581 0.012949436902999878
0.0 0.06128048300743105 0.5943447675555944 0.016206085681915283 0.015140634030103683
0.0 0.020052248239517234 0.6121735785156488 0.02097076177597046 0.015134196728467941
0.0 0.020742022991180442 0.6266045000404119 0.017693281173706055 0.012768086045980453
0.0 0.025549256801605247 0.6430059399455785 0.019444942474365234 0.01824059709906578
0.0 0.469582611322403 0.5046573894098401 0.013815701007843018 0.012456832453608513
0.0 0.44384377598762514 0.5739531561732292 0.012577950954437256 0.010833173990249634
0.0 0.49719166159629824 0.5247648039832711 0.013332545757293701 0.012560432776808739
0.0 0.5233716309070587 0.54415222145617 0.014928281307220459 0.012766677886247635
0.0 0.539595776796341 0.4069742539897561 0.012787163257598877 0.01667819358408451
0.0 0.6337223589420319 0.3755167953670025 0.01599794626235962 0.013372991234064102
0.0 0.6526436448097229 0.3650668168440461 0.010072588920593262 0.010335138067603111
0.0 0.7249340057373047 0.34213440753519536 0.012709736824035645 0.010084938257932663
0.0 0.8705966413021088 0.29329764265567065 0.01478433609008789 0.015123987570405006
0.0 0.9828995257616043 0.28149296417832376 0.01170918345451355 0.01001070812344551
0.0 0.9726768672466278 0.2764504950493574 0.009757161140441895 0.014065001159906387
0.0 0.9789982974529267 0.2651021609082818 0.005964338779449463 0.009021425619721413
