0.0 0.011555866757407773 0.9959391281940043 0.023111733514815547 0.008121743611991406
0.0 0.019036586070433292 0.9607977946754545 0.027820668276399396 0.026142044644802808
0.0 0.18517266842536628 0.9477623463142664 0.03237949153408406 0.026233608927577735
0.0 0.11935151536017656 0.8260925935115665 0.022333457693457626 0.023267668578773736
0.0 0.11332194684073327 0.815488415490836 0.01541069541126494 0.01900860369205475
0.0 0.15638582687824965 0.7060850064270199 0.027426783181726977 0.018124425038695335
0.0 0.27467441491317 0.7080898311454803 0.022813991224393204 0.021319364476948977
0.0 0.019153164746239792 0.7053049423731863 0.017918393854051806 0.018216519616544247
0.0 0.03011038191616533 0.7196222465019673 0.022916036844253584 0.01970002008602023
0.0 0.013665875606238831 0.6923745808191597 0.019356145150959514 0.022748951613903046
0.0 0.06385181718505917 0.6890967385843396 0.017257257644087032 0.020312068983912468
0.0 0.2589869629824534 0.6668198379687965 0.021174662513658404 0.018901307322084903
0.0 0.29070060488302263 0.6699860972817987 0.027898361207917333 0.025338470842689274
0.0 0.27100202951114627 0.6696106041781604 0.01892808773554866 0.022649079374969006
0.0 0.2781415307195857 0.6831559754442423 0.01652109944261615 0.019811382051557302
0.0 0.20752981107216328 0.6530665468424559 0.023758718417957514 0.021792829595506193
0.0 0.23610745517071335 0.6050798804499209 0.016153452405706002 0.018183464556932448
0.0 0.15816278755664825 0.6454235365148634 0.023211725614964873 0.017556920927017928
0.0 0.18510542358271775 0.6160914576612413 0.021694160345941738 0.01798619478940964
0.0 0.13177798520773648 0.6456370244733989 0.020403467863798208 0.02425764109939337
0.0 0.14462512810714545 0.5930768282152712 0.026109067071229175 0.017677563056349755
0.0 0.2010898997541517 0.5858367095701397 0.02362462151795628 0.016402026638388634
0.0 0.20621032742783427 0.5172175875864923 0.02185928728431461 0.019288776256144047
0.0 0.17213023267686367 0.5350058939307928 0.022052851878106683 0.02011780422180891
0.0 0.07276545101776721 0.5457534283865243 0.018712919950485185 0.02151168482378125
0.0 0.12625071052461867 0.5313701467122882 0.020230013877153397 0.019186340924352407
0.0 0.1356329372152686 0.4980189614929259 0.02263543102890253 0.021151349321007727
0.0 0.00873307595029471 0.5181912093423306 0.01746615190058942 0.021393870934844017
0.0 0.02236379175446923 0.5846260459162295 0.02373130200430751 0.018158717453479765
0.0 0.008907158393412828 0.6144281429704279 0.017814316786825657 0.021003838907927275
0.0 0.042352164117619384 0.6427411714568734 0.019865980464965127 0.020820445194840432
0.0 0.1147260757163167 0.4428537348750979 0.020656735822558336 0.019172199722379445
0.0 0.06555611258372668 0.45168906948529186 0.011944129504263379 0.016125654522329568
0.0 0.38382010033819824 0.35809773379005494 0.016190845565870405 0.0179647178389132
0.0 0.3585650663357228 0.3971306771971285 0.014005466736853078 0.015697087720036508
0.0 0.24695170728955418 0.33189603094942866 0.01682920022867629 0.01907444866374135
0.0 0.27655950938351453 0.2962876226520166 0.015480296965688511 0.01676214118488133
0.0 0.28779018367640674 0.2893215560819954 0.018252889811992645 0.018838202208280565
0.0 0.5443503509508446 0.167803843296133 0.01976032122038305 0.015335028758272529
0.0 0.3494970286032185 0.2058343743439764 0.016342460690066174 0.014663012325763702
0.0 0.3349359670653939 0.1937124918214977 0.019597158208489417 0.020264607574790715
0.0 0.3707716942531988 0.19756546115968376 0.018351793149486227 0.015473700920119881
0.0 0.3966330316383392 0.20639909440651535 0.012344770506024361 0.010859736055135728
0.0 0.35724518990609794 0.45087542007677256 0.01763755236752331 0.017556744161993265
0.0 0.5693404119927437 0.7562386794481426 0.016097284108400344 0.017563637997955083
0.0 0.32300169647205623 0.18613729297649115 0.015391134703531817 0.01302506341598928
