0.0 0.5815583817660809 0.834643199108541 0.016955995559692384 0.020270170643925667
0.0 0.5322178080212325 0.5609961585141718 0.015735524613410233 0.014968312345445156
0.0 0.5318260149564594 0.5152280211914331 0.0195913371630013 0.014007423538714647
0.0 0.9456485522445292 0.042583959351759404 0.014672594144940376 0.013749231700785458
0.0 0.7996909948298707 0.053880276507698 0.014439183520153165 0.012858866481110454
0.0 0.790154323168099 0.0610996107570827 0.012387508805841208 0.01177700492553413
0.0 0.798840940464288 0.08038518740795553 0.014261155296117068 0.010210068430751562
0.0 0.5123597559519112 0.15638943458907306 0.01645081825554371 0.012618420645594597
0.0 0.49599463073536754 0.1844757260987535 0.017901238426566123 0.012223641155287623
0.0 0.476940465439111 0.16463435359764844 0.015850592777132987 0.012690641218796372
0.0 0.4593920091632754 0.16977818170562387 0.014723298978060484 0.012642730958759785
0.0 0.4689044978003949 0.20156763901468366 0.016592455003410576 0.011352732079103589
0.0 0.4916219469625503 0.20531630772165954 0.014399985503405332 0.012319172266870737
0.0 0.4127917416393757 0.2300239655887708 0.015462541766464711 0.013538292376324534
0.0 0.39363214396871626 0.25033335108309984 0.012789779622107745 0.01164742885157466
0.0 0.32452014670707285 0.16168142668902874 0.016244818177074193 0.010082518216222525
0.0 0.30159800718538465 0.1562059496063739 0.016564763803035065 0.00993313081562519
0.0 0.36370609533041715 0.16835642303340137 0.009912327118217901 0.011084713507443666
0.0 0.32324681924656035 0.20543147914577276 0.012227535992860838 0.01031912281177938
0.0 0.3510895728133619 0.17719552398193628 0.01648075468838215 0.012179493205621839
0.0 0.28956805164925753 0.2343026464805007 0.014665297139436007 0.011662004515528679
0.0 0.36837458848021926 0.22513900022022426 0.012288718577474355 0.01059887558221817
0.0 0.33635065075941384 0.2347393244272098 0.013210386503487825 0.01080117211677134
0.0 0.32439048453234137 0.2546842657029629 0.012948816921562 0.014621495734900236
0.0 0.2571828186046332 0.24354395945556462 0.014813482481986284 0.01284215971827507
0.0 0.2648838724009693 0.17180829017888755 0.017534517124295233 0.011262384010478854
0.0 0.27474633664824066 0.12002950685564429 0.017412713263183832 0.011469126911833882
0.0 0.3420124721713364 0.053676236944738775 0.015209204703569368 0.011799276224337518
0.0 0.3240606224630028 0.139800684642978 0.014840425271540836 0.009647747734561563
0.0 0.7397029674379155 1.5979690942913294e-05 0.01231463230215013 3.195938188582659e-05
0.0 0.6451459845528007 0.03241198760224506 0.006564872618764639 0.006752097397111356
0.0 0.8344153391197324 0.000435793015640229 0.011141217686235905 0.000871586031280458
0.0 0.903250096947886 0.009885693609248847 0.013166698021814227 0.010929735261015594
0.0 0.636784224328585 0.1715685810195282 0.011426455760374665 0.009111131774261594
0.0 0.47479252638295294 0.001154249592218548 0.011968585848808288 0.002308499184437096
0.0 0.47023657551035286 0.0230365798342973 0.008807672746479511 0.007727969670668244
0.0 0.49129910124465825 0.0279911084799096 0.00957891009747982 0.007076037582010031
0.0 0.4432342872954905 0.023458175652194768 0.0091590516269207 0.00793856696691364
0.0 0.4472628891933709 0.036458365560974926 0.010315907653421164 0.00868887163233012
0.0 0.45485037164762615 0.04119935678318143 0.009417627565562725 0.0086506565567106
0.0 0.467213837755844 0.046765445033088326 0.010102610569447279 0.012869942933321
0.0 0.4770251294132322 0.048083010071422905 0.012499022018164396 0.01478168333414942
0.0 0.4668697558809072 0.06368669244693592 0.01292187413200736 0.010153041803278029
0.0 0.42008369537070395 0.02603998879203573 0.00826657172292471 0.008422326412983239
0.0 0.42832173393107953 0.035488551133312285 0.008493901509791613 0.006100520491600037
0.0 0.4286625415086746 0.05170260916929692 0.011723107099533081 0.009955283720046282
0.0 0.40518751349300147 0.03960922156693414 0.012635045684874103 0.008396305958740413
0.0 0.3732670435681939 0.05523558962158859 0.009387691132724285 0.012171021429821849
0.0 0.3813652228564024 0.06181464047404006 0.007866171933710576 0.008209637482650578
0.0 0.3674194291699678 0.09265473927371204 0.01283917473629117 0.009741910733282566
0.0 0.3866996145341546 0.05106199032161385 0.008983736392110586 0.0076539600268006325
0.0 0.38685397426597773 0.042052447504829615 0.008494275715202093 0.008415722637437284
0.0 0.3144516823813319 0.17755062819924206 0.012678453512489796 0.0120991428848356
