0.0 0.5070411133114249 0.29040093526709826 0.009666712302714587 0.007331179780885577
0.0 0.4977274052798748 0.2982746347086504 0.011779904924333095 0.013320936867967249
0.0 0.48980579767376187 0.3143374846084043 0.01254211664199829 0.009034326067194343
0.0 0.45200261431746186 0.32930225911550226 0.009276174288243056 0.01021081507205963
0.0 0.5828016684856265 0.31208493912126867 0.013609665166586637 0.0090341507922858
0.0 0.5748043697793037 0.35878025614656506 0.015115847904235124 0.014841928705573082
0.0 0.5906618111766875 0.3617052876390517 0.014084313064813614 0.013661890383809805
0.0 0.5978102158755064 0.36979970200918616 0.011998793296515941 0.015421387553215028
0.0 0.6270764019340277 0.3802233227295801 0.011561640165746212 0.014250244433060288
0.0 0.5249509060289711 0.44672054164111613 0.013402313645929097 0.015642233937978745
0.0 0.5604020137805492 0.4667298375628889 0.014724062662571669 0.01424397835507989
0.0 0.7735601955093443 0.4218455704394728 0.015808136947453023 0.013732526171952485
0.0 0.8134325677528977 0.41220347862690687 0.010868025943636894 0.014015858061611652
0.0 0.811514800041914 0.6279509410262107 0.021191637217998504 0.013593620806932449
0.0 0.9195725372061133 0.6005695824511349 0.017229508236050607 0.015852739103138447
0.0 0.88980005485937 0.5883078756742179 0.018649632297456264 0.018855373561382293
0.0 0.7563165000639855 0.6031148808542639 0.01733505483716726 0.018344710115343332
0.0 0.7604690650478005 0.5709984268061816 0.02140085957944393 0.014559911377727986
0.0 0.7166267686523498 0.5800580800976605 0.01606007684022188 0.020237328577786685
0.0 0.7862499526701867 0.5446002947399393 0.023998366110026835 0.014298707945272326
0.0 0.7411407852545381 0.5538473388180136 0.025815108418464662 0.014106475189328194
0.0 0.8190753353759647 0.5775630855932832 0.016787366196513175 0.01954139955341816
0.0 0.7919214065186679 0.5851172588765621 0.019947060383856297 0.01462143287062645
0.0 0.8952284553088248 0.5494655975606293 0.014130616374313832 0.015842134971171616
0.0 0.8349184726364911 0.48965859999880196 0.016208808682858945 0.01705845519900322
0.0 0.910676221549511 0.5145771927433088 0.01764514669775963 0.01767932274378836
0.0 0.8864174188114703 0.49658664749003945 0.023404062353074552 0.018649776093661787
0.0 0.7918762724846602 0.49537946346681566 0.015767446160316466 0.017638658965006472
0.0 0.7499019326642156 0.509984223311767 0.016039029881358146 0.016980720777064563
0.0 0.7696919203735888 0.47010447110515086 0.018142322637140752 0.01712063397280872
0.0 0.7122858333867044 0.5071541031822562 0.018652048800140618 0.016379264928400517
0.0 0.8911902454681695 0.4473681605188176 0.01891310904175043 0.017339990520849825
0.0 0.9925520962104202 0.4350348320323974 0.014895807579159736 0.015465293917804957
0.0 0.9931270679458976 0.7662984498310834 0.013745864108204841 0.01723486939445138
0.0 0.9942562762647867 0.8341203745920212 0.01148744747042656 0.025082978699356318
0.0 0.9991517988964915 0.7954474120400846 0.0016964022070169449 0.016314588487148285
0.0 0.8623546645976603 0.8055748838931323 0.026349077560007574 0.02082423660904169
0.0 0.7150778683833778 0.6654487291350961 0.019672046788036822 0.017570783756673335
0.0 0.3119246575515717 0.346075673494488 0.012588809709995985 0.009884190279990435
0.0 0.7057288872078061 0.6481700848322361 0.011708968877792358 0.017736330907791854
0.0 0.6917156271170825 0.6415178762283176 0.020598346833139658 0.01848510531708598
0.0 0.7094190816860646 0.6361738757230342 0.011315858457237482 0.017217254266142845
0.0 0.7174637360498309 0.6272630308289081 0.014481866732239723 0.012429883051663638
0.0 0.4687749748118222 0.31283838022500277 0.011722532473504544 0.00795143386349082
0.0 0.9331508657895029 0.5769538300111889 0.014768261276185513 0.01676627192646265
0.0 0.9324548350647092 0.5893603576812894 0.01865290626883507 0.01798644820228219
0.0 0.8787215593270957 0.7024267395026982 0.01384375412017107 0.017643873393535615
0.0 0.8815118404105305 0.6942106843460352 0.011586116999387741 0.013792820740491152
