0.0 0.43818752765655516 0.9124061807990074 0.019234299659729004 0.012015625834465027
0.0 0.3903593599796295 0.9179687637835741 0.022249996662139893 0.02020316943526268
0.0 0.377937513589859 0.9308281287550926 0.015078127384185791 0.012031316757202148
0.0 0.32746880054473876 0.8679375525563955 0.01724982261657715 0.01293746754527092
0.0 0.2869062900543213 0.8992812771350145 0.02448427677154541 0.013765666633844376
0.0 0.25192188024520873 0.9184374798089265 0.01490628719329834 0.01820318028330803
0.0 0.21451570391654967 0.879671848192811 0.013734519481658936 0.021671880036592484
0.0 0.22996871471405028 0.8769375037401914 0.017218708992004395 0.019156303256750107
0.0 0.25248442888259887 0.8586718615144491 0.018984317779541016 0.012078087776899338
0.0 0.2567813277244568 0.8473437193781137 0.020218849182128906 0.008562516421079636
0.0 0.2886094033718109 0.8501718573272228 0.013171970844268799 0.011281169950962067
0.0 0.29707812070846557 0.826187477260828 0.01685929298400879 0.010453172028064728
0.0 0.2587031304836273 0.8179531123489141 0.013749897480010986 0.011656243354082108
0.0 0.21576552391052245 0.814562464877963 0.013296961784362793 0.013718795031309128
0.0 0.1816719651222229 0.817187526077032 0.012874960899353027 0.0130624920129776
0.0 0.1966405689716339 0.7453750006854534 0.019250214099884033 0.01082814484834671
0.0 0.2818750023841858 0.6971562419086694 0.01737499237060547 0.010140661150217056
0.0 0.24518756866455077 0.6742812402546405 0.017624974250793457 0.008562617003917694
0.0 0.26835944056510924 0.678312499821186 0.012437403202056885 0.010750092566013336
0.0 0.1441719114780426 0.6713905900716781 0.014452993869781494 0.008687540888786316
0.0 0.14387499094009398 0.6834844190627336 0.019749999046325684 0.009296972304582596
0.0 0.09534363746643067 0.46535937003791333 0.015468835830688477 0.009046822786331177
0.0 0.08432807326316834 0.47831247821450235 0.00817197561264038 0.008437491953372955
0.0 0.08471869230270386 0.5101093787699937 0.008953213691711426 0.010171841830015182
0.0 0.11454691290855408 0.5060156572610139 0.01265627145767212 0.009328152984380722
0.0 0.04781247973442078 0.481625023111701 0.013218820095062256 0.01651560142636299
0.0 0.02275000810623169 0.46935934834182264 0.014640569686889648 0.00967184454202652
0.0 0.0033554673194885255 0.4776563009247184 0.006710934638977051 0.014468790963292122
0.0 0.060546892881393435 0.44740623869001866 0.010687530040740967 0.009937584400177002
0.0 0.055562454462051394 0.4587812524288893 0.008078277111053467 0.009140565991401672
0.0 0.062109369039535525 0.47204687148332597 0.01565641164779663 0.01148434728384018
0.0 0.005765634775161743 0.4572812605649233 0.010140717029571533 0.010562404990196228
0.0 0.0015507876873016358 0.4089062463492155 0.0031015753746032717 0.011015631258487701
0.0 0.005023443698883056 0.4243124945089221 0.010046887397766113 0.018250001594424248
