0.0 0.5655156075954437 0.5037031047046184 0.0223122239112854 0.025484371930360794
0.0 0.6222813427448273 0.476406280323863 0.027062594890594482 0.024265609681606293
0.0 0.5878124535083771 0.47064062058925626 0.01754683256149292 0.03006250038743019
0.0 0.6200468838214874 0.4274687565863132 0.028249919414520264 0.02448437735438347
0.0 0.6734219491481781 0.42623435370624063 0.026750028133392334 0.025250013917684555
0.0 0.7060468196868896 0.3785624889656901 0.019843697547912598 0.026140624657273293
0.0 0.6079062223434448 0.451078113541007 0.018374919891357422 0.020468708127737045
0.0 0.5727499723434448 0.3767343707382679 0.021781325340270996 0.017812516540288925
0.0 0.650390625 0.3551249777898192 0.02845323085784912 0.02007809467613697
0.0 0.6342812776565552 0.3884531263262033 0.020953059196472168 0.020234350115060806
0.0 0.7001875340938568 0.26717187408357856 0.02554696798324585 0.019156252965331078
0.0 0.6108437776565552 0.3525625042617321 0.023796916007995605 0.018656205385923386
0.0 0.5219062864780426 0.33718751221895216 0.024281322956085205 0.018281232565641403
0.0 0.6750468313694 0.4090156279504299 0.026437461376190186 0.020718757063150406
0.0 0.732421875 0.14181250324472786 0.015593647956848145 0.013562514446675777
0.0 0.708984375 0.2429843669757247 0.027906417846679688 0.019312558695673943
0.0 0.7240311205387115 0.2617343910038471 0.015828073024749756 0.018343694508075714
0.0 0.6943593621253967 0.2545468671247363 0.013296961784362793 0.014359356835484505
