0.0 0.990687495470047 0.18800000250339508 0.012218713760375977 0.012109369039535522
0.0 0.9730155825614929 0.18725000657141208 0.007999956607818604 0.008265595883131027
0.0 0.9825468569993973 0.18046876192092895 0.01068761944770813 0.013812437653541565
0.0 0.9684687465429306 0.18007812332361936 0.014640659093856812 0.010015686973929405
0.0 0.9217812776565552 0.17618752885609865 0.010390698909759521 0.014656277373433113
0.0 0.8837187200784683 0.15339062977582216 0.010796874761581421 0.009906252846121788
0.0 0.8643593400716781 0.14874998908489942 0.009859353303909302 0.012906236574053764
0.0 0.9603749573230743 0.3147500190883875 0.01103121042251587 0.013296950608491898
0.0 0.9494843393564224 0.31162501089274885 0.011296838521957397 0.013265568763017654
0.0 0.8534218728542328 0.3214687515050173 0.009999990463256836 0.015609350055456161
0.0 0.8722500413656235 0.2608749844133854 0.011999934911727905 0.014109358191490173
0.0 0.8854062765836715 0.26225000210106375 0.009984344244003296 0.013453256338834763
0.0 0.8991874665021896 0.2671249505132437 0.011359423398971558 0.011046912521123886
0.0 0.9197343945503235 0.26656254157423975 0.013640642166137695 0.013218797743320465
0.0 0.9281406164169311 0.27314060889184477 0.013687491416931152 0.010546814650297165
0.0 0.9486250042915344 0.26418747901916506 0.014171898365020752 0.01723426580429077
0.0 0.9407499939203262 0.2706250321120024 0.01239064335823059 0.008546825498342514
0.0 0.9366875201463699 0.2626874871551991 0.00968751311302185 0.010468661785125732
0.0 0.7921562850475311 0.3946406036615372 0.01379692554473877 0.01445315033197403
0.0 0.7831562668085098 0.3861406497657299 0.0111561119556427 0.009156256914138794
0.0 0.7525312960147857 0.3116718824952841 0.01826566457748413 0.014359306544065475
0.0 0.7868750154972076 0.3141250476241112 0.013015687465667725 0.012265674769878387
0.0 0.6602812767028808 0.3110624510794878 0.023546934127807617 0.014187511056661606
0.0 0.6890780985355377 0.26962498724460604 0.012781083583831787 0.010546915233135223
0.0 0.6631718933582306 0.2105624932795763 0.011203229427337646 0.010078098624944687
0.0 0.6358125567436218 0.2097187289968133 0.009484291076660156 0.011749936267733574
0.0 0.5838749766349792 0.1676093466579914 0.011671900749206543 0.012234393507242203
0.0 0.5378906488418579 0.17348436508327722 0.01178133487701416 0.015859348699450493
0.0 0.5354531466960907 0.15971874874085187 0.016687452793121338 0.008500004187226295
0.0 0.4979687392711639 0.18924999572336673 0.011468589305877686 0.00943758711218834
0.0 0.4793905973434448 0.19220308270305395 0.009203195571899414 0.007718777284026146
0.0 0.6559061467647552 0.06603126656264066 0.013406217098236084 0.011703064665198326
0.0 0.5041250348091125 0.0020976632833480833 0.008452892303466797 0.004195326566696167
