0.0 0.9986818386241794 0.027175821457058193 0.0026363227516412735 0.01173905935138464
0.0 0.7354429109487682 0.05423737419769168 0.01101438170298934 0.012280412949621677
0.0 0.840845936583355 0.2429222903214395 0.01583101721480489 0.010862032882869244
0.0 0.8248468872625381 0.24501261683180928 0.020703414175659417 0.016068927012383938
0.0 0.8506096915341914 0.23346007578074932 0.014990856684744359 0.025587067008018494
0.0 0.8364401945844293 0.2294101357460022 0.01217201929539442 0.011272553354501724
0.0 0.8108268352691084 0.23974955696612596 0.014804237429052592 0.02071608603000641
0.0 0.7838132974226028 0.23495318330824375 0.013982770871371031 0.017356714233756065
0.0 0.6301145009696484 0.3052946707233787 0.018220534175634386 0.01937243342399597
0.0 0.5793732915073633 0.30790760889649393 0.024754665046930312 0.01558367908000946
0.0 0.721124075865373 0.32532030865550043 0.016577707882970572 0.02325441688299179
0.0 0.4953645024448633 0.2390404270030558 0.015233771502971649 0.015509071759879589
0.0 0.4602674772962928 0.14342874344438314 0.014991070330142974 0.013437487185001373
0.0 0.4551895534619689 0.31044575953856113 0.02503454051911831 0.01563978474587202
0.0 0.4098248372785747 0.13196961171925067 0.014636205323040486 0.01375465840101242
0.0 0.3553498540073633 0.07685720836743712 0.015719173848628955 0.019372313283383846
0.0 0.2940047824755311 0.08394916877150535 0.01672715283930306 0.020212216302752495
0.0 0.7654433717019856 0.22890626601874828 0.012414720468223095 0.020697344094514847
0.0 0.74660673760809 0.22646140456199645 0.012937403935939073 0.018700607120990753
0.0 0.871182408137247 0.31274134628474715 0.018593879509717227 0.02256384864449501
0.0 0.8540446822531521 0.31085634008049967 0.016278924793004988 0.01694631390273571
0.0 0.8147658688947559 0.09348605070263147 0.014542842283844948 0.014575939625501633
0.0 0.759637451171875 0.05410684142261744 0.016521625965833665 0.014930594712495804
0.0 0.8779031582642347 0.09992492673918604 0.016745846811681987 0.015621042810380459
0.0 0.9105545845348388 0.11056295745074748 0.014374810177832842 0.014034586027264595
0.0 0.8963104185182601 0.10024215802550315 0.013777457643300295 0.018625879660248756
0.0 0.8853332111146301 0.10979772182181477 0.009222324099391698 0.013045468367636204
0.0 0.2926979135721922 0.06829082230105996 0.02075949609279637 0.008547644130885601
0.0 0.2296913217753172 0.11347438497468829 0.011555652320384935 0.009704838506877422
0.0 0.20247257752344017 0.11799089107662439 0.017287117429077625 0.011981863528490067
0.0 0.6345764317084104 0.45163278430700304 0.016372394654899834 0.013904113322496414
0.0 0.6190440373495221 0.4334175452589989 0.01400146484375 0.013549458235502243
