0.0 0.9161142512224615 0.4714686798863113 0.00674023199826479 0.009013152681291103
0.0 0.9208295453339815 0.4763218739069998 0.008821846917271614 0.010668683610856534
0.0 0.9941761747933924 0.8675502194091678 0.01164765041321516 0.010880816727876663
0.0 0.9820864383131266 0.7979073451831937 0.014415007084608078 0.016441455110907555
0.0 0.9203481754288078 0.8018973878584802 0.017034709453582764 0.017417777515947818
0.0 0.8387148562818766 0.8331390672363341 0.014358289539813995 0.010343151725828647
0.0 0.92301025390625 0.7840551164001226 0.012489203363656998 0.012338150292634964
0.0 0.8075200040824712 0.8383743103593588 0.015887637622654438 0.009536608681082725
0.0 0.8235210362821818 0.4317232769913971 0.010520942509174347 0.009494254924356937
0.0 0.7929067286662758 0.3873651856556535 0.01011038850992918 0.008220727555453777
0.0 0.7832920109853149 0.3074216273147613 0.010959936305880547 0.010611984226852656
0.0 0.6926811147481203 0.34457769002765415 0.008793488144874573 0.00800850335508585
0.0 0.7600834752433002 0.35954767088405787 0.013310554437339306 0.00817832825705409
0.0 0.7548725508153439 0.35323705221526325 0.006541963666677475 0.006338900048285722
0.0 0.7815644755959511 0.24264611057005822 0.009104948490858078 0.00878676502034068
0.0 0.7165835086256266 0.24509393000043928 0.008552681654691696 0.008588567655533553
0.0 0.6561762444674969 0.24807943720370532 0.010563399642705917 0.007881168834865093
0.0 0.6833920773118735 0.255705891456455 0.009586399421095848 0.008546168357133866
0.0 0.8912914936430752 0.14500175598077475 0.01012448687106371 0.005178680364042521
0.0 0.8685361310839653 0.1388184718322009 0.007561583071947098 0.0060983489267528055
0.0 0.8525068616494537 0.12713118037208915 0.010988295078277588 0.005178634822368622
0.0 0.7322587390430272 0.16431554723531008 0.008156226016581059 0.0070321809500455855
0.0 0.7039668123237789 0.16805096641182898 0.007476587779819965 0.007343503832817078
0.0 0.7024233253672719 0.18149279640056193 0.006485408172011375 0.007668899092823267
0.0 0.6792148301377893 0.19237359035760165 0.008906761184334755 0.006947291269898415
0.0 0.6831230740994215 0.19719854854047297 0.006060512736439705 0.008942380920052529
0.0 0.6785634696483612 0.2134843877516687 0.0053525157272815704 0.009352711401879788
0.0 0.6723755044862628 0.21085260272957385 0.003808988258242607 0.0040891413576900956
0.0 0.670945331081748 0.2173754455987364 0.004899423569440842 0.007060553412884474
0.0 0.6648139214143157 0.21753106149844825 0.00579150952398777 0.007385903131216764
0.0 0.6347661815583706 0.15238768188282847 0.009756390005350113 0.006664295308291912
0.0 0.5719658421352506 0.11844349126331508 0.007943859323859215 0.006989781651645899
0.0 0.5436171978712082 0.10350181455723942 0.008538421243429184 0.007414230052381754
0.0 0.5985019557178021 0.11642014300450683 0.006471309810876846 0.006749184988439083
0.0 0.5677885139361024 0.16539090001024306 0.007986316457390785 0.007668899092823267
0.0 0.5801787856966257 0.1491050380282104 0.007462408393621445 0.006933173350989819
0.0 0.6113169608637691 0.1541563155595213 0.008127948269248009 0.007187887933105231
0.0 0.6110195988789201 0.16578706703148782 0.007207503542304039 0.006961454730480909
0.0 0.6200253726914525 0.16399012920446693 0.005876423791050911 0.006381344888359309
0.0 0.6036703824996948 0.1562787397298962 0.008425310254096985 0.007527446653693914
0.0 0.5849364964291454 0.1697771780192852 0.014471562579274178 0.014800224266946316
0.0 0.5749676587060094 0.1707817590329796 0.00632951594889164 0.005504121165722608
0.0 0.6155507635325194 0.18919002241455019 0.004828769713640213 0.008305662777274847
0.0 0.6112460639327765 0.18633187250234187 0.006825227290391922 0.008744320180267096
0.0 0.6067998135462404 0.18222854491323232 0.0063152555376291275 0.007414184510707855
0.0 0.3443271402269602 0.49372548796236515 0.009940478950738907 0.008291499316692352
0.0 0.16154780294746163 0.18744964734651148 0.00902019627392292 0.005815352965146303
0.0 0.15800781790167095 0.18354444880969822 0.007958119735121727 0.006834120210260153
0.0 0.4897660767659545 0.19484973670914768 0.008396951481699944 0.007003945112228393
0.0 0.4976250218227506 0.18017689250409602 0.009005935862660408 0.008263172395527364
0.0 0.5018872642889619 0.16662186868488787 0.007278481498360634 0.007668944634497165
0.0 0.5169394524767995 0.1776300199329853 0.007122589275240898 0.00858861319720745
0.0 0.5107514062896371 0.17692257557064295 0.009076589718461037 0.008447160758078099
0.0 0.47897605001926424 0.17569158412516117 0.008906599134206772 0.0074283935129642485
0.0 0.4751245236024261 0.168022639490664 0.009119370952248573 0.007725507393479348
0.0 0.45450737196952107 0.16164131737314164 0.00817040540277958 0.007895332295447588
0.0 0.4432641720399261 0.1614856559317559 0.00821286253631115 0.006890682969242334
0.0 0.4258612846955657 0.16670675836503507 0.006273122504353523 0.007159515470266342
0.0 0.4146606229245663 0.16339581036008893 0.008269742131233215 0.0046126884408295155
0.0 0.4883641811087728 0.14278030144050718 0.007363395765423775 0.005871961265802384
0.0 0.4770077891647816 0.14477534554898738 0.007688954472541809 0.006664295308291912
0.0 0.4595058081671596 0.14304913394153118 0.007887141779065132 0.005985177867114544
0.0 0.45394092574715617 0.1368517318740487 0.006088871508836746 0.007258523069322109
0.0 0.47291553728282454 0.12311274246312678 0.007674694061279297 0.006381344888359309
0.0 0.42138667553663256 0.08415973053779453 0.007306516170501709 0.006749207759276033
0.0 0.4720234513282776 0.08751311199739575 0.00565003976225853 0.005871961265802384
0.0 0.3468759456649423 0.11510426187887787 0.00868021510541439 0.007909495756030083
0.0 0.3235258996486664 0.11404304979369044 0.006797030568122864 0.007810397073626518
0.0 0.3209062783047557 0.05959652131423354 0.006995217874646187 0.007145397551357746
0.0 0.2620565589517355 0.10660051559098065 0.009303297847509384 0.00809343857690692
0.0 0.14009528290480378 0.1015350973699242 0.00729241780936718 0.00605590408667922
0.0 0.18663972578942778 0.11777844619937242 0.007292579859495163 0.007202005852013827
0.0 1.1480227112781183e-05 0.10654390729032456 2.2960454225562366e-05 0.007980221975594759
0.0 0.07119189258664849 0.10695426054298877 0.006442626938223839 0.004768304340541363
0.0 0.07847021203488114 0.1125715299975127 0.009090850129723549 0.005886124726384878
0.0 0.09148332346230748 0.10640240930952131 0.008354494348168373 0.0076972260139882565
0.0 0.09575974531471731 0.11023690439760685 0.007901240140199661 0.005249406583607197
0.0 0.08736271280795338 0.11598150837235152 0.007490767166018486 0.0066218960098922254
0.0 0.08445990886539223 0.12080642101354896 0.009982774034142494 0.0059710144065320495
0.0 0.5075370609760285 0.10201613130047918 0.004956141114234924 0.004725859500467777
0.0 0.4987011967226863 0.08800835493020713 0.005465788766741753 0.005348459724336863
0.0 0.4899501657113433 0.08660753858275712 0.004134709015488625 0.004188148956745863
0.0 0.48228957001119854 0.08809322183951736 0.004743693396449089 0.004683414660394192
0.0 0.48990770857781174 0.09680919232778251 0.004233883693814278 0.004145704116672278
0.0 0.49336277935653927 0.10255379630252719 0.0038657058030366898 0.004174076579511165
0.0 0.4989561015740037 0.10634584655053914 0.004955979064106941 0.004400464240461588
0.0 0.486311005987227 0.1135619930922985 0.005593160167336464 0.004725859500467777
0.0 0.4547621147707105 0.17001770636998118 0.004970239475369453 0.004230684880167246
0.0 0.4505424914881587 0.17555006337352097 0.004432233050465584 0.005475794244557619
0.0 0.42301511727273466 0.11875476860441267 0.006301157176494598 0.0055323570035398
0.0 0.4275889011099935 0.12905547549016774 0.005338417366147041 0.0056739005260169504
0.0 0.43769928961992266 0.1318287357222289 0.00719340518116951 0.005518239084631204
0.0 0.4430800830945373 0.12829140005633236 0.0038093123584985733 0.004174076579511165
0.0 0.4423295479267836 0.12263168576173485 0.006131328642368317 0.004287247639149427
0.0 0.45205766018480065 0.11858498924411834 0.004658779129385948 0.004372137319296599
0.0 0.48287019561976197 0.10488846744410693 0.0035685058683156967 0.0039476889185607435
0.0 0.47787159737199547 0.1029499860946089 0.0037665311247110367 0.004159913118928671
0.0 0.46967283319681885 0.10720895235426724 0.003794727846980095 0.004499471839517355
0.0 0.4245302859693766 0.10201613130047918 0.004078153520822525 0.005560638383030891
0.0 0.41340044010430577 0.10157749666832387 0.005097610875964165 0.004669251199811697
0.0 0.4189795019105077 0.12315518730320037 0.006187884137034416 0.005320132803171873
0.0 0.41158790942281487 0.12544741360470651 0.006258862093091011 0.005843634344637394
0.0 0.4109223695471883 0.1319277660921216 0.005961338058114052 0.003254316933453083
0.0 0.4137402592226863 0.13540849345736206 0.005224982276558876 0.004499471839517355
0.0 0.40606540311127903 0.13429069584235548 0.0047861505299806595 0.0034524232149124147
0.0 0.4022564148530364 0.1273717087227851 0.006910303607583046 0.0055748018436133865
0.0 0.3979941723868251 0.12458428503014148 0.004800410941243172 0.00410335035994649
0.0 0.388860946148634 0.12175441649742424 0.006726052612066269 0.004994692001491785
0.0 0.3858022499829531 0.12451353603973984 0.008453506976366043 0.004202312417328357
0.0 0.3730014242231846 0.12809329377487302 0.006541963666677475 0.006211519986391067
0.0 0.4610917927697301 0.11245833616703749 0.00960065983235836 0.007343503832817078
0.0 0.3947514683008194 0.10452058180235327 0.0076322369277477264 0.006820002291351557
0.0 0.34261370319873097 0.09184280447661877 0.005593160167336464 0.005093745142221451
0.0 0.3455024898052216 0.09556408296339214 0.005720693618059158 0.005433349404484034
0.0 0.35411180797964337 0.09124853117391467 0.0052535030990839005 0.004980619624257087
0.0 0.39858881533145907 0.0870745001360774 0.005069252103567123 0.005065418221056462
0.0 0.3950346508994699 0.08476815591566264 0.005281699821352959 0.005829561967402697
0.0 0.39183448497205975 0.08121667956002057 0.00632951594889164 0.0071595610119402405
0.0 0.3802372865378857 0.08373525936622173 0.0072640590369701385 0.007584032183513045
0.0 0.37991164680570366 0.09158813543617725 0.007150785997509956 0.0048956388607621195
0.0 0.37164206672459843 0.09904478755779564 0.0060180556029081345 0.005235243123024702
0.0 0.36920653432607653 0.09366804645396769 0.006301157176494598 0.004442909080535173
0.0 0.3622540166601539 0.0901307335589081 0.004092251881957054 0.0050371368415653706
0.0 0.3347547581419349 0.09888914888724684 0.0046020615845918655 0.004923965781927109
0.0 0.3252676144242287 0.08605574427638203 0.0059329792857170105 0.005334273492917418
0.0 0.343590865470469 0.07831606203690171 0.004573864862322807 0.005192798282951117
0.0 0.3516479168087244 0.07803307746071368 0.004573702812194824 0.005390881793573499
0.0 0.30500438027083876 0.11466562724672258 0.005041055381298065 0.004287247639149427
0.0 0.36570892538875344 0.06294992554467171 0.005621680989861488 0.005122049292549491
0.0 0.364831099845469 0.0679163361666724 0.004304537549614906 0.004329669708386064
0.0 0.3603139525279403 0.06316216113045811 0.006442951038479805 0.005532402545213699
0.0 0.3545507207512856 0.06285086101852358 0.004913683980703354 0.00492392024025321
0.0 0.34728666171431544 0.0626952109625563 0.005621518939733505 0.0038486130069941282
0.0 0.34223142694681885 0.06696831791196019 0.005012696608901024 0.004740000190213323
0.0 0.2997085010632873 0.08059410210698843 0.0048710647970438 0.005122026521712541
0.0 0.2960835207253695 0.07431178758852183 0.004460267722606659 0.00561729222536087
0.0 0.2901503793895245 0.08026866130530834 0.004800248891115189 0.00448530837893486
0.0 0.2938603550195694 0.08762630582787097 0.005819868296384811 0.006183238606899977
0.0 0.2810312515124679 0.08683394901454448 0.004630258306860924 0.006112512387335301
0.0 0.27145895045250656 0.08960720924660563 0.007660595700144768 0.005546520464122295
0.0 0.3014501348137856 0.11818879945203661 0.005012534558773041 0.0037637460976839066
0.0 0.29888714998960497 0.11514670671895147 0.005579061806201935 0.0052918514236807825
0.0 0.2922178149223328 0.11732571641914546 0.005749214440584183 0.005079581681638956
0.0 0.3124525282531977 0.07351943077519536 0.00531005859375 0.005532402545213699
0.0 0.2966639842838049 0.10368575737811625 0.006287220865488052 0.006522888410836458
0.0 0.294228532910347 0.10174732157029212 0.0066696591675281525 0.006338900048285722
0.0 0.26527098529040816 0.032047827658243475 0.0054377540946006775 0.0048248898703604935
0.0 0.26064056493341925 0.03663220056332648 0.0052676014602184296 0.004145749658346176
0.0 0.27106241378933194 0.04553212525788695 0.004955979064106941 0.004287224868312478
0.0 0.2599751060828567 0.0634168415563181 0.006159687414765358 0.005192821053788066
0.0 0.2476982694119215 0.06858133568894118 0.005678236484527588 0.005263547273352742
0.0 0.23704987447708845 0.06580808684229851 0.003993077203631401 0.0042165214195847515
0.0 0.23181055076420307 0.0726563477423042 0.006641138345003128 0.004796585720032454
0.0 0.2271519336849451 0.06698248137254267 0.0036532580852508545 0.004938106471672654
0.0 0.22204006239771842 0.06652969466522336 0.004828769713640213 0.004853194020688534
0.0 0.20887122079730033 0.060785067919641736 0.00531005859375 0.004853239562362432
0.0 0.18437394089996817 0.05516779846511781 0.004205524921417236 0.00550407562404871
0.0 0.22157270982861518 0.046522554196417334 0.003709975630044937 0.003820308856666088
0.0 0.2166449274867773 0.042037234432063995 0.005763150751590729 0.004711718810722232
0.0 0.21180230248719453 0.04486709157936275 0.0047861505299806595 0.004188194498419761
0.0 0.24118458349257707 0.03472205752041191 0.005961338058114052 0.005659714294597507
0.0 0.2509267130866647 0.03333540463354438 0.005805769935250282 0.005744603974744677
0.0 0.2515639752149582 0.03780659509357065 0.005734629929065704 0.0036363888066262007
0.0 0.23683734573423862 0.040961881657131015 0.005239404737949371 0.004994714772328735
0.0 0.2026689952239394 0.036830295459367335 0.004559604451060295 0.005348436953499913
0.0 0.19707575403153899 0.0387546019628644 0.005083512514829636 0.004287247639149427
0.0 0.19194978438317778 0.03585399582516402 0.005479887127876282 0.005447490094229579
0.0 0.18104632254689934 0.04117414001375437 0.0055367667227983475 0.00459852498024702
0.0 0.18193840850144627 0.04724419617559761 0.0037240739911794662 0.004839053330942989
0.0 0.16395513862371447 0.051970055676065385 0.005607582628726959 0.004457049770280719
0.0 0.033964845910668395 0.2210825606249273 0.003894064575433731 0.005659737065434456
0.0 0.029504416137933753 0.22450667968951166 0.0041345469653606415 0.004895684402436018
0.0 0.019946294464170955 0.21975251603871584 0.0047722142189741135 0.005150307901203632
0.0 0.0004292454570531956 0.22003551200032234 0.0008584909141063912 0.005192843824625015
0.0 0.08235009722411635 0.10733626410365105 0.006952598690986633 0.004711741581559181
0.0 0.3145341431722045 0.02551084409933537 0.004403712227940559 0.004075000667944551
0.0 0.31311814915388825 0.009819278190843762 0.005848227068781853 0.004004228906705975
0.0 0.3062363663688302 0.009607031219638884 0.005324156954884529 0.004499494610354304
0.0 0.28594485446810725 0.011361558362841606 0.0044038742780685425 0.0038769171573221684
0.0 0.28695013243705036 0.016526041110046207 0.004729432985186577 0.0036080618854612114
0.0 0.27295993976294997 0.010555026703514159 0.005508407950401306 0.005008832691237331
0.0 0.24877444431185722 0.012734025018289685 0.005479887127876282 0.004329692479223013
0.0 0.24442720655351877 0.014177252049557864 0.005876423791050911 0.003975947527214885
0.0 0.2403915911912918 0.016554345260374248 0.004276178777217865 0.00413160896860063
0.0 0.23403371647000312 0.021860325988382102 0.004063893109560013 0.00459852498024702
0.0 0.21293511390686035 0.029048179765231906 0.0052676014602184296 0.005164494132623076
0.0 0.24897271264344453 0.0214216913562268 0.004913521930575371 0.004966410622000694
0.0 0.24492291789501905 0.021633938327431677 0.005961338058114052 0.006565287709236145
0.0 0.36803126577287915 0.024237419199198484 0.0048710647970438 0.00707467133179307
0.0 0.2248437726870179 0.020035061240196227 0.005720531567931175 0.004881520941853523
0.0 0.4441420786082745 0.17465869896113873 0.005054991692304611 0.004669296741485596
0.0 0.4409843698143959 0.17311643017455935 0.00434715673327446 0.004471190460026264
0.0 0.4377276483923197 0.1757198882754892 0.004262242466211319 0.004711696039885282
0.0 0.14932760279625656 0.029741494823247193 0.005876423791050911 0.006353017967194318
0.0 0.14473963957279923 0.026840888685546814 0.004771890118718147 0.003622225346043706
0.0 0.14142620060592892 0.02398272738792002 0.004531407728791237 0.0036080846562981605
0.0 0.13889157455414536 0.022115017799660564 0.003879966214299202 0.004457026999443769
0.0 0.13639940563589337 0.027788895554840563 0.00467303954064846 0.0047541864216327666
0.0 0.13471432738006117 0.03825937041547149 0.005380712449550629 0.004357996629551053
0.0 0.10848975516855719 0.037099127960391345 0.004814509302377701 0.003947666147723794
0.0 0.11382809150964024 0.03084514036308974 0.0036673564463853836 0.0040183923672884704
0.0 0.16313370652496817 0.02517126260790974 0.004205524921417236 0.004471167689189315
0.0 0.16966157183051112 0.024930722871795298 0.005239080637693405 0.004004251677542925
0.0 0.17682661823928358 0.026289060222916306 0.0057488903403282166 0.00498055131174624
0.0 0.17804442495107653 0.021775424922816457 0.004672877490520477 0.003678833646699786
0.0 0.18597418591380122 0.025355205428786574 0.004148807376623154 0.0036363888066262007
0.0 0.18243411984294655 0.02415251813363284 0.004658779129385948 0.0046975553501397375
0.0 0.20180518701672553 0.022864929772913455 0.0033560581505298615 0.004188194498419761
0.0 0.19786866530776026 0.024987331172451378 0.0039365217089653015 0.003579757735133171
0.0 0.19210551455616953 0.021959379129111768 0.00681096687912941 0.004103304818272591
0.0 0.28144188653677704 0.013851822633296252 0.004106512293219566 0.0036505294963717462
0.0 0.31937693022191527 0.02873689103871584 0.005663976073265076 0.004725859500467777
0.0 0.23535061683505773 0.014332902105525135 0.004417972639203072 0.0040750234387814995
0.0 0.2302671043202281 0.017191052017733455 0.0052674394100904465 0.003593921195715666
0.0 0.2209639685228467 0.01922855235170573 0.004049794748425484 0.003763723326846957
0.0 0.21811755802482366 0.017021261272020638 0.00390816293656826 0.0036363888066262007
0.0 0.22797320373356342 0.014049917529337107 0.0032568834722042084 0.0027449560817331075
0.0 0.2260756777599454 0.015054509928449988 0.003143610432744026 0.0024337015114724637
0.0 0.22412159629166126 0.016469432809390127 0.0027755945920944214 0.00253273188136518
0.0 0.18692282736301424 0.01597422403283417 0.0036814548075199127 0.0036929743364453316
0.0 0.18362356778234246 0.01266327602788806 0.004049794748425484 0.0036646474152803423
0.0 0.18151367511600258 0.016724136006087065 0.0038514453917741776 0.0037212557159364223
0.0 0.18435992356389763 0.0191719668218866 0.004403712227940559 0.0035231722053140403
0.0 0.21160395313054323 0.01883237394504249 0.005409395322203636 0.00459852498024702
0.0 0.20939504783600568 0.014205556199885904 0.0048853252083063126 0.0032401762437075377
0.0 0.20370255094021558 0.012861370923928916 0.004092251881957054 0.0031977314036339523
0.0 0.20347600486129522 0.017063706112094224 0.004233883693814278 0.004032555827870965
0.0 0.19860494006425142 0.014347054180689156 0.0031011532992124336 0.0038486130069941282
0.0 0.1938896054401994 0.01673827669583261 0.0043187979608774185 0.0027166974730789663
0.0 0.19373387526720764 0.01332829832099378 0.0043048616498708725 0.0031411458738148214
0.0 0.1749008955433965 0.016978816431947052 0.006244601681828499 0.004909825092181563
0.0 0.16631985511630776 0.020035072625614703 0.005593160167336464 0.0054899349343031645
0.0 0.16639058999717238 0.013851822633296252 0.0054516904056072235 0.00448530837893486
0.0 0.1612220821902156 0.017360854148864745 0.0033558961004018784 0.0033958149142563343
0.0 0.15694582238793375 0.01621475238353014 0.0035683438181877136 0.002843986451625824
0.0 0.15548729021102192 0.021280204760842025 0.006471147760748863 0.004938106471672654
0.0 0.15129586365073922 0.019525677617639303 0.004347318783402443 0.004004251677542925
0.0 0.14699116405099633 0.019313453417271375 0.004191426560282707 0.004457026999443769
0.0 0.1495399694889784 0.015436547645367681 0.004474528133869171 0.004329669708386064
0.0 0.09745892193168404 0.03821692557539791 0.006811128929257393 0.004216498648747802
0.0 0.10233006775379183 0.03337787224445492 0.004545506089925766 0.004584384290501476
0.0 0.09747310131788256 0.0337315944256261 0.004205524921417236 0.004315551789477468
0.0 0.09938480667769911 0.029090624605305492 0.006541963666677475 0.00346656390465796
0.0 0.09195067603141072 0.027916241460479795 0.004559604451060295 0.004372160090133548
0.0 0.09030813593417408 0.03499087863601744 0.004899585619568825 0.004556080140173435
0.0 0.08502627406269314 0.03117058116476983 0.0064004939049482346 0.004711718810722232
0.0 0.07927730269730093 0.03765096780844033 0.006839163601398468 0.006961454730480909
0.0 0.0721406150609255 0.03537291635293514 0.0053525157272815704 0.004258943488821387
0.0 0.09488175772130492 0.0191012064460665 0.006287220865488052 0.0031269824132323263
0.0 0.09078958686441185 0.021591493487358095 0.004233883693814278 0.0037071377970278262
0.0 0.08549370765686037 0.026218322617933155 0.006060674786567688 0.004938129242509604
0.0 0.12070995531976225 0.025100525002926588 0.0047010742127895355 0.003310925234109163
0.0 0.11835941821336748 0.028453906462527812 0.0035683438181877136 0.0032260583247989416
0.0 0.11309173572808506 0.0262324633076787 0.004375515505671501 0.0029854844324290752
0.0 0.1261049281805754 0.02801527183037251 0.005593322217464447 0.003947666147723794
0.0 0.12294730041176083 0.03159505233634263 0.005763312801718712 0.004301388328894973
0.0 0.007003917917609237 0.036787839233875276 0.00589052215218544 0.004329692479223013
0.0 0.002018714137375366 0.03758020743262023 0.004037428274750732 0.0045419394504278895
0.0 0.006239122338593028 0.03284019585698843 0.004233883693814278 0.003268480394035578
0.0 0.00042568035423756756 0.03381649549119174 0.0008513607084751351 0.003862753696739674
0.0 0.004455031454563163 0.026260756072588265 0.006556224077939987 0.004202335188165307
0.0 0.0025434071198106034 0.02890669316984713 0.004984499886631966 0.0049522471614182
0.0 0.022410185635089896 0.029543399927206337 0.0069807954132556915 0.004258943488821387
0.0 0.019068306870758556 0.026473014429211617 0.006287058815360069 0.00459852498024702
0.0 0.011421809531748317 0.02879349933937192 0.005706595256924629 0.003310925234109163
0.0 0.030481416359543823 0.036858599609695376 0.0047010742127895355 0.0035797805059701203
0.0 0.028116780892014526 0.03322222218848765 0.0048851631581783295 0.003678810875862837
0.0 0.022495099902153037 0.03479279512539506 0.005380712449550629 0.00512207206338644
0.0 0.015641513839364074 0.03595303758047521 0.006060674786567688 0.006310573127120733
0.0 0.12181448899209502 0.021450006891973315 0.0047010742127895355 0.0039052213076502086
0.0 0.11770797669887545 0.023346020630560814 0.0047010742127895355 0.004881498171016574
0.0 0.13563485313206913 0.0143611948704347 0.005097610875964165 0.0033109480049461127
0.0 0.13564887046813967 0.018308849632740022 0.0039365217089653015 0.0032967617735266685
0.0 0.13310014605522158 0.020884026354178787 0.004559442400932312 0.004853239562362432
0.0 0.12815818432718518 0.021464158967137336 0.0036391597241163254 0.0033816969953477383
0.0 0.1273510126397014 0.017007109196856617 0.004955979064106941 0.005192798282951117
0.0 0.10836230274289849 0.0287793472642079 0.0060041192919015884 0.00448533114977181
0.0 0.10942429825663569 0.023657297971658407 0.006159525364637375 0.005263547273352742
0.0 0.10530376862734558 0.022398002375848592 0.0064004939049482346 0.006933150580152869
0.0 0.115555626899004 0.019087054370902478 0.008014675229787827 0.006423766957595944
0.0 0.07314597405493262 0.02070008353330195 0.004743531346321106 0.004697578120976686
0.0 0.0797587536275387 0.023261108179576696 0.006003957241773605 0.004103282047435641
0.0 0.08179783038794997 0.020105810230597855 0.008425310254096985 0.005405022483319044
0.0 0.06103912796825173 0.020657638693228363 0.007759770378470421 0.004740022961050272
0.0 0.05298183355480435 0.02292152668815106 0.005975598469376564 0.0041598903480917215
0.0 0.045901863463223 0.02245461067650467 0.0055367667227983475 0.0046834374312311414
0.0 0.03620210997760298 0.02285078908316791 0.005593322217464447 0.0036505294963717462
0.0 0.050348194874823116 0.02654375203419477 0.005196785554289818 0.002773283002898097
0.0 0.05248628426343205 0.028864248329773544 0.0048710647970438 0.0031835907138884068
0.0 0.05261365566402676 0.03142526159062982 0.0046020615845918655 0.0031835907138884068
0.0 0.058461963757872604 0.032118576648645106 0.003978978842496872 0.0020375117193907498
0.0 0.05596979483962061 0.03452395123895258 0.005494147539138794 0.002759119542315602
0.0 0.06477738134562971 0.03337787224445492 0.007745672017335892 0.004570220829918981
0.0 0.06169040743261578 0.03537291635293514 0.0043048616498708725 0.003721278486773372
0.0 0.059070786088705085 0.03801883067935705 0.00472959503531456 0.003664692956954241
0.0 0.07280615493655207 0.027647397574037315 0.006414592266082764 0.004414582159370184
0.0 0.06721283271908762 0.02635980921331793 0.0071509480476379395 0.003806168166920543
0.0 0.06647655796259644 0.03043480988126248 0.006640976294875145 0.004343833168968558
0.0 0.06031687054783108 0.026628653099760414 0.0050694141536951065 0.005221079662442207
0.0 0.043126430921256564 0.02701067943125963 0.004333058372139931 0.003155309334397316
0.0 0.045066414028406165 0.02938776125665754 0.005253341048955917 0.0033675563056021927
0.0 0.041653881408274196 0.033179765962995586 0.006145427003502846 0.0041598903480917215
0.0 0.03808545656502249 0.02689748560078442 0.0053525157272815704 0.003480750136077404
0.0 0.03271868042647841 0.027986979065462946 0.006173785775899887 0.005107908602803945
0.0 0.05010738838464024 0.03992899649310857 0.005933141335844994 0.005192821053788066
0.0 0.04815330691635611 0.0348210992757231 0.005041055381298065 0.0046268063597381115
0.0 0.04527878072112801 0.037198169715702535 0.006499668583273888 0.005051300302147866
