0.0 0.7139098107814789 0.38907428458333015 0.018397092819213867 0.015920251607894897
0.0 0.7047756820917129 0.3792267721146345 0.014686793088912964 0.0196109376847744
0.0 0.6944144874811172 0.3681751573458314 0.0156230628490448 0.019426720216870308
0.0 0.6531830787658691 0.36019250098615885 0.014386475086212158 0.016843551769852638
0.0 0.6738705545663833 0.327602781355381 0.013881415128707886 0.017724506556987762
0.0 0.5469972848892212 0.26776904333382845 0.015504598617553711 0.01798144541680813
0.0 0.6531997084617615 0.306522554717958 0.01635146141052246 0.01612539030611515
0.0 0.6267639458179474 0.28498701471835375 0.016857683658599854 0.01563897170126438
0.0 0.6219611823558807 0.2667216993868351 0.016861796379089355 0.012488063424825668
0.0 0.5991754591464996 0.26580031029880047 0.014671146869659424 0.01936923712491989
0.0 0.5952603280544281 0.25366926565766335 0.015516221523284912 0.014110766351222992
0.0 0.5970545470714569 0.24431571550667286 0.012277364730834961 0.014321688562631607
0.0 0.5351379871368408 0.1950042750686407 0.010553240776062012 0.010445024818181992
0.0 0.5702289253473282 0.18423871789127588 0.010817617177963257 0.014316709712147713
0.0 0.5495349675416946 0.13151580933481455 0.00968053936958313 0.0119509007781744
0.0 0.622088810801506 0.23600337374955416 0.011721163988113403 0.008802054449915886
0.0 0.6268745422363281 0.24226183909922838 0.013459861278533936 0.014049561694264412
