0.0 0.19417197471484543 0.8445549795404077 0.028759526647627355 0.019715965166687964
0.0 0.022058511339128017 0.871345017151907 0.018467404693365098 0.02162497853860259
0.0 0.0744049733504653 0.8649908458348363 0.030163851380348206 0.018182147387415172
0.0 0.1481034692376852 0.7624238086398691 0.01746223829686642 0.018457911815494298
0.0 0.16881285337731242 0.6453111726790667 0.015974711440503598 0.014957133308053016
0.0 0.227345210313797 0.6143718335777522 0.015538766980171204 0.014595801755785943
0.0 0.25373901361599566 0.5504287672694772 0.01782172154635191 0.01963722174987197
0.0 0.42112314887344837 0.5719464078079909 0.019002825766801835 0.011929681804031134
0.0 0.3922002032399178 0.5687365033663809 0.01610962599515915 0.013153508305549622
0.0 0.31320161651819944 0.5469415820203721 0.019170963391661643 0.020643122866749762
0.0 0.3091493649408221 0.5308119083289057 0.01608516611158848 0.013233334850519895
0.0 0.1552998751401901 0.38253426351584496 0.014898187667131423 0.014939694944769145
0.0 0.28691740119829773 0.24977126515004783 0.010409028641879559 0.015626452350988983
0.0 0.2941983574070036 0.2443274088902399 0.010079494304955005 0.010912461997941136
0.0 0.3912189189344645 0.19398179803974927 0.014934395998716354 0.013290524017065763
0.0 0.9226406088098884 0.22015751244034618 0.014718494191765786 0.011911539407446981
0.0 0.4239421023055911 0.1445335588650778 0.013989320024847984 0.012659006146714091
0.0 0.4544766075909138 0.11485359994694591 0.012793482095003129 0.017637333925813438
0.0 0.5329961080104113 0.09650473205838353 0.0122777059674263 0.010902930470183491
0.0 0.4618354694917798 0.1051362615544349 0.013898028805851937 0.01471548741683364
0.0 0.42690319269895555 0.06510720266960561 0.012473385035991668 0.012709425762295723
0.0 0.42541662883013487 0.0021498420275747774 0.011774063482880593 0.004299684055149555
0.0 0.5040081607177853 0.0012360068038105964 0.011331859603524208 0.002472013607621193
0.0 0.5372057117521762 0.004542607511393726 0.010791623592376709 0.009085215022787451
