0.0 0.992383838724345 0.894147069612518 0.015232322551310063 0.0182874440215528
0.0 0.8111260057426989 0.902890136372298 0.01775761004537344 0.0216208441182971
0.0 0.7033056397456676 0.941705621778965 0.016519014816731216 0.028360341489315034
0.0 0.5878359451424331 0.6442960748448968 0.014169591944664717 0.020127268880605696
0.0 0.6681365697644651 0.8105050974991173 0.013513975404202938 0.02112896563485265
0.0 0.5465108953416348 0.8286469126585871 0.017793876864016057 0.029708170611411334
0.0 0.5591688487678766 0.8421623146161437 0.020015949010849 0.013952464424073696
0.0 0.56350351520814 0.823273653211072 0.018923254776746036 0.01639333078637719
0.0 0.5764893811196089 0.8451312907971442 0.0237860307097435 0.014772066473960876
0.0 0.5263492016587407 0.9397930997423828 0.01792154023423791 0.022258468717336655
0.0 0.5437789513263851 0.9337639827746897 0.019269248563796283 0.026192675810307264
0.0 0.5932634100317955 0.8308873927686363 0.013859969191253185 0.020691844541579484
0.0 0.6240249672904611 0.8265522959176451 0.019724563881754874 0.023861206974834202
0.0 0.6456436387263238 0.8173903409857303 0.014042137004435063 0.024790089298039674
0.0 0.8681869467720389 0.9021614644210786 0.031052942387759686 0.016429679375141858
0.0 0.9594517705962062 0.8003777357749641 0.017028938792645932 0.018251212686300276
0.0 0.9937497846782207 0.6767546024639159 0.012500430643558502 0.014571680221706629
0.0 0.6735457970295101 0.5888140579685569 0.013950948882848025 0.016429562121629715
0.0 0.6487763415090739 0.5922383881639689 0.014005661755800248 0.01513637313619256
0.0 0.4765369867905974 0.6739495466928929 0.014807075075805188 0.01781397433951497
0.0 0.4906336803454906 0.6589770353399217 0.017739372421056034 0.024116233363747595
0.0 0.5048945125192403 0.6715452634263783 0.015134935453534126 0.01664823992177844
0.0 0.5119063579943031 0.6576473805122077 0.018431359995156528 0.0169396148994565
0.0 0.28978196817915886 0.652055443264544 0.017156550055369736 0.014790358021855354
0.0 0.3516875777859241 0.5691786089446396 0.015881635900586843 0.014571680221706629
0.0 0.08319316837005317 0.6391958988271653 0.02130904868245125 0.01588316075503826
