0.0 0.02018966944888234 0.9655368552543223 0.014046839531511068 0.022514889016747475
0.0 0.10328954600263388 0.4289991688448936 0.01180589790455997 0.00911787962540984
0.0 0.06708690305240453 0.47081634742207823 0.013555161841213702 0.008880854118615389
0.0 0.2939612304326147 0.43285788665525615 0.00840794388204813 0.00922346832230687
0.0 0.23065322113689035 0.571001563873142 0.011704497830942273 0.008499129861593246
0.0 0.24198411602992564 0.5715709403622895 0.01541123385541141 0.012421200890094042
0.0 0.22327970822807403 0.5649164028000087 0.011940497113391757 0.018772403243929148
0.0 0.23298429616261274 0.5612847006879746 0.009162886207923293 0.008581911399960517
0.0 0.25151602339465173 0.5670974006876349 0.011536849709227682 0.015348035097122192
0.0 0.27018126072362064 0.5622235109098256 0.01077289404347539 0.012947539426386356
0.0 0.38184985690750184 0.602919295290485 0.013856057170778513 0.014597510639578103
0.0 0.4175610099453479 0.601910120761022 0.018223621230572463 0.01230784086510539
0.0 0.31918254585471006 0.6220494752749801 0.012922049826011061 0.017226331308484076
0.0 0.47258542189374564 0.5489404106047004 0.011546088382601738 0.011722626071423293
0.0 0.4918292029760778 0.4799645521212369 0.011260065063834191 0.010257054958492518
0.0 0.5047441172413528 0.5967370348516852 0.018422966264188288 0.012362915929406882
0.0 0.5265428797341883 0.46910940054804084 0.011029023118317128 0.010459531843662263
0.0 0.5616373701021076 0.42743333070538936 0.012102812342345715 0.014457457792013883
0.0 0.6050317944958806 0.4289696884807199 0.012856327556073665 0.01510247802361846
0.0 0.2827181029366329 0.5569570845924318 0.009860969381406903 0.015201055631041526
0.0 0.29578384042251854 0.5541890557855368 0.0101154460106045 0.013830936700105666
0.0 0.21330126498360186 0.6216337092220783 0.014296433934941889 0.01685516592115164
0.0 0.22520758651662617 0.6193532045464962 0.012359316973015667 0.01278848061338067
0.0 0.2405619236640632 0.46480661891400815 0.0110096444375813 0.011029879748821258
0.0 0.27699579633772375 0.4341208541765809 0.01241647657006979 0.01138921920210123
0.0 0.1966693995753303 0.4728539136238396 0.012612291378900409 0.011885739490389824
0.0 0.17437974805943668 0.48213760973885655 0.010861525218933821 0.010641144402325154
0.0 0.1837853935547173 0.4741067023947835 0.010700036212801934 0.01382553055882454
0.0 0.19201464797370135 0.48018937157467007 0.0071947483345866205 0.009659422934055329
0.0 0.49407705483026804 0.3235556564060971 0.00994727211073041 0.009125524247065187
0.0 0.6109558121301234 0.2414503714069724 0.007156591862440109 0.008694680128246545
0.0 0.6154202695935964 0.2371709459926933 0.005287525616586209 0.007921517454087734
0.0 0.6909197599627077 0.2067480759928003 0.010133998468518257 0.009673318406566978
0.0 0.7383002588059753 0.07362824562005699 0.009019498992711306 0.007764739356935025
0.0 0.7227146168239414 0.17206233688630163 0.009455894865095616 0.00867035249248147
0.0 0.7322639499790966 0.12101343295071273 0.00983535647392273 0.008700719801709056
0.0 0.8071122265420854 0.14686566391028463 0.009159956872463227 0.007568006496876478
0.0 0.8448208108078689 0.07808691840618849 0.009080188814550638 0.008523373026400804
0.0 0.6050706269685179 0.41792206983082 0.015029293578118086 0.007152916211634874
0.0 0.6517633328679949 0.4460625979118049 0.008643041830509901 0.007448649033904076
0.0 0.6710940175689757 0.4477043332066387 0.012787826173007489 0.009365379530936479
0.0 0.7536824997514486 0.14399823390413075 0.006216500513255596 0.008645644737407565
0.0 0.7466299368534237 0.15692245934624224 0.0069899952970445154 0.00579610145650804
0.0 0.8224083149805665 0.08089067842811345 0.006641329266130924 0.00598915982991457
0.0 0.6493349888827652 0.0024508304661139844 0.007945108879357576 0.004901660932227969
0.0 0.7894012390170246 0.01209947345778346 0.009732153732329607 0.005456190323457122
0.0 0.8194363914895803 0.014544886560179294 0.007442765403538942 0.005442294850945472
0.0 0.8175216576550156 0.021727346489205955 0.007364950235933065 0.007073766924440861
0.0 0.8390208768192678 0.033858664170838895 0.006314896140247583 0.005157247604802251
0.0 0.8330894231796264 0.03675456088967621 0.007554380595684052 0.008141564298421144
0.0 0.8302284388802945 0.04906755448319018 0.004689941182732582 0.008250700775533915
0.0 0.8388659224845469 0.04954927123617381 0.011522052809596062 0.011096822982653975
0.0 0.8879991403780878 0.032434768916573375 0.0082375917583704 0.006441565160639584
0.0 0.8906438796315342 0.02631291577126831 0.007877809274941684 0.006984692299738526
0.0 0.9056915754452348 0.009459164738655091 0.006196070276200771 0.005134778330102563
0.0 0.9103746064007282 0.013021104398649185 0.00766404289752245 0.006096839183010161
0.0 0.8938184530474246 0.001058062759693712 0.007886071503162385 0.002116125519387424
0.0 0.9125410377513617 0.0018808837980031968 0.007059998903423547 0.0037617675960063936
0.0 0.9202541282400489 0.003097614028956741 0.007322737760841846 0.006195228057913482
0.0 0.937992381118238 0.008287848206236959 0.006278091669082641 0.006973922252655029
0.0 0.9227705776225775 0.012583946075756103 0.005545757804065942 0.005459759221412242
0.0 0.9290879524312914 0.013198324467521162 0.009491347335278988 0.007646416663192213
0.0 0.9977112642955035 0.008066460385452955 0.004577471408993006 0.006905733072198927
0.0 0.9986147013958544 0.018813985399901867 0.0027705972082912923 0.006726295640692115
0.0 0.9830561511684209 0.017365435184910894 0.006535722967237234 0.010360700823366643
0.0 0.9881242019589991 0.016355141415260732 0.007292242627590895 0.006976878736168146
0.0 0.3869198605883867 0.7057326988782734 0.01225438667461276 0.0106615019030869
0.0 0.3967862379737198 0.6920967211481184 0.010572647675871849 0.010280200000852346
