0.0 0.9937379878945649 0.6808473398443311 0.011616933159530163 0.01083469046279788
0.0 0.939572976110503 0.49149468140676617 0.012135749403387307 0.013363187946379185
0.0 0.9328167173080146 0.48780196756124494 0.009845770709216595 0.009848591685295106
0.0 0.8419164274819195 0.49913285723887385 0.010098948702216148 0.01013481942936778
0.0 0.7886857544537633 0.4848899025470018 0.015487739350646734 0.013929242175072432
0.0 0.7639702912420034 0.48396974690258504 0.012004465237259865 0.01247910289093852
0.0 0.7453944846522063 0.4750328520545736 0.013056363817304373 0.013002329645678401
0.0 0.7573444136884063 0.4448815991403535 0.014737595710903406 0.01331121581606567
0.0 0.6992390710860491 0.5058008866384626 0.01180762927979231 0.011141239665448666
0.0 0.7231886798981577 0.408557068137452 0.009779135417193174 0.009583498258143664
0.0 0.6630954747088253 0.4456604444421828 0.010945523902773858 0.010179526638239622
0.0 0.6474879182409495 0.45654459225479516 0.010530001390725375 0.009185045259073377
0.0 0.6226401776541024 0.46830863382201643 0.007444191444665194 0.008000405831262469
0.0 0.6343940833583475 0.3812554425559938 0.013792241364717484 0.012183527275919915
0.0 0.6100487259216607 0.40438278652727605 0.010608194023370742 0.010247298702597617
0.0 0.6045180869754404 0.39942452844697984 0.014580849278718232 0.013716730521991849
0.0 0.7702208261005581 0.2977997845038772 0.013077853247523308 0.01065870663151145
0.0 0.7332739042583853 0.3063468883745372 0.011945053283125163 0.010195377375930547
0.0 0.728125199303031 0.3024784447159618 0.012765805050730706 0.009602295607328415
0.0 0.6182434221729636 0.4330898441839963 0.009305826202034951 0.009911994636058807
0.0 0.6001236790791153 0.42653393843211235 0.010387882217764854 0.009679618757218122
0.0 0.6071077439002692 0.4260398475686088 0.011572870798408985 0.011832524882629513
0.0 0.5520124564878642 0.4490716806845739 0.012150376662611961 0.013286728458479048
0.0 0.6132822531275451 0.43845242308452725 0.010775414295494556 0.012837573420256376
0.0 0.6108292978722603 0.4408984662499279 0.011389578599482775 0.009672811068594456
0.0 0.517047076812014 0.42761232203338295 0.011892322916537523 0.010953012155368924
0.0 0.4871806513518095 0.4079468401381746 0.009799902513623237 0.009687086893245577
0.0 0.46259764609858395 0.42112609348259866 0.0122312780469656 0.010613999422639608
0.0 0.42575437915511427 0.42371865436434747 0.011215134989470243 0.010614609066396951
0.0 0.4902217668946832 0.4382508342154324 0.011304343212395906 0.009281419776380062
0.0 0.5014299494214356 0.4371950074331835 0.012552355416119099 0.012324507394805551
0.0 0.5151703633368016 0.4425926408497617 0.01808362640440464 0.014276688313111663
0.0 0.5052547068335116 0.45137361930683256 0.0079857612028718 0.00758295226842165
0.0 0.4975511975586414 0.45367162064649164 0.013649941608309745 0.011413039173930883
0.0 0.4853228991385549 0.45403207251802086 0.019011644739657642 0.01602347008883953
0.0 0.4959677516017109 0.4427901400253177 0.01074525685980916 0.009218423254787922
0.0 0.4476916563231498 0.484812223771587 0.010793292056769132 0.011036279331892728
0.0 0.4428612296935171 0.48620157649274914 0.009469615388661623 0.008752909442409872
0.0 0.43502625566907227 0.508021107595414 0.012485358957201242 0.013076045736670493
0.0 0.43245736584067346 0.4959655039012432 0.01224861405789852 0.012442219443619252
0.0 0.41009427290409806 0.5017994390334934 0.01221358086913824 0.011398610938340426
0.0 0.4275429679080844 0.4840076718246564 0.011893225833773613 0.011449973424896598
0.0 0.39990710918791594 0.4964376983931288 0.0155397473834455 0.015536009101197124
0.0 0.3840805952902884 0.5078111869283021 0.008986735250800848 0.008344295714050532
0.0 0.38269606200046835 0.5135432353476063 0.008831433486193419 0.008230139920488
0.0 0.3745782942976803 0.5157959452364593 0.008677937556058168 0.008093325700610877
0.0 0.36996429692953825 0.5202877242350951 0.01121820490807295 0.010154886869713664
0.0 0.3521600331179798 0.5203823206247762 0.009910058416426138 0.008457435434684158
0.0 0.3521583175752312 0.5125832750461996 0.012407708074897439 0.010831743851304055
0.0 0.3420772466342896 0.5177416232880205 0.011523571517318486 0.010699959192425012
0.0 0.33860905123874546 0.5241804266348481 0.012026135250926018 0.010383858904242515
0.0 0.3722821757663041 0.486546126822941 0.012968961428850933 0.011120257759466767
0.0 0.3597153736744076 0.48835775945335624 0.008001833129674197 0.008500262908637524
0.0 0.3615474830381572 0.4951808923855424 0.013755402341484979 0.012593411095440387
0.0 0.3481164085678756 0.4984980148728937 0.01315117012709388 0.01126956967636943
0.0 0.30167359644547104 0.48238497795537116 0.012384773977100893 0.012181495130062104
0.0 0.07394134611822667 0.6717332164756954 0.011517070513218597 0.01051980946213007
0.0 0.06703240401111543 0.6687245737295597 0.013490486424416304 0.011178935971111059
0.0 0.06627151565626266 0.6083889439236373 0.01067428756505251 0.010346569027751685
0.0 0.13813334410078826 0.5628591478103772 0.010868775937706188 0.010110992519184948
0.0 0.13104363796301188 0.5490361360600218 0.008013751637190536 0.008197930408641696
0.0 0.14349170643836262 0.5404722415842116 0.008436497487127825 0.008438790496438742
0.0 0.14671990643255411 0.532315512932837 0.009536792431026675 0.009514710120856761
0.0 0.15770326256752015 0.5342941625509411 0.00975547898560769 0.008923050854355097
0.0 0.18033668892458082 0.4593317057006061 0.008706289157271452 0.008956784475594759
0.0 0.12442371966317296 0.48513746871612967 0.009687940776348047 0.009591626841574908
0.0 0.23438513409346343 0.5264469297137111 0.009063122048974082 0.0094293599948287
0.0 0.24832202279940246 0.5272246573353186 0.011500637419521809 0.010619130590930581
0.0 0.25978681440465157 0.5217291506938636 0.009575437288731337 0.008999256324023009
0.0 0.26746043711900713 0.5166436548810452 0.00976161882281299 0.008937479089945554
0.0 0.27143850987777113 0.5123909070389345 0.0076430138200521466 0.007967586675658823
0.0 0.1947773151565343 0.5407937016570941 0.008487963769584939 0.008366293692961334
0.0 0.1885088122449815 0.5172888611909002 0.008824751898646399 0.008050040993839502
0.0 0.17175978780724105 0.4993718375917524 0.009157567191868998 0.009209888242185115
0.0 0.1925177647732198 0.4984369742916897 0.0097803995013237 0.008981017814949154
0.0 0.19151606839150187 0.4933871426386759 0.008849672414362408 0.007942489674314856
0.0 0.18871305212378503 0.4545626149978489 0.008966329321265287 0.008571997657418251
0.0 0.11313906004652385 0.5133190388558433 0.008837753906846046 0.00849299798719585
0.0 0.07629263289272781 0.5558394301682711 0.009267542511224747 0.009245247580111027
0.0 0.1635573264677077 0.5268125381553546 0.012132498901337385 0.009531119698658585
0.0 0.16691599800251428 0.5164007118437439 0.012337280530482553 0.015069580823183059
0.0 0.20219884337857366 0.48687060971278695 0.010449641756713346 0.009410613449290395
0.0 0.21020871247164905 0.4845267834840342 0.013654095027595714 0.011201950022950768
0.0 0.2116919346153736 0.4905378455296159 0.009999627806246192 0.00880335746333003
0.0 0.2332676837220788 0.4928249494871125 0.00987683106213808 0.009921088488772512
0.0 0.24800979401916265 0.5032724145567045 0.00962907057255502 0.008821392757818102
0.0 0.2812101510819048 0.4878833296010271 0.01088683428242807 0.008392609981819987
0.0 0.3427482044324279 0.44730709223076703 0.008106390945613384 0.007835751213133336
0.0 0.3286387682426721 0.48106672493740915 0.009417607355862856 0.008659583143889904
0.0 0.3368275955319404 0.4958088508574292 0.008909987285733223 0.009458165662363172
0.0 0.3040994641836733 0.4943474585656077 0.009956468362361193 0.009198609832674265
0.0 0.29362842328846456 0.5012368394527584 0.008601911924779415 0.008438993711024523
0.0 0.2912753306794912 0.5059936102712527 0.010223731864243746 0.009408073266968131
0.0 0.2844018732197583 0.50946385494899 0.0065678199753165245 0.005767382355406881
0.0 0.2800257042516023 0.5092319363029674 0.009088223148137375 0.008470644382759929
0.0 0.2612601044587791 0.563015089603141 0.009888749569654465 0.00810541696846485
0.0 0.22693525427021086 0.5047900210833177 0.013418975379318044 0.01164475460536778
0.0 0.21502306717447936 0.5125222344649956 0.009782747086137578 0.009206687612459064
0.0 0.21051137032918632 0.5217289220774546 0.006570889893919229 0.006655430095270276
0.0 0.20636084037832916 0.5213828476378695 0.009810556937009052 0.008390984265133739
0.0 0.20487048518843948 0.5165946547640488 0.008404895383864597 0.008117762254551053
0.0 0.2022355018183589 0.5049454040359705 0.008374376781284854 0.008624935057014227
0.0 0.21042180093936622 0.5006531563587486 0.009821753110736653 0.008939714450389147
0.0 0.3150980796199292 0.5011986605124548 0.008710803743451834 0.007894632639363408
0.0 0.24643140439875424 0.49743969871196897 0.008650850038975477 0.007892498886212707
0.0 0.24623881215229632 0.49135484436992555 0.008141424134373665 0.007779918005689978
0.0 0.2617350389249623 0.483129886421375 0.009020143188536167 0.009990283055230975
0.0 0.26753014232963324 0.48290642658248545 0.008163455314934343 0.007446493674069643
0.0 0.26910347561351955 0.47757422826252877 0.008442095573991448 0.008204687293618918
0.0 0.3413895848672837 0.48304146267473697 0.007560848351567983 0.007116473186761141
0.0 0.34413752318359914 0.47720437771640717 0.007973300945013806 0.007471184246242046
0.0 0.10726431934162979 0.47554012646432964 0.010924576222896554 0.008728015655651688
0.0 0.08148305262438954 0.4901278601028025 0.007369068730622597 0.0075778719037771225
0.0 0.06676649488508701 0.49489087976980956 0.007070203125476793 0.007047431031242013
0.0 0.07337946072220802 0.5147601096890867 0.00818440299481149 0.007632841449230909
0.0 0.07249460183084011 0.5207755408482626 0.010516096465289504 0.009675706876441837
0.0 0.08952244711108509 0.5498944636667147 0.010412260983139299 0.010919786570593715
0.0 0.09383306428790095 0.5407398497918621 0.011620905995368913 0.013733089296147227
0.0 0.3538411747198552 0.44286474518012253 0.010911032464355186 0.009384297160431742
0.0 0.36041919765993957 0.4382674216059968 0.01073388010263443 0.01010032375343144
0.0 0.37079868274740874 0.4351626329589635 0.010813156235963106 0.010394527669996023
0.0 0.3676477724686265 0.4460177718894556 0.010389326885342642 0.009325568145141006
0.0 0.3750116042792797 0.4481264280388132 0.009889833070337861 0.008850757265463471
0.0 0.32824356136843563 0.4958568349014968 0.010100754536688327 0.01002914784476161
0.0 0.3204419049900025 0.48897134049329904 0.01125811384990807 0.010384824173524976
0.0 0.3171496881637722 0.49542032997123897 0.008176999073475555 0.008138032909482718
0.0 0.3088469127193093 0.4991614342899993 0.007985761202871755 0.007417383184656501
0.0 0.2756298516876996 0.49564244351349773 0.012295926921069622 0.012249673623591662
0.0 0.2516780758742243 0.48346747665200385 0.010282602068036883 0.011277850670740008
0.0 0.24483883897773923 0.48597801504656674 0.009192239213734821 0.008657246176153422
0.0 0.18172654942609368 0.549393387301825 0.013333017658442303 0.013866093242540956
0.0 0.17473210105672482 0.550063690613024 0.010870401188731171 0.009839802654460073
0.0 0.1707760594785213 0.5432945619570091 0.013727231323719002 0.011564383236691355
0.0 0.35008521960116923 0.4701807481935248 0.011942886281758547 0.011565907346084713
0.0 0.35502652446739374 0.4616140087135136 0.008049145992845253 0.008473336976021529
0.0 0.3629159444011748 0.46098846341483296 0.01095058023929596 0.011044814344495535
0.0 0.35810204115696254 0.4560999841429293 0.007935378421098038 0.008235169481486082
0.0 0.3661251831334084 0.4546266021905467 0.007715788949281021 0.0068993892055004835
0.0 0.362384577607736 0.4518365929368883 0.0086949124000967 0.008408003486692905
0.0 0.09019322432577614 0.4898538252338767 0.009729836136102676 0.009881614055484534
0.0 0.03560582785867156 0.5646369706140831 0.007962104771286227 0.008270274801179766
0.0 0.04657681402750313 0.5625492201652378 0.00891811354085803 0.008267480600625276
0.0 0.05867870403453712 0.5556975609855727 0.007970953360199928 0.007328273588791489
0.0 0.012531597306951858 0.5699348256690427 0.008019169140607074 0.007715600589290261
0.0 0.04086793921887871 0.5351101199164987 0.00886917542666199 0.008648406341671943
0.0 0.05601997394114733 0.5266036335611716 0.009516386501491114 0.008229123847559094
0.0 0.03703496525995437 0.5455368825001642 0.006804203707724832 0.006318297097459435
0.0 0.032863577920943465 0.5490996660199017 0.007776645570993446 0.007315623480826617
0.0 0.00549498270265758 0.565709791216068 0.007579629030078694 0.007160113519057631
0.0 0.0008893328253180011 0.5634540331084281 0.0017786656506360021 0.008161910623311997
0.0 0.005429792078211926 0.5522858675103635 0.00753881717100735 0.007532656658440828
0.0 0.014227727334946372 0.5506169169209898 0.006798966787755489 0.0069663992151618006
0.0 0.019383926503360238 0.5497059821384027 0.007133768498897575 0.00667280494235456
0.0 0.010347259929403663 0.5426642157137394 0.008053841162472875 0.007328425999730825
0.0 0.046252124989405285 0.5176599310245364 0.006910386774689026 0.0068132770247757435
0.0 0.03625303893350068 0.5118565288838 0.008893554192036413 0.008457994274795055
0.0 0.04045304874889555 0.5202730927849188 0.008811930473893836 0.009120423020794988
0.0 0.031394621869549166 0.5244936311151832 0.00951656708493831 0.008146364707499743
0.0 0.025901544280350186 0.5199830039637163 0.009113685414195105 0.008860003529116511
0.0 0.016175590688362718 0.5240094469627365 0.010190865676850125 0.00944119724445045
0.0 0.011854048212990131 0.5245443585561589 0.00813727071508763 0.007742628129199148
0.0 0.06640343186445535 0.5273454684065655 0.007566265854984544 0.00798191330395639
0.0 0.06360754864290358 0.5307120736455545 0.005991397611796789 0.006654617236927151
0.0 0.06092976699583236 0.5339935319731012 0.006771698687225602 0.0067654707934707405
0.0 0.055632532155141246 0.5410124367568642 0.007300447020679779 0.007252830173820257
0.0 0.055141074303537596 0.5364305066876114 0.007077426463365621 0.007724491227418184
0.0 0.005018553929403424 0.5328442518832162 0.010037107858806849 0.015722153661772608
