0.0 0.05612012222409248 0.680757132684812 0.02043946087360382 0.012738751713186502
0.0 0.028253915160894393 0.6154388596303761 0.011870037764310837 0.012713513523340225
0.0 0.05331442542374134 0.5293248898815364 0.011019531637430191 0.010150407906621695
0.0 0.09972846545279027 0.510889127291739 0.01071486622095108 0.009909379109740258
0.0 0.12472559455782176 0.46509786224924027 0.012047795578837395 0.013588845822960138
0.0 0.24850485511124135 0.494838700350374 0.013596620410680771 0.007574724033474922
0.0 0.2270751953125 0.49008068898692725 0.011273346841335297 0.008754793182015419
0.0 0.1696034859865904 0.4673182512167841 0.01299992948770523 0.014248632546514272
0.0 0.16787693966180087 0.45489661041647195 0.011247994378209114 0.008818174526095391
0.0 0.06456245612353087 0.3312259680591524 0.010194377973675728 0.010226612538099289
0.0 0.17407227531075478 0.2423966876231134 0.0066904351115226746 0.011127428058534861
0.0 0.17997562177479268 0.2389074874576181 0.006830055266618729 0.007536744233220816
0.0 0.25683303028345106 0.20905242408625782 0.010359495878219604 0.00895784217864275
0.0 0.6532441437244415 0.2718837961554527 0.0103086456656456 0.007917359005659819
0.0 0.28539748340845106 0.17464233709033578 0.009686529636383057 0.008551785023882985
0.0 0.31071188151836393 0.15487432070076465 0.008353672921657562 0.012472403049468995
0.0 0.37109084278345106 0.14750254356767983 0.008518718183040619 0.007346396008506418
0.0 0.3170214485377073 0.14818769099656492 0.009445209056138992 0.010137788811698556
0.0 0.2940811015665531 0.11533826750237494 0.008518427610397339 0.008716690866276623
0.0 0.298435477912426 0.06482703215442598 0.007972732186317444 0.00885623600333929
0.0 0.35751950219273565 0.06988955575507134 0.007642641663551331 0.008805555431172252
0.0 0.3818056363612413 0.07821295149624348 0.007376041263341904 0.007485941145569086
0.0 0.4056093472987413 0.07315040747635067 0.007668066769838333 0.007663588598370552
0.0 0.372766575217247 0.007591105625033378 0.007680706679821014 0.006141047831624747
0.0 0.37187793143093584 0.016320476843975484 0.0091279037296772 0.007460580440238118
0.0 0.34577637203037737 0.003878026152960956 0.010130960494279861 0.007756052305921912
0.0 0.3856396697461605 0.03145736707374454 0.008290037512779236 0.007333695236593485
0.0 0.391834969073534 0.02643290495034307 0.009470634162425995 0.008044244209304451
0.0 0.3876961976289749 0.04432310608681291 0.007464811205863953 0.009313014568760991
0.0 0.3946278806775808 0.04552843384444714 0.0056875236332416534 0.01248506298288703
0.0 0.3993886228650808 0.04745705218520015 0.006284069269895554 0.007003842713311314
0.0 0.45131257399916647 0.005738651077263057 0.007871031761169434 0.004808773612603545
0.0 0.45566695034503935 0.008745711972005665 0.0058271437883377075 0.005988761084154248
0.0 0.4701015822589397 0.0102429328719154 0.005293942987918854 0.00634405598975718
0.0 0.47867086008191106 0.010268293577246368 0.007363110780715942 0.006267933035269379
0.0 0.4877099212259054 0.00789561786223203 0.005928698927164078 0.007244871510192752
0.0 0.4563525564968586 0.0006520709255710244 0.005801863968372345 0.0013041418511420487
0.0 0.4625478558242321 0.0009660985320806504 0.007020525634288788 0.0019321970641613007
0.0 0.44730085544288156 0.023907962907105684 0.0055096931755542755 0.012954542320221663
0.0 0.44327642433345316 0.027650953899137676 0.006665010005235672 0.00718149016611278
0.0 0.5524179790169 0.032650055317208174 0.007274340838193893 0.008412158209830522
0.0 0.5302392229437828 0.018439402570948005 0.005166962742805481 0.007041863352060318
0.0 0.5349237624555826 0.01724673474673182 0.0071854256093502045 0.005620806245133281
0.0 0.5468065854161978 0.021509906067512928 0.006284069269895554 0.008640567911788822
0.0 0.5443056993186474 0.009697330580092967 0.007020525634288788 0.007828535279259086
0.0 0.5639199338853359 0.017424361780285835 0.007375895977020264 0.00730829369276762
0.0 0.5674745816737413 0.011118387687020004 0.008797813206911087 0.007257613120600581
0.0 0.5935888536274433 0.006614126311615109 0.007312551140785217 0.006229830719530582
0.0 0.6012187100946903 0.006423778086900711 0.008264757692813873 0.006699310056865216
0.0 0.6106513518840074 0.010750432847999036 0.007172930985689163 0.006521703442558646
0.0 0.6230038855224848 0.0091009660391137 0.007883671671152115 0.006661207741126418
0.0 0.8572451718151569 0.028209236543625595 0.009089693427085876 0.007181449327617884
0.0 0.8589589692652225 0.034591333591379225 0.009204179048538208 0.007460580440238118
0.0 0.5893485996872186 0.019086508941836656 0.005446348339319229 0.005392437381669879
0.0 0.5858701545745134 0.014455362362787128 0.00595397874712944 0.004555044043809175
0.0 0.5961405899375677 0.016219013603404164 0.009000923484563828 0.005455859564244747
0.0 0.6013456903398037 0.019619410461746156 0.007629856467247009 0.008678629389032721
