0.0 0.4984994769096375 0.4388090379536152 0.012602448463439941 0.011828742921352386
0.0 0.9872955024242401 0.47887580916285516 0.013681590557098389 0.013267580419778824
0.0 0.9618246197700501 0.3125696427188814 0.011984825134277344 0.010851203463971615
0.0 0.9579236149787903 0.4311739455908537 0.012685060501098633 0.011976800858974457
0.0 0.9582325160503388 0.36933516412973405 0.01312190294265747 0.012097399681806564
0.0 0.86492999792099 0.38275153171271087 0.012098908424377441 0.010660221800208092
0.0 0.8363065361976624 0.2938548352569342 0.012226223945617676 0.011724740266799927
0.0 0.9792893767356873 0.7675124200060963 0.011486291885375977 0.010407356545329094
0.0 0.9563240349292755 0.7650897566229105 0.01661771535873413 0.013522457331418991
0.0 0.9280304849147797 0.39140085112303497 0.009009897708892822 0.011211717501282692
0.0 0.9333702266216278 0.40809795428067447 0.009237706661224365 0.008158525452017784
0.0 0.8618754088878632 0.3021680822595954 0.008886516094207764 0.008298033848404884
0.0 0.9159170031547547 0.22914223866537214 0.01226663589477539 0.008397283963859081
0.0 0.8802582859992981 0.22525474969297649 0.009669899940490723 0.00786064937710762
0.0 0.8808824360370636 0.2340836220420897 0.009953320026397705 0.009691734798252583
0.0 0.8530251026153565 0.2434397370554507 0.008327364921569824 0.007281015627086163
0.0 0.8593078196048737 0.24815848032012583 0.010410726070404053 0.010944846086204052
0.0 0.85988529920578 0.2631992733106017 0.007190823554992676 0.01041686162352562
0.0 0.8496802985668183 0.2618222439661622 0.015578091144561768 0.015196507796645164
0.0 0.7960925340652466 0.23077237214893104 0.010797858238220215 0.009173808619379997
0.0 0.7943765461444855 0.22301971102133394 0.010513722896575928 0.009707476012408733
0.0 0.7805740773677826 0.19993162462487818 0.008187711238861084 0.00722851138561964
0.0 0.7742994070053101 0.2030447766184807 0.010069727897644043 0.008652739226818085
0.0 0.796697998046875 0.19091596994549037 0.010138750076293945 0.007795421406626701
0.0 0.7745243549346924 0.1882095246575773 0.009368419647216797 0.008431130088865757
0.0 0.7586589097976685 0.1783951542340219 0.010266780853271484 0.009416590444743633
0.0 0.7651112318038941 0.18854268016293646 0.009969592094421387 0.010002234019339085
0.0 0.7430794775485993 0.19130595475435258 0.008699119091033936 0.009331271052360535
0.0 0.759907478094101 0.19974897876381875 0.007525026798248291 0.007448812946677208
0.0 0.7523848652839661 0.1990482684224844 0.01249229907989502 0.010824473574757576
0.0 0.7778761327266693 0.15167318591848017 0.009654343128204346 0.007703362964093685
0.0 0.7506779074668884 0.14626533705741168 0.009374499320983887 0.007194790989160538
0.0 0.7193358480930329 0.12470157728530466 0.012742459774017334 0.010170245077461004
0.0 0.6714948058128357 0.1772809478454292 0.010297536849975586 0.009578176774084568
0.0 0.6670443952083588 0.18945734277367593 0.010107815265655518 0.009344950318336487
0.0 0.6595130205154419 0.2012849415652454 0.011705517768859863 0.010495844297111034
0.0 0.6883628606796265 0.19179776711389424 0.009761810302734375 0.013227774761617184
0.0 0.6826656699180603 0.1894779119640589 0.009848713874816895 0.009565377607941628
0.0 0.6459575831890106 0.1804697632789612 0.012625515460968018 0.010652577504515648
0.0 0.6419751286506653 0.170242852345109 0.014017939567565918 0.013527385890483856
0.0 0.6378446161746979 0.14476953195407988 0.010028064250946045 0.009962704963982105
0.0 0.6253283560276032 0.14319157581776382 0.010946452617645264 0.009409675374627113
0.0 0.6024715542793274 0.1529891866259277 0.013614177703857422 0.010605881921947002
0.0 0.6082831859588623 0.13664995720610024 0.012413620948791504 0.010691477917134762
0.0 0.6171267867088318 0.13403593497350813 0.009938478469848633 0.008379983715713024
0.0 0.5905449330806732 0.15086091663688422 0.01038426160812378 0.00868402048945427
0.0 0.5877025067806244 0.1559274627827108 0.010972559452056885 0.008345735259354115
0.0 0.5744987964630127 0.150090728700161 0.008728623390197754 0.007475316524505615
0.0 0.6697537839412689 0.09693074370734393 0.009455859661102295 0.007286786567419767
0.0 0.6599335908889771 0.09316360838711261 0.0064923763275146484 0.005675009451806545
0.0 0.6509212791919708 0.0924565864726901 0.008652985095977783 0.007301433943212032
0.0 0.6384188771247864 0.08801315100863576 0.00777125358581543 0.006376197561621666
0.0 0.6573939859867096 0.10270690177567303 0.007544338703155518 0.006410860922187567
0.0 0.5828877627849579 0.09110057265497744 0.010764777660369873 0.01091752527281642
0.0 0.5660637855529785 0.06709656636230647 0.011379003524780273 0.008708424400538206
0.0 0.6058715224266052 0.11064663440920412 0.008867383003234863 0.007221583742648363
0.0 0.6086291909217835 0.11996775916777551 0.008557319641113281 0.007358426693826914
0.0 0.5934376955032349 0.11064765909686684 0.00888204574584961 0.007476045750081539
0.0 0.5768630743026734 0.1051601046230644 0.00986623764038086 0.008067887742072344
0.0 0.2551584780216217 0.10166611457243561 0.010021984577178955 0.008027516305446625
0.0 0.25717764496803286 0.09494552765972912 0.010989010334014893 0.008405946660786867
0.0 0.1683793604373932 0.0025243868818506598 0.0117378830909729 0.0050487737637013195
0.0 0.2223753571510315 0.004771454632282257 0.012639999389648438 0.009542909264564515
0.0 0.14603888392448428 0.0005234296200796962 0.011929929256439209 0.0010468592401593924
0.0 0.14978923797607424 0.006217945530079305 0.012941479682922363 0.009682764066383243
0.0 0.1579132914543152 0.005739334668032825 0.010848283767700195 0.01016157609410584
0.0 0.3809805452823639 0.002706705848686397 0.009654343128204346 0.005413411697372794
0.0 0.39814024567604067 0.03306585298851132 0.009700119495391846 0.009329636581242085
0.0 0.41452460885047915 0.03642589184455573 0.010460436344146729 0.0075504896230995655
0.0 0.42891680598258974 0.03925170381553471 0.011243999004364014 0.009227582719177008
0.0 0.39176794290542605 0.049849954014644024 0.011593937873840332 0.009588599670678377
0.0 0.5490016281604767 0.08449321687221527 0.011089861392974854 0.010381280444562435
0.0 0.5609465777873993 0.08356281933374703 0.010033786296844482 0.00857324106618762
0.0 0.5111376881599426 0.09750379556789994 0.010262131690979004 0.010305667296051979
0.0 0.5240920424461365 0.098376049939543 0.010216355323791504 0.009082756005227566
0.0 0.5324761807918549 0.09965519960969686 0.010279834270477295 0.009614990092813969
0.0 0.5391310095787049 0.09956498937681317 0.008129596710205078 0.005710112862288952
0.0 0.4942876935005188 0.08257043762132525 0.010941267013549805 0.011202765628695488
0.0 0.5487472653388977 0.10283806179650128 0.009463906288146973 0.009431288111954927
0.0 0.5568360924720764 0.1059484729077667 0.010746002197265625 0.01130180200561881
0.0 0.5652557253837586 0.10393049828708172 0.007610321044921875 0.007555807940661907
0.0 0.5896318197250366 0.1189656963571906 0.008132457733154297 0.008186965249478817
0.0 0.43521722555160525 0.06989589361473918 0.010337591171264648 0.008615397848188877
0.0 0.4425020158290863 0.06793719371780753 0.00722891092300415 0.006880117580294609
0.0 0.431690388917923 0.06517681716941297 0.009492337703704834 0.007922847289592028
0.0 0.42916991710662844 0.05376519127748906 0.00806879997253418 0.007000930141657591
0.0 0.4345733165740967 0.05585799952968955 0.010143399238586426 0.008617434650659561
0.0 0.45755537748336794 0.07101052748039365 0.010261774063110352 0.00884487759321928
0.0 0.3014052152633667 0.039779053349047896 0.009145617485046387 0.009134656749665737
0.0 0.5247271001338959 0.05548021667636931 0.010337769985198975 0.007961722556501627
0.0 0.5232384741306305 0.07283559679053724 0.007313668727874756 0.0068339877761900425
0.0 0.5492134332656861 0.06495325923897326 0.008238673210144043 0.007061782758682966
0.0 0.48021610975265505 0.13279292597435416 0.009090542793273926 0.007324932608753443
0.0 0.46628775596618655 0.04550891816616058 0.008829474449157715 0.006279034540057182
0.0 0.452747517824173 0.030387828638777137 0.00678938627243042 0.0074542067013680935
0.0 0.42336069941520693 0.030729747423902155 0.00891655683517456 0.0072490680031478405
0.0 0.4408957302570343 0.03755258307792246 0.007604420185089111 0.006024019327014685
0.0 0.442926162481308 0.03114311145618558 0.008502066135406494 0.007913530804216862
0.0 0.46580531597137453 0.01921184004750103 0.005925536155700684 0.006492150714620948
0.0 0.488743656873703 0.027657356625422836 0.0056070685386657715 0.004484498407691717
0.0 0.4864558219909668 0.03235848532058298 0.006453752517700195 0.005886950064450502
0.0 0.4875612497329712 0.04320074948482215 0.006067514419555664 0.005446372088044882
0.0 0.4960209369659424 0.045262678805738685 0.007462978363037109 0.006569216027855873
0.0 0.512750768661499 0.033350640721619126 0.00573885440826416 0.005967604927718639
0.0 0.5100234091281891 0.03835175144486129 0.005223333835601807 0.004656721372157335
0.0 0.5025419235229492 0.02905462826602161 0.006249189376831055 0.006053012330085039
0.0 0.5062838733196259 0.03211490511894226 0.0054915547370910645 0.005022905766963959
0.0 0.5142294704914093 0.062143785692751405 0.007360875606536865 0.005998509004712105
0.0 0.5070322990417481 0.06161407874897122 0.005919098854064941 0.006267794407904148
0.0 0.4963195562362671 0.05884852218441665 0.008725762367248535 0.0073632546700537205
0.0 0.4828836560249329 0.06059897160157561 0.008855581283569336 0.00773300975561142
0.0 0.479406350851059 0.06326929507777095 0.00938040018081665 0.008323154412209988
0.0 0.47931685447692873 0.05596605064347386 0.009329795837402344 0.008392682299017906
0.0 0.5267839074134827 0.06663398589007556 0.010512113571166992 0.008844563271850348
0.0 0.5313851475715637 0.06142118601128459 0.006955504417419434 0.006595920771360397
0.0 0.538127326965332 0.05825885529629886 0.008063435554504395 0.006929843220859766
0.0 0.5438986361026764 0.05849183658137917 0.007104456424713135 0.0061779990792274475
0.0 0.5549901962280274 0.06727889161556959 0.006738424301147461 0.006313358433544636
0.0 0.5721627712249756 0.11747814533300698 0.005950570106506348 0.005525279324501753
0.0 0.5743961572647095 0.11391293006017804 0.008953213691711426 0.0068279653787612915
0.0 0.1273869812488556 0.09797177608124912 0.007100880146026611 0.007373312953859568
0.0 0.11329581737518313 0.09323525479994714 0.006667971611022949 0.005806986708194017
0.0 0.11465265750885012 0.09970535272732377 0.00793612003326416 0.007576276548206806
0.0 0.08719819188117983 0.08730482151731848 0.0064070820808410645 0.007932792417705059
0.0 0.06910132765769961 0.08298522867262363 0.007379114627838135 0.007172059267759323
0.0 0.06131353378295901 0.08658811850473284 0.00690150260925293 0.007053924724459648
0.0 0.6199456095695496 0.16859753085300327 0.006121158599853516 0.004835193045437336
0.0 0.6153571546077728 0.17282500239089132 0.006696045398712158 0.005606059916317463
0.0 0.5999705731868744 0.1694326324388385 0.007215678691864014 0.006681768223643303
0.0 0.6073511183261872 0.16959156589582564 0.005473673343658447 0.00571353267878294
0.0 0.6457272708415985 0.1065024140290916 0.00711590051651001 0.006320273503661156
0.0 0.6368999421596527 0.11075826878659427 0.004918992519378662 0.005518515128642321
0.0 0.6513016164302826 0.10997174242511391 0.007974565029144287 0.006960935890674591
0.0 0.6485253512859345 0.11526734083890915 0.009858548641204834 0.007787525653839111
0.0 0.6230985462665558 0.11858392162248492 0.007168471813201904 0.005402782000601292
0.0 0.6268714308738709 0.1123802927788347 0.011192679405212402 0.00874046003445983
0.0 0.6637937366962433 0.11052177967503667 0.0051367878913879395 0.004897076636552811
0.0 0.66057168841362 0.10604898030869662 0.008316457271575928 0.0072919162921607494
0.0 0.35124861598014834 0.003473451966419816 0.009182631969451904 0.006946903932839632
0.0 0.36789252758026125 0.005315309180878103 0.008480072021484375 0.010630618361756206
0.0 0.5943584084510803 0.12515104427002371 0.0066089630126953125 0.009268394205719233
