0.0 0.9993504372425377 0.5514036095701158 0.0012991255149245261 0.007111488841474056
0.0 0.9392147641628981 0.5258901943452656 0.013051163032650947 0.011869442649185658
0.0 0.9572797553613782 0.39697613730095327 0.006449965015053749 0.007829006295651197
0.0 0.9256722740828991 0.3842760459519923 0.010405666753649711 0.007917121052742004
0.0 0.9565995312295854 0.2576653491705656 0.006979136355221271 0.007161886431276798
0.0 0.9540043858811259 0.2765581456478685 0.008881370723247527 0.007124169263988733
0.0 0.9240849763154984 0.26220921450294554 0.008641906455159188 0.008017794694751501
0.0 0.935977166891098 0.2606987857725471 0.007079838216304779 0.007451348472386599
0.0 0.9382699183188379 0.27652038796804845 0.008264112286269665 0.0070360139943659306
0.0 0.9011950179934501 0.27309679542668164 0.009045146405696869 0.007778608705848455
0.0 0.8914066817611456 0.2695095525123179 0.008629363775253297 0.007526904344558716
0.0 0.8726109713315964 0.27545053302310407 0.007709711417555809 0.007098970469087362
0.0 0.8812025628983975 0.2532977336086333 0.006701971963047981 0.007413631305098534
0.0 0.9760502723045648 0.31711285118944943 0.007180684246122837 0.006582921836525202
0.0 0.982978985644877 0.32375868898816407 0.007961718365550041 0.005248682107776403
0.0 0.4780649721622467 0.6999405394308269 0.010367750376462936 0.00863459799438715
0.0 0.019396972842514515 0.45218187593854964 0.009763250872492746 0.015078966971486807
0.0 0.26649980507791043 0.31682336889207363 0.00472412109375 0.005148008465766907
0.0 0.27511662617325783 0.3149227437097579 0.0039052426815033847 0.004417932126671076
0.0 0.28122664131224157 0.3180064968764782 0.004497487843036696 0.003914482891559601
0.0 0.29659567717462776 0.3246649340726435 0.00405647568404679 0.004417972639203072
0.0 0.30902950968593357 0.3201714460738003 0.004333567991852805 0.004669717513024807
0.0 0.30018605533987286 0.316848506918177 0.00404407717287536 0.004166268277913332
0.0 0.4709850618615746 0.2723919178824872 0.008364814147353173 0.005865444894880056
0.0 0.4830661855638027 0.27089410880580544 0.007999634742736817 0.007375873625278473
0.0 0.9040799064561724 0.29657119465991855 0.004837437719106674 0.007904562167823315
0.0 0.9005021790973842 0.2931979389395565 0.0057067031040787695 0.00842057028785348
0.0 0.8782925169914961 0.29264409211464226 0.005064215138554573 0.007791248615831137
0.0 0.9636542120017111 0.3409019112586975 0.005278377793729305 0.008080710656940937
0.0 0.9574813392944634 0.33676086203195155 0.006563353724777699 0.005777370650321245
0.0 0.9549618104472757 0.34460242721252143 0.00700429379940033 0.007640217896550894
0.0 0.9481339070945978 0.34621352958492935 0.006399650126695633 0.006255661603063345
0.0 0.9117014586925507 0.21377518610097468 0.005820091813802719 0.005852886009961367
0.0 0.8845031258650125 0.21561285480856895 0.007798014767467975 0.006645837798714638
0.0 0.8602526471950114 0.1957256984896958 0.007457776553928852 0.0056262994185090065
0.0 0.8396428255364299 0.19865842093713582 0.004887896776199341 0.004329857882112265
0.0 0.8208219937048853 0.17562455497682095 0.0058957083150744435 0.004166227765381336
0.0 0.8128224670886993 0.17373654944822192 0.003943014889955521 0.004707475192844868
0.0 0.8037017762660981 0.1750833278056234 0.005681545659899712 0.003801169339567423
0.0 0.7939763696864247 0.17378690652549267 0.004295795783400535 0.004090712405741215
0.0 0.7647119907662272 0.17040105140767992 0.004648576676845551 0.0044808886013925076
0.0 0.8078589898534119 0.18592057190835476 0.004535187967121601 0.003939681686460972
0.0 0.810050967335701 0.1917986162006855 0.004459571465849877 0.004241743125021458
0.0 0.8230517433956266 0.1959145071450621 0.0043084826320409775 0.003851566929370165
0.0 0.7979068058542907 0.19405163964256644 0.003615535609424114 0.003700495697557926
0.0 0.7941653388552368 0.19183637388050556 0.003930400125682354 0.002857186831533909
0.0 0.7837470573373139 0.1974249156191945 0.003930400125682354 0.004707475192844868
0.0 0.7999602371826768 0.21206336957402527 0.005971324816346169 0.005298998672515154
0.0 0.8122807530686259 0.22381943790242076 0.0057445473968982695 0.005148008465766907
0.0 0.8174583929590881 0.24361847946420312 0.007609009556472301 0.005978758446872234
0.0 0.8069645670242608 0.24314018851146102 0.00704213809221983 0.005752131342887878
0.0 0.778708035685122 0.2404969686176628 0.00826404020190239 0.005487868096679449
0.0 0.8108320374973118 0.2676844426896423 0.0072184564545750615 0.00747654726728797
0.0 0.7747397191822529 0.2645251741632819 0.007583707943558693 0.006192745640873909
0.0 0.7591942207887769 0.26257421215996146 0.007810485363006592 0.005148008465766907
0.0 0.7653041278012097 0.268338983412832 0.006361805833876133 0.004493487998843193
0.0 0.8031978344544768 0.28290192200802267 0.00739484690129757 0.0070612127892673016
0.0 0.7988642664626241 0.2813411564566195 0.005278449878096581 0.007526904344558716
0.0 0.7833691550418734 0.2854444480035454 0.006122413650155067 0.004984378349035978
0.0 0.7664756789803505 0.2786727580241859 0.007596394792199135 0.005072493106126785
0.0 0.7699652832001448 0.3029904458671808 0.0077979426831007006 0.006356335245072842
0.0 0.7429180752485991 0.27176259621046484 0.005883093550801277 0.004883664194494486
0.0 0.7366570433601737 0.2776154619641602 0.004043933004140854 0.004392773844301701
0.0 0.7770703149028122 0.21549958176910877 0.0065130388364195825 0.004996977746486664
0.0 0.7720312572084367 0.21854559751227498 0.006550666876137257 0.00533679686486721
0.0 0.7726485516875983 0.22666406584903598 0.005883093550801277 0.0062682610005140305
0.0 0.7600886796601116 0.2173749879002571 0.005996482260525226 0.005878044292330742
0.0 0.7452108266763389 0.22068534791469574 0.006324033625423909 0.005324237979948521
0.0 0.7409780326299369 0.20857680030167103 0.006172800622880459 0.005487827584147453
0.0 0.7386726303957403 0.21485764044336975 0.00720591377466917 0.005852886009961367
0.0 0.7407260977663099 0.18764496757648885 0.006664127670228481 0.008848544675856829
0.0 0.7255710803903639 0.20967187429778278 0.006097256205976009 0.0055381846614181995
0.0 0.718617173563689 0.21154730068519711 0.006361805833876133 0.004971778951585293
0.0 0.7194234372116626 0.22490191250108182 0.0069161346182227135 0.005865444894880056
0.0 0.7115372993052006 0.224171876674518 0.006890977174043656 0.005840246099978685
0.0 0.6989144255407155 0.22069792705588043 0.007016908563673496 0.005349396262317896
0.0 0.7390632195398211 0.22850173455663025 0.004258023574948311 0.005160607863217592
0.0 0.7332178981974721 0.23148481408134103 0.004447028785943985 0.005399753339588642
0.0 0.7311266586184502 0.2736254434566945 0.005051528289914131 0.0035746232606470585
0.0 0.7279520630836487 0.27280729287303984 0.0034896042197942734 0.004820788744837046
0.0 0.724084556568414 0.2757022576406598 0.004623419232666492 0.004669717513024807
0.0 0.7736185549758374 0.20208203373476863 0.008364886231720447 0.006016516126692295
0.0 0.7565109523013234 0.23067926289513707 0.005001213401556015 0.006557682529091835
0.0 0.7170676480047404 0.26285113557241857 0.005089516751468182 0.006394052412360907
0.0 0.7055660105310381 0.2601575383450836 0.006198030151426792 0.004833347629755735
0.0 0.6695115365087986 0.17751260101795197 0.006084641441702843 0.004090712405741215
0.0 0.6673699099570513 0.17272959020920098 0.004887896776199341 0.0032725618220865726
0.0 0.6523282812908292 0.16511459136381745 0.004887896776199341 0.00334811769425869
0.0 0.6796022666618228 0.15780165395699441 0.005051672458648682 0.0034865490160882473
0.0 0.6886347622610629 0.17021224275231361 0.003943086974322796 0.00533679686486721
0.0 0.682109216786921 0.17255338095128536 0.004963441193103791 0.0045690033584833145
0.0 0.6911290976218879 0.18219487741589546 0.00444695670157671 0.004166227765381336
0.0 0.7234799128957092 0.16938151302747428 0.0037666244432330133 0.0036879773251712322
0.0 0.7186801753006875 0.16772005357779562 0.005139831639826298 0.004178827162832022
0.0 0.7194864029064775 0.16216926951892674 0.005177675932645798 0.0051228501833975315
0.0 0.7066997895017266 0.14296181220561266 0.004472114145755768 0.004430531524121761
0.0 0.6985617167316377 0.14070874825119972 0.0037918539717793466 0.004304699599742889
0.0 0.6819579837843776 0.13846830395050347 0.004182334989309311 0.0041913860477507114
0.0 0.674726948607713 0.14239540649577975 0.003313213773071766 0.0038264086470007896
0.0 0.6211743188090623 0.16541667305864394 0.004257951490581035 0.004493447486311197
0.0 0.6131495987065136 0.17065277602523565 0.005555614270269871 0.003499148413538933
0.0 0.5986371053382754 0.19076647842302918 0.0039304722100496296 0.004367656074464321
0.0 0.6025549988262355 0.20140233472920954 0.004837509803473949 0.004871105309575796
0.0 0.6087908372282982 0.20366797782480717 0.006046869233250618 0.006117149256169796
0.0 0.6191839252598583 0.20273653394542634 0.0031997529789805413 0.003914523404091597
0.0 0.616110067628324 0.20291274320334196 0.003363600745797157 0.0038641663268208504
0.0 0.6920235204510391 0.1412122379988432 0.002570023946464062 0.003322918899357319
0.0 0.6903480274602771 0.14458551397547126 0.0026329535990953445 0.002844627946615219
0.0 0.7278008661232889 0.21539886761456728 0.004195093922317028 0.0038012098520994186
0.0 0.7253695324994623 0.21933856955729425 0.004472186230123043 0.0028320285491645336
0.0 0.721035928465426 0.21716102096252143 0.006248417124152183 0.004367615561932325
0.0 0.7093326710164547 0.16511457110755146 0.004560345411300659 0.008042993489652872
0.0 0.7111341674812138 0.1895959093235433 0.007898644544184208 0.005915801972150803
0.0 0.7007159220054746 0.1759518152102828 0.0070672955363988875 0.007199644111096859
0.0 0.6626206314191222 0.20081079099327326 0.006941292062401771 0.0066835954785346985
0.0 0.6469617082737387 0.19721092842519283 0.006198030151426792 0.005563342943787575
0.0 0.6557044968008995 0.1806215327233076 0.004308338463306427 0.0035621048882603645
0.0 0.616223456338048 0.18289975496008992 0.007860944420099259 0.006356335245072842
0.0 0.6717035139910876 0.15804079943336546 0.003527304343879223 0.004304659087210894
0.0 0.6602648422122002 0.13683203316759318 0.005606001242995262 0.006054253550246358
0.0 0.6416959092020988 0.14822309371083975 0.0037289243191480637 0.0045690033584833145
0.0 0.6219931611791253 0.15674435789696872 0.0032628268003463746 0.004304659087210894
0.0 0.6114236827008426 0.14831120846793056 0.0027336554601788523 0.005613740533590317
0.0 0.6168029425665736 0.15353471203707159 0.004106790572404861 0.0056892153806984425
0.0 0.5905242260545492 0.1612504250369966 0.00377923920750618 0.005525585263967514
0.0 0.49377417415380476 0.17695875419303775 0.007432474941015244 0.005739572457969189
0.0 0.5089543489739299 0.19481945340521634 0.00653819628059864 0.005085011478513479
0.0 0.44616771172732117 0.18401996698230505 0.0055555421859025955 0.004279500804841518
0.0 0.44538660552352666 0.17981598153710365 0.006248417124152183 0.004543885588645935
0.0 0.43608952425420283 0.18127605319023132 0.004043933004140854 0.004845947027206421
0.0 0.43108823876827956 0.18030687188729644 0.005366681143641472 0.003788650967180729
0.0 0.43304093219339845 0.18514019926078618 0.007205841690301895 0.003876765724271536
0.0 0.4381807638332248 0.19348525418899953 0.00850350446999073 0.005022136028856039
0.0 0.3430810835212469 0.17440364905633032 0.0062736466526984724 0.005827687215059996
0.0 0.2797526601701975 0.17510850634425879 0.004623202979564622 0.005513026379048824
0.0 0.17808948196470736 0.186272990424186 0.006815432757139139 0.0061926646158099174
0.0 0.16576903816312555 0.16244617267511785 0.005454912409186385 0.004443130921572447
0.0 0.15658527351915835 0.16811025002971292 0.005618543922901176 0.004506127908825874
0.0 0.14790559485554694 0.16962065850384533 0.004786978662013941 0.002341178711503744
0.0 0.14760312885046006 0.1665872421581298 0.0053792238235473855 0.004921421874314547
0.0 0.14170756470412016 0.17181074572727084 0.005908178910613016 0.005865485407412052
0.0 0.12836655043065548 0.17075344966724515 0.00657611265778546 0.005475268699228764
0.0 0.12718242052942513 0.18252213764935732 0.00721838437020772 0.0064821671694517136
0.0 0.14043520353734495 0.1453029706608504 0.004106790572404817 0.003927082289010286
0.0 0.13540876060724255 0.1460707641672343 0.006361877918243386 0.005462669301778078
0.0 0.30668640732765196 0.13697047461755574 0.004635889828205064 0.004342416767030954
0.0 0.3019875157624483 0.1377760359318927 0.005064359307289212 0.004178806906566024
0.0 0.27806458845734594 0.13883334212005138 0.004459715634584471 0.004506046883761883
0.0 0.26501342542469497 0.1381536532426253 0.006349191069602966 0.003134150756523013
0.0 0.25421720556914806 0.13897179369814694 0.006424735486507416 0.005676656495779753
0.0 0.21876741126179694 0.14661199133843184 0.0055429995059967044 0.005727013573050499
0.0 0.22066957354545594 0.13426432863343507 0.005328764766454741 0.0034236127976328135
0.0 0.22224432863295074 0.12654861563351005 0.008465588092803955 0.005009556887671351
0.0 0.20011024698615074 0.12117405096068978 0.006084785610437349 0.004141069483011961
0.0 0.19541135542094712 0.1179140682797879 0.004711434245109558 0.0038893246091902256
0.0 0.18325461521744724 0.11923567822668701 0.004812352359294891 0.0047452126163989305
0.0 0.23872202206403018 0.10419444867875427 0.0024187188595533814 0.005122829927131534
0.0 0.2438870832324028 0.1045468773227185 0.002859731018543199 0.004052954725921154
0.0 0.25131977442651987 0.1033133618766442 0.004144706949591637 0.004266921663656831
0.0 0.25921849105507133 0.1035021705320105 0.004484656825661704 0.003738273633643985
0.0 0.09371047709137204 0.1490286448970437 0.00626110397279267 0.00427958182990551
0.0 0.0977794954553246 0.16654946422204375 0.005316222086548805 0.005248722620308399
0.0 0.10032421778887513 0.17697133333422244 0.00650042407214646 0.005462669301778078
0.0 0.09528516009449955 0.17990409629419446 0.004056619852781274 0.00388928409665823
0.0 0.07695561926811934 0.1825472959317267 0.006575968489050954 0.005865485407412052
0.0 0.03494239915162323 0.17951387958601117 0.006273502483963966 0.0051857661455869675
0.0 0.0251161465421319 0.1817669232841581 0.0053035352379082745 0.004329857882112265
0.0 0.5927288183011115 0.14181642164476216 0.004724049009382725 0.004518646281212568
0.0 0.5928925939835608 0.13455382105894387 0.0033762155100703238 0.003989998251199722
0.0 0.570493926666677 0.14681337913498282 0.004837581887841225 0.003285161219537258
0.0 0.5722072279080749 0.14401910826563835 0.004132020100951195 0.003524347208440304
0.0 0.5696373481303454 0.14220659784041345 0.0038170114159584044 0.003788610454648733
0.0 0.5631369240581989 0.1370082322973758 0.002821958810091019 0.004292100202292204
0.0 0.5611464584246277 0.13129381812177598 0.003691152110695839 0.002945301588624716
0.0 0.540272195264697 0.1252521639689803 0.0034266024827957152 0.004078153520822525
0.0 0.5198387280106544 0.12127473473083228 0.0038296982645988466 0.004304719856008887
0.0 0.5391761524602771 0.11597569554578513 0.003288056328892708 0.0038012301083654165
0.0 0.5726733254268765 0.11584983323700726 0.004522429034113884 0.0036375797353684902
0.0 0.5721190687268972 0.11116754671093076 0.0043210253119468685 0.004191406304016709
0.0 0.5688563140109182 0.10651040833909065 0.0042202513664960865 0.003461370477452874
0.0 0.722081548254937 0.09836675133556128 0.004018631391227245 0.004417972639203072
0.0 0.7177605589851737 0.09859332779888064 0.0038170114159584044 0.0038137889932841063
0.0 0.6746639468707144 0.09848004463128746 0.0038423130288720133 0.0046571181155741215
0.0 0.6713003461249173 0.10160156560596079 0.003313213773071766 0.0030963525641709566
0.0 0.618415433820337 0.09221181401517242 0.0035274485126137733 0.003914503147825599
0.0 0.6133007956668735 0.09159505122806877 0.003980931267142296 0.005122829927131534
0.0 0.6372237590141594 0.08523871598299593 0.004950826428830624 0.004581582499668002
0.0 0.6333814459852875 0.08304861863143742 0.0044972715899348256 0.00264324015006423
0.0 0.6444547581486404 0.0890776936430484 0.0034895321354269982 0.0033355182968080044
0.0 0.6469364787451923 0.08535199915058911 0.0034139877185225486 0.0031844470649957657
0.0 0.6164123894646764 0.10829774022568017 0.006109870970249176 0.00417884741909802
0.0 0.6249788235872984 0.10452169878408313 0.0034391451627016068 0.004770391155034304
0.0 0.5541295498609543 0.10710199258755893 0.004106790572404861 0.003587242914363742
0.0 0.5833561565726996 0.09884506254456937 0.0044343419373035434 0.004254342522472143
0.0 0.02394463140517472 0.17339668981730938 0.0032626826316118906 0.004329817369580269
0.0 0.08503065425902606 0.16414541006088257 0.006538196280598707 0.004241743125021458
0.0 0.08018052969127892 0.1621063333004713 0.004774435982108138 0.004191426560282707
0.0 0.07757280562072993 0.16710329079069197 0.004081561043858595 0.0030208169482648373
0.0 0.07219372596591711 0.1629748004488647 0.004623347148299262 0.003461390733718872
0.0 0.048988758958876166 0.16194270318374038 0.005933552607893966 0.004506046883761883
0.0 0.05309562161564829 0.16062108310870826 0.004497199505567595 0.004405373241752386
0.0 0.05673631466925144 0.16179167246446013 0.0048752099275588545 0.005047294311225414
0.0 0.062228927202522766 0.16112455260008574 0.004963585361838274 0.004556444473564625
0.0 0.06685220226645466 0.16070919786579907 0.004195021837949731 0.0037130950950086117
0.0 0.12524234186857935 0.1258311690762639 0.005643773451447509 0.00533679686486721
0.0 0.16329986024647952 0.0856414915760979 0.0041948776692152245 0.0036879165563732386
0.0 0.15618224982172252 0.08701345860026777 0.003577835485339187 0.0031341305002570152
0.0 0.1506896372884512 0.08711415249854326 0.0035148337483406067 0.0031215311028063297
0.0 0.14786775056272744 0.08434505003970116 0.0033762875944375326 0.002404074417427182
0.0 0.15993633158504966 0.08556597621645778 0.0034516878426075204 0.003146709641441703
0.0 0.2814785040915012 0.09924782800953835 0.005089444667100951 0.0036627582740038633
0.0 0.27751025967299936 0.10823479387909174 0.004850124567747161 0.0041284700855612755
0.0 0.2875757602974772 0.1051258621737361 0.004572888091206595 0.0037382938899099827
0.0 0.30237806886434554 0.09926040715072304 0.00498881489038463 0.003901903750374913
0.0 0.266285714507103 0.10161415487527847 0.0035776913166046588 0.004455730319023132
0.0 0.29571386910974984 0.10265886166598648 0.00346437469124794 0.003411013400182128
0.0 0.2934588538482785 0.10497482132632285 0.004043788835406304 0.00470745493657887
0.0 0.2955752508714795 0.0972968761343509 0.0043335679918527605 0.0035494649782776833
0.0 0.30332280658185484 0.11012281966395676 0.0024566352367401123 0.001736974809318781
0.0 0.26997679453343154 0.10399306088220328 0.0022676300257443937 0.0030963525641709566
0.0 0.2998711187392473 0.10697613027878106 0.004837437719106674 0.003725694492459297
0.0 0.3570770563557744 0.1002547872485593 0.0033759992569684983 0.0030082378070801497
0.0 0.3528189606964588 0.1024448744719848 0.0040185593068600145 0.003763472428545356
0.0 0.36977551057934765 0.09323133213911206 0.004283253103494644 0.0037760313134640455
0.0 0.35611955970525744 0.09416276589035988 0.0034516878426075425 0.0029201433062553406
0.0 0.33297766651958227 0.10075824661180377 0.0031620528548956806 0.0034235925413668156
0.0 0.3254947325214744 0.10005338932387531 0.003892700001597449 0.0028949850238859653
0.0 0.33168021999299524 0.10707681404892355 0.0036281503736972365 0.0033354980405420065
0.0 0.3431314704939723 0.10211762436665595 0.004018703475594521 0.0037130950950086117
0.0 0.33838219195604324 0.09868142229970545 0.0032377414405346805 0.003197066718712449
0.0 0.3582485714927316 0.1057929719099775 0.003602920845150903 0.004103291546925902
0.0 0.36467345114797356 0.10070789966266602 0.004043788835406348 0.004015176789835095
0.0 0.36410657968372107 0.10575520410202444 0.0035902339965105945 0.0034865490160882473
0.0 0.3707329351454973 0.10623351531103253 0.003943014889955521 0.0036375797353684902
0.0 0.3595336195081472 0.12487456691451371 0.00422010719776158 0.004115911200642586
0.0 0.33933954443782566 0.10774392378516495 0.003325828537344977 0.003725694492459297
0.0 0.3478932917118073 0.10205467802006751 0.0031619086861610856 0.0026558192912489176
0.0 0.3479941377416253 0.09657941944897175 0.003716237470507622 0.004229184240102768
0.0 0.3620909566059709 0.09470399306155741 0.004258023574948311 0.004896263591945171
0.0 0.5211488613858819 0.09858072840142995 0.005039129778742791 0.004556424217298627
0.0 0.5194482469931245 0.0949053808581084 0.0043586533516645435 0.0033103195019066334
0.0 0.517646786570549 0.09053776529617608 0.003892555832862854 0.004078113008290529
0.0 0.5308113383129239 0.08885112730786204 0.0055304568260908125 0.00411587068811059
0.0 0.5249282447621226 0.088611981831491 0.003363600745797157 0.004153628367930651
0.0 0.5287327855825424 0.08443315466865897 0.0043210253119468685 0.004908862989395857
0.0 0.47399595379829407 0.10097222367767245 0.003741466999053955 0.004027776187285781
0.0 0.4701787982136011 0.10288542800117284 0.0035526059567928315 0.002819449407979846
0.0 0.4661475520581007 0.09957507811486721 0.0038170114159584044 0.0032474035397171974
0.0 0.4611588092520833 0.10265885153785348 0.0034391451627016068 0.0033606765791773796
0.0 0.4808112423866987 0.10564193106256425 0.003968388587236404 0.0030460157431662083
0.0 0.4779138112440705 0.10048133332747966 0.003124280646443367 0.003234783886000514
0.0 0.4835826700553298 0.09455295221414417 0.003010964021086693 0.002592862816527486
0.0 0.47966481260955335 0.09685633273329586 0.0036659225821495055 0.003171867923811078
0.0 0.4718669420108199 0.09543402888812125 0.004207564517855644 0.002756513189524412
0.0 0.46992686334997413 0.09240061254240572 0.0030487362295389176 0.002995658665895462
0.0 0.4651018962264061 0.09384809492621571 0.003363456577062607 0.003108951961621642
0.0 0.4667900400236249 0.09044966066721827 0.0035146895796060564 0.0028698064852505922
0.0 0.4563718305900693 0.10409375478047878 0.004736663773655891 0.00376343191601336
0.0 0.4539404248818755 0.10147569316904992 0.003955557569861412 0.0036879165563732386
0.0 0.444454338401556 0.10153862938750535 0.004132164269685745 0.0033354980405420065
0.0 0.5530084216967225 0.09431380673777312 0.003426458314061165 0.0032851409632712603
0.0 0.5567121164873242 0.09182161756325513 0.003577835485339165 0.0028320488054305315
0.0 0.564913154952228 0.09389843174722046 0.0037289243191480637 0.002680977573618293
0.0 0.5607307478785515 0.09308029129169881 0.0035652928054332733 0.0028697862289845943
0.0 0.5660469699651003 0.09134331648238003 0.005706775188446045 0.002441852353513241
0.0 0.5761880870908499 0.09343271993566304 0.004308338463306427 0.003587242914363742
0.0 0.5634518606588245 0.08537717768922448 0.0031871382147073747 0.0033103195019066334
0.0 0.5608692940324544 0.08808333380147815 0.003338371217250824 0.0036879368126392365
0.0 0.5666012987494469 0.0841184938326478 0.0024439483880996705 0.0020390767604112625
0.0 0.5579467054456473 0.08413107297383249 0.002632809430360794 0.0028320285491645336
0.0 0.5543563272804022 0.08653515751939267 0.0027337275445461274 0.0028446076903492212
0.0 0.5466340010985732 0.08824695379007608 0.0033385153859853745 0.0025047885719686747
0.0 0.5445554483681917 0.09007204335648566 0.0024439483880996705 0.002378916135057807
0.0 0.5510558003559709 0.08974478312302381 0.002544722333550453 0.0027187352534383535
0.0 0.5498085966333747 0.08662327227648348 0.0027840424329042433 0.0027690923307090998
0.0 0.5404232840985059 0.09389843174722046 0.004157249629497528 0.003738273633643985
0.0 0.5413681659847498 0.0832625855691731 0.003035905212163925 0.003083773422986269
0.0 0.5375763120129704 0.08541492524091154 0.003288056328892708 0.0028572070877999067
0.0 0.6202798959799111 0.08405555761419237 0.003678537346422672 0.003436191938817501
0.0 0.6155431601218879 0.08619531814474612 0.0033382991328835486 0.0034236127976328135
0.0 0.6119276245124639 0.08741623419336975 0.003615535609424114 0.0026054824702441692
0.0 0.6111591691151261 0.08438280771952122 0.003275369480252266 0.002555105136707425
0.0 0.6087908011861145 0.1052139769308269 0.009271851740777493 0.004455730319023132
0.0 0.607027149014175 0.10881380911450833 0.002960504963994026 0.002089413581416011
0.0 0.6050367194227875 0.11717144318390638 0.003691224195063114 0.003436212195083499
0.0 0.5964955148287118 0.11110459023620933 0.005139831639826298 0.003146709641441703
0.0 0.5418216487392783 0.10644749237690121 0.004132020100951195 0.008194003952667117
0.0 0.5552759796380997 0.09611370763741434 0.004182334989309311 0.0031215311028063297
0.0 0.3913300339132547 0.10156380792614073 0.005114530026912645 0.003977419110015035
0.0 0.3760113850235939 0.0976744833169505 0.00398078709840779 0.0036879570689052343
0.0 0.37272332869470115 0.09988976933527738 0.004283253103494644 0.003499128157272935
0.0 0.3841871939599514 0.09364670712966472 0.0038046129047870636 0.003876745468005538
0.0 0.3878027295693755 0.0996757922694087 0.0030233625322580782 0.002202706877142191
0.0 0.38545962721109395 0.1022560759447515 0.0034139156341552734 0.003322918899357319
0.0 0.3828519031405449 0.0992981648305431 0.0033510580658912214 0.0026935769710689783
0.0 0.3898309674113989 0.09656683017965406 0.0035148337483406067 0.0027816917281597853
0.0 0.3918843626976013 0.09316840604878962 0.003426602482795671 0.003020857460796833
0.0 0.40609449818730353 0.09975129750091583 0.0032250545918941498 0.0030963525641709566
0.0 0.40183654669672253 0.10020443017128855 0.003678465262055397 0.0027439340483397245
0.0 0.3990019731223583 0.10313715261872858 0.004560345411300659 0.0035620846319943666
0.0 0.3984730180352926 0.09488020231947303 0.003615463525056839 0.0031844470649957657
0.0 0.403877399303019 0.09393619955517352 0.004371340200304985 0.003788610454648733
0.0 0.4088533831760287 0.09566058509517461 0.005517769977450371 0.004065533867105842
0.0 0.41243114657700064 0.09830381511710584 0.0033888302743434904 0.0029830592684447765
0.0 0.4134264154359698 0.09130554867442697 0.0027589570730924607 0.0030963525641709566
0.0 0.4164750074967742 0.09358376078307629 0.0030484478920698166 0.0031089317053556442
0.0 0.4203173205256462 0.09664236579556018 0.002632809430360794 0.0023914750199764967
0.0 0.45923148952424525 0.08754209650214761 0.0027714997529983522 0.0024166738148778677
0.0 0.4522901253774762 0.08790711441542953 0.002532035484910011 0.0022278449032455683
0.0 0.4437237633392215 0.0876553796697408 0.0027967292815446855 0.0026306407526135445
0.0 0.44015854261815546 0.08970702544320375 0.002179542928934097 0.0026306610088795424
0.0 0.4331417061388493 0.09406206186395139 0.002532179653644562 0.0022404443006962538
0.0 0.433494414947927 0.08943012228701264 0.0027335833758115767 0.00252994685433805
0.0 0.6626457888633013 0.08296050387434661 0.0029730476438999177 0.0020516356453299522
0.0 0.6031596785411238 0.09209853084757924 0.0024817205965518953 0.002668398432433605
0.0 0.6031848720274866 0.08280946302693337 0.0031368954107165335 0.0024292326997965574
0.0 0.602794354967773 0.0855533869471401 0.002859586849808693 0.0020516356453299522
0.0 0.5997204973362387 0.08749175968114287 0.002784114517271519 0.002114571863785386
0.0 0.5992795933037997 0.08993358165025711 0.002985590323805809 0.002139750402420759
0.0 0.592602850869298 0.08985808654688299 0.0034391451627016068 0.002668398432433605
0.0 0.5941523764282465 0.08662326214835048 0.006084641441702843 0.003058574628084898
0.0 0.5864425929263234 0.08843576244544238 0.0028722736984491347 0.0028572070877999067
0.0 0.5719300635159016 0.08499956037849188 0.0036281503736972807 0.0055633834563195705
0.0 0.5760369261726737 0.08405555761419237 0.004497343674302101 0.0036879368126392365
0.0 0.5816176978871226 0.08638410654384643 0.0029100459069013596 0.002555105136707425
0.0 0.5858504919335246 0.08381641213782132 0.002998277172446251 0.0024544517509639263
0.0 0.5819829493761063 0.0833507003262639 0.002935275435447693 0.0025173677131533623
0.0 0.4250539842993021 0.09878211619798094 0.003955701738595963 0.0030334366019815207
0.0 0.42609949596226215 0.09374740102794021 0.004560345411300659 0.004644538974389434
0.0 0.42388239707797765 0.08939236460719258 0.0027335833758115767 0.0030082378070801497
0.0 0.42186677400022743 0.09233766619581729 0.002985590323805809 0.002643219893798232
0.0 0.45666160974651576 0.09396136796567589 0.003817155584692955 0.0033984545152634382
0.0 0.4514713190495968 0.09495572780724615 0.004396569728851318 0.004959199810400605
0.0 0.44876274894922974 0.09982682298868895 0.003111593797802925 0.0030963323079049587
0.0 0.44681019969284536 0.09269009483978152 0.0030108198523521425 0.003083773422986269
0.0 0.43785328455269334 0.10014148382470012 0.003287912160158157 0.0032474035397171974
0.0 0.43883579447865484 0.10432032111566514 0.00346437469124794 0.0030082378070801497
0.0 0.4336834201589227 0.10455945646390319 0.003036049380898476 0.00264324015006423
0.0 0.4445551844313741 0.09787587111350149 0.0036156076937913896 0.002152329543605447
0.0 0.44002006854861975 0.095282988040708 0.0028973590582609178 0.0032222250010818243
0.0 0.4369713323190808 0.0972968761343509 0.002960504963994026 0.003725694492459297
0.0 0.4315669510513544 0.10090927733108401 0.00291019007563591 0.0033984342589974403
0.0 0.4300301123410463 0.10267143067903817 0.0025572650134563445 0.0029579009860754013
0.0 0.49740232452750205 0.09730945527553558 0.003035905212163925 0.0027439137920737267
0.0 0.4930435990914702 0.09860589681193233 0.0031871382147073747 0.0028068702667951584
0.0 0.49454273767769336 0.09606337081640959 0.002645496279001236 0.0029579009860754013
0.0 0.5044192330911755 0.09627734788227826 0.004598261788487434 0.0033354980405420065
0.0 0.5007911548018456 0.09897091472521424 0.003993473947048187 0.0036627785302698612
0.0 0.49017125330865385 0.10761805134825408 0.0021541692316532136 0.0023914952762424946
0.0 0.4904988046735525 0.10299869091250002 0.0038296982645988466 0.0032474035397171974
0.0 0.49490806125104425 0.09279079886619002 0.0038296982645988466 0.003499128157272935
0.0 0.49271604772657157 0.09034895664080977 0.003124280646443367 0.0029201433062553406
0.0 0.4952985422685742 0.08623306569643319 0.0030487362295389176 0.0025047683157026768
0.0 0.4895917670801282 0.08911545132286847 0.002708498015999794 0.0024040541611611843
0.0 0.48786592315882443 0.09180902829393744 0.0034140598028898237 0.002315979916602373
0.0 0.4842755449935794 0.08838541549630463 0.0035524617880582808 0.0028949850238859653
0.0 0.4786696158349514 0.0859309840016067 0.0034139156341552734 0.0034487913362681866
0.0 0.4733912380412221 0.08857422415167093 0.0026202667504549026 0.002492209430783987
0.0 0.4704938068985939 0.08492404501885176 0.0044974878430366514 0.0030082580633461475
0.0 0.5143084153532982 0.08818402769975364 0.0042077086865901945 0.004090712405741215
0.0 0.5161224184557796 0.08398003212641925 0.004245336726307869 0.004078133264556527
0.0 0.5075182121247053 0.08881336962804198 0.0029857344925403595 0.00288238562643528
0.0 0.50344926584512 0.0875546958995983 0.003124280646443367 0.0031341102439910173
0.0 0.5020761307328939 0.0899461709195748 0.0027714997529983522 0.0023663167376071215
0.0 0.5003249851986766 0.0924257708247751 0.0029100459069013596 0.0027187555097043514
0.0 0.5010430896654725 0.08623307582456619 0.003111593797802925 0.003058594884350896
0.0 0.5024288395419717 0.0826835905900225 0.003817155584692955 0.0031970262061804533
0.0 0.5051625670865179 0.08458419551607221 0.003124280646443367 0.0034739698749035597
