0.0 0.9950421672314406 0.28791318766307084 0.009915665537118912 0.011127387592568993
0.0 0.9851287264376879 0.2883710562484339 0.011335865408182145 0.010718069924041628
0.0 0.9693888418376446 0.30162945659831164 0.01027776300907135 0.0099368954077363
0.0 0.968794209510088 0.2768137369537726 0.009432244300842284 0.009837042214348913
0.0 0.7591255113482476 0.8692044470924885 0.01345575749874115 0.012482961360365152
0.0 0.2176411382853985 0.8137893533799797 0.015455473959445997 0.018459253292530776
0.0 0.4016252115368843 0.5842390312580392 0.006617560982704118 0.006858970457687974
0.0 0.4091709166765213 0.5789548756089061 0.00553545355796814 0.00582661796361208
0.0 0.41629724875092505 0.5794840044109151 0.005904634296894073 0.005577937373891473
0.0 0.43378269001841546 0.5797550345072523 0.005681289732456208 0.005887190205976367
0.0 0.4439692489802837 0.5704406659817323 0.006049416959285736 0.006241057394072413
0.0 0.43411176204681395 0.5707752524875105 0.005568563938140869 0.005639356188476085
0.0 0.580960963666439 0.4594899901654571 0.010415020585060119 0.009008967597037554
0.0 0.5920079410076141 0.45320742956828325 0.010668164491653443 0.010320180980488657
0.0 0.9994762491434812 0.3075865525053814 0.0010475017130374908 0.010410171607509256
0.0 0.9817565847188234 0.31594492935109886 0.008004660159349442 0.009545652056112885
0.0 0.9823592312633991 0.22646590708754957 0.007956574857234954 0.007977927289903163
0.0 0.9568741340190172 0.23912937880959362 0.010181216150522232 0.009535027574747801
0.0 0.9255248498171568 0.2296498546260409 0.009444660693407058 0.008415033691562712
0.0 0.9068304657936096 0.24073190827621146 0.006447494029998779 0.006135087716393173
0.0 0.8794547658413648 0.22604201779467986 0.007353589683771133 0.006380720646120608
0.0 0.870985920727253 0.22742328502936288 0.005687911808490753 0.006121119274757803
0.0 0.8627325188368559 0.23237474837806077 0.007000813633203507 0.005942725343629718
0.0 0.8528368797153234 0.23501788441790267 0.005780846625566482 0.005667229578830302
0.0 0.823266601189971 0.2434683259925805 0.006277351826429367 0.006184993148781359
0.0 0.8710834458470345 0.24116723687620834 0.005951139330863953 0.005617366475053132
0.0 0.8755522936582565 0.24596140710636974 0.0059992998838424684 0.005878555169329047
0.0 0.8897355765104293 0.2447273587808013 0.005697242915630341 0.00544155458919704
0.0 0.8647471725940704 0.25299793550511823 0.004968664050102234 0.005018331971950829
0.0 0.8602523256093264 0.25235846659634265 0.004934274405241012 0.004330682521685958
0.0 0.8524477951228618 0.26192246810533104 0.005675721168518067 0.006116061005741358
0.0 0.8739450104534626 0.26955556536559017 0.007880420982837677 0.007504058489575982
0.0 0.8905342515558005 0.2759660641895607 0.0076013155281543735 0.0072675262112170454
0.0 0.9034603558480739 0.2929973617894575 0.009731742739677429 0.008815652830526233
0.0 0.8931517399847507 0.29673760251607745 0.009094367921352386 0.008370017213746906
0.0 0.8648507177829743 0.30550108533352616 0.01016654223203659 0.00860430607572198
0.0 0.9067163478583098 0.31887224910315126 0.00995546355843544 0.010104559035971761
0.0 0.8706541772931814 0.3302752594463527 0.009793072193861007 0.009012015257030725
0.0 0.8548851329833269 0.3346171802142635 0.00959305539727211 0.008094711927697062
0.0 0.8630858216434717 0.3377332855714485 0.007934074848890305 0.00688309776596725
0.0 0.9054546918720007 0.33661259326618165 0.009959075599908829 0.009774395870044828
0.0 0.900651316344738 0.33684176036622376 0.008105270564556122 0.009376337612047791
0.0 0.8873570472002029 0.34700538897886873 0.007899986207485199 0.007260965276509523
0.0 0.8683565050363541 0.34723542381543665 0.009356391429901124 0.007936148950830103
0.0 0.8814660709351301 0.36930274674668906 0.010065179318189621 0.009255658742040396
0.0 0.8428757347166538 0.3500002228654921 0.007628932595252991 0.007067946810275316
0.0 0.839185093715787 0.35815468162763864 0.005659090727567673 0.005857898807153106
0.0 0.8532541833817959 0.2820364102954045 0.008281658589839935 0.007429475476965308
0.0 0.8496167823672295 0.28699319646693766 0.008454133570194245 0.007772464212030173
0.0 0.853465374931693 0.2945796899264678 0.008183757215738297 0.008403964759781956
0.0 0.8376339852809906 0.2906454995041713 0.008136725425720215 0.008072870364412666
0.0 0.8246170531958341 0.2997968393843621 0.008230563253164291 0.007669605687260628
0.0 0.8156837973743677 0.2898079221136868 0.00815034583210945 0.007766876835376024
0.0 0.8159782540053129 0.2967914868379012 0.009292653948068618 0.008532813051715493
0.0 0.8070525608956813 0.26971129232551905 0.00997088998556137 0.011206457437947393
0.0 0.8012690428644419 0.29703354299999774 0.0080976702272892 0.007785247452557087
0.0 0.7953164361417293 0.30162753064651043 0.00812573879957199 0.007344648940488696
0.0 0.8014455813914537 0.31419081054627895 0.009018289297819138 0.008428896311670542
0.0 0.7935501102358102 0.3166440075263381 0.008983974903821945 0.008394525479525327
0.0 0.7799883242696524 0.3183461679611355 0.008908724039793014 0.007971324026584625
0.0 0.8218226123601198 0.3098005505045876 0.006173204630613327 0.0066844919230788944
0.0 0.8173826985061169 0.3150194354355335 0.006451256573200226 0.006990908738225698
0.0 0.8322543386369944 0.3565190194407478 0.006302636116743088 0.005471861874684692
0.0 0.8288658674806356 0.35700067670550195 0.005296231061220169 0.006048885500058531
0.0 0.8262973673641681 0.3613426609663293 0.006328748166561126 0.006357122445479035
0.0 0.8445493515580893 0.27047166232950987 0.010475597530603408 0.0091547473333776
0.0 0.8395163856446743 0.304915553657338 0.00744953453540802 0.008330101333558559
0.0 0.8143824089318514 0.35175195010378957 0.007469175010919571 0.008207602333277464
0.0 0.8022144194692373 0.3537581357872114 0.007912402600049972 0.007145450497046113
0.0 0.7343350172042846 0.2884488562354818 0.007505521178245544 0.00638353549875319
0.0 0.730353569239378 0.2846911549568176 0.0060238316655159 0.005114904697984457
0.0 0.7128004021942616 0.2833660154603422 0.006054233014583588 0.00518779456615448
0.0 0.7361642152071 0.2653890543617308 0.0062674939632415775 0.00538690835237503
0.0 0.7498458757996559 0.27374764285050335 0.005940303206443787 0.00672838669270277
0.0 0.7444929055869579 0.2786194754997268 0.0066162064671516415 0.006396064767614007
0.0 0.7570526510477066 0.28431114985141903 0.005956858396530151 0.005800670525059104
0.0 0.7831067200750113 0.25899396315217016 0.005109307914972305 0.005066734738647938
0.0 0.7778134990483523 0.2593126129359007 0.006629977375268936 0.006090240553021431
0.0 0.7763663496822119 0.25363376415334643 0.007044609636068344 0.007016305904835462
0.0 0.7563416056334973 0.2402199331438169 0.006087042391300201 0.006065732287243009
0.0 0.7475928649306297 0.24130441332235933 0.005380737781524658 0.005671949218958616
0.0 0.7306876078248024 0.24579072756459935 0.005711841583251953 0.005718955141492188
0.0 0.7252900138497352 0.25247537821996957 0.00472756028175354 0.0050187764223665
0.0 0.6828863777220249 0.29613160495646296 0.005905838310718536 0.006040716078132391
0.0 0.6772482067346572 0.3043971339939162 0.0067584306001663205 0.005600879481062293
0.0 0.6713173851370812 0.32961603365838527 0.00553966760635376 0.005788183584809303
0.0 0.679356886446476 0.3383100128965452 0.006615754961967468 0.006637168535962701
0.0 0.6862767301499844 0.3379993420559913 0.008281056582927705 0.008323752041906118
0.0 0.6959232889115811 0.33293914708774536 0.00465366393327713 0.0050583960022777315
0.0 0.6930304199457169 0.3343399701407179 0.004791373014450073 0.005075412103906274
0.0 0.741491299122572 0.24440814814297482 0.003809349238872528 0.0042353796539828185
0.0 0.7412277705967426 0.24833394691813737 0.003678412735462189 0.003799077495932579
0.0 0.8057138103991747 0.3016668115975335 0.005567736178636551 0.0053475850727409124
0.0 0.8049486219882965 0.3064418175490573 0.005446507036685944 0.0045233623590320345
0.0 0.7998980097472668 0.3060758443782106 0.007774317264556884 0.0067162383813410996
0.0 0.7677576132118702 0.26054130669217557 0.0076197519898414615 0.009586795466020703
0.0 0.7793051969259978 0.28344246093183756 0.00998571440577507 0.00887089166790247
0.0 0.763793247193098 0.27444851999171077 0.009698782861232758 0.009776808600872756
0.0 0.7370283208787441 0.3136888143839315 0.009370388090610504 0.009228441445156933
0.0 0.7204890839755536 0.3164851270848885 0.008204902708530425 0.007849883241578936
0.0 0.7222697451710701 0.296977076632902 0.00558120608329773 0.005162228085100651
0.0 0.6851195223629475 0.31498366775922476 0.010125906765460968 0.009280886594206094
0.0 0.7286449983716011 0.26878249677829447 0.005125787854194641 0.005565958376973867
0.0 0.7091178506612777 0.2528978495043702 0.00783090591430664 0.008086521341465414
0.0 0.6957806132733821 0.2713243298698217 0.005426038801670074 0.005901793576776981
0.0 0.6802003733813763 0.28743567860219627 0.004870687425136566 0.005460094520822167
0.0 0.6666309118270874 0.28353039862122387 0.004885286092758179 0.006511367904022336
0.0 0.673910304158926 0.28641678660642356 0.006239350140094757 0.007134021772071719
0.0 0.6516674280166626 0.3043838639743626 0.005857828259468079 0.0068449596874415874
0.0 0.5646870613098145 0.3582800589734688 0.00946565568447113 0.008514188462868333
0.0 0.5864796362817287 0.3694359760498628 0.008341257274150849 0.0075245455373078585
0.0 0.521620013564825 0.3841552425874397 0.007071022689342499 0.006353820813819766
0.0 0.5191822618246078 0.38041150975041094 0.00784505307674408 0.006886357069015503
0.0 0.5108041316270828 0.38554294377099724 0.005840671062469482 0.006295153358951211
0.0 0.5055940628051758 0.38661028086207805 0.0066922098398208615 0.005804607085883618
0.0 0.5094136461615563 0.390492174285464 0.008500638604164123 0.006625993782654405
0.0 0.517713139206171 0.39648647704161705 0.010210789740085602 0.008250777516514063
0.0 0.4183818481862545 0.4161523920483887 0.008383698761463165 0.008135220408439637
0.0 0.3576103039085865 0.4421893767779693 0.0066664740443229675 0.007170763006433845
0.0 0.2640722759068012 0.4936683329520747 0.009052227437496141 0.008704328583553434
0.0 0.24264572113752364 0.47561052420642225 0.007039567828178406 0.006471409695222974
0.0 0.2360617220401764 0.4847531232284382 0.007222577929496765 0.006597718270495534
0.0 0.22829899340867996 0.48968588791321965 0.005553212761878923 0.004175759805366397
0.0 0.22679179385304452 0.48687998778186736 0.007158313691616014 0.006902611255645752
0.0 0.22320127412676816 0.4942808491177857 0.008046574890613556 0.00802533533424139
0.0 0.20991565883159638 0.49860240982379767 0.008534049987792924 0.007916254503652454
0.0 0.2134903758764267 0.5104323465377092 0.009556859731674194 0.009145011752843856
0.0 0.21135167106986041 0.4692124699940905 0.005533196032047272 0.0054336814675480126
0.0 0.2068134419620037 0.47196592497639356 0.008322595059871629 0.007818348426371812
0.0 0.3682929918169975 0.3946049702819437 0.006209701299667358 0.006046303454786539
0.0 0.36408571600914 0.39726373616140337 0.006557059288024946 0.006059975596144795
0.0 0.3414456658065319 0.4078627357026562 0.006105403602123261 0.006133627379313111
0.0 0.3285908617079258 0.4124325960408896 0.007377143204212145 0.005566466320306063
0.0 0.3185101807117462 0.41754485520068557 0.008469033241272017 0.008050012914463878
0.0 0.2873952277004719 0.43911119785625485 0.007639016211032868 0.007745500886812806
0.0 0.28428089544177054 0.4264350910438225 0.00650935024023056 0.005437152413651347
0.0 0.28270702362060546 0.4183595328126103 0.010169100761413618 0.00822343323379755
0.0 0.2592140048742294 0.4220360478153452 0.007525688409805253 0.006432128744199872
0.0 0.25337747260928156 0.4207718826830387 0.006100888550281569 0.005639356188476085
0.0 0.24218691661953926 0.4269147165352479 0.0065412566065787825 0.0065056112129241225
0.0 0.2896345429122448 0.39019189511891456 0.00438486784696579 0.00591157148592174
0.0 0.2947553642094135 0.38846385073848066 0.004381255805492446 0.0050558139570057396
0.0 0.30142672955989835 0.3842975513776764 0.005705821514129683 0.005776797188445926
0.0 0.30911751836538315 0.3813170668901876 0.005821707844734192 0.005402781581506133
0.0 0.16779797598719598 0.49151613472495226 0.007751290500164099 0.006636406620964408
0.0 0.17874231114983558 0.5067930383840575 0.00722874850034716 0.00719319717027247
0.0 0.18537221327424047 0.5158303661504761 0.008456240594387099 0.007873841235414148
0.0 0.18168936073780062 0.5206778810126707 0.005469533801078841 0.005377130443230271
0.0 0.16507735624909403 0.5305675376905128 0.008690421283245042 0.00829272517003119
0.0 0.1233573742210865 0.5444627296645195 0.008126340806484222 0.0075157835148274895
0.0 0.11478690281510351 0.5505711926845833 0.00684828013181682 0.006301502650603652
0.0 0.6460047252476215 0.28474895467516037 0.006365169584751129 0.0062516395468264815
0.0 0.6432521238923072 0.2776755474740639 0.004853981733322144 0.005201889993622899
0.0 0.62657081335783 0.2984734988538548 0.005980336666107177 0.005106904590502381
0.0 0.6271028369665146 0.2950912311905995 0.00539608895778656 0.0050551790278404955
0.0 0.6238988809287548 0.29437130617443474 0.005198179185390473 0.005184027319774032
0.0 0.6155486688017845 0.29195808856748046 0.004440703988075256 0.005271435901522637
0.0 0.6113396622240543 0.2872411363059655 0.00473884791135788 0.004319931054487825
0.0 0.5887939013540745 0.28976953006349504 0.004937811195850373 0.005307076591998338
0.0 0.5675003148615361 0.294113249797374 0.0054173097014427185 0.005687102861702442
0.0 0.584019685536623 0.28125735220965 0.0046933963894844055 0.004984405590221286
0.0 0.6162634015083313 0.26772358308080585 0.005817794799804687 0.005320748733356595
0.0 0.6138526648283005 0.2634274830343202 0.005845487117767334 0.005774511443451047
0.0 0.6088407315313816 0.2602401386247948 0.005455838143825531 0.0050296972040086985
0.0 0.7532995894551278 0.19103047862881795 0.005644717812538147 0.005872057727538049
0.0 0.7492246046662331 0.1929792349692434 0.005208262801170349 0.005208323942497373
0.0 0.7076302915811539 0.21012589919846505 0.0055706709623336795 0.00603220802731812
0.0 0.7056384764611721 0.21448470908217132 0.004435135424137116 0.004314343677833676
0.0 0.6508899360895157 0.22659960200544446 0.004969567060470581 0.005189572367817164
0.0 0.6457117736339569 0.22805237284628674 0.005890938639640808 0.006537082535214722
0.0 0.6662283197045327 0.21234023582655936 0.006609132885932923 0.006403175974264741
0.0 0.6616463698446751 0.21176544503541664 0.005395035445690155 0.0043512330623343585
0.0 0.6747380636632443 0.2131492202403024 0.004700921475887299 0.004615723388269544
0.0 0.6756376124918461 0.208560555416625 0.004567576944828034 0.00443969985935837
0.0 0.6554051384329795 0.24292320755776017 0.007565119862556457 0.006478647887706757
0.0 0.662150701135397 0.23584962046006694 0.005227376520633697 0.005980080342851579
0.0 0.5948798902332783 0.26670759059488774 0.00539684146642685 0.005105761718004942
0.0 0.619747968018055 0.24703794008819385 0.005980035662651062 0.0058806081069633365
0.0 0.11030315533280373 0.5429636830696836 0.004880620539188363 0.005484306486323476
0.0 0.16548792496323583 0.5095779858529568 0.008003230392932936 0.006710862647742033
0.0 0.15999483764171601 0.5095524405362084 0.006282544136047341 0.00595610118471086
0.0 0.1594832822680473 0.515418233629316 0.005145654082298279 0.004549140483140946
0.0 0.15264290347695353 0.5135883677750825 0.0058444336056708845 0.005191180855035782
0.0 0.1298576943576336 0.5218837808119133 0.007526139914989516 0.006723772874101997
0.0 0.1332874782383442 0.5189641648670659 0.006101189553737729 0.006051509873941541
0.0 0.13726644292473794 0.5186359276529402 0.0067227616906165855 0.006822271551936865
0.0 0.14229447990655897 0.5157929688226431 0.006611239910125688 0.006384001113474369
0.0 0.1465852841734886 0.5135410020593554 0.005532443523406982 0.005262546893209219
0.0 0.18890117779374122 0.4565070506185293 0.007579718530178137 0.007409369386732578
0.0 0.20948597639799119 0.4024890127126127 0.005522209405899092 0.0052381656132638454
0.0 0.20317378342151643 0.40666274074465036 0.004705286026000977 0.004456779453903437
0.0 0.19791878983378408 0.4089591525495052 0.004639516770839736 0.004419360961765051
0.0 0.19408852085471157 0.4074171000858769 0.004218412935733773 0.0036716260481625797
0.0 0.20621301531791691 0.403762913425453 0.004588797688484192 0.004418387403711676
0.0 0.3288732029497623 0.3682990295579657 0.0063745006918907166 0.005572096025571227
0.0 0.3286488801240921 0.37855961185414344 0.006330403685569763 0.0059256245847791435
0.0 0.33710700199007987 0.3715294856578112 0.0059067413210868395 0.005438125971704721
0.0 0.34902719035744667 0.35994291729293765 0.006373296678066254 0.005762532446533441
0.0 0.3151743099093437 0.3766655758256093 0.005234751105308577 0.005731928860768676
0.0 0.3439642369747162 0.36589051042683424 0.0047067910432815555 0.004678496718406677
0.0 0.3427183084189892 0.369028139882721 0.005785135924816087 0.006161479605361819
0.0 0.34168180301785467 0.36077213478274645 0.005600319802761123 0.005160111654549837
0.0 0.3542910635471344 0.3700459948275238 0.003064516186714128 0.002659675944596529
0.0 0.3196861259639263 0.37748308945447206 0.0034270748496054715 0.003895671386271715
0.0 0.34970234110951426 0.36839175038039684 0.006156875193119004 0.0055319261737167835
0.0 0.40216024518013 0.33900083699263633 0.004460269212722778 0.004254448693245649
0.0 0.39893273562192916 0.34281902585644275 0.005382543802261353 0.0052404936868697405
0.0 0.41158804967999457 0.32713928080629556 0.005642761290073395 0.0053585905116051435
0.0 0.3987957790493965 0.3335059060249478 0.004497894644737243 0.004199760127812624
0.0 0.37912806272506716 0.3491360631072894 0.004420536756515547 0.0045695852022618055
0.0 0.371631421148777 0.3514521365519613 0.004912978410720914 0.004352058470249176
0.0 0.38040935918688773 0.3557524694595486 0.0048345670104027235 0.004671216197311878
0.0 0.38946196287870405 0.34638216367457064 0.005362376570701599 0.005191900441423059
0.0 0.38350623324513433 0.34496813409496097 0.004402627050876573 0.004381307540461421
0.0 0.4055090591311455 0.3438756538089365 0.005117961764335632 0.005401977337896824
0.0 0.4096653901040554 0.33639644221402704 0.005507610738277435 0.0054934917949140075
0.0 0.41114158630371095 0.3414936535526067 0.00485849678516388 0.004801757633686066
0.0 0.41772167235612867 0.3393019627314061 0.005259132385253907 0.0050887456163764
0.0 0.4143949069082737 0.3617732910905033 0.005718012154102325 0.0056612824089825155
0.0 0.3880610175430774 0.353329368121922 0.00469941645860672 0.0049266270361840725
0.0 0.39402758330106735 0.34441477216314526 0.00411261022090903 0.0038286651950329544
0.0 0.39193064272403716 0.33909122974146155 0.005277493596076965 0.005568794393911958
0.0 0.4047696441411972 0.33163720367010685 0.006067326664924622 0.00642941971309483
0.0 0.5596688069403172 0.27169081098400055 0.006684233248233795 0.006414223741739988
0.0 0.5565564312040806 0.2688253333326429 0.005528680980205536 0.0049394102767109874
0.0 0.5530693814158439 0.26533224936574695 0.005387058854103089 0.0054936611093580725
0.0 0.5650852136313915 0.25843365932814777 0.006981323659420014 0.006185903213918209
0.0 0.5593175359070301 0.26055853443685917 0.0049074098467826845 0.005354696279391646
0.0 0.5613107807934284 0.25500295715173704 0.006133095920085907 0.006466817040927708
0.0 0.5151677787303924 0.2928785242140293 0.005221205949783325 0.005384537950158119
0.0 0.5122543662786484 0.2962530245771632 0.004554784297943116 0.0041429974604398016
0.0 0.5070412874221801 0.29467291869223117 0.004981306195259094 0.004661819245666265
0.0 0.5034675486385822 0.29964602254331113 0.004662393033504486 0.0046198292635381225
0.0 0.5236096464097499 0.294655542797409 0.005046473443508148 0.0045281031634658575
0.0 0.518748139590025 0.2908361475681886 0.004308412969112396 0.004372249217703938
0.0 0.5218376390635967 0.2828459238167852 0.003941790759563446 0.0037074783816933633
0.0 0.5189835242927074 0.2866372128482908 0.004805369675159455 0.004528399463742972
0.0 0.5108957119286061 0.28838707762770355 0.005161155760288238 0.004344523977488279
0.0 0.5078097492456436 0.2862369111739099 0.004139700531959533 0.004111293330788612
0.0 0.5037380754947662 0.28956552732270213 0.004488563537597657 0.004346598079428077
0.0 0.5040037110447884 0.28561038423795254 0.004538530111312866 0.004176437063142658
0.0 0.499427480250597 0.30294729440938684 0.006074701249599457 0.0055279896128922704
0.0 0.4960341930389404 0.3013946174643934 0.005291339755058288 0.005142333637923002
0.0 0.48691401407122614 0.30525358994491397 0.0053203865885734555 0.00487303901463747
0.0 0.5886742524802685 0.25481694407062605 0.004619951546192169 0.004541838797740639
0.0 0.5912462517619133 0.25092921988107264 0.004584282636642456 0.004165262309834361
0.0 0.599984984099865 0.24964946723775938 0.004669466614723205 0.004079991322942078
0.0 0.5956249490380288 0.25053467489778997 0.004587292671203613 0.004196670139208436
0.0 0.6000541396439075 0.24673001002520323 0.006480453908443451 0.004641205212101341
0.0 0.6106683492660523 0.244685591023881 0.005591139197349548 0.0051864612149074675
0.0 0.5951613284647465 0.24201225352007896 0.004399316012859344 0.004470324609428644
0.0 0.5937559433281422 0.24565754059003667 0.004696406424045563 0.004895240371115506
0.0 0.5976932190358639 0.23953669645125047 0.003173328936100006 0.0029460924910381437
0.0 0.5893544450402259 0.24301415057852865 0.0036731451749801637 0.003786844527348876
0.0 0.5868564173579216 0.2467714814818464 0.0037754863500595094 0.0038393954979255795
0.0 0.580097460001707 0.25151525950059295 0.0042223259806632996 0.0037536588963121174
0.0 0.5788249678909778 0.2541085747652687 0.0033093824982643127 0.0032740122405812144
0.0 0.5849606975913048 0.2511900487821549 0.0035428106784820557 0.0036422499921172856
0.0 0.5825073689222335 0.24867743301438167 0.003793847560882568 0.003786696377210319
0.0 0.5763746492564679 0.25945526035502553 0.005506105720996857 0.005271689873188734
0.0 0.5730232767760753 0.248814207338728 0.004162727296352387 0.0041911674197763205
0.0 0.5702301152050495 0.2524093032581732 0.004315035045146942 0.00407349388115108
0.0 0.6494187816977501 0.21798294655745848 0.004923513531684876 0.00478852994274348
0.0 0.6457096666097641 0.22194422729080543 0.0045903027057647705 0.004640168161131442
0.0 0.6427133277058601 0.22456998743582518 0.00452980101108551 0.003961746348068118
0.0 0.6407567299902439 0.22195067182183265 0.004181690514087677 0.003776939632371068
0.0 0.6468214981257916 0.24299933556467296 0.01072460263967514 0.008011874835938215
0.0 0.6465637639164925 0.24717904251301662 0.0036915063858032225 0.003201503329910338
0.0 0.6479942075908184 0.25604044198989867 0.004935704171657562 0.004793630540370941
0.0 0.6373283758759498 0.25360634579556063 0.006216323375701905 0.00509431182872504
0.0 0.5827517837285996 0.2710041562560946 0.007267427444458008 0.009561017341911792
0.0 0.5915816448628902 0.2556457700207829 0.005283062160015106 0.004686623811721802
0.0 0.43570768237113955 0.3265489659970626 0.00652485191822052 0.0058857510332018135
0.0 0.41938050240278246 0.3289297175593674 0.005315721035003662 0.005152492504566908
0.0 0.41709836944937706 0.3323838168755174 0.005531691014766693 0.005091369990259409
0.0 0.4256485983729362 0.3217696425272152 0.005221506953239441 0.005264113051816821
0.0 0.4315504483878613 0.3261395425070077 0.0037976101040840147 0.003336002491414547
0.0 0.4303255148231983 0.3295674827415496 0.004622961580753327 0.004573267791420222
0.0 0.42662610709667204 0.32775746900588276 0.0043100684881210325 0.003940878342837096
0.0 0.432259913533926 0.32232753362040967 0.004503463208675384 0.00409144121222198
0.0 0.4328776478767395 0.31822614518459885 0.004514148831367493 0.0042869147378951315
0.0 0.4492155134677887 0.31888833397533745 0.004350101947784424 0.004279041616246104
0.0 0.4452920839190483 0.321030457993038 0.004645988345146179 0.004120563296601177
0.0 0.44373461678624154 0.3249952520010993 0.00582396537065506 0.00526309716515243
0.0 0.43991571068763735 0.31723978272639214 0.004761874675750732 0.00452035702764988
0.0 0.444747719168663 0.3141649689292535 0.005732610821723938 0.00540599855594337
0.0 0.45023599043488505 0.31383647774346174 0.006948815286159515 0.006132230535149575
0.0 0.4547445707023144 0.3149544186890125 0.004462526738643646 0.004235316161066293
0.0 0.45289949476718905 0.3078031691722572 0.0039007037878036497 0.004092414770275355
0.0 0.45675158649683 0.3087807696079835 0.004184851050376892 0.004220458818599582
0.0 0.4616816468536854 0.3101936139864847 0.003496606647968292 0.0033617806155234577
0.0 0.4955513834953308 0.2858312972588465 0.0036403357982635496 0.0034416123759001493
0.0 0.48900561183691027 0.2889628313947469 0.0033339142799377443 0.003163555730134249
0.0 0.48064599335193636 0.2921499006683007 0.0037505030632019043 0.0036581655498594047
0.0 0.478031025826931 0.2955570998834446 0.0031554192304611207 0.0034110511187464
0.0 0.4730114921927452 0.30256891895551236 0.0033390313386917115 0.0031757040414959192
0.0 0.4714952625334263 0.29795825383625923 0.003649215400218964 0.0035357088781893253
0.0 0.6898243568837643 0.19996290551498533 0.0036883458495140077 0.0031700743362307548
0.0 0.6361366279423237 0.23259873022325336 0.003461991250514984 0.003568471223115921
0.0 0.6324383489787578 0.22362544564530254 0.00399777740240097 0.003600048366934061
0.0 0.6331615097820759 0.2264294727356173 0.0035790815949440003 0.0031246345723047854
0.0 0.6309748701751232 0.22953061492880805 0.003531523048877716 0.0031551535008475184
0.0 0.631528265029192 0.23206331562250854 0.0037359043955802916 0.0032601072918623684
0.0 0.6250611305236816 0.23466384791536257 0.004385018348693847 0.003951820288784802
0.0 0.6252586640417576 0.23092208335874603 0.007091791927814483 0.005387564445845783
0.0 0.6185520812869072 0.2357580001815222 0.003914248943328857 0.003907036618329585
0.0 0.6031836725771427 0.23825319772586226 0.005727343261241913 0.0068209170363843444
0.0 0.6067647106945515 0.23569792530033737 0.005813731253147126 0.0053593100979924205
0.0 0.6130782581865788 0.2357102217618376 0.0038295164704322815 0.003630651952698827
0.0 0.6161300569772721 0.23153779533458874 0.0038742154836654665 0.003568873344920576
0.0 0.6122147545218468 0.23263698470545932 0.003838697075843811 0.0036043447209522126
0.0 0.4671057291328907 0.31036172206513585 0.005029316246509552 0.004510875418782234
0.0 0.46609608829021454 0.30508501625154166 0.006257861852645874 0.006307597970589995
0.0 0.4622133694589138 0.3017704955302179 0.003840954601764679 0.003997260052710771
0.0 0.46145040094852446 0.30541951810009776 0.003937727212905884 0.0037459127604961397
0.0 0.4956462748348713 0.2930543360998854 0.005041958391666412 0.0048076413106173275
0.0 0.4910409219563007 0.29609202770516274 0.006226105988025666 0.006545611750334501
0.0 0.4903817243874073 0.30187674034386874 0.004240687191486359 0.004233623016625642
0.0 0.485639189183712 0.2957721927203238 0.004138496518135071 0.004181135538965463
0.0 0.47999018207192423 0.3065485279774293 0.0044712558388710025 0.0044499645475298165
0.0 0.48261199742555616 0.3101873705163598 0.004545453190803528 0.004289835412055254
0.0 0.4777404822409153 0.31248113678302614 0.003986339271068573 0.0037661881651729345
0.0 0.4855434700846672 0.3016789387445897 0.00434829592704773 0.0035245341248810293
0.0 0.48013202995061877 0.3009928977815434 0.0040846168994903564 0.0042693060357123615
0.0 0.47799994722008704 0.30415687679778786 0.0043472424149513245 0.0047803816851228476
0.0 0.4742372535169125 0.30980645534582435 0.004167543351650238 0.0044444194994866845
0.0 0.47346179336309435 0.31212212666869166 0.0036508709192276 0.0038780626840889455
0.0 0.5362656377255917 0.2799722979078069 0.004026372730731964 0.0038632053416222333
0.0 0.5325830109417439 0.28296850747428837 0.00419764369726181 0.003984561469405889
0.0 0.5330093823373317 0.2799149214755744 0.0037359043955802916 0.003913364745676518
0.0 0.5426169611513615 0.2761668076273054 0.00576978474855423 0.005059623531997204
0.0 0.5401986241340637 0.2802185869310051 0.0053178280591964725 0.00513327531516552
0.0 0.5334253691136837 0.2928145868470892 0.0030351683497428896 0.003170116664841771
0.0 0.5318899504840374 0.2882261442486197 0.004993496835231781 0.004666898678988218
0.0 0.532050159573555 0.2766108770854771 0.005094483494758606 0.004909780248999596
0.0 0.5289582520723343 0.2751324021955952 0.004182443022727966 0.004068668419495225
0.0 0.5297985784709454 0.2701268534641713 0.003942994773387909 0.003637636173516512
0.0 0.5254518628120423 0.275193122588098 0.0035747170448303224 0.0034042362123727797
0.0 0.5248673893511295 0.27848324086517096 0.004219616949558258 0.003601741511374712
0.0 0.5200340263545513 0.2766173110343516 0.004585035145282745 0.0042158449999988076
0.0 0.5136457547545433 0.276493626832962 0.00467337965965271 0.004694750905036927
0.0 0.5096162967383862 0.2811576048377901 0.0035249009728431703 0.003453930001705885
0.0 0.5053600326180459 0.27879562601447105 0.005541473627090454 0.004703555256128311
0.0 0.54890755712986 0.26439778178464624 0.0056958884000778195 0.0056319486815482375
0.0 0.5489716708660126 0.2596149450400844 0.005727192759513855 0.005634911684319377
0.0 0.5426134996116161 0.26772385821677747 0.004033596813678741 0.003976773004978895
0.0 0.538186190277338 0.2681385516189039 0.00426807850599289 0.0042751050554215905
0.0 0.5378207720816135 0.2709959233412519 0.0036203190684318542 0.003393019130453467
0.0 0.5371262066066265 0.27408970035612584 0.003895135223865509 0.003788580000400543
0.0 0.5353368163108826 0.2678267379058525 0.004225486516952514 0.004197178082540632
0.0 0.5352503530681133 0.26384691724088044 0.004961289465427399 0.0046132683288306
0.0 0.5386475533246994 0.2645862499251962 0.004404282569885254 0.004603067133575678
