0.0 0.005293732881546021 0.647864226065576 0.010587465763092042 0.009273586794734001
0.0 0.07610448896884918 0.6461137577891349 0.01591774821281433 0.008468572050333023
0.0 0.047151115536689756 0.6241904206573963 0.011354058980941772 0.009621251374483109
0.0 0.05411234200000763 0.5019800344482064 0.01091650128364563 0.011420024558901787
0.0 0.1328885078430176 0.5679640861228108 0.0102081298828125 0.010652376338839531
0.0 0.18006570339202882 0.5626074464991688 0.011266708374023438 0.0072977375239133835
0.0 0.16854588389396669 0.572534193098545 0.00827246904373169 0.01481836661696434
0.0 0.07005771696567535 0.5909847065806388 0.009674996137619019 0.008741956204175949
0.0 0.07879639863967895 0.5972655767574906 0.008071303367614746 0.010870339348912239
0.0 0.19212393164634706 0.5795866845175623 0.007256805896759033 0.006797740235924721
0.0 0.2075351893901825 0.5820301685482263 0.006815850734710693 0.006697408854961395
0.0 0.20914067029953004 0.45715325586497785 0.011576414108276367 0.01307234913110733
0.0 0.28400121331214906 0.438766310736537 0.008022844791412354 0.007474813610315323
0.0 0.33425526022911073 0.41601243596524 0.009761273860931396 0.007080981507897377
0.0 0.34282876253128053 0.408642203360796 0.008113861083984375 0.008646804839372635
0.0 0.3398870944976807 0.3822395855560899 0.011554598808288574 0.00805945135653019
0.0 0.3648768782615662 0.3956690037623048 0.006052494049072266 0.008821969851851463
0.0 0.39688233733177186 0.40865796972066165 0.011827290058135986 0.00852474756538868
0.0 0.35777966380119325 0.34733910094946624 0.009393274784088135 0.0096303541213274
0.0 0.33027584552764894 0.2742357079870999 0.007236599922180176 0.007621589116752148
0.0 0.292229962348938 0.2815438684076071 0.008544445037841797 0.0054936837404966354
0.0 0.4322826683521271 0.3639167368412018 0.006391346454620361 0.00661352276802063
0.0 0.4413584589958191 0.36696057468652726 0.009455323219299316 0.009322218596935272
0.0 0.4386263608932495 0.30511647490784527 0.008116364479064941 0.009923226200044155
0.0 0.4590698003768921 0.3098189614713192 0.00837099552154541 0.006372023373842239
0.0 0.4575186789035797 0.3153878686018288 0.005690038204193115 0.005068092606961727
0.0 0.46841309666633607 0.32941342871636153 0.007031857967376709 0.007268769666552544
0.0 0.5123769164085388 0.3287900288589299 0.005313277244567871 0.008364091627299786
0.0 0.45930753350257875 0.33156230561435224 0.005667507648468018 0.008288729935884476
0.0 0.4497241795063019 0.3391001092270017 0.0051046013832092285 0.006407981738448143
0.0 0.4540549635887146 0.3413076762109995 0.004764676094055176 0.010733094066381454
0.0 0.4581404149532318 0.3431116545572877 0.0043836236000061035 0.004783669486641884
0.0 0.5094251453876495 0.33605551701039077 0.007112324237823486 0.009467409923672676
0.0 0.6094023406505584 0.281618526019156 0.008245646953582764 0.006350046023726463
0.0 0.5771414458751678 0.288689424097538 0.007845818996429443 0.005831591784954071
0.0 0.5558850288391113 0.28489991538226606 0.006336808204650879 0.00584813766181469
0.0 0.5429372906684875 0.30872514825314284 0.006357908248901367 0.006565142422914505
0.0 0.6001853764057159 0.33018124038353563 0.00587385892868042 0.007754559628665447
0.0 0.6044605493545532 0.3301017547957599 0.006897568702697754 0.005861137993633747
0.0 0.6341741502285003 0.33188145495951177 0.007804691791534424 0.007775053381919861
0.0 0.6412637650966644 0.3269232239574194 0.006241142749786377 0.00671485997736454
0.0 0.6181384742259979 0.323883371707052 0.006551206111907959 0.005781224928796291
0.0 0.6152823686599731 0.3323427404277027 0.005866885185241699 0.006400060839951038
0.0 0.6149735569953918 0.3420896574854851 0.006322503089904785 0.008010819554328918
0.0 0.5549277484416961 0.31198004661127926 0.005830943584442139 0.006304859183728695
0.0 0.556742262840271 0.30737889725714923 0.0076389312744140625 0.00666155107319355
0.0 0.5636461794376373 0.3149743851274252 0.007312953472137451 0.005757763981819153
0.0 0.709272426366806 0.3269459305331111 0.007185637950897217 0.00814821571111679
0.0 0.7014212429523468 0.3253569102846086 0.007791459560394287 0.00721407774835825
0.0 0.6973412454128265 0.3286692414432764 0.00682300329208374 0.005919601768255234
0.0 0.6855885207653045 0.3281174314208329 0.006858408451080322 0.00875410158187151
0.0 0.9376913130283355 0.31685118544846774 0.007704198360443115 0.006104573607444763
0.0 0.9531150877475738 0.3648074230179191 0.010423600673675537 0.0081575196236372
0.0 0.9505533993244171 0.3582779875025153 0.008680164813995361 0.006325503811240196
0.0 0.5469486236572265 0.3211953959427774 0.016208767890930176 0.008981418795883656
0.0 0.558123779296875 0.3235638954676688 0.011800289154052734 0.010749061591923237
0.0 0.5644782900810241 0.3210558372549713 0.010936617851257324 0.008759533055126667
0.0 0.6584334790706634 0.33292957842350007 0.007442772388458252 0.00708736851811409
0.0 0.6692128300666809 0.3338542113080621 0.00836169719696045 0.007103009149432182
0.0 0.6984844923019409 0.31267543863505126 0.007832765579223633 0.0052706412971019745
0.0 0.6879418909549713 0.31385933635756375 0.0067389607429504395 0.004265491850674152
0.0 0.678403240442276 0.3128414631821215 0.006350219249725342 0.00427685771137476
0.0 0.6753625094890594 0.3086500631645322 0.006555497646331787 0.006170555949211121
0.0 0.6910209774971008 0.309619882889092 0.0037322044372558594 0.006353616714477539
0.0 0.7896500051021575 0.30805776854977013 0.007148444652557373 0.0052824849262833595
0.0 0.7893053412437439 0.3028459807857871 0.00688326358795166 0.00526898168027401
0.0 0.7751515924930572 0.3058172229677439 0.007217824459075928 0.005114788189530373
0.0 0.7648064911365509 0.30435149213299156 0.005697190761566162 0.004290235228836536
0.0 0.7594790875911712 0.3023590969853103 0.0045656561851501465 0.00560228805989027
0.0 0.7649449825286865 0.3022464316338301 0.004806876182556152 0.004836374893784523
0.0 0.7420461595058441 0.28739027101546527 0.006822645664215088 0.005608297884464264
0.0 0.7285678803920745 0.289691870380193 0.006172835826873779 0.00476584117859602
0.0 0.7109930634498596 0.29378737723454834 0.007187247276306152 0.005128844641149044
0.0 0.7034855604171752 0.30664082039147617 0.007035613059997559 0.005510179325938225
0.0 0.6952318668365478 0.29820996690541507 0.0061043500900268555 0.005867449566721916
0.0 0.689368200302124 0.29323331667110325 0.0054624080657958984 0.005180996842682362
0.0 0.6845262765884399 0.2752605590969324 0.0065081119537353516 0.005545584484934807
0.0 0.6742290079593658 0.2743917748332024 0.005146801471710205 0.004791414365172386
0.0 0.663550865650177 0.28038751780986787 0.006605744361877441 0.004398789256811142
0.0 0.6561628103256225 0.2832184343598783 0.005669116973876953 0.004958105273544788
0.0 0.6660785794258117 0.2857418063096702 0.0044596195220947266 0.004133828915655613
0.0 0.6716779589653015 0.2839305859990418 0.005833983421325684 0.004841982387006283
0.0 0.6699439108371734 0.29002214670181276 0.006248652935028076 0.006559610366821289
0.0 0.6767727255821228 0.28925920072942973 0.005048990249633789 0.006233923137187958
0.0 0.6846822023391723 0.28786296006292106 0.0041495561599731445 0.0035421252250671387
0.0 0.6802133738994598 0.2837552701123059 0.005492269992828369 0.004544408060610294
0.0 0.6675338566303253 0.27253311714157463 0.004158318042755127 0.005550387315452099
0.0 0.6584231972694397 0.27416545087471605 0.006422281265258789 0.00599254947155714
0.0 0.7073652863502502 0.3014251853339374 0.005575060844421387 0.0052489908412098885
0.0 0.7203106105327606 0.2991433756425977 0.006618082523345947 0.008010316640138626
0.0 0.6793893992900848 0.29317866247147323 0.008072912693023682 0.006014401093125343
0.0 0.7253545939922332 0.30148115968331696 0.005958616733551025 0.005144032649695873
0.0 0.7336143672466278 0.2975056481547654 0.006446421146392822 0.00616499874740839
0.0 0.7474615395069122 0.29287602128461004 0.008199155330657959 0.006970264948904514
0.0 0.7498791933059692 0.30161972511559726 0.011902213096618652 0.009073326364159584
0.0 0.7641140341758728 0.2764832817949355 0.007390379905700684 0.005450458265841007
0.0 0.7806913375854492 0.2769210308790207 0.006357908248901367 0.005958175286650658
0.0 0.7932034850120544 0.27976440712809564 0.0055696964263916016 0.004844069480895996
0.0 0.7937223136425018 0.2864713713526726 0.006666719913482666 0.0059116557240486145
0.0 0.7825679004192352 0.29014299698174 0.006594836711883545 0.004802880808711052
0.0 0.8018622815608978 0.28638541074469687 0.007180631160736084 0.005610938183963299
0.0 0.807498675584793 0.29336872631683947 0.0061356425285339355 0.0052620163187384605
0.0 0.8100440919399261 0.2882416041567922 0.0079842209815979 0.005807552486658096
0.0 0.8169426441192627 0.29225401701405646 0.0064051151275634766 0.005353596992790699
0.0 0.8295698583126068 0.302049779612571 0.004492342472076416 0.003855315037071705
0.0 0.8350663304328918 0.3068669306114316 0.009125590324401855 0.00620812363922596
0.0 0.873946738243103 0.30345003101974727 0.0064830780029296875 0.005668798461556435
0.0 0.8785952746868133 0.29143659286201 0.006315171718597412 0.005115492269396782
0.0 0.8674254834651947 0.2898819216527045 0.007065117359161377 0.004562261514365673
0.0 0.8552318930625915 0.28846281096339227 0.005891203880310059 0.005654213950037956
0.0 0.863017451763153 0.28366522332653404 0.005849719047546387 0.004842787049710751
0.0 0.9258102893829345 0.28257730677723886 0.008757948875427246 0.006018172949552536
0.0 0.8837587058544158 0.24382514068856836 0.006323039531707764 0.005271571688354015
0.0 0.8882367432117462 0.26033997517079116 0.005344212055206299 0.0056107621639966965
0.0 0.847795557975769 0.278117941506207 0.004994630813598633 0.004861470311880112
0.0 0.8285320222377777 0.2391968213953078 0.004299938678741455 0.004966151900589466
0.0 0.7584675371646881 0.2795280751772225 0.004522740840911865 0.0047596050426363945
0.0 0.7539073348045349 0.2796712297014892 0.005410909652709961 0.00508504081517458
0.0 0.7722021460533142 0.27680145045742394 0.00509798526763916 0.004135186783969402
0.0 0.773624163866043 0.2854318477213383 0.006972134113311768 0.00518011674284935
0.0 0.7743836760520935 0.28096472499892117 0.004685640335083008 0.0045967111364007
0.0 0.8267319917678833 0.284664149209857 0.005810379981994629 0.005292115733027458
0.0 0.8341707408428192 0.2811474211513996 0.00466078519821167 0.005031254142522812
0.0 0.812851470708847 0.27827778020873667 0.004454433917999268 0.0052541708573699
0.0 0.8061862707138061 0.2782824321649969 0.005434870719909668 0.006471424363553524
0.0 0.8056652069091796 0.2716222641058266 0.006003856658935547 0.005115215666592121
0.0 0.8025545597076416 0.2663477880880237 0.005491733551025391 0.005758417770266533
0.0 0.8104414165019989 0.26723461439833046 0.006172478199005127 0.0062911296263337135
0.0 0.8200109124183654 0.27194632943719627 0.004832267761230469 0.004728700965642929
0.0 0.8333349645137786 0.26622619600966574 0.005327761173248291 0.006201409734785557
0.0 0.8978695392608642 0.2782438963651657 0.006581425666809082 0.006062932312488556
0.0 0.9140861749649047 0.2747050023637712 0.005862593650817871 0.008454314433038235
0.0 0.8485972702503204 0.3016892530024052 0.005154311656951904 0.005243182182312012
0.0 0.842676293849945 0.30274875489994885 0.004579424858093262 0.004653540439903736
0.0 0.8434044241905212 0.2976698622107506 0.008152484893798828 0.005131283774971962
0.0 0.8432706713676452 0.28402036875486375 0.005859732627868652 0.00534135103225708
0.0 0.9991840779781341 0.2747789558954537 0.0016318440437316894 0.005535651929676533
0.0 0.98643599152565 0.2751991532742977 0.006105244159698486 0.005276022478938103
0.0 0.966247272491455 0.27839488377794624 0.005140185356140137 0.005880550481379032
0.0 0.9620442509651184 0.2779773769900203 0.00582432746887207 0.006786977872252464
0.0 0.9519431412220001 0.27694649090990425 0.006287634372711182 0.005798927508294582
0.0 0.8959416568279266 0.22917599212378265 0.009188711643218994 0.005915578454732895
0.0 0.9200710773468017 0.233080592751503 0.007073521614074707 0.005947966128587723
0.0 0.9321571111679077 0.2344629278406501 0.007975101470947266 0.006227334961295128
0.0 0.9099054157733917 0.2342367421835661 0.006359875202178955 0.0053823888301849365
0.0 0.9281983494758606 0.2532076586969197 0.0085984468460083 0.008998417295515537
0.0 0.8632862091064453 0.24429977852851154 0.00486910343170166 0.003921221941709518
0.0 0.9472708225250244 0.25533702252432705 0.0063021183013916016 0.006391108967363834
0.0 0.9332384884357452 0.2602231859229505 0.004975855350494385 0.0054052965715527534
0.0 0.9442639768123626 0.2624589161016047 0.004971563816070557 0.00470463652163744
0.0 0.941775244474411 0.26555504444986583 0.004314601421356201 0.00403301976621151
0.0 0.9751248478889465 0.24233109578490258 0.007105350494384766 0.006883436813950539
0.0 0.9549608051776886 0.2468892208300531 0.0045209527015686035 0.004728374071419239
0.0 0.9588744163513183 0.24530504113063217 0.005111575126647949 0.004711777903139591
0.0 0.9649978995323181 0.24887121822685004 0.005584001541137695 0.004206676036119461
0.0 0.9684156596660614 0.24688626620918513 0.0051993727684021 0.0049030110239982605
0.0 0.9603158354759216 0.23851018007844688 0.008423924446105957 0.0067949239164590836
0.0 0.961817067861557 0.25848746560513974 0.006813704967498779 0.005125349387526512
0.0 0.9620729506015777 0.2657442407682538 0.006068050861358643 0.005460893735289574
0.0 0.9687046229839325 0.26240545632317663 0.00487750768661499 0.0056181298568844795
0.0 0.976603102684021 0.26091474322602154 0.0054051876068115234 0.005894078873097897
0.0 0.9892006337642669 0.2709906038828194 0.0057901740074157715 0.0045907264575362206
0.0 0.9954161167144775 0.2663007530383766 0.00520634651184082 0.005650467239320278
0.0 0.987912368774414 0.2554361720569432 0.005789637565612793 0.006411728449165821
0.0 0.9976891040802002 0.24464458907023073 0.0046217918395996095 0.013416417874395847
0.0 0.9889103293418884 0.24106209240853788 0.01290750503540039 0.008953331038355827
