0.0 0.7108749806880951 0.9973007891327142 0.024671852588653564 0.005398421734571457
0.0 0.8572500109672546 0.9701093554496765 0.014093756675720215 0.024296991527080536
0.0 0.6607656836509704 0.9452812362462282 0.015531063079833984 0.021671880036592484
0.0 0.754906302690506 0.8857031546533107 0.024109303951263428 0.015156224370002747
0.0 0.872687554359436 0.8764687448740005 0.026968717575073242 0.015265658497810364
0.0 0.8542499601840973 0.8300468984991312 0.017890512943267822 0.021968800574541092
0.0 0.8289062142372131 0.7992187112569809 0.015015721321105957 0.01935938000679016
0.0 0.9597812950611114 0.7929999761283397 0.01793736219406128 0.014578074216842651
0.0 0.7020781397819519 0.7087031340226531 0.013828039169311523 0.013312490656971931
0.0 0.9299688100814819 0.5635468604043126 0.011921882629394531 0.019390610978007317
0.0 0.7731875240802765 0.6638749975711107 0.012703120708465576 0.012249983847141266
0.0 0.8209218144416809 0.6541250001639127 0.013468623161315918 0.020078144967556
0.0 0.6210624635219574 0.6275000188499689 0.024937570095062256 0.014953147619962692
0.0 0.58109370470047 0.606890645623207 0.010812520980834961 0.014187511056661606
0.0 0.5596875309944153 0.6196874732151627 0.012062788009643555 0.013531258329749107
0.0 0.521812504529953 0.6542812556028366 0.01018756628036499 0.01820307970046997
0.0 0.8617031037807464 0.29134375024586917 0.03940612077713013 0.016046885401010513
0.0 0.9913008093833924 0.09107812708243727 0.017398381233215333 0.015328120440244675
