0.0 0.03079506754875183 0.8679404655005782 0.019130584597587586 0.02747420808300376
0.0 0.21337733007967472 0.6775394371245056 0.017103544622659683 0.022316145803779365
0.0 0.10148954950273037 0.5990986058022827 0.02622537985444069 0.01779119046404958
0.0 0.1449270598590374 0.6159124650992454 0.01806284934282303 0.02077765166759491
0.0 0.1753875996917486 0.6499747602269054 0.015999355167150498 0.02135669868439436
0.0 0.019302207604050638 0.4794282287824899 0.02418021634221077 0.015474769379943609
0.0 0.03807083927094936 0.44799034483730793 0.02054225280880928 0.0181352399289608
0.0 0.06270352266728878 0.4261267761234194 0.013483808189630509 0.011999555211514235
0.0 0.18394848555326462 0.5090743292123079 0.01476871520280838 0.01583652812987566
0.0 0.5007345579564572 0.8840122824534774 0.029284115135669708 0.026225353963673113
0.0 0.689017915725708 0.9798644866794348 0.018949556350708007 0.032958144508302215
0.0 0.5910845339298249 0.8738769790157676 0.02888581156730652 0.02316677402704954
