0.0 0.22806255221366883 0.3038593720644712 0.013468801975250244 0.012562494724988937
0.0 0.17595304250717164 0.26110937763005493 0.008703231811523438 0.00956256128847599
0.0 0.18231247067451478 0.2942968862131238 0.010515868663787842 0.011640602722764015
0.0 0.16500006318092347 0.31596876624971626 0.01228111982345581 0.01131250150501728
0.0 0.02850003242492676 0.26090625058859584 0.011015653610229492 0.007937444373965263
0.0 0.03625000715255737 0.2703906087204814 0.017171859741210938 0.009468717500567436
0.0 0.13248435854911805 0.1383437490090728 0.01271885633468628 0.01154685951769352
0.0 0.10907815098762512 0.1481250025331974 0.009796679019927979 0.00895318016409874
0.0 0.17118747234344484 0.166343748010695 0.009312629699707031 0.008921848610043526
0.0 0.1539531171321869 0.12585938200354577 0.013453066349029541 0.012265674769878387
0.0 0.28354681730270387 0.16095311138778925 0.017499804496765137 0.012421829625964165
0.0 0.38437498807907106 0.16226564198732377 0.013578057289123535 0.014671918004751205
0.0 0.37320314049720765 0.14606252629309893 0.008968770503997803 0.009953124448657036
0.0 0.44501562118530275 0.16915624532848597 0.0094374418258667 0.010046867653727531
0.0 0.4643437087535858 0.17518751919269562 0.013796746730804443 0.017921850085258484
0.0 0.48553128242492677 0.20643750056624413 0.013843774795532227 0.013656232506036758
0.0 0.4910781800746918 0.19662499092519284 0.013671934604644775 0.011437475681304932
0.0 0.4945312559604645 0.1882656266912818 0.017703115940093994 0.012406239286065102
0.0 0.09914065599441528 0.06310937032103539 0.0126875638961792 0.015218786895275116
0.0 0.023578089475631715 0.04499998353421688 0.015796959400177002 0.011421885341405869
0.0 0.008718830347061158 0.03615626264363527 0.012703120708465576 0.010906247422099113
