0.0 0.9438281208276749 0.3813541718758643 0.0062368810176849365 0.0045182229951024055
0.0 0.943476527929306 0.3877473847009242 0.007421970367431641 0.005182237364351749
0.0 0.9257160574197769 0.38635416571050885 0.007473975419998169 0.005781250074505806
0.0 0.9291146397590637 0.3784635468386114 0.005052089691162109 0.008111963979899883
0.0 0.9228906482458115 0.3766015699133277 0.009361952543258667 0.006249966099858284
0.0 0.9076562225818634 0.36934898151084783 0.012369751930236816 0.011119809933006763
0.0 0.8867577910423279 0.3616927206516266 0.008567571640014648 0.00705731101334095
0.0 0.8764063268899918 0.3566536671482027 0.008658915758132935 0.005729156546294689
0.0 0.8665364682674408 0.35518230786547067 0.006523430347442627 0.005911462940275669
0.0 0.8586197793483734 0.3557031383737922 0.006133019924163818 0.006953123956918716
0.0 0.8503254950046539 0.3553515804000199 0.008515417575836182 0.008749994449317455
0.0 0.9574739336967468 0.39600259540602567 0.008997321128845215 0.005716164596378803
0.0 0.9502604305744171 0.3995052251033485 0.00705718994140625 0.0064582983031868935
0.0 0.9441797882318497 0.39799480615183713 0.011249929666519165 0.007786494679749012
0.0 0.6230599135160446 0.3120312435552478 0.0059767067432403564 0.006914064288139343
0.0 0.6137369275093079 0.31570310387760403 0.006510317325592041 0.005559884011745453
0.0 0.6399218440055847 0.31250000149011614 0.008867084980010986 0.011979164555668831
