0.0 0.7549539201892912 0.0019939041696488856 0.023799780942499637 0.003987808339297771
0.0 0.715631378442049 0.017100924253463747 0.02625972256064415 0.02185523882508278
0.0 0.6762740170117467 0.002849419880658388 0.02115949122235179 0.005698839761316776
0.0 0.6492244801484048 0.0021482182666659353 0.02540424596518278 0.004296436533331871
0.0 0.6619511148892343 0.012759046256542205 0.020882070064544678 0.019381102174520493
0.0 0.6029897849075496 0.010968969948589802 0.025732476264238358 0.021937939897179605
0.0 0.6365445963107049 0.0345642008818686 0.023710175044834615 0.02313579712063074
0.0 0.6236281983554364 0.055980341602116825 0.021022647432982922 0.02728500496596098
0.0 0.6502013792283833 0.09117383565753698 0.021677160076797007 0.024404125288128853
0.0 0.6936205500271171 0.12301721014082431 0.023320421855896712 0.026645706966519356
0.0 0.6757233952637762 0.09220646005123853 0.019173876475542785 0.026564842090010643
0.0 0.6676878402940929 0.06841055545955896 0.025772733986377715 0.019254237413406372
0.0 0.6557195279281587 0.050300633627921344 0.0254596003331244 0.025189911015331745
