0.0 0.5513324618339539 0.9470394924283028 0.026075363159179688 0.019160829484462738
0.0 0.4943782567977905 0.8249886557459831 0.02240431308746338 0.022510036826133728
0.0 0.5474563121795655 0.7910532634705305 0.029428482055664062 0.016097981482744217
0.0 0.729166316986084 0.8100119717419147 0.023712873458862305 0.030960403382778168
0.0 0.7960448741912842 0.8547318056225777 0.01638936996459961 0.027767904102802277
0.0 0.8583015382289887 0.7471310514956713 0.0283471941947937 0.014457274228334427
0.0 0.8710215568542481 0.8126884810626507 0.028914570808410645 0.01564505696296692
0.0 0.26799172461032866 0.5597708225250244 0.02280297875404358 0.017280131578445435
0.0 0.3290369689464569 0.5607761479914188 0.02587670087814331 0.014286786317825317
0.0 0.4438678801059723 0.6599037032574415 0.01622074842453003 0.01734038069844246
0.0 0.4986337602138519 0.5356532204896212 0.02220243215560913 0.022035788744688034
0.0 0.514560091495514 0.5796940699219704 0.012827396392822266 0.026112310588359833
0.0 0.5100886702537537 0.6298421584069729 0.0171053409576416 0.026697903871536255
0.0 0.5360877692699433 0.6068336330354214 0.027079403400421143 0.015322588384151459
0.0 0.5856783270835877 0.6059604231268167 0.016532063484191895 0.019315827637910843
0.0 0.6584761619567872 0.5918110832571983 0.016092538833618164 0.025246694684028625
0.0 0.7629484713077546 0.5697337538003922 0.014075696468353271 0.02911551296710968
0.0 0.763876873254776 0.4841476157307625 0.01670926809310913 0.02599925547838211
0.0 0.5997446358203888 0.36005922220647335 0.025804102420806885 0.020462974905967712
0.0 0.5125369012355805 0.4309974815696478 0.025018036365509033 0.012762051075696945
0.0 0.4200750768184662 0.4602510444819927 0.01524728536605835 0.017653293907642365
0.0 0.3624788403511047 0.4124124636873603 0.02200162410736084 0.02110886760056019
0.0 0.23693791329860686 0.39750311989337206 0.012506335973739624 0.02031376026570797
0.0 0.21946443915367125 0.4161814032122493 0.01343303918838501 0.01650458760559559
0.0 0.40527777671813964 0.3350574718788266 0.01890885829925537 0.023493284359574318
0.0 0.3210956633090973 0.32300186436623335 0.01597040891647339 0.016318408772349358
0.0 0.2549109935760498 0.30957247130572796 0.0255357027053833 0.015352662652730942
0.0 0.17957820296287536 0.2799983508884907 0.02375739812850952 0.013861823827028275
0.0 0.06340292394161225 0.24708538316190243 0.025217145681381226 0.013642050325870514
0.0 0.08644689917564392 0.28074329253286123 0.023214519023895264 0.015467578545212746
0.0 0.25822544395923613 0.23935705050826073 0.023113220930099487 0.013217691332101822
0.0 0.3055013447999954 0.23192775063216686 0.020176023244857788 0.01609053835272789
0.0 0.3843297243118286 0.2587979529052973 0.02013552188873291 0.015293620526790619
0.0 0.3144321620464325 0.2827367438003421 0.015804827213287354 0.024520033970475197
0.0 0.5509077787399292 0.25068358331918716 0.05425536632537842 0.035750459879636765
0.0 0.6432217240333558 0.18107130751013756 0.01891636848449707 0.019733447581529617
0.0 0.6452180027961731 0.16937845200300217 0.01719367504119873 0.01902443915605545
0.0 0.7597773849964142 0.23069928213953972 0.015226185321807861 0.02097584679722786
0.0 0.7794803559780121 0.238417430780828 0.013936221599578857 0.02113843895494938
0.0 0.851360160112381 0.2805896019563079 0.02008134126663208 0.024075960740447044
0.0 0.8833716988563538 0.32109654881060123 0.017716526985168457 0.02529718726873398
0.0 0.875188547372818 0.21150138787925243 0.019880354404449463 0.019623108208179474
0.0 0.8543715655803681 0.2217172347009182 0.011708557605743408 0.016232360154390335
0.0 0.8529603660106659 0.2080358061939478 0.01271599531173706 0.01702827215194702
0.0 0.7946171343326569 0.18738997168838978 0.017840445041656494 0.02275797352194786
0.0 0.7620810449123383 0.16165650635957718 0.013672292232513428 0.0181814543902874
0.0 0.7934016466140748 0.12280271388590336 0.01796579360961914 0.022777486592531204
0.0 0.807599025964737 0.131427189335227 0.016395986080169678 0.020965486764907837
0.0 0.7799096882343293 0.07210463844239712 0.013322532176971436 0.0184670090675354
0.0 0.7977786540985108 0.07966107502579689 0.022244811058044434 0.015390582382678986
0.0 0.6213838040828705 0.02458181232213974 0.02450770139694214 0.016412805765867233
0.0 0.7467810094356537 0.009793746285140514 0.014779150485992432 0.01664007268846035
0.0 0.47791074514389037 0.18870846182107925 0.018738985061645508 0.0220525860786438
0.0 0.3861029326915741 0.1611953591927886 0.00918656587600708 0.021926606073975563
0.0 0.5134331166744233 0.10710932686924934 0.008695542812347412 0.02119360864162445
0.0 0.4310753524303436 0.1084408676251769 0.010242283344268799 0.020258842036128044
0.0 0.42983134388923644 0.08657833281904459 0.012217104434967041 0.02404930628836155
0.0 0.36278640031814574 0.1027370160445571 0.01210784912109375 0.018039079383015633
0.0 0.35964741110801696 0.03913205023854971 0.0097312331199646 0.015375042334198952
0.0 0.3828155279159546 0.026607475243508816 0.018015503883361816 0.009844696149230003
0.0 0.48560555577278136 0.002245924435555935 0.015058815479278564 0.00449184887111187
