0.0 0.050047937873750926 0.543238312471658 0.013091361615806818 0.009441950917243957
0.0 0.14917560163885354 0.697287015710026 0.01819581352174282 0.010155889205634594
0.0 0.1592768429312855 0.6638292004354298 0.014532513450831175 0.01055993977934122
0.0 0.009979408443905413 0.6110563804395497 0.008121391525492072 0.014223620668053627
0.0 0.03913853408303112 0.5677121152635664 0.008916105842217803 0.011125697288662195
0.0 0.122804372664541 0.5561284361872822 0.008794879540801048 0.010815809573978185
0.0 0.485037655197084 0.8620842445641757 0.017710908316075802 0.013092105649411679
0.0 0.5115570068359375 0.9220631678123027 0.019744550809264183 0.01453342167660594
0.0 0.14847521726042032 0.65335007077083 0.014788221567869186 0.00948235597461462
0.0 0.5481776768341661 0.9580532356631011 0.01892301719635725 0.013496242929250002
0.0 0.7350520664826036 0.988992281164974 0.014936498366296291 0.015058774128556251
0.0 0.6921146815642715 0.9334313387982547 0.017993898130953312 0.013186441920697688
0.0 0.767874569259584 0.8374623043462635 0.016081404872238636 0.01077549122273922
0.0 0.7983671071473509 0.9290537629742175 0.017239412758499384 0.014587352890521288
0.0 0.5330256992951036 0.8867061847820878 0.018128611147403717 0.012634123861789703
0.0 0.3322653107810766 0.8728192873764783 0.014815194997936487 0.012391780223697423
0.0 0.5212947233580053 0.9626866812817753 0.016552746295928955 0.012782391346991061
0.0 0.6496218187734485 0.7760826001875103 0.019098113290965557 0.015705255046486854
0.0 0.21285424414090812 0.5721030438318848 0.011367219965904951 0.008014247752726078
0.0 0.24026256296783685 0.4356722461991012 0.01064017042517662 0.008324048761278392
0.0 0.239063863735646 0.4424069065367803 0.008875645697116852 0.008512591244652867
0.0 0.2951598897110671 0.5468615666264668 0.011663773562759161 0.007421567989513278
0.0 0.3272685213945806 0.5712949426844716 0.014734582975506783 0.007973842695355416
0.0 0.3222583223599941 0.5665672041475773 0.013683852273970842 0.00646532941609621
0.0 0.3146755516994745 0.5804809804540128 0.00859281001612544 0.00762363662943244
0.0 0.31978008067235353 0.63857421875 0.007367291487753391 0.008000721596181393
0.0 0.0981302733765915 0.4579101146198809 0.010168597800657153 0.007744851801544428
0.0 0.05872166818007827 0.45117547595873475 0.007865606341511011 0.0060207870788872245
0.0 0.0006528968689963222 0.3974328262032941 0.0013057937379926444 0.00651921727694571
0.0 0.26555616487748923 0.4212196563137695 0.0063840714283287525 0.008310565957799554
0.0 0.2380537473130971 0.3615370729472488 0.008202234748750925 0.0061420022509992124
0.0 0.15802435097284614 0.3728108859853819 0.007703765761107206 0.008283687056973577
0.0 0.13124906001612544 0.3532534292433411 0.006693726405501366 0.006236251816153527
0.0 0.17547939703799784 0.3000495930667967 0.0078116594813764095 0.0063171486370265486
0.0 0.12277751483488827 0.30444060834124687 0.01088254596106708 0.007031000219285488
0.0 0.05019613760523498 0.28174475813284516 0.01236400380730629 0.008122023474425078
0.0 0.029279629793018104 0.2818255682475865 0.011798332445323467 0.007327275071293116
0.0 0.3171806897502393 0.4156164242886007 0.007636563386768103 0.008135462924838067
0.0 0.3373699168208987 0.42437148923054335 0.012552509550005198 0.007717886194586754
0.0 0.34959920761175456 0.43151024349499495 0.009804918896406889 0.007367723481729626
0.0 0.7362237922847271 0.9364214864559471 0.013212356716394424 0.014775765314698219
0.0 0.7220954178832472 0.9060346723068505 0.015502169728279114 0.012257038895040751
0.0 0.7472408971283585 0.8977914770133794 0.021576432045549154 0.009751838631927967
0.0 0.7135429138783366 0.8639699728693813 0.014896269422024488 0.012822709698230027
0.0 0.6721948034595698 0.9087150623090565 0.010249441023916006 0.013226846978068352
0.0 0.555598761048168 0.8999869629740715 0.01874822936952114 0.011071852780878544
0.0 0.6705921963788569 0.7144873445853591 0.015367456711828709 0.011098731681704522
0.0 0.6250958806835115 0.7223668943624943 0.010761319659650326 0.008647289220243692
0.0 0.6350893053226173 0.7166559516452253 0.014195730909705162 0.010573465935885906
0.0 0.5384669337421656 0.7122244879603385 0.013454963453114033 0.013752112723886966
0.0 0.5690671341493726 0.6993343642447144 0.015852361917495728 0.01736194910481572
0.0 0.5933776701334864 0.6851376224774868 0.011542624328285456 0.009684467967599631
0.0 0.512095704767853 0.6879662366118282 0.012700632214546204 0.016041934955865145
0.0 0.5229783277958632 0.6867539981845766 0.010572659783065319 0.016580726858228444
0.0 0.5654172437265516 0.6744026230182498 0.010397563688457012 0.009630536753684282
0.0 0.5744007060769946 0.660098192235455 0.012795116286724806 0.00975175192579627
0.0 0.5464133062399924 0.6539831122383475 0.011151894927024841 0.008674254827201366
0.0 0.5427633387502283 0.671479759318754 0.01465366268530488 0.0065999840386211876
0.0 0.53826486421749 0.6776622533332557 0.014788221567869186 0.009428511466830969
0.0 0.4916910755913705 0.651221955474466 0.007272807415574789 0.010425198450684547
0.0 0.5154089667834342 0.6503733625635505 0.009751126170158386 0.010196294263005256
0.0 0.5055231275968254 0.6094266086351127 0.014680636115372181 0.00853960020467639
0.0 0.4704647586680949 0.5714026750531047 0.014801785349845886 0.007367680128663778
0.0 0.47081502792425456 0.5635500475298614 0.011515496764332056 0.007946877088397742
0.0 0.5451337637845427 0.568816577969119 0.016040867660194635 0.007462016399949789
0.0 0.5621310322079808 0.572534103365615 0.010774729307740927 0.008256591390818357
0.0 0.5715992456302047 0.582649544160813 0.013266303576529026 0.008930211327970028
0.0 0.308022208372131 0.3842598237330094 0.008835416752845049 0.0064248810056597
0.0 0.3575186837464571 0.40384422440547496 0.007609589956700802 0.010910189198330044
0.0 0.3760512027423829 0.40698257451876996 0.01139434752985835 0.01218975493684411
0.0 0.3746369472704828 0.39543936552945524 0.009495263919234276 0.006977112358435988
0.0 0.37734407777898016 0.42558370598126205 0.008781469892710447 0.010533017525449394
0.0 0.37256284463219347 0.4390261260792613 0.009724461007863283 0.010613870993256568
0.0 0.390920344600454 0.4351873421575874 0.011892508249729872 0.006963629554957151
0.0 0.41593126496300104 0.4268633150728419 0.006949588656425476 0.007987325498834252
0.0 0.4193386257160455 0.4199804956326261 0.009939631912857294 0.009886449901387095
0.0 0.4079039721749723 0.44325549944769593 0.009629976935684681 0.011853031674399972
0.0 0.4193790858611465 0.4371269583236426 0.012565919198095798 0.009024460893124342
0.0 0.43641658322885635 0.4419355069752783 0.00804054830223322 0.006397958751767874
0.0 0.44515759297646584 0.4349045067559928 0.013832129072397947 0.006990595161914826
0.0 0.43515060455538335 0.4624357845168561 0.007421084214001894 0.008526074048131705
0.0 0.45789876240305605 0.460455828323029 0.010963389184325933 0.008162385178729891
