0.0 0.10570152401924138 0.9459336794912815 0.01620858907699585 0.02506343275308609
0.0 0.16114698648452763 0.9358401916921139 0.01866781711578369 0.027710773050785065
0.0 0.26824356913566594 0.9901546362787486 0.025919616222381592 0.019690727442502977
0.0 0.23024310469627385 0.9591935150325298 0.02712339162826538 0.026713795959949493
0.0 0.17038835883140568 0.905267283692956 0.029135048389434814 0.026212994009256363
0.0 0.2561754167079926 0.9534022569656372 0.026054084300994873 0.023021399974822998
0.0 0.3207782089710236 0.9094144146889448 0.01988142728805542 0.027109187096357346
0.0 0.13733701705932622 0.8347692754119634 0.02059328556060791 0.024943437427282333
0.0 0.2436552226543427 0.8014759788289666 0.027201712131500244 0.020859522745013237
0.0 0.3598356425762177 0.8229193598031997 0.029992640018463135 0.021702557802200317
0.0 0.35398949980735783 0.7733133373782038 0.022949516773223877 0.025838574394583702
0.0 0.3374504625797272 0.7369933523237705 0.019499123096466064 0.022576220333576202
0.0 0.4655044853687286 0.7647262033075094 0.021089494228363037 0.018709715455770493
0.0 0.5690204977989197 0.7516921762377023 0.023211121559143066 0.018462583422660828
0.0 0.23824601173400883 0.6168396839872002 0.016792774200439453 0.0164275411516428
0.0 0.644697505235672 0.7086864247918129 0.016073405742645264 0.02276984229683876
0.0 0.6235579431056977 0.7025766711682081 0.01809006929397583 0.02149907872080803
0.0 0.6728769719600678 0.633988781273365 0.015392839908599854 0.022321846336126328
0.0 0.626666533946991 0.6213510254397988 0.020819664001464844 0.018329361453652382
0.0 0.6385720551013947 0.6104908449575305 0.01300138235092163 0.01446235366165638
0.0 0.4958560049533844 0.5353437470272183 0.016517937183380127 0.021808722987771034
0.0 0.8075904726982117 0.6064610689878464 0.023690342903137207 0.020469512790441513
0.0 0.7929711818695069 0.528704047575593 0.011519908905029297 0.01395486295223236
0.0 0.79838325381279 0.5339970182627439 0.019367873668670654 0.021138891577720642
0.0 0.6930757939815522 0.58489610850811 0.018545329570770264 0.014062687754631042
0.0 0.6921534717082978 0.5624139331281185 0.022948801517486572 0.014957372099161148
0.0 0.6626792132854462 0.5620852032676339 0.018276751041412354 0.01500067301094532
0.0 0.644339519739151 0.570452337525785 0.024943649768829346 0.016232812777161598
0.0 0.6527725636959076 0.5478790089488029 0.014482676982879639 0.01848933845758438
0.0 0.318508791923523 0.5918599361553788 0.015432000160217285 0.015110911801457405
0.0 0.36714305281639104 0.5947461104020476 0.018189847469329834 0.02287178300321102
0.0 0.1809043169021607 0.5174947189167142 0.02794969081878662 0.020876923575997353
0.0 0.14760013222694401 0.4872775724157691 0.014104664325714111 0.016495535150170326
0.0 0.12361832261085515 0.49412301406264303 0.01514357328414917 0.016183778643608093
0.0 0.07810490131378178 0.5177826372906565 0.014536142349243164 0.020214183256030083
0.0 0.5000756561756134 0.2547427368350327 0.04221099615097046 0.025663836859166622
0.0 0.6843020200729371 0.09662804929539562 0.03551924228668213 0.02323317714035511
0.0 0.6969569504261017 0.32047347063198683 0.010760128498077393 0.014733650721609592
0.0 0.7370905756950379 0.4378833020105958 0.012796998023986816 0.015852106735110283
0.0 0.7356038272380829 0.4456371072679758 0.019977271556854248 0.01680055260658264
0.0 0.7563413262367249 0.4539197519421577 0.018102049827575684 0.016131877899169922
0.0 0.7672011435031891 0.4497666614130139 0.016363084316253662 0.01655125804245472
0.0 0.7731332957744599 0.3923228973522782 0.015101730823516846 0.019916458055377007
0.0 0.7761262834072113 0.4272275812923908 0.01291269063949585 0.013919960707426071
0.0 0.7731404483318329 0.34647805700078604 0.013364017009735107 0.016031420789659023
0.0 0.7940891265869141 0.38196936519816516 0.015234231948852539 0.01768022496253252
0.0 0.8402951836585999 0.3895926893688738 0.012923955917358398 0.015801790170371532
0.0 0.8608050972223282 0.39860703647136686 0.016187936067581177 0.01705140620470047
0.0 0.8831018090248108 0.432016103900969 0.01841139793395996 0.012246211990714073
0.0 0.8528406351804734 0.4505761520937085 0.0167982280254364 0.018812762573361397
0.0 0.8774929523468018 0.4615205958485603 0.01811850070953369 0.012883253395557404
0.0 0.8575718730688096 0.4915724596008658 0.02087661623954773 0.015021393075585365
0.0 0.9061702817678452 0.47944171670824287 0.018581897020339966 0.020452463999390602
0.0 0.9041280925273896 0.45394386667758224 0.015888512134552002 0.013353830203413963
0.0 0.9138717085123063 0.4100340012460947 0.010656684637069702 0.015449222177267075
0.0 0.9017345786094666 0.37697481121867893 0.019146323204040527 0.019046667963266373
0.0 0.8838691890239716 0.33895871033892033 0.01524496078491211 0.016827785409986973
0.0 0.8618242919445038 0.3301816758699715 0.01545703411102295 0.014837200753390789
0.0 0.9541212946176529 0.4113135155290365 0.01951959729194641 0.018711525946855545
0.0 0.924892458319664 0.4446712605655193 0.01888677477836609 0.01381736621260643
0.0 0.9430019736289978 0.4662573434412479 0.015419483184814453 0.01774371787905693
0.0 0.943116369843483 0.5010407999157905 0.016084760427474976 0.013406183570623398
0.0 0.9475636512041092 0.5098281944170594 0.016283780336380005 0.017567748203873634
0.0 0.9524638682603837 0.518979019857943 0.016757994890213013 0.01908242516219616
0.0 0.9665715277194977 0.5150780653581023 0.02305161952972412 0.01628873683512211
0.0 0.9420261859893799 0.5276110893115401 0.02012050151824951 0.019755324348807335
