0.0 0.9258495003683492 0.5855850530788302 0.00758090908639133 0.0066434148699045185
0.0 0.9327310997294262 0.5915843779221177 0.01598968212492764 0.012035432830452919
0.0 0.9438078730832785 0.5938663247972726 0.008500793017446995 0.007471539080142975
0.0 0.9817489001201466 0.5854746444150806 0.009972796821966768 0.0069194365292787555
0.0 0.9890905467327684 0.5874805696308613 0.01127929100766778 0.005557630956172943
0.0 0.989900090917945 0.5464975725859403 0.006771154329180717 0.006293767690658569
0.0 0.9834417413454503 0.5521287994459272 0.006016885302960873 0.007839548215270043
0.0 0.9768912138650194 0.5555149514228106 0.007525739213451743 0.0060729503631591795
0.0 0.9335774940205738 0.528720504231751 0.007360019022598863 0.009735094383358955
0.0 0.8770708571653814 0.527119430527091 0.008832022827118636 0.006532946974039078
0.0 0.863086873665452 0.5226843666285277 0.00522576617076993 0.004950383305549621
0.0 0.8193867014953866 0.5199423639103771 0.005520040588453412 0.00680902786552906
0.0 0.7867449829122052 0.5244142701849341 0.009623247245326639 0.006017686799168587
0.0 0.6636669450439513 0.5106673549860716 0.008279902953654527 0.01015830785036087
0.0 0.6306572518311441 0.5549996616318822 0.012880059611052274 0.006275346502661705
0.0 0.618126741796732 0.5574104383587837 0.008537643123418093 0.01231139525771141
0.0 0.5232560650096275 0.5232732819393278 0.012420012359507382 0.01223788820207119
0.0 0.4998695400776342 0.5338548624888062 0.010690426314249634 0.006588210538029671
0.0 0.4711838646209799 0.5396701531484723 0.010580033925361932 0.008483638241887092
0.0 0.4006564204813913 0.5373330019414425 0.009568077372387051 0.012348237633705138
0.0 0.45760462689213455 0.534259713999927 0.00656879460439086 0.007397913560271263
0.0 0.41631487279664725 0.5349958211183548 0.014112853584811092 0.01255069300532341
0.0 0.6379804733907803 0.5119187518954277 0.006826429488137364 0.006588151305913925
0.0 0.6457820619689301 0.5072628410533071 0.005372850736603141 0.007011483237147331
0.0 0.6731981723103673 0.3645492923446 0.008206413313746452 0.00752671379595995
0.0 0.790148985129781 0.3647149349562824 0.008169668493792415 0.007857999019324779
0.0 0.8101682789856568 0.3688003516755998 0.008868767647072673 0.0077475903555750845
0.0 0.6626364581519738 0.36381318522617223 0.00572240031324327 0.006072920747101307
0.0 0.8324139509582892 0.39866804238408804 0.00572240031324327 0.007453117892146111
0.0 0.8547516429098323 0.39892568727955224 0.011076825996860861 0.00794998649507761
