0.0 0.24520585369318723 0.9283376046922058 0.02594412006437774 0.04134560516104102
0.0 0.2937437376007438 0.9012136060744524 0.03755155988037582 0.036540270783007145
0.0 0.3440314907580614 0.8570596898905933 0.02697197496891026 0.041001223027706146
0.0 0.3982560347765684 0.8080908103846014 0.042687689512968065 0.04312627203762531
0.0 0.3537897352129221 0.7746124946977944 0.02177382111549373 0.03150423476472497
0.0 0.3095671646296978 0.7484126782044769 0.02289305254817009 0.02770266868174076
0.0 0.23122812770307064 0.8354769520927221 0.030846828967332797 0.03859624685719609
0.0 0.3233437050133944 0.6755439242813737 0.01858490258455281 0.026047178078442812
0.0 0.37439094912260773 0.716624635225162 0.021001750603318214 0.029320429544895887
0.0 0.17701074704527858 0.6345425047446043 0.03343612179160116 0.019827666226774454
0.0 0.4548519132658839 0.6112361368257553 0.038173898681998254 0.02609434025362134
0.0 0.4749997388571501 0.6526273812167347 0.02173328697681427 0.03952367138117552
0.0 0.5043371079489589 0.6390984199941159 0.021565035358071326 0.03636066149920225
0.0 0.4551461352035403 0.46766479751095175 0.025390619412064552 0.03542331326752901
0.0 0.42667474653571846 0.43240689574740826 0.02701023779809475 0.024629168678075075
0.0 0.41862391531467436 0.4672210309188813 0.02497112601995468 0.03459532232955098
0.0 0.3966621870175004 0.4546866511926055 0.030882296338677406 0.021970695815980434
0.0 0.43640573527663945 0.3156455826945603 0.027789122238755227 0.025592750869691372
