0.0 0.003283208608627297 0.6042326517403126 0.006566417217254594 0.023111924529075623
0.0 0.0378074467182159 0.3417961854487658 0.018513143062591553 0.018085096031427383
0.0 0.051901292800903276 0.3003842193633318 0.021583199501037598 0.01846570149064064
0.0 0.991113817691803 0.22052634935826063 0.017772364616394042 0.015769226476550102
0.0 0.9634836882352829 0.2116805413737893 0.014660507440567017 0.013595128431916237
0.0 0.8994591802358627 0.20946739204227924 0.02212008833885193 0.018740694969892502
0.0 0.9255842760205268 0.10577287301421165 0.017701104283332825 0.015771187841892242
0.0 0.7717977881431579 0.07708194535225629 0.012085318565368652 0.015683026984333992
0.0 0.806708638370037 0.03910287152975798 0.015957936644554138 0.01418529823422432
0.0 0.7600628107786178 0.018937646970152856 0.016981512308120728 0.015252482146024704
0.0 0.6240677058696746 0.053411006554961206 0.017107129096984863 0.016425982117652893
0.0 0.6380669593811035 0.0679195906035602 0.016488254070281982 0.016435864381492138
0.0 0.6558624774217605 0.0789788999594748 0.018622487783432007 0.01704192627221346
0.0 0.6720086604356765 0.08695909203961491 0.018168658018112183 0.01574993971735239
0.0 0.5743939995765686 0.0064822549931705 0.01719653606414795 0.012964509986341
0.0 0.09415252208709712 0.0025801689364016054 0.01811760663986206 0.005160337872803211
0.0 0.1134619683027267 0.008116630930453539 0.01650497317314148 0.015343484468758106
0.0 0.034552317857742265 0.00694853188470006 0.017821133136749268 0.01389706376940012
0.0 0.010858130455017045 0.017797389626502992 0.014883041381835938 0.014245497062802315
0.0 0.25506132543087 0.02349187443032861 0.01288631558418274 0.01159385684877634
