0.0 0.12959375381469726 0.9769687697291374 0.028671741485595703 0.014484331011772156
0.0 0.005019557476043701 0.9999648597091436 0.010039114952087402 7.028058171272278e-05
0.0 0.28148438930511477 0.9405781503766775 0.016890764236450195 0.017343800514936447
0.0 0.273046875 0.9592812776565551 0.022640705108642578 0.017734363675117493
0.0 0.2842187225818634 0.9248280849307775 0.017359435558319092 0.022531259804964066
0.0 0.22774999737739562 0.9341874688863754 0.01546865701675415 0.020125016570091248
0.0 0.00803900957107544 0.96001563295722 0.01607801914215088 0.017249956727027893
0.0 0.0007773309946060181 0.9662187777459621 0.0015546619892120362 0.022531360387802124
0.0 0.05918755531311035 0.9314531244337558 0.023078083992004395 0.020078144967556
0.0 0.015093737840652465 0.8856718901544809 0.014718711376190186 0.017812516540288925
0.0 0.11192175149917602 0.9102031391113996 0.023624897003173828 0.01500001922249794
0.0 0.07446881532669067 0.8846718452870845 0.021625041961669922 0.01596873253583908
0.0 0.14121880531311035 0.9036093808710575 0.018218636512756348 0.024093814194202423
0.0 0.11337497234344482 0.8486874800175428 0.027171850204467773 0.014312434941530228
0.0 0.048921847343444826 0.8552812382578849 0.02446889877319336 0.013453155755996704
0.0 0.025484347343444826 0.7805624723434448 0.021453022956848145 0.01753118634223938
0.0 0.06785931587219238 0.7914531294256448 0.021453022956848145 0.018500100821256638
0.0 0.18076565265655517 0.7776405911892652 0.01692187786102295 0.021187473088502884
0.0 0.1177656590938568 0.7755469091236591 0.019468724727630615 0.017874978482723236
0.0 0.09873431324958801 0.7410156138241291 0.021874845027923584 0.01960942894220352
0.0 0.24668755531311035 0.7300311632454395 0.020078301429748535 0.02031250298023224
0.0 0.24668746590614318 0.8076718606054782 0.024093568325042725 0.015593759715557098
0.0 0.273046875 0.836343702673912 0.02428114414215088 0.01887497305870056
0.0 0.23957818150520324 0.877250038832426 0.018546760082244873 0.020000092685222626
0.0 0.3873124659061432 0.7409218203276395 0.01871877908706665 0.018656205385923386
0.0 0.10762503147125244 0.6744687508791685 0.019999980926513672 0.01773446425795555
0.0 0.1644062340259552 0.6715312793850898 0.010109245777130127 0.016484320163726807
0.0 0.2688907027244568 0.003960949275642634 0.021187305450439453 0.007921898551285268
0.0 0.365328186750412 0.9314531244337558 0.013671934604644775 0.012750081717967987
0.0 0.29795306324958803 0.7812968779355287 0.011781156063079834 0.01053132489323616
