0.0 0.0013176887761801482 0.4620775664690882 0.0026353775523602963 0.010482469014823437
0.0 0.02060039124917239 0.4678790870588273 0.017284395778551696 0.014580369181931018
0.0 0.03341944999992848 0.4626955551095307 0.0158050449565053 0.01080919923260808
0.0 0.06429265988990665 0.47470308989286425 0.012208049930632115 0.009839105419814587
0.0 0.8579974087420851 0.4194806346669793 0.015410225931555032 0.010776340216398238
0.0 0.8003013880457729 0.4077018508920446 0.011571331415325403 0.008098330395296217
0.0 0.7868961246218532 0.40280971021857115 0.010805631335824729 0.007017082767561078
0.0 0.7653617154341191 0.3960961969336495 0.011961898300796747 0.008562962198629976
0.0 0.38674562545493246 0.38680019525345416 0.010303091444075107 0.008203638670966028
0.0 0.24369318052195013 0.31707143648527564 0.011229270417243243 0.009825731534510851
0.0 0.13664604160003363 0.2783936066320166 0.00894445413723588 0.009750049514696001
0.0 0.0188086656620726 0.23191076403018088 0.01360519272275269 0.008869675872847437
