0.0 0.37685942053794863 0.005632811831310392 0.021296918392181396 0.011265623662620784
0.0 0.33990626931190493 0.028296881867572666 0.01689058542251587 0.02175002032890916
0.0 0.30603122115135195 0.02764061656780541 0.016843736171722412 0.018671858590096235
0.0 0.24199991822242736 0.04310937696136534 0.015031278133392334 0.023453114088624716
0.0 0.28503122329711916 0.021750001516193152 0.016249895095825195 0.021609392948448658
0.0 0.30020313858985903 0.01567186862230301 0.00875025987625122 0.019671865738928318
0.0 0.3039219319820404 0.07509374506771564 0.012625157833099365 0.022703105583786964
0.0 0.2815780580043793 0.06599998781457543 0.012453138828277588 0.02398435492068529
0.0 0.25732811689376833 0.07560937041416764 0.01287531852722168 0.02259374689310789
0.0 0.2669218420982361 0.054437500238418576 0.011671900749206543 0.024171866476535797
0.0 0.33046873807907107 0.1223124966956675 0.01803123950958252 0.02179687935858965
0.0 0.2912187218666077 0.10195312211290002 0.016359329223632812 0.021546880714595318
0.0 0.30826559066772463 0.09746873686090111 0.014672040939331055 0.023890611715614796
