0.0 0.21164999520406128 0.0013007572619244457 0.011299787275493144 0.0026015145238488914
0.0 0.24251339621841908 0.011089457990601658 0.010992993414402009 0.014585758745670318
0.0 0.1178486275486648 0.06829875025432557 0.012894202955067158 0.015888079768046737
0.0 0.1540168778039515 0.09641310893930495 0.014672677405178547 0.01403423622250557
0.0 0.39873147923499347 0.08155153961852193 0.016021886095404624 0.013252814020961522
0.0 0.4447122201323509 0.07738420111127198 0.010226579010486602 0.014432492293417453
0.0 0.40699534956365824 0.3172526096459478 0.022307958081364633 0.012164957541972398
0.0 0.5318134274333716 0.3045666546560824 0.017309946566820146 0.015474388562142848
0.0 0.5006895104423166 0.2860126854386181 0.018444303050637247 0.01872247355058789
0.0 0.349638232588768 0.28051245152018967 0.017003240436315535 0.01835479186847806
0.0 0.35955810546875 0.2454422467853874 0.022384634613990782 0.013252814020961522
0.0 0.3092536942102015 0.24830731358379127 0.015193972550332547 0.02077559307217598
0.0 0.3926140254363418 0.2203001378569752 0.025451169535517692 0.01250206483528018
0.0 0.34086833223700524 0.22316520465537906 0.027597586065530776 0.011965829506516456
0.0 0.42372267730534074 0.26240274789743123 0.01615997403860092 0.019840904418379067
0.0 0.39224599562585355 0.2663403346668929 0.020683012157678603 0.013574535492807627
0.0 0.5131390070542693 0.24366493783891202 0.013706851378083229 0.015995336696505547
0.0 0.45585856661200524 0.16715097648557276 0.01591467931866646 0.01705247084610164
0.0 0.5360910831019282 0.2073690946213901 0.017478564754128456 0.017527409456670286
0.0 0.5120505336672068 0.18334549053106458 0.024010106921195984 0.017665240773931147
0.0 0.4069955250248313 0.1664309003157541 0.0153014425188303 0.017803220031782984
0.0 0.3578562198206782 0.17577682523988186 0.01573062054812908 0.016991272754967212
0.0 0.386465865932405 0.13463942892849445 0.018153037503361703 0.016792046092450618
0.0 0.31644444400444627 0.1664309003157541 0.018873744271695615 0.015842020930722355
0.0 0.525481472350657 0.12933829838875682 0.01901174448430538 0.016914590215310454
0.0 0.6411461794748903 0.13241787904407828 0.01629806198179722 0.015183290792629122
0.0 0.6474016334861517 0.6038046579342335 0.01634385734796524 0.02262928867712617
0.0 0.5907345175743103 0.5018268415238708 0.02213933989405632 0.016332345362752677
0.0 0.652783203125 0.53367953565903 0.02486846297979355 0.01254802504554391
0.0 0.5837890625 0.5779578586574644 0.024392963200807572 0.024927496444433928
0.0 0.5995964473113418 0.5362995142117143 0.022829428687691687 0.015183241479098797
0.0 0.6457151006907225 0.4933389473706484 0.017877037078142165 0.021894023939967155
0.0 0.4343017578125 0.5233684216625989 0.02706102579832077 0.019687736593186855
0.0 0.661399838142097 0.6325318605173379 0.026601142063736916 0.01614850452169776
0.0 0.29344639712944626 0.34311474543064835 0.019854923151433466 0.017052421532571315
0.0 0.28588770525529983 0.322339250985533 0.010563727654516696 0.01861526593565941
0.0 0.2713836460374296 0.3126256197225302 0.020774866081774236 0.017956535797566175
0.0 0.2919744972139597 0.3095919992774725 0.01019587330520153 0.018079129233956336
0.0 0.30240031238645315 0.30099684819579126 0.014703470841050148 0.011965829506516456
0.0 0.5508251719176769 0.2805124022066593 0.014289557933807373 0.016960501112043856
0.0 0.6099302330985665 0.7476705705281347 0.01525547169148922 0.03340015271678567
0.0 0.6476316630840302 0.7684920251835138 0.02186351493000984 0.026352460216730832
0.0 0.6307816879823804 0.5132717722095549 0.023917989805340767 0.015581694804131985
0.0 0.5480041071772576 0.2942095311358571 0.018597831577062608 0.0177112502977252
0.0 0.704298866726458 0.8923637175932526 0.02624846510589123 0.020836741849780082
0.0 0.8552274094894529 0.9597156934905797 0.02796552814543247 0.01830883165821433
0.0 0.9997470650821925 0.7031471592839807 0.0005058698356151581 0.024084826838225125
0.0 0.8439581524580717 0.5413248588331043 0.019931687414646147 0.022813228145241737
0.0 0.46953480001538994 0.4112327083945274 0.013062908872961998 0.01814027801156044
0.0 0.47399633899331095 0.4025456368923187 0.011100375652313232 0.014049424789845943
