0.0 0.030015593767166136 0.4284218633547425 0.006562471389770508 0.0067968349903821945
0.0 0.03985934555530548 0.4285312220454216 0.006718665361404419 0.006484374403953552
0.0 0.16428125500679017 0.3932500062510371 0.007484257221221924 0.005421867594122887
0.0 0.16470316648483277 0.400921861641109 0.008906364440917969 0.006218684837222099
0.0 0.1860157310962677 0.3992499988526106 0.008968770503997803 0.006937500089406967
0.0 0.18193743228912354 0.38978125620633364 0.006062507629394531 0.00973435677587986
0.0 0.18940622210502625 0.38754688389599323 0.0112343430519104 0.007499959319829941
0.0 0.20768753290176392 0.37884377781301737 0.01484370231628418 0.013343771919608116
0.0 0.23276565074920655 0.3696562647819519 0.010281085968017578 0.00846877321600914
0.0 0.2451874077320099 0.3636094005778432 0.010390698909759521 0.006874987855553627
0.0 0.257031238079071 0.3618437694385648 0.007828116416931152 0.007093755528330803
0.0 0.2665312647819519 0.3624687660485506 0.007359623908996582 0.00834374874830246
0.0 0.27648440599441526 0.36204689648002386 0.010218501091003418 0.010499993339180946
0.0 0.14790627956390381 0.4108281144872308 0.010796785354614258 0.006859397515654564
0.0 0.15656248331069947 0.4150312701240182 0.0084686279296875 0.007749957963824272
0.0 0.1638592541217804 0.41321876738220453 0.013499915599822998 0.009343793615698814
0.0 0.5492031037807464 0.31006249226629734 0.007172048091888428 0.008296877145767212
0.0 0.5603906869888305 0.3144687246531248 0.007812380790710449 0.0066718608140945435
0.0 0.5289687871932983 0.31062500178813934 0.010640501976013184 0.014374997466802597
