0.0 0.9087499325862154 0.7642827231436968 0.02356548481620848 0.017510705441236497
0.0 0.8747208779212088 0.7050392214208842 0.022038162499666215 0.011720012873411179
0.0 0.8414995772065594 0.7159644596278667 0.010501595819368959 0.013208697736263274
0.0 0.8273628358263523 0.7071334179490805 0.012811393663287162 0.010471145063638687
0.0 0.37219839603640137 0.7911290768533945 0.02061173720285292 0.014836091548204422
0.0 0.4151134302839637 0.6911997552961111 0.017557381466031075 0.017636745423078536
0.0 0.3714031368494034 0.6651482574641705 0.023401463963091416 0.0122750923037529
0.0 0.22516384869813919 0.6850180707871913 0.018402980826795146 0.024436651170253752
0.0 0.17228991026058793 0.7227895814925432 0.012558898329734891 0.0220396988093853
0.0 0.11931521925143895 0.6375197980552911 0.022568142693489834 0.010975629836320878
0.0 0.11069433810189366 0.6907455809414387 0.022997298091649965 0.011921823024749756
0.0 0.591229178220965 0.4714714206755161 0.018011743063107134 0.013397920131683349
0.0 0.5419652513694018 0.47381794080138206 0.020573891792446376 0.010900022089481353
0.0 0.4517426596488804 0.5567033596336841 0.012685290444642306 0.013612480461597442
0.0 0.40439725676551463 0.4578085891902447 0.017405999824404716 0.017258381843566893
0.0 0.3926461123861372 0.49375077411532403 0.009719048067927316 0.020790749788284303
0.0 0.397518203407526 0.5341085813939571 0.013165002688765571 0.02115652561187744
0.0 0.3759471139404923 0.5161942150443792 0.021520604845136404 0.01170734390616417
0.0 0.3358847136143595 0.5167366661131382 0.01288722893223162 0.015201948583126068
0.0 0.27675024871714415 0.5071487348526716 0.012382238265126988 0.02000860348343849
0.0 0.19184161485172807 0.4919593740254641 0.010653194133192323 0.023187702149152757
0.0 0.1889384963084012 0.42291338071227075 0.012862094957381442 0.02060152739286423
0.0 0.3183399713598192 0.31864432878792287 0.020359386317431838 0.015895818173885346
0.0 0.39053818080574276 0.3736993968486786 0.019917663931846574 0.009688836336135865
0.0 0.4659298495389521 0.39498216547071935 0.01188981458544731 0.01388997957110405
0.0 0.5112305168993772 0.35492719523608685 0.017267040722072125 0.016513917595148087
0.0 0.6122196945361793 0.3397378547117114 0.009605367388576268 0.016110256686806677
0.0 0.626798122189939 0.3543721158057451 0.010451111197471618 0.013006887584924697
0.0 0.47472746297717094 0.293576848320663 0.014704819768667221 0.018519878014922143
0.0 0.542394406767562 0.281730673648417 0.012508485931903124 0.012792367860674858
0.0 0.59549538155552 0.2692284738644958 0.020271056285127997 0.01177048571407795
0.0 0.6555764872813598 0.24346714410930873 0.018870053859427572 0.010609813407063485
0.0 0.7485506353434175 0.2139841428026557 0.020056478586047886 0.010395334288477897
0.0 0.7307913515018299 0.24172615595161914 0.01839034161530435 0.011921904236078262
0.0 0.5910524820443243 0.2126468764618039 0.01836513541638851 0.010105247423052788
0.0 0.552693991875276 0.20784026216715573 0.015916595142334698 0.012502199783921242
0.0 0.48972240681760015 0.23150741569697858 0.01590388370677829 0.011858803033828736
0.0 0.5467615793459117 0.24906851276755332 0.012167732790112495 0.01942826732993126
0.0 0.35501975757069887 0.22914826720952988 0.04299079729244113 0.027540142089128493
0.0 0.27873200485482813 0.17529167532920836 0.014805644564330622 0.015479528903961181
0.0 0.276826011762023 0.16590555422008038 0.013429920561611653 0.014949624985456466
0.0 0.18587135691195728 0.21827350184321404 0.011788989789783932 0.01657710000872612
0.0 0.17015691692940887 0.22499767802655696 0.010741307493299268 0.01674106568098068
0.0 0.11318079601041975 0.2608389984816313 0.015638676937669516 0.018961464613676073
0.0 0.08835326787084341 0.29433379881083965 0.013694838434457735 0.020008522272109985
0.0 0.09220295501872894 0.205682984739542 0.01558826453983786 0.015365995466709137
0.0 0.10926798502914607 0.21340380664914846 0.009062820207327626 0.012830212339758873
0.0 0.11006317199207838 0.2023271905258298 0.00985786272212863 0.01344839297235012
0.0 0.15665123332291842 0.18419838566333055 0.013858931511640638 0.01795221082866192
0.0 0.1822740928735584 0.16261284090578557 0.010602348390966632 0.014356701076030732
0.0 0.1560075002256781 0.13204489685595036 0.013959900755435184 0.017964839190244674
0.0 0.14476127428933977 0.1393620578572154 0.01273570284247405 0.016539214923977853
0.0 0.16562557904981073 0.09079145044088363 0.010312296543270372 0.01459643691778183
0.0 0.15138790453784168 0.097338991984725 0.017607793863862797 0.011884059756994247
0.0 0.2924268432892859 0.048453000374138355 0.019412673264741942 0.012653577700257301
0.0 0.19080649954266848 0.03967243153601885 0.011536638904362961 0.013082535937428474
0.0 0.16921027610078454 0.026375477388501167 0.013934911228716373 0.011669580638408662
0.0 0.19576706504449248 0.018919566832482814 0.013619147613644689 0.014735186472535133
0.0 0.24813601281493902 0.007996345125138759 0.02042265459895143 0.015992690250277518
0.0 0.30167881832458077 0.011211352981626987 0.012912362907081887 0.012502199783921242
0.0 0.4123996832408011 0.17729757484048606 0.014603706076741219 0.017359205707907676
0.0 0.485834874259308 0.15278517380356788 0.006879053357988596 0.017498036473989488
0.0 0.3816649487707764 0.11233913041651249 0.006500310357659966 0.016917700320482253
0.0 0.44819588023237883 0.11134248469024896 0.007775209564715624 0.01612292565405369
0.0 0.4486501696053892 0.09366781357675791 0.00927718123421073 0.01913805864751339
0.0 0.503190245013684 0.10502198971807956 0.009340305067598819 0.014281012117862701
0.0 0.5041243188548833 0.05361282303929329 0.007484868820756674 0.012186815589666366
0.0 0.48510273890569805 0.04408797267824412 0.014326076768338681 0.007506322488188744
0.0 0.4012796327471733 0.020105445105582476 0.011637608148157596 0.0170943146571517
