0.0 0.18638033121824266 0.9314746910706162 0.036452659964561464 0.029762351140379905
0.0 0.20736664086580275 0.9512575449422002 0.021875372529029845 0.02715940810739994
0.0 0.5908702582120895 0.8843191683292388 0.026949423551559448 0.023426708579063416
0.0 0.6067693382501602 0.9133220234885812 0.024836522340774537 0.022521553561091423
0.0 0.6243894040584564 0.9065937709063292 0.030433881282806396 0.020987735688686372
0.0 0.6276987046003342 0.9322771711274982 0.030655163526535033 0.020825646445155145
0.0 0.6601338624954224 0.8322373496368527 0.0230912446975708 0.02316238693892956
0.0 0.6743654578924179 0.7809366019442677 0.026224797964096068 0.022119705006480216
0.0 0.7283370822668076 0.8267033020034432 0.027460044622421263 0.022403167560696602
0.0 0.7377393156290054 0.7599199336022139 0.02599741816520691 0.021636756509542464
0.0 0.7634657859802246 0.7466047724708915 0.031027114391326903 0.02260364927351475
0.0 0.8325506925582886 0.7111410843208432 0.030651819705963135 0.022327931597828865
0.0 0.8283953070640564 0.6917282143607736 0.028075897693634035 0.017763542756438256
0.0 0.9164423316717147 0.6619441222399474 0.029065078496932982 0.021508191525936127
0.0 0.960429111123085 0.6357185252010822 0.029706698656082154 0.018854574859142305
0.0 0.9902535408735276 0.6317740032449365 0.019492918252944948 0.017646484449505805
