0.0 0.5357375551015139 0.9961106374859809 0.012485910952091218 0.007778725028038025
0.0 0.5896600179374218 0.9963312378153205 0.011219517141580582 0.007337524369359016
0.0 0.6374160945415497 0.9987964125350117 0.01239631175994873 0.0024071749299764632
0.0 0.6061500757932663 0.8960517572239042 0.008686436712741852 0.018915480002760887
0.0 0.6478808263316751 0.8763689305633307 0.010285606607794762 0.020731573551893236
0.0 0.7563139297068119 0.9808067824691534 0.019969785958528517 0.011190640181303025
0.0 0.7752348048612475 0.9262729732319712 0.011667073890566825 0.02296968512237072
0.0 0.8051318738609552 0.9201724829152227 0.01185900941491127 0.02152448333799839
0.0 0.745324705913663 0.9014360271394253 0.015952755510807038 0.022522062808275223
0.0 0.9513684429228306 0.9517877332866191 0.012204522639513016 0.02386484742164612
0.0 0.9910393636673689 0.9233442043885589 0.011654336750507355 0.0224709365516901
0.0 0.7074703648686409 0.8802568724378943 0.018242805451154708 0.0177643571048975
0.0 0.6487378748133779 0.8502402849495411 0.020200079306960106 0.016817986220121383
0.0 0.7267622275277972 0.870204470679164 0.018166236206889154 0.014656687527894974
0.0 0.7685824308544398 0.8217839539051056 0.011539263278245926 0.019887537509202958
0.0 0.6077108878642321 0.8014616785570979 0.012716057896614074 0.017738835141062736
0.0 0.6847885197028518 0.7526959154754878 0.019739492610096932 0.012405650317668914
0.0 0.7812219195067882 0.7451373800635338 0.022080637514591217 0.012495224177837373
0.0 0.7661261392757297 0.7071402391418815 0.014647857472300529 0.017981870099902153
0.0 0.7453759472817183 0.6819067969918251 0.012294121831655503 0.01584601104259491
0.0 0.852529919706285 0.6768166471272707 0.014686215296387672 0.01193242371082306
0.0 0.9316671617329121 0.644664241746068 0.01668213978409767 0.011190640181303025
0.0 0.6415354613214731 0.6078181208111346 0.01132170706987381 0.010896520130336285
0.0 0.9824553364887834 0.594683447945863 0.009121402725577354 0.016856392659246922
0.0 0.9644427511841058 0.594312556181103 0.011270758509635926 0.015206521190702916
0.0 0.9889797534793615 0.5296623756177723 0.008609721064567566 0.016613357700407505
0.0 0.9497563162818551 0.5294194024056196 0.0145327840000391 0.011651105806231498
0.0 0.9568820873275399 0.5183182537555695 0.008341069892048835 0.010026838630437851
0.0 0.8281209476292133 0.4890050227753818 0.009761041402816773 0.01587157417088747
0.0 0.9939238060265779 0.4865750436671078 0.0121523879468441 0.008313038758933545
0.0 0.9891204476356507 0.46898971078917384 0.017296157777309418 0.008057325147092342
0.0 0.9657348388805985 0.47494954215362667 0.013023066893219947 0.009233887679874897
0.0 0.9529930138960481 0.4854368052445352 0.01880572848021984 0.008735139109194278
0.0 0.9548992659896612 0.46580514600500467 0.008712203800678253 0.013339301384985448
0.0 0.6997562697157264 0.5711254609748722 0.01040068008005619 0.010026838630437851
0.0 0.7388387199491262 0.5631449075415731 0.011027435213327408 0.016434333473443984
0.0 0.5752038763836026 0.5413518672809005 0.02041763551533222 0.012239428237080574
0.0 0.5424794550985098 0.5244827136397362 0.008852751553058624 0.011612740531563758
0.0 0.5249531503766776 0.5349571540020406 0.00987640768289566 0.011075585521757603
0.0 0.493942972458899 0.5632728055119515 0.008341069892048835 0.014899557828903199
0.0 0.7722284005954861 0.26620173631235955 0.03226376138627529 0.013134672865271568
0.0 0.8845890816301107 0.1022806151304394 0.026750043779611588 0.012546350434422492
0.0 0.9418504320085048 0.27663785256445406 0.006230071932077408 0.010819789581000805
0.0 0.9972371460869909 0.3610220066271722 0.005525707826018333 0.011344142444431781
0.0 0.9958874484524131 0.3674678255803883 0.008225103095173835 0.010461741127073765
