0.0 0.008705765008926392 0.3738286165520549 0.017411530017852783 0.017874525859951973
0.0 0.12311872839927673 0.4246701231226325 0.014659345149993896 0.015413263812661171
0.0 0.004167824983596802 0.264997080527246 0.008335649967193604 0.017345108091831207
0.0 0.009050369262695312 0.21935720285400748 0.0156480073928833 0.013205445371568203
0.0 0.04161444306373596 0.200579153932631 0.012326180934906006 0.010496322065591812
0.0 0.04273247718811035 0.20609954241663217 0.01706993579864502 0.014014558866620064
0.0 0.0015242397785186768 0.23876083930954337 0.0030484795570373535 0.010262743569910526
0.0 0.018397420644760132 0.24965650038793682 0.011357724666595459 0.010721552185714245
0.0 0.29304373264312744 0.38548976331949236 0.018122076988220215 0.016307998448610306
0.0 0.28991028666496277 0.3650025982409716 0.016198933124542236 0.014761637896299362
0.0 0.2999102771282196 0.3619563464075327 0.018701255321502686 0.016431313008069992
0.0 0.16871324181556702 0.2553327796980739 0.013003170490264893 0.010356411337852478
0.0 0.16416582465171814 0.25630549117922785 0.014321386814117432 0.01073203794658184
0.0 0.19434183835983276 0.25104793822392824 0.012159347534179688 0.011138367466628551
0.0 0.17416581511497498 0.26668728711083534 0.010475099086761475 0.009972461499273777
0.0 0.2597927451133728 0.2924240339547396 0.017482995986938477 0.01721601001918316
0.0 0.2682100534439087 0.20337132094427943 0.014469265937805176 0.013165614567697048
0.0 0.3432711362838745 0.31829225514084103 0.009603023529052734 0.011071806773543358
0.0 0.40321555733680725 0.33325146287679674 0.012123405933380127 0.011463627219200134
0.0 0.4036184251308441 0.35165623631328347 0.012812912464141846 0.012695012614130974
0.0 0.4266725480556488 0.38747607320547106 0.015034139156341553 0.016628656536340714
0.0 0.4742894470691681 0.43271436132490637 0.018272459506988525 0.01714937388896942
0.0 0.4898011088371277 0.44344697762280705 0.015686631202697754 0.015749311074614525
0.0 0.4990275502204895 0.453224534727633 0.012764811515808105 0.013197021558880806
0.0 0.5073880851268768 0.45665290076285603 0.013985216617584229 0.012720560654997826
0.0 0.6058433055877686 0.3994965521618724 0.019017040729522705 0.01609521545469761
0.0 0.641784057021141 0.4152738755568862 0.01496019959449768 0.014967883005738258
0.0 0.623182401061058 0.4551020642742515 0.011641591787338257 0.014547647908329964
0.0 0.7610434740781784 0.47608203496783974 0.014088660478591919 0.013154072687029839
0.0 0.7481350749731064 0.5755187567323446 0.015233427286148071 0.013599704951047897
0.0 0.8681732714176178 0.6170825777575374 0.01822686195373535 0.016616737470030785
0.0 0.8682185560464859 0.6378101861104369 0.013040274381637573 0.013252342119812965
0.0 0.8355087488889694 0.5815721588209272 0.015484839677810669 0.013348398730158806
0.0 0.8164459764957428 0.5730645606294275 0.014828145503997803 0.014294078573584557
0.0 0.7934294939041138 0.5725617470219732 0.012647867202758789 0.0123023372143507
0.0 0.9129507392644882 0.6584596415981651 0.01470610499382019 0.01224772073328495
0.0 0.9902289360761642 0.6948180241510272 0.019398540258407593 0.016539590433239937
0.0 0.6285202652215958 0.4004121828824282 0.011317223310470581 0.01111309602856636
0.0 0.5554541647434235 0.30668327314779165 0.00901883840560913 0.008908898569643497
0.0 0.5037592351436615 0.36383588761091235 0.011512935161590576 0.011599212884902954
0.0 0.47239750623703003 0.25954342875629666 0.010126233100891113 0.00947435013949871
0.0 0.40970587730407715 0.27248490704223516 0.01207280158996582 0.011452286504209042
0.0 0.37471628189086914 0.26359179997816684 0.011846065521240234 0.010770133696496487
0.0 0.44690150022506714 0.16225215150043368 0.013593435287475586 0.013546220026910305
0.0 0.465056836605072 0.17030091593042015 0.013634920120239258 0.011687046848237514
0.0 0.3743630349636078 0.14867780599743127 0.013189852237701416 0.012318028137087822
0.0 0.36487409472465515 0.18262925380840897 0.010750114917755127 0.010255199857056141
0.0 0.3402269184589386 0.18713195770978927 0.011871278285980225 0.012169869616627693
0.0 0.501715213060379 0.18264940809458494 0.011338770389556885 0.010451260954141617
0.0 0.3379009962081909 0.1292923373170197 0.00850975513458252 0.00883964728564024
0.0 0.26997119188308716 0.15012431293725967 0.010360479354858398 0.009488532319664955
0.0 0.2359718680381775 0.1801102572120726 0.011784195899963379 0.012381118722259998
0.0 0.19354790449142456 0.1586303143762052 0.01087939739227295 0.010518123395740986
0.0 0.174864262342453 0.15603067548945546 0.013523519039154053 0.012376793660223484
0.0 0.16849768161773682 0.14304975615814328 0.019268274307250977 0.01640146505087614
0.0 0.1620502769947052 0.15431952252984046 0.010956823825836182 0.011349515989422798
0.0 0.14168855547904968 0.1540837312117219 0.012299001216888428 0.012361882254481316
0.0 0.1450856626033783 0.12214153874665498 0.00990074872970581 0.009782887995243073
0.0 0.14083203673362732 0.1293264977633953 0.014225184917449951 0.012418661266565323
0.0 0.13844996690750122 0.14249007552862167 0.012419700622558594 0.012985043227672577
0.0 0.12556955218315125 0.14371205642819404 0.013587892055511475 0.01229187659919262
0.0 0.10100793838500977 0.12307558869943022 0.010586142539978027 0.010067864321172237
0.0 0.10269084572792053 0.13275473807007074 0.018501341342926025 0.01879993826150894
0.0 0.11080560088157654 0.1453902056440711 0.011660277843475342 0.01169954426586628
0.0 0.07664498686790466 0.12366389771923422 0.016774356365203857 0.014826488681137562
0.0 0.08430242538452148 0.13220600839704275 0.009930968284606934 0.009876128286123276
0.0 0.08204981684684753 0.14679793789982795 0.01033848524093628 0.010150115936994553
0.0 0.06342223286628723 0.13648182256147265 0.012351930141448975 0.011111059226095676
