0.0 0.3462918922305107 0.5726757639087736 0.017009589076042175 0.010182813741266727
0.0 0.3529911547899246 0.5943174364045263 0.011012226343154907 0.011088765040040017
0.0 0.3380614176392555 0.6027010385878384 0.02067176401615143 0.008485582284629345
0.0 0.356002613902092 0.6096938014030456 0.017035144567489623 0.010973929613828658
0.0 0.4596682459115982 0.5838156216777861 0.011790573596954346 0.010221092216670512
0.0 0.4676051244139671 0.5950447685085237 0.016894808411598204 0.009685193561017514
0.0 0.6207430481910705 0.584925779607147 0.010029727220535278 0.011701302789151668
0.0 0.5942140385508538 0.39455314199440183 0.010106393694877624 0.009468213748186826
0.0 0.5719853609800338 0.410414292383939 0.011624681949615478 0.010297649167478084
0.0 0.5480851352214813 0.42631382392719386 0.009059786796569824 0.009787214733660222
0.0 0.613329254090786 0.4509159175679088 0.009544757008552552 0.010859094187617302
0.0 0.7321158513426781 0.4454544580541551 0.016563025116920472 0.009991421364247799
0.0 0.8268491819500923 0.4297718652524054 0.008536556363105774 0.010233906470239163
0.0 0.8385633081197739 0.4470750093460083 0.012581771612167359 0.014661641791462898
0.0 0.9061424687504769 0.4592612002044916 0.010540106892585754 0.008868449181318284
0.0 0.9275798752903939 0.47200883608311417 0.011752459406852721 0.012122448161244392
0.0 0.9601445809006691 0.48598150638863447 0.01870676577091217 0.00988940019160509
0.0 0.9589450791478157 0.4978358820080757 0.01273495852947235 0.011331250146031379
0.0 0.955321091413498 0.5118723360821604 0.014100205898284913 0.014993498101830482
0.0 0.6295348674058914 0.6354953420348466 0.012747663259506225 0.012709357403218746
0.0 0.6090544775128365 0.6675367259420455 0.014929810166358947 0.012109716050326824
0.0 0.6808318212628365 0.6495955798774957 0.01371745765209198 0.011931055784225464
0.0 0.5373153209686279 0.3143411512486637 0.010246729850769043 0.013500473275780678
0.0 0.46067622750997544 0.2877229073084891 0.012887999415397644 0.010744258761405945
0.0 0.38651273101568223 0.2596117206849158 0.010246583819389343 0.008115611784160138
0.0 0.4456317827105522 0.27805050746537746 0.008511146903038025 0.008141117077320814
0.0 0.2681471422314644 0.21833177334629 0.011879944801330566 0.012160685565322637
0.0 0.17676979526877404 0.20733229736797512 0.009940283000469207 0.008613273035734892
0.0 0.18454085513949395 0.20426979344338178 0.006941674649715424 0.012734903767704964
0.0 0.18025337383151055 0.19444427969865502 0.005793137848377228 0.00792426047846675
