0.0 0.05621327161788936 0.6509955484420061 0.03136646747589111 0.02410115674138069
0.0 0.0639026284217834 0.573388546332717 0.028289794921875 0.032136719673871994
0.0 0.053272140026092485 0.5189712695777416 0.02956545352935791 0.030606351792812347
0.0 0.2104734599590301 0.5519002802670002 0.03019934892654419 0.02397492527961731
0.0 0.06403530836105342 0.3030446093529463 0.02007579803466797 0.017575744539499283
0.0 0.126563948392868 0.30612797625362875 0.026437461376190186 0.031284380704164505
0.0 0.353186559677124 0.5380755715072155 0.027939319610595703 0.022765718400478363
0.0 0.4302726209163666 0.45865596607327463 0.025942862033843994 0.028054967522621155
0.0 0.4629210948944092 0.45585840530693533 0.021703720092773438 0.029040377587080002
0.0 0.44895599484443666 0.34653899222612383 0.024440467357635498 0.01903228461742401
0.0 0.5180855512619018 0.33294461816549303 0.017990469932556152 0.027265995740890503
0.0 0.4652447819709778 0.32786940932273867 0.01816999912261963 0.020343683660030365
0.0 0.30723808407783504 0.22125773653388023 0.024326026439666748 0.027907714247703552
0.0 0.6735357463359832 0.3225783497095108 0.028303563594818115 0.022303439676761627
0.0 0.5271188735961914 0.28854373246431353 0.022510170936584473 0.015846826136112213
0.0 0.47788397669792176 0.2709909208118916 0.025646746158599854 0.016473256051540375
0.0 0.5390064239501953 0.26091775074601176 0.01936948299407959 0.017634987831115723
0.0 0.5025231063365936 0.25888582654297354 0.023747026920318604 0.017471540719270706
0.0 0.4932778000831604 0.2405056456103921 0.015488862991333008 0.021417556330561638
0.0 0.6688265025615692 0.2135718246921897 0.01279681921005249 0.014878364279866219
0.0 0.672926527261734 0.2204182470217347 0.018962323665618896 0.022217391058802605
0.0 0.8435534656047821 0.212215113081038 0.019844233989715576 0.020374814048409462
0.0 0.7496797263622283 0.16263398490846157 0.02385467290878296 0.017089426517486572
0.0 0.8496690809726715 0.1779529020190239 0.01615297794342041 0.015775412321090698
0.0 0.8558755785226821 0.18819932602345943 0.015895038843154907 0.019384827464818954
0.0 0.8744377613067627 0.19521430004388093 0.022677361965179443 0.018207957968115807
0.0 0.8598708182573318 0.20073036346584558 0.014865964651107788 0.02033538557589054
0.0 0.8119640171527862 0.14747162498533725 0.021362006664276123 0.022933591157197952
0.0 0.8536425501108169 0.13146537505090236 0.013140588998794556 0.01690596342086792
0.0 0.8102871894836425 0.1147502927109599 0.01824331283569336 0.013508526608347893
0.0 0.8358854323625564 0.10298031531274318 0.020044952630996704 0.013902157545089722
0.0 0.7874682068824768 0.08345716129988431 0.02025783061981201 0.013767829164862633
0.0 0.749531489610672 0.1097847694531083 0.015208661556243896 0.020698489621281624
0.0 0.7772596299648284 0.1221794668585062 0.02038639783859253 0.016304679214954376
0.0 0.670479279756546 0.10891377236694097 0.01650148630142212 0.01930752955377102
0.0 0.6415013194084167 0.1146706311032176 0.019391298294067383 0.01804441027343273
0.0 0.6270071983337402 0.10228662062436342 0.021619319915771484 0.02208864502608776
0.0 0.6227477610111236 0.08991804961115121 0.019544899463653564 0.02108573354780674
0.0 0.6670966565608978 0.07250914685428142 0.01588529348373413 0.019609931856393814
0.0 0.6628821015357971 0.03209058716893196 0.020360827445983887 0.02005450800061226
0.0 0.6894722700119018 0.018421555496752264 0.023944616317749023 0.021546704694628716
0.0 0.7415791869163513 0.022135099023580553 0.013869881629943848 0.018410883843898773
0.0 0.7822369158267974 0.0388844046741724 0.013763487339019775 0.017008356750011444
0.0 0.8286402940750122 0.05674054902046919 0.011928677558898926 0.01702047698199749
0.0 0.8153906285762786 0.015308566950261593 0.018981993198394775 0.015043320134282112
0.0 0.8703631281852722 0.0591464402154088 0.019130408763885498 0.017854811623692513
