0.0 0.0663545489311218 0.6121330756694079 0.012204408645629883 0.014152508229017258
0.0 0.06571180224418638 0.6285775147378445 0.02257990837097168 0.018932707607746124
0.0 0.13335353732109068 0.5810204904526473 0.023409605026245117 0.018781330436468124
0.0 0.15228304862976072 0.5674547070637346 0.01951611042022705 0.010464487597346306
0.0 0.21462536454200745 0.5133324900642038 0.014074623584747314 0.01092555932700634
0.0 0.20564926266670228 0.5340568043291569 0.01453882455825808 0.009617429226636887
0.0 0.2333581805229187 0.5315091416239739 0.014294922351837158 0.010970067232847214
0.0 0.25889732539653776 0.547064252384007 0.015465706586837769 0.009782737120985985
0.0 0.29490683078765867 0.5551257153972984 0.021135807037353516 0.012567372992634773
0.0 0.31879194676876066 0.49078999012708663 0.018940776586532593 0.009947642683982849
0.0 0.007453235983848561 0.4447705253958702 0.014906471967697121 0.010170836001634598
