0.0 0.387109375 0.43906248845160006 0.012078166007995605 0.009328052401542664
0.0 0.5906717836856842 0.43237501215189694 0.00909358263015747 0.007968725636601448
0.0 0.4146718442440033 0.43589060865342616 0.011937439441680908 0.006937500089406967
0.0 0.4247031271457672 0.4393906148150563 0.013046801090240479 0.009093744680285454
0.0 0.45415628552436826 0.44692188054323195 0.007875144481658936 0.007843751460313797
0.0 0.467046982049942 0.4355625074356794 0.012499988079071045 0.008562516421079636
0.0 0.469140625 0.3174531224183738 0.010656237602233887 0.009078129194676876
0.0 0.4325938284397125 0.30662499014288186 0.011562645435333252 0.00918748788535595
0.0 0.3208593487739563 0.3232499879784882 0.009015798568725586 0.006796860136091709
0.0 0.2220937967300415 0.3324843726120889 0.008234381675720215 0.009796894155442715
0.0 0.4909843564033508 0.4338281575590372 0.01003110408782959 0.011781267821788788
0.0 0.4448280096054077 0.43750000949949025 0.01132822036743164 0.007171908393502235
0.0 0.4838124871253967 0.43078122679144143 0.007968664169311523 0.006874987855553627
0.0 0.5616875648498535 0.4330781113356352 0.006109356880187988 0.006015658378601074
0.0 0.553546792268753 0.4327031133696437 0.0079842209815979 0.006781244650483131
0.0 0.5409687519073486 0.42471877224743365 0.009859442710876465 0.00798436626791954
0.0 0.500312453508377 0.43457810319960116 0.0071874260902404785 0.008046828210353851
0.0 0.5259062707424164 0.43760939333587884 0.0077345967292785645 0.005093766376376152
0.0 0.516078120470047 0.4312656085938215 0.006843745708465576 0.006515655666589737
0.0 0.5760937988758087 0.4382187493145466 0.008062541484832764 0.007624983787536621
0.0 0.5675156474113464 0.43393749110400676 0.008390665054321289 0.006812475621700287
0.0 0.5071562886238098 0.28873437102884053 0.006046772003173828 0.007203139364719391
0.0 0.49731249213218687 0.28968750657513737 0.006843745708465576 0.0063593750819563866
0.0 0.4803749680519104 0.28953125113621353 0.007968664169311523 0.009874996729195118
0.0 0.5352656602859497 0.43375000469386576 0.006078243255615234 0.005937505513429642
0.0 0.5247500598430633 0.43292185589671134 0.009171903133392334 0.005734428763389587
0.0 0.7075937449932098 0.2596249936148524 0.004750192165374756 0.006968781352043152
0.0 0.07215625643730161 0.3594531209208071 0.009687602519989014 0.006515630520880222
0.0 0.7416718363761902 0.28023436684161424 0.005953073501586914 0.005937505513429642
0.0 0.7203281581401825 0.28698436794802545 0.005078136920928955 0.0074375225231051445
0.0 0.6972030460834503 0.2856874905526638 0.005406081676483154 0.008640618994832039
0.0 0.7005000174045563 0.28193749831989406 0.004906117916107178 0.007218754850327969
