0.0 0.09475382277742028 0.8254386521875858 0.011386154778301716 0.011178085952997208
0.0 0.0919274372048676 0.8184718081727624 0.016268238611519336 0.013570978865027427
0.0 0.7786454292945564 0.9657854171469807 0.025826485268771647 0.022316938266158104
0.0 0.6045567751862109 0.9441814178600907 0.02296977024525404 0.019198357686400415
0.0 0.5802171513438225 0.845399596914649 0.01988941542804241 0.016213638335466386
0.0 0.5422156263142824 0.8654855595901608 0.025045422092080116 0.024000662937760354
0.0 0.5360356016084552 0.8801995212212205 0.016436008363962175 0.014883555099368095
0.0 0.4737104156054556 0.8441840723156929 0.018535923771560193 0.01633932963013649
0.0 0.4500884025357664 0.8833723735064268 0.024823697842657567 0.019366514682769776
0.0 0.4271685960702598 0.9106175776571035 0.01828786078840494 0.019963189214468
0.0 0.3835112669505179 0.8904529681429267 0.01843408066779375 0.022470461204648018
0.0 0.3954863717779517 0.8831836121156812 0.020520268008112907 0.02150353603065014
0.0 0.4083183634094894 0.8607091557234525 0.019701532460749148 0.016184908896684648
0.0 0.40823232354596256 0.8498951256275177 0.01959234643727541 0.013658872991800308
0.0 0.4356317101046443 0.8419616257771849 0.014607302099466323 0.013643341138958931
0.0 0.43492623111233114 0.8192689603194594 0.01740798745304346 0.014146106317639351
0.0 0.40033142175525427 0.824820295907557 0.015209421515464783 0.014142156019806862
0.0 0.363505641836673 0.8358762817457318 0.015499147586524487 0.015711860731244087
0.0 0.33598374025896194 0.8490792095661164 0.014935977570712567 0.01502944678068161
0.0 0.32522724084556104 0.7844915257766842 0.019518757611513136 0.015230822190642358
0.0 0.38056779373437166 0.7168251235038042 0.017736024409532546 0.014052825421094895
0.0 0.34264488583430647 0.7096496319398284 0.017434166558086873 0.012820601835846901
0.0 0.3632300429046154 0.7055147474631667 0.013824483007192611 0.012964069470763206
0.0 0.2576519470661879 0.7398920796811581 0.01483493261039257 0.011899374425411224
0.0 0.2613140686415136 0.7500504501163959 0.019439741410315035 0.014118364453315735
0.0 0.10188475558534264 0.8223398679867386 0.01647032853215933 0.01389220990240574
0.0 0.049767584819346664 0.8050121558830142 0.013650966621935368 0.013227841630578042
0.0 0.09105219310149551 0.8404467763379216 0.012518241442739964 0.012898171320557594
0.0 0.13183013992384077 0.9200666002929211 0.012647859938442706 0.013345901668071748
0.0 0.15042384928092362 0.5842496492899955 0.01579637620598078 0.012526618875563144
0.0 0.14544423231855036 0.598587143048644 0.009527438320219517 0.009661351144313813
0.0 0.15604716893285514 0.6249167310073972 0.010738221928477287 0.011356836929917336
0.0 0.17954507069662212 0.6118703786283731 0.013546888716518879 0.011851701512932777
0.0 0.11612914185971021 0.6131448434665799 0.01633831560611725 0.01801362745463848
0.0 0.09130903566256166 0.6110394918359816 0.015309189446270466 0.012778989039361477
0.0 0.07477389788255095 0.6254065006040037 0.01641765106469393 0.016598478145897388
0.0 0.03880133330821991 0.6301462744362653 0.01958324760198593 0.0156532796099782
0.0 0.11566518107429147 0.5805582306347787 0.012105760909616948 0.011722463928163052
0.0 0.11519427644088864 0.591633474174887 0.009676850773394108 0.010216053761541843
0.0 0.12493003020063043 0.6005549076013267 0.016740420274436472 0.01461533885449171
0.0 0.07327179191634059 0.6064794341102242 0.011852589808404446 0.012065646052360535
0.0 0.05074419314041734 0.5689065802842379 0.012909012474119663 0.012796181812882423
0.0 0.041470324993133544 0.5850167253054679 0.015883054584264755 0.017836896516382695
0.0 0.061678997799754144 0.5794121504761278 0.01489654928445816 0.0186790281906724
0.0 0.026300970278680325 0.6228521392680705 0.01812647618353367 0.01380696427077055
0.0 0.004343211650848389 0.6225846861489117 0.008686423301696777 0.01338688600808382
