0.0 0.97265625 0.7455156747251749 0.016656339168548584 0.022046852856874466
0.0 0.9210312366485596 0.8312030997127294 0.016515612602233887 0.023718740791082382
0.0 0.7634062618017197 0.6668281111866236 0.014765650033950806 0.019265737384557724
0.0 0.8600000292062759 0.5991094078868627 0.022640615701675415 0.015359301120042801
0.0 0.8225000202655792 0.613624969869852 0.01559382677078247 0.017937541007995605
0.0 0.796203151345253 0.6430312678217888 0.013812392950057983 0.01843743771314621
0.0 0.9956992268562317 0.5162656106054783 0.008601546287536621 0.011703215539455414
0.0 0.9309531301259995 0.4957968521863222 0.020875006914138794 0.013359513133764267
0.0 0.9147499948740005 0.46865623295307157 0.01773431897163391 0.015656322240829468
0.0 0.8934843689203262 0.449781209602952 0.011640697717666626 0.010359328240156174
0.0 0.7888124585151672 0.5213906079530716 0.012749969959259033 0.013671822845935822
0.0 0.9656875133514404 0.48703120872378347 0.01653134822845459 0.010609276592731476
0.0 0.5153280794620514 0.8450780496001243 0.025281250476837158 0.022640593349933624
0.0 0.3527812957763672 0.9278281539678573 0.016359329223632812 0.028453074395656586
0.0 0.4373281002044678 0.8363281473517418 0.02493739128112793 0.020000092685222626
0.0 0.5188124477863312 0.9784218244254589 0.02873450517654419 0.016406267881393433
0.0 0.11846879124641418 0.972234420850873 0.021656334400177002 0.02473442628979683
