0.0 0.128569895029068 0.9825929269194603 0.022249996662139893 0.01603733003139496
0.0 0.13896068334579467 0.9349733401089907 0.011634349822998047 0.014782357960939407
0.0 0.5116353869438172 0.7357067182660103 0.015869736671447754 0.014852866530418396
0.0 0.4782071948051453 0.7187452331185341 0.011586427688598633 0.013132497668266296
0.0 0.430032217502594 0.706741576641798 0.012636423110961914 0.012733988463878632
0.0 0.4360262393951416 0.7293714076280594 0.011832833290100098 0.013434648513793945
0.0 0.3992232918739319 0.6890620809048414 0.01227879524230957 0.013434749096632004
0.0 0.3654994308948517 0.7075089734047652 0.010715782642364502 0.012596290558576584
0.0 0.35260515809059145 0.6837077546864748 0.013835370540618896 0.013919156044721603
0.0 0.3021755158901215 0.6419533040374518 0.017617642879486084 0.012881744652986526
0.0 0.2786583542823792 0.6415088284760714 0.017597079277038574 0.011495914310216904
0.0 0.2789562582969666 0.6189503610134125 0.017920732498168945 0.01491180807352066
0.0 0.3049120843410492 0.605729853361845 0.0155906081199646 0.012609969824552536
0.0 0.3192958772182465 0.6139610247686506 0.016177833080291748 0.011302543804049492
0.0 0.2696540892124176 0.586567691154778 0.016839444637298584 0.014123188331723213
0.0 0.14430981278419494 0.5726696826517582 0.011819422245025635 0.01315663754940033
0.0 0.41871231198310854 0.6368725128471852 0.013345062732696533 0.013191841542720795
0.0 0.42723565697669985 0.6490513343364 0.018263161182403564 0.015992771834135056
0.0 0.4508454442024231 0.6816143743693829 0.013840556144714355 0.012336082756519318
0.0 0.5198828220367432 0.6622595205903054 0.015360474586486816 0.01083337515592575
0.0 0.4856170654296875 0.6409539129585028 0.019591569900512695 0.013532314449548721
0.0 0.4603626370429993 0.6398421205580235 0.01620626449584961 0.01350405067205429
0.0 0.4650734007358551 0.6176001369953156 0.012713491916656494 0.01095850020647049
0.0 0.5215906739234925 0.6120269676670432 0.02062976360321045 0.013163426890969276
0.0 0.46553161144256594 0.657249690592289 0.012489795684814453 0.011765576899051666
0.0 0.432001405954361 0.5614662380889058 0.014849603176116943 0.013763001188635826
0.0 0.46794121861457827 0.5328656589612365 0.015708982944488525 0.011376975104212761
0.0 0.3314697086811066 0.49660642594099047 0.015223681926727295 0.014109358191490173
0.0 0.34112789630889895 0.49738838206976654 0.011011719703674316 0.013226592913269997
0.0 0.34380733370780947 0.5157786212861538 0.01915508508682251 0.013471662998199463
0.0 0.43486528992652895 0.5256801215931773 0.014469802379608154 0.016475720331072807
0.0 0.42474433183670046 0.5310237357392907 0.011983036994934082 0.012066571041941643
0.0 0.3557194709777832 0.4948334522545338 0.008675694465637207 0.010862544178962708
0.0 0.3650651812553406 0.4922684390097857 0.01317286491394043 0.009161286056041718
0.0 0.4157648324966431 0.4425310805439949 0.015050411224365234 0.017181560397148132
0.0 0.40957402586936953 0.43739617578685286 0.010569155216217041 0.00910646840929985
0.0 0.3949415922164917 0.43292499203234913 0.015496373176574707 0.008587511256337166
0.0 0.39559766054153445 0.4897491155192256 0.012989401817321777 0.009910980239510536
0.0 0.3844101667404175 0.4962859690189362 0.011377573013305664 0.00934404507279396
0.0 0.380760395526886 0.5116318674758077 0.012356042861938477 0.01165941171348095
0.0 0.4054210722446442 0.5051417347043753 0.01264733076095581 0.00942964106798172
0.0 0.34596686959266665 0.4522561334073544 0.014147579669952393 0.009815879166126251
0.0 0.32721259593963625 0.41967845857143404 0.011100053787231445 0.00785471498966217
0.0 0.3234765470027924 0.4238935584202409 0.015617430210113525 0.01019894890487194
0.0 0.37211796045303347 0.4816739732399583 0.010420560836791992 0.008122416213154793
0.0 0.34617277383804324 0.4748039642348886 0.009443879127502441 0.008190209046006203
0.0 0.32268413305282595 0.473781187646091 0.009732842445373535 0.008604610338807106
0.0 0.016952270269393922 0.45354917608201506 0.01590639352798462 0.012688826769590378
0.0 0.029938274621963502 0.4373966032639146 0.014131486415863037 0.011582264676690102
0.0 0.022814685106277467 0.42974574454128744 0.016601979732513428 0.012576475739479065
0.0 0.1897937297821045 0.40330254156142475 0.012047410011291504 0.007353359833359718
0.0 0.19324010014533996 0.4064248088747263 0.013586461544036865 0.00722094252705574
0.0 0.16977068185806274 0.38674187902361157 0.010580062866210938 0.008769365027546883
0.0 0.1793818414211273 0.4103910667821765 0.008936941623687744 0.008045369759202003
0.0 0.09239503145217895 0.3897114867344499 0.014645934104919434 0.014172473922371864
0.0 0.12977635264396667 0.3084473177790642 0.01263195276260376 0.010319698601961136
0.0 0.00720100998878479 0.3702232601121068 0.007283270359039307 0.009887846186757088
0.0 0.007431232929229736 0.30712902881205084 0.010345816612243652 0.008437592536211014
0.0 0.000731569528579712 0.18325280221179127 0.001463139057159424 0.011228238232433796
0.0 0.06537079215049743 0.2078901031985879 0.01136559247970581 0.009819449856877327
0.0 0.05655195713043213 0.24202173259109258 0.00916135311126709 0.008283952251076698
0.0 0.07561683058738708 0.2582787606865168 0.009718716144561768 0.010248184204101562
0.0 0.10663782954216003 0.20940621346235275 0.006912052631378174 0.007497143000364304
0.0 0.15495827198028564 0.2614981658756733 0.009015798568725586 0.007469382137060165
0.0 0.1693331241607666 0.3044920736923814 0.009505748748779297 0.01056426577270031
0.0 0.21680858135223388 0.30718631073832514 0.009206056594848633 0.008565232157707214
0.0 0.23427637815475463 0.31430792771279814 0.011772394180297852 0.009738631546497345
0.0 0.24629473090171813 0.3062707554548979 0.01735442876815796 0.012270200997591019
0.0 0.24622034430503845 0.3192542396485806 0.008914768695831299 0.00961129367351532
0.0 0.26395421624183657 0.32926245834678414 0.010185062885284424 0.010296514257788658
0.0 0.277035528421402 0.2999243807047606 0.00827854871749878 0.008069358766078949
0.0 0.27711197137832644 0.3082737118005753 0.012666106224060059 0.009462330490350723
0.0 0.2725707232952118 0.32085670027881863 0.010048091411590576 0.011051086708903313
0.0 0.28310116529464724 0.3283739347010851 0.011896133422851562 0.009597714990377426
0.0 0.3147002696990967 0.32283923830837014 0.009036540985107422 0.00811728648841381
0.0 0.30838983654975893 0.33036891985684635 0.015225112438201904 0.015754541382193565
0.0 0.29503225684165957 0.33723045475780966 0.00966578722000122 0.009735312312841415
0.0 0.33548238277435305 0.3355671163648367 0.01484978199005127 0.01139543205499649
0.0 0.3245734810829163 0.3391167601570487 0.008273720741271973 0.00817652978003025
0.0 0.31920387744903567 0.35287048257887366 0.008675336837768555 0.00834113359451294
0.0 0.3404931962490082 0.35328815281391146 0.010843813419342041 0.008642982691526413
