0.0 0.7473085844423621 0.9000829188153148 0.016732805874198675 0.020506687462329865
0.0 0.717027691192925 0.8725053315516561 0.015089101530611515 0.01972397370263934
0.0 0.6910615126602352 0.8460057001560927 0.017541909031569956 0.018042811937630177
0.0 0.6536019690334797 0.8319666652940214 0.019673603028059004 0.020160228200256824
0.0 0.7318086119368672 0.7540718593169004 0.014447021484375 0.015335159283131361
0.0 0.6380249145906418 0.6825677149929106 0.012687657494097948 0.011203008890151977
0.0 0.6090281446930021 0.7010597509332002 0.016630078945308924 0.011947309784591197
0.0 0.6019522947259247 0.7287656702101231 0.01758041325956583 0.011510972678661347
0.0 0.5715557785704732 0.7204756782390177 0.018723342195153238 0.013038069941103458
0.0 0.5403373367618769 0.7505171823315322 0.012186808604747057 0.011241504363715649
0.0 0.34114824179559944 0.7428174680564552 0.02167699858546257 0.012434946652501822
0.0 0.54294423465617 0.9704577249009162 0.014382872264832258 0.020878837909549475
