0.0 0.9964235231280327 0.7077265590429306 0.007152953743934631 0.01728386990725994
0.0 0.9268161416053772 0.5077117852866649 0.01737731695175171 0.015113074332475662
0.0 0.6663685500621795 0.6508350869640708 0.01672351360321045 0.01583874598145485
0.0 0.44347803890705106 0.9937326760962606 0.020153790712356567 0.012534647807478904
0.0 0.47205074727535246 0.991614979878068 0.021802276372909546 0.01677004024386406
0.0 0.50988789498806 0.9656598520465195 0.02573511004447937 0.021035618148744106
0.0 0.39284238815307615 0.98998818770051 0.01604217290878296 0.015585746616125107
0.0 0.40344019830226896 0.9965527506545186 0.01287892460823059 0.006894498690962791
0.0 0.45608711838722227 0.9752400614321232 0.01574552059173584 0.016002092510461807
0.0 0.44259350597858427 0.9195942239835858 0.017126351594924927 0.0169932022690773
0.0 0.46600515246391294 0.9260882166214287 0.021208763122558594 0.023549183271825314
0.0 0.44205047786235807 0.9394051538780331 0.02001902461051941 0.0245473925024271
0.0 0.5148342907428741 0.9474030611105263 0.023775994777679443 0.018610180355608463
0.0 0.5377970993518829 0.9242892045527696 0.019335389137268066 0.017851240932941437
0.0 0.9505989164113998 0.8329887920059263 0.016592085361480713 0.015155612491071224
0.0 0.8950408607721329 0.8695949897170067 0.017325997352600098 0.016098668798804283
0.0 0.6627228766679764 0.9236015825532377 0.01549956202507019 0.0173261733725667
0.0 0.6595931634306907 0.914647916238755 0.016714230179786682 0.016542884521186352
0.0 0.6162472426891327 0.9015290894545614 0.014880180358886719 0.014471129514276981
0.0 0.8488952577114105 0.5399325042031705 0.02031692862510681 0.01924185734242201
0.0 0.87605652064085 0.5346426934935152 0.016538366675376892 0.014873628504574299
0.0 0.7602534800767898 0.6265755164436996 0.018247246742248535 0.015393239445984364
0.0 0.770327141880989 0.7105010150931775 0.016797572374343872 0.015189760364592075
0.0 0.744241139292717 0.7590861929580569 0.012416630983352661 0.013149160891771317
0.0 0.6164958089590072 0.7879729176871478 0.0137004554271698 0.013662376441061497
0.0 0.530191159248352 0.8636999050155282 0.01423180103302002 0.01145385392010212
