0.0 0.9192498981952667 0.48782814219594 0.020312368869781494 0.015765655785799026
0.0 0.9534218668937683 0.41646876763552426 0.008687496185302734 0.012125009670853615
0.0 0.9468281030654907 0.42018749117851256 0.0152968168258667 0.017796825617551804
0.0 0.9960078179836274 0.34684376809746026 0.007984364032745361 0.013578129932284355
0.0 0.9953671276569367 0.32276559453457593 0.009265744686126709 0.0116718839854002
0.0 0.9901718854904175 0.27440627124160527 0.01171875 0.015171865001320839
0.0 0.943562513589859 0.26985937375575303 0.009702980518341064 0.013765616342425346
0.0 0.9214218616485595 0.27328122705221175 0.012968659400939941 0.014187511056661606
0.0 0.891265606880188 0.29981251545250415 0.016875028610229492 0.008171852678060532
0.0 0.9157187700271606 0.32554686088114976 0.013124942779541016 0.01596878282725811
0.0 0.8890781760215759 0.32976563200354575 0.016359329223632812 0.008968770503997803
0.0 0.9005780577659607 0.36393749453127383 0.018796920776367188 0.01053132489323616
0.0 0.8567499577999115 0.3396875003352761 0.014625012874603271 0.017265597358345985
0.0 0.8652968168258667 0.31557812094688414 0.01373434066772461 0.01015625149011612
0.0 0.867203152179718 0.2706406006589532 0.007281303405761719 0.014046845957636833
0.0 0.8874531149864197 0.24182811863720416 0.015671968460083008 0.015531247481703758
0.0 0.914515620470047 0.20970311686396598 0.011984288692474365 0.014218742027878761
0.0 0.938078111410141 0.20690624760463833 0.012812554836273193 0.011937498115003109
0.0 0.8279843389987945 0.26149999694898723 0.01618748903274536 0.015046815387904644
0.0 0.8476249933242798 0.3012656357139349 0.016937613487243652 0.009781278669834137
0.0 0.8245625108480453 0.31745313592255114 0.011906415224075317 0.015187505632638931
0.0 0.8154843509197235 0.35103125795722007 0.01393747329711914 0.01015625149011612
0.0 0.808921879529953 0.3583749869838357 0.012921810150146484 0.014734430238604546
0.0 0.8018281519412994 0.3659531243145466 0.012999951839447021 0.016281243413686752
0.0 0.7892030835151672 0.3585468830540776 0.020843803882598877 0.011296810582280159
0.0 0.8096875160932541 0.37698437105864285 0.016546815633773804 0.01603124476969242
0.0 0.7234687566757202 0.22142187245190142 0.0140000581741333 0.015828117728233337
0.0 0.6871250480413437 0.2151874966919422 0.014515668153762817 0.016187500208616257
0.0 0.7728594005107879 0.1605000041425228 0.012562572956085205 0.01342187449336052
0.0 0.7454218775033951 0.15096873668953775 0.010375052690505981 0.012359392829239368
0.0 0.7488125473260879 0.14235936123877763 0.012015670537948608 0.013109363615512848
0.0 0.7299375295639038 0.13778125792741774 0.008953213691711426 0.012968748807907104
0.0 0.7317030936479568 0.09535937728360296 0.015046924352645874 0.012874980457127094
0.0 0.6412343740463257 0.08576562274247408 0.01393747329711914 0.007828161120414734
0.0 0.6509218424558639 0.07268750267103315 0.012765616178512573 0.015062506310641766
