0.0 0.3878857768140733 0.1542065789923072 0.009605191089212895 0.011726561933755875
0.0 0.4097203495912254 0.16449826946482063 0.012394456006586552 0.01141319889575243
0.0 0.4213061491958797 0.15156770441681147 0.012938974611461162 0.009434016421437263
0.0 0.43002019394189117 0.14915972473099828 0.010397415608167648 0.009120653383433819
0.0 0.44286024672910573 0.14622394358739257 0.014176843129098416 0.00841143261641264
0.0 0.45900107761844994 0.12361198421567679 0.013599271886050701 0.008230039849877357
0.0 0.4704052765853703 0.14501996701583267 0.00935776848345995 0.009219604544341564
0.0 0.4868762088939548 0.14068228043615819 0.012031349167227746 0.006976587697863579
0.0 0.48568791933357713 0.15039669387042523 0.009687822684645653 0.01029166392982006
0.0 0.4972570981830359 0.1359982647933066 0.010892638564109802 0.009846330620348454
0.0 0.5219964784570038 0.14167187167331577 0.00948979016393423 0.010258697904646397
0.0 0.5377907288260758 0.14200171772390605 0.017213530652225018 0.012831587344408035
0.0 0.5448874135501682 0.1244036465883255 0.012113791890442371 0.00981336459517479
0.0 0.5696267466060817 0.13243578411638737 0.016487316973507405 0.010440090671181679
0.0 0.5951087724417448 0.15636718077585102 0.012047969922423362 0.009384593926370144
0.0 0.6020734827034175 0.13497568098828197 0.01567875500768423 0.008460908196866512
0.0 0.6330677442252636 0.13304600063711405 0.017774764448404312 0.012963557615876198
0.0 0.6460398659110069 0.12272137068212033 0.01727973036468029 0.008395029231905937
0.0 0.6856326768174767 0.12600348088890315 0.012741130962967872 0.008526893332600594
