0.0 0.7019890941679477 0.5241570652462542 0.0221149206161499 0.02415060568600893
0.0 0.7437934070825577 0.5080073545686901 0.022627262771129607 0.027450467646121978
0.0 0.7463134765625 0.5614131726790219 0.02237124592065811 0.029295834247022867
0.0 0.6704943176358938 0.5239819622132927 0.02396148070693016 0.025632153358310462
0.0 0.6593492563813925 0.4902413115371019 0.018314612656831743 0.01786033594980836
0.0 0.6632438741624356 0.4446745947934687 0.014109921455383301 0.020648545026779173
0.0 0.7030402284115553 0.43299666615203025 0.015498118847608567 0.017819844186306
0.0 0.572209757193923 0.4241607910953462 0.017007384449243546 0.026965606957674026
0.0 0.5520488157868385 0.4123616039287299 0.018853636085987092 0.02557822214439511
0.0 0.6359807785600424 0.4108530472964048 0.011953673511743545 0.019476624950766564
0.0 0.6768956642597914 0.3866352010052651 0.0111720509827137 0.01675587324425578
0.0 0.5640294790267945 0.3739605420269072 0.011913420259952545 0.025120327062904835
0.0 0.7829561967402696 0.35747410808689895 0.023260364681482314 0.017712241876870392
0.0 0.5590835727751255 0.2658826494589448 0.022290122509002686 0.019638245180249213
0.0 0.5883412092924118 0.2666100055212155 0.02086167186498642 0.021254577534273268
0.0 0.5530057944357395 0.14628851350862532 0.017519572377204896 0.015705211693421005
0.0 0.57865151129663 0.24175911776255815 0.020241833478212356 0.015435815742239355
0.0 0.599755859375 0.25320803383365276 0.018018342554569244 0.013469364028424025
