0.0 0.6358783677220344 0.4980616981163621 0.022684094309806824 0.025909111462533475
0.0 0.693590198457241 0.4703099266625941 0.027513638138771057 0.024670036509633064
0.0 0.6585468277335167 0.4644481725990772 0.017839279770851136 0.030563542060554026
0.0 0.6913184985518456 0.42055677752941845 0.028720751404762268 0.02489245031028986
0.0 0.7455831483006478 0.4193018012680113 0.027195861935615538 0.0256708474829793
0.0 0.7787517666816711 0.3708354054484516 0.02017442584037781 0.026576301734894513
0.0 0.6789754927158356 0.4445596237666905 0.01868116855621338 0.02080985326319933
0.0 0.6432333052158355 0.3689768185839057 0.022144347429275513 0.018109391815960406
0.0 0.72216796875 0.34700726908631624 0.028927451372146605 0.02041272958740592
0.0 0.7057901322841644 0.3808908867649734 0.021302276849746705 0.020571589283645154
0.0 0.7727948263287544 0.2575882803183049 0.025972750782966614 0.019475523848086596
0.0 0.6819620072841645 0.3444020876660943 0.02419353127479553 0.018967142142355443
0.0 0.59154222458601 0.32877084575593474 0.024686011672019958 0.01858591977506876
0.0 0.7472351118922234 0.40179609674960376 0.026878085732460023 0.02106406968086958
0.0 0.80556640625 0.13013958663213998 0.01585354208946228 0.013788556354120374
0.0 0.78173828125 0.23299764809198678 0.028371524810791016 0.019634434673935174
0.0 0.7970358058810234 0.2520601725205779 0.016091874241828917 0.018649422749876975
0.0 0.76686951816082 0.24475285657681525 0.013518577814102173 0.014598679449409246
