0.0 0.058639678498730065 0.20594909489154817 0.014013530407100915 0.012088741082698107
0.0 0.11814046385698021 0.18442402745131403 0.014469329919666051 0.011463415017351508
0.0 0.07264467333443463 0.1826779154362157 0.014837383758276701 0.012585881305858493
0.0 0.06367344637401402 0.15077193120960147 0.01369737284258008 0.012099639279767871
0.0 0.3463832647539675 0.05730661666020751 0.015763151831924914 0.01689383778721094
0.0 0.35104428422637285 0.03865905732382089 0.021028062980622052 0.01628685141913593
0.0 0.23479705704376103 0.017339639342390002 0.013180629350244999 0.0120233038906008
0.0 0.3051250440068543 0.02762698526494205 0.009933356568217278 0.011341038346290588
0.0 0.2429539051372558 0.027427024953067303 0.014835335221141577 0.015890627540647982
0.0 0.004947240650653839 0.04091301572043449 0.009894481301307679 0.012829098338261246
0.0 0.04499573833309114 0.06271725944243371 0.011056467052549123 0.01103079980239272
0.0 0.022615811554715037 0.026099437312223018 0.012146630231291056 0.011567307962104678
0.0 0.14952243100851775 0.04302292107604444 0.017047926038503646 0.0135766570456326
0.0 0.150965027930215 0.05277632735669613 0.01334536587819457 0.008352819923311472
0.0 0.3218493011780083 0.03049155476037413 0.014688352681696415 0.016359634092077614
