0.0 0.675843745470047 0.008531244937330484 0.024468719959259033 0.016609369777143
0.0 0.7198906242847443 0.14062500139698386 0.020047008991241455 0.02343748603016138
0.0 0.8003437519073486 0.09064062405377626 0.01646876335144043 0.02418750710785389
0.0 0.81640625 0.05340625299140811 0.017750144004821777 0.022453132085502148
0.0 0.7131405770778656 0.036531243938952684 0.019421875476837158 0.02059375774115324
0.0 0.772515743970871 0.0776875033043325 0.016093790531158447 0.028124998323619366
0.0 0.7921719551086426 0.06435938458889723 0.01815640926361084 0.021921878680586815
0.0 0.7764374911785126 0.02848437801003456 0.018015682697296143 0.020546860992908478
0.0 0.7681874632835388 0.11564062675461173 0.018796920776367188 0.022453132085502148
0.0 0.7548438310623169 0.03578126057982445 0.02121877670288086 0.016187500208616257
0.0 0.7558281123638153 0.022515628952533007 0.01201540231704712 0.02114062663167715
0.0 0.7456249892711639 0.11292187264189124 0.013593971729278564 0.026046856306493282
0.0 0.7514687180519104 0.08825000887736678 0.016578197479248047 0.02428122516721487
