0.0 0.23098262073472142 0.8369731995742768 0.02936939988285303 0.021148236002773046
0.0 0.16983353905379772 0.694528077216819 0.025017287582159042 0.02514045247808099
0.0 0.23211577534675598 0.6573927425779402 0.0333444457501173 0.017497637309134007
0.0 0.440490260720253 0.6857163411565125 0.026222171261906624 0.03483343739062548
0.0 0.5158296572044492 0.7395580702926964 0.017895013093948364 0.03141668075695634
0.0 0.5913126147352159 0.6180095143150538 0.03215705696493387 0.015645307209342717
0.0 0.6035963976755738 0.6938806704245508 0.032768554985523224 0.016994066536426544
0.0 0.0018708719871938229 0.3846592751331627 0.0037417439743876457 0.015537531487643719
0.0 0.11764102010056376 0.5028090178035199 0.018075107596814632 0.01940402891486883
0.0 0.1851028772071004 0.3618386053480208 0.0248015858232975 0.024601110816001893
0.0 0.20184693206101656 0.41307270610705016 0.013848546892404556 0.029636355489492415
0.0 0.19490475207567215 0.4706010942347348 0.01875864341855049 0.030157753825187684
0.0 0.2256411206908524 0.4450649045873433 0.03066443372517824 0.0166883354075253
0.0 0.2827255208976567 0.44583814619109036 0.01836284715682268 0.021669750101864338
0.0 0.36698546120896935 0.4321709460113198 0.01764329243451357 0.028521438222378494
0.0 0.4879706841893494 0.41051913923583927 0.01517959963530302 0.03305311212316155
0.0 0.49210730055347085 0.31209692629054187 0.018327034078538418 0.029366626776754855
0.0 0.3077247990295291 0.1634656974580139 0.029009828343987465 0.022658832557499408
0.0 0.20485049672424793 0.2419444240629673 0.02838042378425598 0.013811036199331283
0.0 0.09742587525397539 0.27228213208727536 0.016941644251346588 0.019799592439085245
0.0 0.032877535559237 0.2151854256633669 0.0246035847812891 0.02353990776464343
0.0 0.08489026874303818 0.12773303894791752 0.020952709019184113 0.02639932152815163
0.0 0.06352416565641761 0.039255625242367385 0.022661239840090275 0.016904234141111373
0.0 0.25546024227514863 0.035892756469547746 0.061257035471498966 0.03925733556970954
0.0 0.49647762812674046 0.020391227398067712 0.016797980293631554 0.02362997168675065
0.0 0.5188689320348203 0.029976262943819165 0.015305151231586933 0.02386369798332453
0.0 0.6000534757040441 0.08106658556498587 0.022283350117504597 0.027028784994035958
0.0 0.6354299020022154 0.12881204062141477 0.019513599574565887 0.02852132245898247
0.0 0.6299445321783423 0.006697880569845438 0.02221151813864708 0.013395761139690876
0.0 0.6056287898682058 0.013449677941389382 0.012913496233522892 0.01828893800266087
0.0 0.6044957381673157 0.0036227417178452013 0.014046342112123966 0.007245483435690403
