0.0 0.1555977154057473 0.9393592244479805 0.017358012031763792 0.026966150756925343
0.0 0.2060429633129388 0.9883641560561955 0.019631868693977594 0.023271687887609006
0.0 0.008850368205457926 0.873394937440753 0.01770073641091585 0.01770017221570015
0.0 0.30968218483030796 0.8870901649352163 0.03967074025422335 0.024148962926119566
0.0 0.32602210715413094 0.9355918311048299 0.018969906494021416 0.04186617722734809
0.0 0.36028005881235003 0.9248324851971119 0.019241759553551674 0.03828537287190557
0.0 0.33036583359353244 0.7288063880056143 0.023738014977425337 0.03665621504187584
0.0 0.303980843629688 0.6858880258630962 0.02716549951583147 0.024115097243338823
0.0 0.29016925184987485 0.7231383105274289 0.023381499107927084 0.03577385013923049
0.0 0.2677377820946276 0.7062017548363656 0.03196720127016306 0.020517250802367926
0.0 0.3312651817686856 0.5585075584240258 0.027911930344998837 0.025099277682602405
0.0 0.8278947977814823 0.02261358022224158 0.02132862014696002 0.01225271327421069
