0.0 0.7109507486224175 0.5713990644551814 0.011311131715774535 0.01337196696549654
0.0 0.7125777389854193 0.5876376427244395 0.021367431432008744 0.017509075719863175
0.0 0.6427582144737244 0.5446395703591407 0.022203956544399262 0.017307691276073456
0.0 0.6232037860900164 0.5323522266931832 0.018826203793287276 0.00925051812082529
0.0 0.5582341566681862 0.48253645803779366 0.013371989130973816 0.01004059547558427
0.0 0.568367725238204 0.5025092764291912 0.013914334028959275 0.008708006981760264
0.0 0.5407870002090931 0.5016570082865656 0.013589033484458923 0.010071616061031819
0.0 0.5164446957409382 0.5185928016435355 0.014828526973724365 0.008816529158502817
0.0 0.4812869682908058 0.5287419691681862 0.02031368464231491 0.011249201372265816
0.0 0.45376826226711275 0.46649936395697295 0.01828385889530182 0.008770048152655363
0.0 0.7930112022906541 0.38563203914090993 0.012271783500909805 0.012209941819310188
0.0 0.7605805821716786 0.4021029975032434 0.017090824246406556 0.009064444480463863
0.0 0.7770825583487749 0.41053214338608085 0.017090735584497453 0.009436342399567366
