0.0 0.049515280127525374 0.9521326046437025 0.022569984197616577 0.0203506238758564
0.0 0.04415229260921483 0.902173712477088 0.021174520254135132 0.01780024543404579
0.0 0.07815318107604985 0.914810286462307 0.027786970138549805 0.023986995220184326
0.0 0.056574720144271895 0.9087129045277834 0.01745849847793579 0.022976037114858627
0.0 0.060526597499847457 0.9256845485419035 0.015227437019348145 0.020106609910726547
0.0 0.001637244224548362 0.8721852410584688 0.003274488449096724 0.02069079503417015
0.0 0.036777603626251265 0.827604965865612 0.015192031860351562 0.018201470375061035
0.0 0.008094394207000755 0.7963165618479252 0.01618878841400151 0.014105536043643951
0.0 0.029214131832122847 0.7222543504089117 0.02191615104675293 0.01810118928551674
0.0 0.2706611335277558 0.5983359418809414 0.015293776988983154 0.017923258244991302
0.0 0.23159480392932896 0.6340182568877936 0.013189226388931274 0.01569705829024315
0.0 0.12753890752792363 0.5299980254843831 0.015794098377227783 0.019122859463095665
0.0 0.1704091459512711 0.4993416588753462 0.014728277921676636 0.01662815362215042
0.0 0.18478328287601475 0.4949136754497886 0.01760271191596985 0.0184690710157156
0.0 0.5022995203733445 0.43517111577093603 0.02034875750541687 0.01378246396780014
0.0 0.2768069237470627 0.42081196010112765 0.016323119401931763 0.013830341398715973
0.0 0.2642737656831742 0.4032658623531461 0.01888909935951233 0.019877230748534203
0.0 0.3026146471500397 0.41784790959209206 0.018583595752716064 0.014312485232949257
0.0 0.32853734791278844 0.4350348008796573 0.012385457754135132 0.010181447491049767
0.0 0.21463461518287663 0.6928025387227535 0.017174363136291504 0.01705281436443329
0.0 0.25332069694995885 0.3914830103516579 0.015573352575302124 0.0120621956884861
