0.0 0.777472460269928 0.5914883449673652 0.02075958251953125 0.01944507658481598
0.0 0.7022428452968598 0.64193782992661 0.022230327129364014 0.020154889672994614
0.0 0.7110707104206085 0.5975528866052627 0.019881069660186768 0.019843585789203644
0.0 0.6806208431720734 0.54321059435606 0.01663309335708618 0.01697114109992981
0.0 0.3874309897422791 0.6801391918212175 0.022619247436523438 0.01974571868777275
0.0 0.36158969402313235 0.6816774554550648 0.0244063138961792 0.02065931260585785
0.0 0.49516245126724245 0.6082710441201925 0.01878941059112549 0.019014883786439896
0.0 0.37570142149925234 0.6649045631289482 0.018812835216522217 0.018371455371379852
0.0 0.5098219752311707 0.6178630761802196 0.025980591773986816 0.019284948706626892
0.0 0.7519217371940613 0.335185369849205 0.02144300937652588 0.017761722207069397
0.0 0.3612339437007904 0.6420862901955843 0.02391260862350464 0.020212624222040176
0.0 0.8764154851436615 0.29180210586637256 0.018048584461212158 0.018555672839283943
0.0 0.854546183347702 0.2786664398387074 0.01607269048690796 0.01563122682273388
0.0 0.9590428113937378 0.2790990214794874 0.016617178916931152 0.016466818749904633
0.0 0.986059182882309 0.2849110247567296 0.020156443119049072 0.01950829289853573
0.0 0.5709529161453247 0.33431965336203573 0.017035245895385742 0.016208723187446594
0.0 0.6180257737636566 0.39131554719060657 0.015342414379119873 0.014281103387475014
0.0 0.5514807045459748 0.3623803541064262 0.016616642475128174 0.01614706590771675
0.0 0.5331218779087067 0.389291569031775 0.018179118633270264 0.01686457358300686
0.0 0.47273766398429873 0.2650548409670591 0.017458856105804443 0.01982538029551506
0.0 0.37350093722343447 0.2662617092952132 0.019380390644073486 0.01778400130569935
0.0 0.3521969556808472 0.2626068307086825 0.012831687927246094 0.012991329655051231
0.0 0.27638507783412936 0.2646928936243057 0.015219837427139282 0.013623442500829697
0.0 0.12276316583156585 0.2664134385064244 0.01881900429725647 0.019025595858693123
0.0 0.012814322113990783 0.2921531148254871 0.01425817608833313 0.013225134462118149
0.0 0.020813384652137758 0.28403245881199835 0.013761788606643677 0.016381725668907166
0.0 0.01111500859260559 0.27539033107459543 0.008551418781280518 0.010410826653242111
