0.0 0.8560650050640106 0.7872721340507269 0.019991576671600342 0.02081531658768654
0.0 0.9097864329814911 0.8160523541271687 0.022977054119110107 0.021393567323684692
0.0 0.9306465089321136 0.9601207740604878 0.029707252979278564 0.025972701609134674
0.0 0.883844643831253 0.8936319474130869 0.027835071086883545 0.02533188834786415
0.0 0.7489989101886749 0.8164991430938244 0.023332178592681885 0.02410789579153061
0.0 0.7046248018741608 0.8984374936670065 0.03069216012954712 0.025070171803236008
0.0 0.854600340127945 0.9202385220676661 0.02506488561630249 0.023961346596479416
0.0 0.8879066705703735 0.9520256660878659 0.02493917942047119 0.024643197655677795
0.0 0.5963667333126068 0.7634923394769431 0.021695315837860107 0.02347875013947487
0.0 0.7831449508666992 0.8939222294837237 0.02060866355895996 0.025718729943037033
0.0 0.8185765743255615 0.9968362968415022 0.028754711151123047 0.0063274063169956206
0.0 0.6635109186172485 0.9191985458135605 0.030400872230529785 0.026082336902618408
0.0 0.6855047643184662 0.9764621157199145 0.022989928722381592 0.024821128696203232
0.0 0.6116043627262115 0.9989305824041367 0.023239552974700928 0.0021388351917266844
