0.0 0.26585933566093445 0.6983594071120024 0.025515496730804443 0.0183749757707119
0.0 0.21273434162139893 0.5745937336236239 0.02173447608947754 0.021843675523996353
0.0 0.2668437957763672 0.54232811704278 0.0289689302444458 0.015203095972537994
0.0 0.4478750228881836 0.5669375188648701 0.02278125286102295 0.030265577137470245
0.0 0.5133282542228699 0.6137187477201224 0.015546798706054688 0.027296874672174454
0.0 0.5789062082767487 0.5081093829125166 0.027937352657318115 0.013593669980764389
0.0 0.5895780920982361 0.5740312241017819 0.028468608856201172 0.014765560626983643
0.0 0.002933591604232788 0.30245313569903376 0.005867183208465576 0.016593754291534424
0.0 0.05570307374000549 0.30535937622189524 0.025468647480010986 0.013500027358531952
0.0 0.1673906147480011 0.40801562890410425 0.015703260898590088 0.016859494149684906
0.0 0.22600001096725464 0.2855312801897526 0.02154707908630371 0.021375060081481934
0.0 0.24054688215255737 0.33004683032631876 0.012031316757202148 0.025750011205673218
0.0 0.23451566696166992 0.38003127053380015 0.016297101974487305 0.026203036308288574
0.0 0.26121875643730164 0.3578437525779009 0.026640594005584717 0.014499921351671219
0.0 0.31081244349479675 0.35851559564471247 0.015953242778778076 0.018828101456165314
0.0 0.38401564955711365 0.3466406349092722 0.01532810926437378 0.024781297892332077
0.0 0.48912498354911804 0.32782812379300597 0.013187706470489502 0.02871871367096901
0.0 0.49271878600120544 0.24231244400143623 0.015922129154205322 0.02551565319299698
0.0 0.33253127336502075 0.11317187510430812 0.02520310878753662 0.019687481224536896
0.0 0.2431563138961792 0.18135934472084045 0.024656295776367188 0.011999934911727905
0.0 0.14982813596725464 0.20771873705089092 0.01471853256225586 0.017203185707330704
0.0 0.09374994039535522 0.15810937024652957 0.021375060081481934 0.020453017204999924
0.0 0.13893747329711914 0.08212499562650918 0.018203258514404297 0.022937463596463203
0.0 0.055171817541122437 0.06745312791317701 0.015484392642974854 0.01584375835955143
0.0 0.00099220871925354 0.051968752034008504 0.00198441743850708 0.01457812450826168
0.0 0.12037506699562073 0.006296882219612598 0.01968759298324585 0.012593764439225196
0.0 0.04976564645767212 0.02699999287724495 0.015062570571899414 0.02406253293156624
0.0 0.28712496161460876 0.00969140212982893 0.0532187819480896 0.01938280425965786
0.0 0.5159687101840973 0.003777332417666912 0.013296782970428467 0.007554664835333824
0.0 0.5865000784397125 0.04157811738550663 0.019359290599822998 0.023484382778406143
0.0 0.6172343492507935 0.08306250311434268 0.016952991485595703 0.02478119730949402
