0.0 0.003457099199295044 0.9769375056028367 0.006914198398590088 0.010062508285045624
0.0 0.20279690623283386 0.16592186335474252 0.006562471389770508 0.0067968349903821945
0.0 0.19295315444469452 0.1660312220454216 0.006718665361404419 0.006484374403953552
0.0 0.06853124499320984 0.1307500062510371 0.007484257221221924 0.005421867594122887
0.0 0.06810933351516724 0.13842186164110898 0.008906364440917969 0.006218684837222099
0.0 0.0467967689037323 0.13674999885261058 0.008968770503997803 0.006937500089406967
0.0 0.050875067710876465 0.12728125620633363 0.006062507629394531 0.00973435677587986
0.0 0.043406277894973755 0.12504688389599322 0.0112343430519104 0.007499959319829941
0.0 0.025124967098236084 0.11634377781301737 0.01484370231628418 0.013343771919608116
0.0 0.002593696117401123 0.10715626478195191 0.005187392234802246 0.00846877321600914
0.0 0.08490622043609619 0.14832811448723077 0.010796785354614258 0.006859397515654564
0.0 0.07625001668930054 0.15253127012401818 0.0084686279296875 0.007749957963824272
0.0 0.0689532458782196 0.15071876738220452 0.013499915599822998 0.009343793615698814
0.0 0.633171871304512 0.0007656296715140342 0.013578146696090698 0.0015312593430280685
0.0 0.6237656772136688 0.0007656296715140342 0.007218718528747559 0.0015312593430280685
0.0 0.5179219096899033 0.0008515525609254837 0.004671961069107056 0.0017031051218509674
