0.0 0.5743038356304169 0.6657626461237669 0.020364224910736084 0.022520195692777634
0.0 0.44040098786354065 0.4362062821164727 0.01793450117111206 0.017436185851693153
0.0 0.42506322264671326 0.3952387161552906 0.021168172359466553 0.017537523061037064
0.0 0.2900887429714203 0.07940627867355943 0.01798957586288452 0.01549792941659689
0.0 0.2845914661884308 0.10998358717188239 0.01919764280319214 0.015506026335060596
0.0 0.2609867751598358 0.09840638935565948 0.017466723918914795 0.015412459149956703
0.0 0.2469148337841034 0.10877079702913761 0.01643890142440796 0.015086520463228226
0.0 0.2658647298812866 0.13420040160417557 0.017799854278564453 0.014392901211977005
0.0 0.2874894142150879 0.13012829283252358 0.016066431999206543 0.014713835902512074
0.0 0.22480082511901855 0.1781239965930581 0.017329931259155273 0.016079021617770195
0.0 0.21424812078475952 0.20263321790844202 0.01444709300994873 0.013704562559723854
0.0 0.12316718697547913 0.14565993007272482 0.017167747020721436 0.013161012902855873
0.0 0.10079336166381836 0.14824850484728813 0.017418622970581055 0.01310664787888527
0.0 0.160536527633667 0.13882332714274526 0.011713027954101562 0.012475716881453991
0.0 0.13634926080703735 0.18536057975143194 0.013607025146484375 0.012366509065032005
0.0 0.1521027684211731 0.1508909543044865 0.017906785011291504 0.015109981410205364
0.0 0.11556357145309448 0.22231142036616802 0.01614081859588623 0.014188215136528015
0.0 0.18332073092460632 0.18828062526881695 0.013732373714447021 0.012633908540010452
0.0 0.15771108865737915 0.20738605875521898 0.014613747596740723 0.013047454878687859
0.0 0.1535031497478485 0.22921082470566034 0.015336334705352783 0.016424624249339104
0.0 0.08951207995414734 0.24121277127414942 0.01657050848007202 0.015288842841982841
0.0 0.0729377269744873 0.17427889071404934 0.018625974655151367 0.014547798782587051
0.0 0.06483879685401917 0.12455685855820775 0.018568217754364014 0.01470352616161108
0.0 0.10350820422172546 0.042953310534358025 0.016665279865264893 0.014448322355747223
0.0 0.11559003591537476 0.12616336764767766 0.015793204307556152 0.012416926212608814
0.0 0.40677520632743835 0.052297167014330626 0.012582242488861084 0.011076961643993855
0.0 0.2136591076850891 0.0014105425216257572 0.01233208179473877 0.0028210850432515144
0.0 0.22289985418319702 0.000976854469627142 0.014971375465393066 0.001953708939254284
0.0 0.2188909351825714 0.011061422061175108 0.014191210269927979 0.012391026131808758
0.0 0.1750469207763672 0.0010886774398386478 0.00918424129486084 0.0021773548796772957
0.0 0.18066203594207764 0.012810457032173872 0.013061285018920898 0.011912100948393345
0.0 0.15562477707862854 0.0096377725712955 0.013492047786712646 0.010735935531556606
0.0 0.13208115100860596 0.03412021370604634 0.01151275634765625 0.013323026709258556
0.0 0.14150643348693848 0.03737614303827286 0.0091477632522583 0.009371453896164894
0.0 0.1390831470489502 0.06963396444916725 0.014013290405273438 0.011999733746051788
0.0 0.14277520775794983 0.02597462572157383 0.010015547275543213 0.009151076897978783
0.0 0.13996371626853943 0.01783429319038987 0.009765565395355225 0.009714768268167973
0.0 0.11932322382926941 0.16320565063506365 0.014459788799285889 0.014083759859204292
