0.0 0.9920281630009413 0.344116963353008 0.01594367399811745 0.009999836981296539
0.0 0.9748899735510349 0.34053259934298696 0.013536766171455383 0.009364457149058581
0.0 0.9636512868106365 0.310332457954064 0.01615803688764572 0.010876763332635164
0.0 0.9472132831811905 0.33531309505924584 0.017947502434253693 0.008877457119524479
0.0 0.9586008884012699 0.33747694571502507 0.010168306529521942 0.007306374330073595
0.0 0.9480812106281519 0.340862804511562 0.014968980103731155 0.01075800796970725
0.0 0.5949241671711206 0.21315349759534002 0.007378261536359787 0.0063424637541174885
0.0 0.5945600423961878 0.22325993962585927 0.011158805340528488 0.007918741554021835
0.0 0.5698292650282383 0.21982837761752308 0.01003970205783844 0.009543320070952177
0.0 0.5541722051799297 0.23039118628948926 0.013260312378406525 0.007968287356197834
