0.0 0.3019066274166107 0.9505804166197777 0.02573615312576294 0.022967487573623657
0.0 0.2780119895935058 0.9688324801623821 0.023802638053894043 0.021983183920383453
0.0 0.2658442378044128 0.9567519783973694 0.02856910228729248 0.021145127713680267
0.0 0.2536362528800964 0.9768808674067259 0.028748631477355957 0.02102312073111534
0.0 0.2635142028331756 0.8817865833640098 0.022331178188323975 0.02238692343235016
0.0 0.2705753862857818 0.8339060846716165 0.024982988834381104 0.021756570786237717
0.0 0.20886303186416622 0.8520726528018713 0.02609109878540039 0.022116657346487045
0.0 0.22563935518264766 0.7931016892194748 0.024739980697631836 0.02131269872188568
0.0 0.2091590583324432 0.772561164945364 0.02923518419265747 0.022614844143390656
0.0 0.16479576826095577 0.717645701393485 0.028881311416625977 0.0223393477499485
0.0 0.17539800405502315 0.7030403189361095 0.026211261749267578 0.01810631901025772
0.0 0.11318255662918086 0.6458632502704859 0.02741682529449463 0.021477553993463516
0.0 0.08627874851226802 0.6078681334853172 0.02773904800415039 0.019209913909435272
0.0 0.05984253883361812 0.5922343669459224 0.025214195251464844 0.017901884391903877
0.0 0.05251599550247188 0.5332272186875343 0.017996907234191895 0.01792989671230316
0.0 0.034204196929931596 0.5802816305309534 0.022692203521728516 0.018974650651216507
0.0 0.023661953210830644 0.5808841971680522 0.01703256368637085 0.019466349855065346
0.0 0.012329620122909501 0.5812965113669634 0.02365046739578247 0.02091529592871666
0.0 0.01859311461448665 0.5729694845154881 0.027890145778656006 0.018925515934824944
0.0 0.988747176527977 0.2501132845878601 0.00858423113822937 0.010046716779470444
0.0 0.9750463187694549 0.24735444821417332 0.013607919216156006 0.015740208327770233
0.0 0.9508996874094009 0.26261736582964657 0.015700310468673706 0.015878861770033836
0.0 0.9494246512651443 0.2556584918871522 0.01164194941520691 0.009353449568152428
0.0 0.9495303303003311 0.24901605155318976 0.014818400144577026 0.011859873309731483
