0.0 0.691611060500145 0.0014274649787694217 0.013109833002090454 0.0028549299575388433
0.0 0.7429100960493088 0.01554670506156981 0.01050218939781189 0.008767114486545324
0.0 0.7410734087228775 0.02254577442072332 0.008202999830245972 0.008056018967181444
0.0 0.706646853685379 0.07202045451849699 0.00999140739440918 0.00810939073562622
0.0 0.7096343874931336 0.07982463920488954 0.016460180282592773 0.014136993326246738
0.0 0.7194412142038346 0.08379732184112072 0.011528939008712769 0.010176217183470726
0.0 0.7593535125255585 0.0879457981325686 0.008254408836364746 0.008479862473905087
0.0 0.7647226244211197 0.09206857550889254 0.010480552911758423 0.009363055229187012
0.0 0.7780189156532288 0.05417460105381906 0.008751153945922852 0.008319847751408815
0.0 0.7864778429269791 0.051787600573152306 0.009039312601089478 0.008823755197227001
0.0 0.8619361609220505 0.0816990758292377 0.012883096933364868 0.010069775395095348
0.0 0.8640648514032364 0.127244833111763 0.007775455713272095 0.007295222952961922
0.0 0.8407370984554291 0.1188694384880364 0.007161855697631836 0.006720769219100475
0.0 0.830564820766449 0.10626317765563727 0.007516980171203613 0.006801361218094826
0.0 0.8357913732528687 0.12369669806212187 0.008208811283111572 0.008228430524468422
0.0 0.9036792904138565 0.09009442357346416 0.006556123495101929 0.0067521510645747185
0.0 0.9107524544000626 0.09561746492981911 0.009318619966506958 0.008524646982550621
0.0 0.9523329973220825 0.11245153676718474 0.009625375270843506 0.00974295660853386
0.0 0.9409570336341858 0.10794877000153065 0.008108675479888916 0.006922563537955284
0.0 0.9674732178449631 0.11840737350285054 0.010578542947769165 0.008294614031910896
0.0 0.966898375749588 0.12372166775166989 0.010932862758636475 0.012099260464310646
