0.0 0.006644541025161765 0.12556250654160978 0.01328908205032353 0.022609412670135498
0.0 0.6052031248807908 0.14360938109457494 0.01381257176399231 0.01379694789648056
0.0 0.6169218748807908 0.14710936211049558 0.017718762159347534 0.020781219005584717
0.0 0.6834218829870224 0.1817343754693866 0.027359336614608765 0.019687430933117867
0.0 0.6531874865293503 0.1369999822229147 0.02140626311302185 0.014234382659196854
0.0 0.15760936141014104 0.20920312106609346 0.02379673719406128 0.016734369099140167
0.0 0.15292193293571477 0.10576561633497476 0.02614063024520874 0.01245311088860035
0.0 0.19696872234344487 0.1290781281888485 0.02290642261505127 0.01609375700354576
0.0 0.1711405694484711 0.006535154208540917 0.015765488147735596 0.013070308417081834
0.0 0.22920306324958806 0.020437523536384106 0.019843876361846924 0.014953097328543663
