0.0 0.9474218875169754 0.6763749223202467 0.013796836137771606 0.013562489300966263
0.0 0.9117343366146088 0.7409531276673078 0.01706242561340332 0.018781129270792007
0.0 0.1218281403183937 0.7482343696057796 0.015031233429908752 0.022703155875205994
0.0 0.10471873134374618 0.49653124883770944 0.016796842217445374 0.011015631258487701
0.0 0.12331249713897705 0.4620312096551061 0.013999968767166138 0.013984384015202522
0.0 0.028343746066093446 0.01081249937415123 0.009796857833862305 0.00556248240172863
0.0 0.0275937557220459 0.014875015057623387 0.013109385967254639 0.006890628486871719
0.0 0.06117188334465027 0.033343746606260535 0.012125015258789062 0.007015627808868885
0.0 0.0710156351327896 0.05354685317724943 0.008765637874603271 0.007124986499547958
0.0 0.09668750464916229 0.062296856008470056 0.009937494993209839 0.007328113541007042
0.0 0.09812501221895217 0.05035939561203122 0.008703097701072693 0.0073281386867165565
0.0 0.08964060395956039 0.06621875688433647 0.008171841502189636 0.009453076869249344
0.0 0.07774999141693115 0.07248436361551285 0.010718733072280884 0.011281270533800125
0.0 0.06903122514486312 0.07504688743501901 0.01467190682888031 0.011468807235360146
0.0 0.0510625034570694 0.05887501528486609 0.008359372615814209 0.0070937806740403175
0.0 0.0822812482714653 0.08621874898672104 0.008171841502189636 0.00731247290968895
0.0 0.09479690492153167 0.003972667641937733 0.013578146696090698 0.007945335283875466
0.0 0.10990623533725738 0.00392187088727951 0.009249955415725708 0.007406266406178474
0.0 0.12067188471555709 0.05075002163648605 0.01103125512599945 0.006453143432736397
0.0 0.11395312994718551 0.059781254082918164 0.009109362959861755 0.00889061763882637
0.0 0.11632811427116393 0.0723437488079071 0.014109402894973755 0.016156218945980072
0.0 0.13723436892032623 0.06154687264934182 0.010421901941299438 0.008328082971274853
0.0 0.1188124880194664 0.005874988436698913 0.012437447905540466 0.011718755587935448
0.0 0.1604062631726265 0.07415625154972076 0.013171836733818054 0.010515633970499039
0.0 0.17162500470876693 0.07167188059538603 0.010453149676322937 0.009281231090426445
0.0 0.20026563256978988 0.06671872902661562 0.01146872341632843 0.007156217470765114
0.0 0.18410936892032623 0.10153125394135713 0.01287505030632019 0.009343793615698814
0.0 0.054953137040138246 0.17040623240172864 0.01282811164855957 0.008078109472990036
0.0 0.09173438102006912 0.17385936696082355 0.014843747019767761 0.0084062609821558
0.0 0.07542187869548797 0.19131250102072955 0.018421858549118042 0.009593741968274117
0.0 0.08518751114606857 0.21082811132073404 0.014093711972236633 0.008296877145767212
0.0 0.10715625584125518 0.20370309967547656 0.01442188024520874 0.007234370335936546
0.0 0.10990623533725738 0.17478125896304847 0.014171898365020752 0.007765648886561394
0.0 0.16571878045797347 0.22059372421354057 0.01146872341632843 0.010546864941716194
0.0 0.18734377771615982 0.23553125634789468 0.010296866297721863 0.009203128516674042
0.0 0.25381251573562624 0.2318593792617321 0.009999990463256836 0.010078098624944687
0.0 0.23889062702655792 0.21446875743567945 0.010578185319900513 0.010656248778104782
0.0 0.20793748795986175 0.21053124107420446 0.010359317064285278 0.009359333664178848
0.0 0.2820312321186066 0.2099218599498272 0.009687423706054688 0.00895318016409874
0.0 0.3139687865972519 0.21314063649624587 0.015156179666519165 0.010484402999281883
0.0 0.24603120386600494 0.19101563077419997 0.01170310378074646 0.0073438044637441635
0.0 0.29195317029953005 0.15553123764693738 0.014718711376190186 0.008750002831220627
0.0 0.27426561117172243 0.11701560467481613 0.011406183242797852 0.00821872428059578
0.0 0.2577656000852585 0.14893750455230476 0.01378127932548523 0.007890572771430016
0.0 0.2377968668937683 0.15475001074373723 0.014984428882598877 0.008015647530555725
0.0 0.20156248062849044 0.16581248845905067 0.009125009179115295 0.007937544956803322
0.0 0.2147343397140503 0.17099999804049731 0.015734374523162842 0.007609343156218529
0.0 0.24884372353553771 0.16812496334314347 0.009921848773956299 0.008437491953372955
0.0 0.23240625262260436 0.13757813144475223 0.009953141212463379 0.00821867398917675
