0.0 0.08201003368012608 0.06740423066075892 0.022747257817536594 0.01905104615725577
0.0 0.12643736796453595 0.07150409098248929 0.02339328695088625 0.020469034975394606
0.0 0.08079921449534595 0.0003000978147611022 0.02418227167800069 0.0006001956295222044
0.0 0.2430542332585901 0.15962409572675823 0.02405128153041005 0.02168093929067254
0.0 0.23283889102749528 0.1343123109312728 0.028338479902595283 0.023393393540754915
0.0 0.3037132725585252 0.22909360046032817 0.02428366309031844 0.021813156688585876
0.0 0.15900489836931228 0.06642171556595713 0.020166814886033536 0.01745381751097739
0.0 0.44474652293138206 0.08431737872306258 0.020230945479124785 0.016345574939623474
0.0 0.18677412741817534 0.05559145279694348 0.02146884435787797 0.022926237201318145
0.0 0.47412799089215696 0.06592261111363769 0.018389316368848087 0.017967642284929752
0.0 0.18823228497058153 0.07959796690847724 0.022085064835846425 0.0183529666159302
0.0 0.3076186262536794 0.21260271028149874 0.017072697449475528 0.016588297998532654
0.0 0.4314354888629168 0.06730490536428987 0.022349039372056723 0.018380519282072783
0.0 0.7757618271745741 0.2931805709144101 0.023476835153996945 0.02227925104089081
0.0 0.769467320246622 0.31168622768018395 0.02500851722434163 0.02334643010981381
0.0 0.7366742831654847 0.2624069273006171 0.024480673111975194 0.025208978541195394
0.0 0.7119448022451251 0.24448955240659415 0.031624149437993763 0.02819446036592126
