0.0 0.2982536221854389 0.10261204609414562 0.013680909387767315 0.012437980365939438
0.0 0.12564079519361257 0.17538278450956568 0.010664336383342743 0.010154132335446774
0.0 0.2740090330131352 0.11057282240362838 0.012642764858901501 0.01038769141305238
0.0 0.2669775445945561 0.11735653217183425 0.014399650134146213 0.01261517268139869
0.0 0.24527502795681358 0.1349821389419958 0.0095983961597085 0.009580777399241925
0.0 0.2301332821138203 0.13045897216070443 0.013738474436104297 0.011961128655821085
0.0 0.18290486056357622 0.03264411487034522 0.012396879866719246 0.011681965214665978
0.0 0.2092632383108139 0.009535175835480914 0.01319621168076992 0.012122171593364327
0.0 0.20947030801326036 0.13822471901075914 0.0129156231880188 0.013698441046290099
0.0 0.2494390368461609 0.12352429981110617 0.012224184721708298 0.010348942154087127
0.0 0.21428776243701578 0.13291996626649052 0.009303663112223148 0.008807873027399183
0.0 0.15012238789349794 0.16481334612471982 0.007419641315937042 0.007374635967426002
0.0 0.1567780587822199 0.16136669664410874 0.009280472621321678 0.008735576528124511
0.0 0.16421011770144106 0.14985829389188438 0.011310216225683688 0.010461976239457726
0.0 0.2019671973772347 0.14244146377313882 0.009102349914610387 0.009485615137964486
0.0 0.18175569772720337 0.1548240831005387 0.008422259986400605 0.007230459130369127
0.0 0.18752239979803562 0.1457440288970247 0.0082255519926548 0.008074827678501605
0.0 0.1400681587867439 0.1746509645250626 0.009670763649046421 0.009470240282826125
0.0 0.14558502854779362 0.16777424266329036 0.009631948359310628 0.008918086462654174
0.0 0.14009143151342868 0.023297000589082018 0.007824570313096047 0.008342084276955574
0.0 0.14868112355470658 0.020303816854720935 0.008165355399250984 0.007944326370488853
0.0 0.16276901783421635 0.013653787405928597 0.010458911396563053 0.01131285309093073
0.0 0.1724515412002802 0.15520410790340974 0.007363392040133476 0.0072974148904904725
0.0 0.1809164815582335 0.1504649648675695 0.00986944530159235 0.008318652072921396
