0.0 0.23383746147155762 0.12287760227918625 0.020797312259674072 0.0176074281334877
0.0 0.18107729256153107 0.11031877882778644 0.017672449350357056 0.015001427382230759
0.0 0.37166706323623655 0.182231711037457 0.01367640495300293 0.01316714845597744
0.0 0.506526431441307 0.24554740060120822 0.017947286367416382 0.015343459323048592
0.0 0.37531464397907255 0.3370854023844004 0.02221861481666565 0.01726071909070015
0.0 0.556265315413475 0.45215297378599645 0.02381148934364319 0.01807544007897377
0.0 0.34263733625411985 0.32198233604431153 0.021828174591064453 0.01982004940509796
0.0 0.5801113605499267 0.4193642258644104 0.019953131675720215 0.01711859554052353
0.0 0.3075265049934387 0.32064252234995366 0.02216559648513794 0.021233540028333664
0.0 0.3272919714450836 0.32104897759854795 0.021452128887176514 0.02264351025223732
0.0 0.4367280215024948 0.3045240219682455 0.014329701662063599 0.018682356923818588
0.0 0.48522705435752866 0.2681868623942137 0.014016866683959961 0.015592653304338455
0.0 0.581300875544548 0.2874615013599396 0.013765722513198853 0.015206918120384216
0.0 0.861220633983612 0.7609711539000272 0.02440202236175537 0.021106403321027756
0.0 0.8673583328723907 0.8367997508496046 0.027180254459381104 0.023462053388357162
0.0 0.5722821712493896 0.4037594020366669 0.019821524620056152 0.01603592187166214
0.0 0.8937248051166534 0.8902112998068332 0.02588421106338501 0.022012151777744293
0.0 0.9552919626235962 0.9904086127877235 0.02328336238861084 0.019182774424552917
0.0 0.9043818473815918 0.8062734127044677 0.024684548377990723 0.020764321088790894
0.0 0.6897707045078277 0.7143662467598915 0.020962536334991455 0.01923304796218872
0.0 0.8625068426132202 0.8850164476782083 0.023015141487121582 0.020324673503637314
0.0 0.6738405287265777 0.3393607873469591 0.015513360500335693 0.013120930641889572
0.0 0.7559809446334839 0.2003932248800993 0.014835119247436523 0.013182487338781357
0.0 0.752095228433609 0.2073120417073369 0.012974202632904053 0.012714928016066551
0.0 0.7736416816711426 0.3431558784097433 0.015611886978149414 0.012585025280714035
0.0 0.7994803845882416 0.38218513764441014 0.019186556339263916 0.014363128691911697
0.0 0.7957980692386627 0.3750926394015551 0.017459213733673096 0.012309428304433823
0.0 0.7821766495704651 0.3874361652880907 0.012324929237365723 0.011633109301328659
0.0 0.7655764579772949 0.4530181873589754 0.011126518249511719 0.011577989906072617
0.0 0.1579599142074585 0.19302213732153178 0.01529538631439209 0.019109783694148064
0.0 0.004906284809112549 0.06879134364426136 0.009812569618225098 0.01382923498749733
0.0 0.37890187501907346 0.045900927670300004 0.014671504497528076 0.013047656044363976
0.0 0.2148877888917923 0.10205416362732649 0.012849122285842896 0.01365618221461773
0.0 0.5917922019958496 0.170452681183815 0.014097332954406738 0.012367967516183853
0.0 0.5511959850788116 0.1480207469314337 0.010916054248809814 0.009599726647138596
0.0 0.5046711027622223 0.0657686784863472 0.010811448097229004 0.010042794048786163
0.0 0.7892089545726776 0.19422558583319188 0.010167896747589111 0.011541780084371567
0.0 0.7818812489509582 0.11834604367613792 0.01133108139038086 0.009861040860414505
0.0 0.6899091958999634 0.10012118779122829 0.011603236198425293 0.012016531080007553
0.0 0.6680500864982605 0.06847018264234066 0.009714603424072266 0.009387999773025513
0.0 0.7368247866630554 0.027091056853532792 0.010970234870910645 0.009903687983751297
0.0 0.6774169862270355 0.011767085455358029 0.014606773853302002 0.01185876689851284
0.0 0.8478996217250824 0.2078101782128215 0.011472880840301514 0.01182849146425724
0.0 0.8666707932949066 0.2251128152012825 0.01669853925704956 0.013249173760414124
0.0 0.877339905500412 0.23760412242263557 0.013554990291595459 0.011815918609499931
0.0 0.9240354657173157 0.8294439267367124 0.02476644515991211 0.019289877265691757
0.0 0.976994788646698 0.6172350093722343 0.01999211311340332 0.020203471183776855
0.0 0.9573740720748901 0.5805893622338771 0.020040392875671387 0.022423334419727325
0.0 0.9697581887245178 0.5834190592169761 0.01791536808013916 0.02220064401626587
0.0 0.9939895749092102 0.5742469605058431 0.01202085018157959 0.012827429920434952
0.0 0.9899764120578766 0.5793003931641578 0.019800961017608643 0.015976980328559875
0.0 0.9490589559078216 0.5325467240065336 0.011949241161346436 0.014197569340467453
0.0 0.9753640055656433 0.5406780920922756 0.014576554298400879 0.014893703162670135
0.0 0.980176693201065 0.4920507658272982 0.019343554973602295 0.014962200075387955
0.0 0.9562985062599182 0.43700821585953237 0.019028663635253906 0.013724830001592636
0.0 0.9596819341182709 0.428540750220418 0.01564997434616089 0.013103831559419632
0.0 0.8498456537723541 0.1699651561677456 0.012132704257965088 0.01041283831000328
0.0 0.8965834140777588 0.21032585557550193 0.012503385543823242 0.014857443049550056
0.0 0.9156854808330536 0.22084337547421456 0.01713806390762329 0.01770489290356636
0.0 0.918545788526535 0.2076593291014433 0.013066470623016357 0.01126980409026146
0.0 0.9099959790706634 0.24171187523752452 0.013642966747283936 0.01489204354584217
0.0 0.8996235191822052 0.2546093611046672 0.014706909656524658 0.015340844169259071
0.0 0.9211990296840668 0.25741765908896924 0.015687525272369385 0.012170825153589249
0.0 0.9517762124538421 0.2578548926860094 0.010663926601409912 0.011403780430555344
0.0 0.9581378757953644 0.2516175497323275 0.014664709568023682 0.01462625339627266
0.0 0.9367211520671844 0.27274326495826245 0.015076696872711182 0.016662050038576126
0.0 0.9516321778297424 0.27041426934301854 0.017212271690368652 0.01468539610505104
0.0 0.968458479642868 0.28219005540013314 0.011251866817474365 0.010079607367515564
0.0 0.980719393491745 0.27782800402492286 0.017822206020355225 0.012941339984536171
0.0 0.9592405319213867 0.3041612196713686 0.01138615608215332 0.01217404380440712
0.0 0.9849156200885772 0.3106829605996609 0.015127480030059814 0.013128876686096191
