0.0 0.05931249558925633 0.456937506981194 0.012171775102615356 0.010546864941716194
0.0 0.049796912074089095 0.4531875021755695 0.008500009775161743 0.015593759715557098
0.0 0.0550468891859055 0.4411562608554959 0.007093638181686401 0.009703176096081734
0.0 0.3058750063180924 0.6389218850061298 0.011187583208084106 0.009406255558133125
0.0 0.3241249352693558 0.6314843624830246 0.011421829462051392 0.014562483876943588
0.0 0.41103123426437377 0.5134375022724271 0.015656232833862305 0.014359356835484505
0.0 0.40071872174739837 0.49768748711794614 0.011781245470046952 0.01179690845310688
0.0 0.4964687556028366 0.5360625052824617 0.013171881437301636 0.009843790903687477
0.0 0.5214218378067017 0.48843751214444636 0.02274996042251587 0.006812475621700287
0.0 0.5294843792915345 0.5059375178068877 0.009953141212463379 0.00973440706729889
0.0 0.5548281252384186 0.5041562208905817 0.012062609195709229 0.012843774631619453
0.0 0.5850624769926072 0.514249985292554 0.015093773603439331 0.008296877145767212
