0.0 0.2099910118500702 0.4447233424987644 0.0114025465445593 0.01341163506731391
0.0 0.4079384586890228 0.4177130386698991 0.02008526085410267 0.017241172213107347
0.0 0.4602884214487858 0.43003686764277516 0.013955503120087087 0.013016525376588105
0.0 0.5079451996367425 0.4109691426623613 0.01809926424175501 0.013742970395833254
0.0 0.6300957002909854 0.44272051998414097 0.014776787487789989 0.01245000185444951
0.0 0.5962344022933393 0.41293321901466695 0.015943945851176977 0.012391852261498571
0.0 0.5786959467455745 0.39191916200798005 0.01130416220985353 0.012011634046211838
0.0 0.5887841900927014 0.4001807340653613 0.01198450697120279 0.011706035071983933
0.0 0.29611642463132737 0.41030446894001216 0.02023206395097077 0.013932796241715551
0.0 0.29486334634711964 0.40325643073301765 0.01943099603522569 0.01533308052457869
0.0 0.8949702868936583 0.3179288025246933 0.016049488680437207 0.012870645569637417
0.0 0.8516172567848116 0.3129178210394457 0.013633226975798607 0.010971415927633643
0.0 0.9962609490146861 0.46665023076348006 0.007478101970627904 0.014680485893040895
0.0 0.9726806015474722 0.468922556610778 0.01680533937178552 0.015875688660889863
0.0 0.9885125655215233 0.4673655071761459 0.016009847167879343 0.017195526603609325
0.0 0.8410203466424718 0.381196834333241 0.011054514208808541 0.01485351836308837
0.0 0.7045203019166365 0.29679444020148366 0.01210332359187305 0.01017868765629828
0.0 0.9989647016162053 0.24261484176386147 0.00207059676758945 0.00962754120118916
0.0 0.8778460887493565 0.3030955373775214 0.009578065713867545 0.010381300747394562
