0.0 0.8735558696091175 0.2760026024421677 0.008561290800571442 0.005891677038744092
0.0 0.8835637830197811 0.2822098816046491 0.00978441834449768 0.011559732025489211
0.0 0.893400764092803 0.2964393426198512 0.01117844060063362 0.007167334388941527
0.0 0.9316177055239677 0.30539516664575783 0.007746022939682007 0.008824372524395585
0.0 0.8042761616408824 0.30743358556646855 0.012243616580963134 0.007009490998461843
0.0 0.8185187797993422 0.3509240957908332 0.012887989729642868 0.0125855659134686
0.0 0.8037895895540714 0.3559609465301037 0.012033215165138245 0.011559774354100227
0.0 0.7981083374470472 0.36470637619495394 0.0096923865377903 0.013624479342252017
0.0 0.7716352716088295 0.37880430105142293 0.009429234266281127 0.01251978725194931
0.0 0.8785664107650518 0.4279102941276506 0.011059995740652084 0.013637643540278077
0.0 0.8475431133061647 0.4520424490328878 0.012585481256246566 0.012046384066343308
0.0 0.6376392938196659 0.4392859178595245 0.013742764294147492 0.011375644896179437
0.0 0.598199337720871 0.4357088539283723 0.00877184271812439 0.012388229928910732
0.0 0.6305509634315968 0.641601567203179 0.01913463920354843 0.010441875737160444
0.0 0.5234883233904839 0.6307124896906317 0.014847597479820252 0.013282548822462558
0.0 0.5501848466694355 0.6147865614388138 0.015820591151714324 0.016070565115660428
0.0 0.6797490000724793 0.6100653974805027 0.01458452045917511 0.015754962991923093
0.0 0.671240234375 0.5799626438412815 0.019200408458709718 0.011375644896179437
0.0 0.7143888164311647 0.582421893812716 0.013032621890306472 0.01783287450671196
0.0 0.6428865365684032 0.5583817401435226 0.02183072715997696 0.01073123412206769
0.0 0.6872713774442673 0.5608409901149571 0.023671814799308778 0.010270952805876732
0.0 0.6162031069397926 0.5945208076853306 0.013861209154129028 0.01703057801350951
0.0 0.6432022139430046 0.5979006626177579 0.01774084270000458 0.011651796754449606
0.0 0.5395062975585461 0.578437078371644 0.01175704449415207 0.013729708269238472
0.0 0.5886385649442673 0.5127607885980978 0.013650807738304137 0.014637106703594327
0.0 0.5198191665112972 0.5472822894342244 0.014992229640483856 0.015044773556292057
0.0 0.540439935028553 0.5266614621272311 0.020594656467437744 0.015163082024082541
0.0 0.6305508129298687 0.5121427062200382 0.013124804198741912 0.015281517477706074
0.0 0.6727000258862972 0.5201648457441479 0.013492931425571442 0.014584576897323131
0.0 0.6481601171195507 0.48485427610576154 0.015570758283138275 0.014413569308817386
0.0 0.7082209546118975 0.5121427062200382 0.01618894413113594 0.013598108617588877
0.0 0.528919554501772 0.4803040139144287 0.01630731374025345 0.014518755907192826
0.0 0.4297082133591175 0.4829473933437839 0.013979654014110564 0.013032683031633496
0.0 0.42434260100126264 0.8875655066687613 0.014018934965133668 0.01942400699481368
0.0 0.4729487895965576 0.8000321401748807 0.018990007042884827 0.014018981996923686
0.0 0.4197265625 0.8273731212597341 0.0213309109210968 0.010770684387534857
0.0 0.47890625 0.8653797271195799 0.020923051238059997 0.02139668958261609
0.0 0.46534747406840327 0.8296219980344176 0.019581930339336397 0.01303264070302248
0.0 0.42578922361135485 0.7927464973181486 0.015334019064903259 0.018792887404561042
0.0 0.60712890625 0.8185225049965084 0.023211580514907838 0.016899105347692966
0.0 0.4123356483876705 0.9122237003874034 0.02281711548566818 0.013861180935055017
0.0 0.7279475171118974 0.6638005109503865 0.017030549794435502 0.01463706437498331
0.0 0.7344309810549021 0.6459677211008966 0.009061031788587571 0.015978542715311052
0.0 0.7468718301504851 0.6376299582887441 0.017819630354642867 0.015413117129355669
0.0 0.7292100384831428 0.635026029124856 0.008745504915714264 0.015518346056342124
0.0 0.7202673010528088 0.6276483215391636 0.012611894309520722 0.010270952805876732
0.0 0.9132719963788987 0.29203371729236094 0.010520823299884796 0.006207279162481427
0.0 0.5071810096502304 0.6100653551518918 0.012256860733032227 0.014558163844048977
0.0 0.4564836747944355 0.9983595923986286 0.013085372745990753 0.003280815202742815
0.0 0.4385983504354954 0.8098559758625925 0.020515643060207367 0.01337465588003397
0.0 0.5096007764339447 0.6218223808333277 0.015952280163764952 0.015202574618160724
0.0 0.11076916530728342 0.9728368321899324 0.023132567107677415 0.020673378277570008
0.0 0.05460101738572121 0.9905118209775537 0.02490788549184808 0.014466141443699598
0.0 0.2557463511824608 0.833935537468642 0.01709639430046086 0.01958189271390438
0.0 0.5769077830016613 0.7222700372338295 0.011204703152179718 0.015570833534002303
0.0 0.5730809003114701 0.7148134291172028 0.00952134132385254 0.01205942127853632
