0.0 0.49284153822809457 0.8721703344490379 0.0216533362865448 0.02072102455422282
0.0 0.5029879683628679 0.6135189768858254 0.02316448502242565 0.019096463173627853
0.0 0.5133409357629717 0.5683416321873664 0.013549830950796603 0.015608223341405391
0.0 0.27341784406453373 0.24593501603230833 0.017289269343018575 0.01662169713526964
0.0 0.30905236722901464 0.2448847899446264 0.013136926479637712 0.01414707456715405
0.0 0.3553665420971811 0.254073987249285 0.01397055815905337 0.01403282443061471
0.0 0.34104055957868695 0.2711146174930036 0.013421606086194516 0.014468113146722316
0.0 0.38903823848813773 0.2513449680292979 0.013813593238592192 0.014568398846313358
0.0 0.41058103609830143 0.2808770023286343 0.01225108653306961 0.013480081409215926
0.0 0.4313189420849085 0.26562401130795477 0.015291070193052292 0.015343951154500246
0.0 0.4916268882341683 0.2501314010703936 0.018382922001183032 0.015281732892617583
0.0 0.5120415961369872 0.25927600304130466 0.018053516745567322 0.014058888191357255
0.0 0.5209250793792307 0.239747909642756 0.019105674885213374 0.017134364135563372
0.0 0.5039484644308686 0.21785913296043874 0.016539987176656723 0.014587480388581753
0.0 0.4882374322973192 0.21911358893848956 0.016762254945933818 0.013570180721580982
0.0 0.54204893540591 0.2156569125596434 0.017977670207619666 0.016198172979056836
0.0 0.6555288759060204 0.2544783581281081 0.013347460143268108 0.014220722625032068
0.0 0.3934144646860659 0.19855019035749139 0.01469637211412187 0.014594366960227489
0.0 0.38114654226228595 0.20557497167028488 0.019649525173008442 0.018161515425890683
0.0 0.34763886826112866 0.2240249818423763 0.01493989732116452 0.013953581033274532
0.0 0.29607929307967423 0.17940592768136412 0.015938316658139183 0.0129740618634969
0.0 0.3341945592314005 0.1749577523674816 0.02026463039219384 0.016297263093292713
0.0 0.3563744847662747 0.18423209926113487 0.017281956784427212 0.015511715691536665
0.0 0.361332824639976 0.16318855360150336 0.013639452308416367 0.012489371560513973
0.0 0.314962019957602 0.1354981272481382 0.021094180643558502 0.016206111665815114
0.0 0.34487412590533495 0.19711407714057713 0.013624146953225225 0.01314852167852223
0.0 0.4125317886471748 0.12829329078085722 0.016147489845752715 0.015434528701007366
0.0 0.3931961082853377 0.0891281502903439 0.016366696543991522 0.01353017643559724
0.0 0.5253100636415183 0.11321960169589147 0.01655410211533308 0.01582302220631391
0.0 0.516683030128479 0.10997966103022919 0.012653107196092606 0.014100709767080843
0.0 0.50692671649158 0.12471566898748279 0.019867031276226042 0.016145758517086505
0.0 0.42456672955304386 0.09634569582995027 0.016423326358199118 0.017733782809227706
0.0 0.43110985392704604 0.10504295758437365 0.013246104680001735 0.013299261080101132
0.0 0.505163284484297 0.10187043597688898 0.010068032704293729 0.0114977769786492
0.0 0.4981613395735621 0.09587768394267186 0.013639452308416367 0.011012751911766826
0.0 0.4746898121200502 0.03254889064701274 0.017092170380055904 0.01848468214739114
0.0 0.4820968387648463 0.030639182159211485 0.011337867006659508 0.01037947426084429
0.0 0.49649841273203493 0.03272026585182175 0.015553131885826587 0.011030398751609027
0.0 0.47291124481707814 0.08134131482802331 0.013646594807505607 0.011630510864779352
0.0 0.479888616129756 0.09149717875989154 0.012102114409208298 0.010770000261254608
0.0 0.47681147446855904 0.10617809414397925 0.013482487387955188 0.013025137269869447
0.0 0.45822244035080073 0.09060427974909543 0.013237601704895496 0.011130517069250345
0.0 0.5308052813634276 0.0691913221264258 0.014643483608961106 0.011807170556858182
0.0 0.5601410556584596 0.04876168563496321 0.011523571982979774 0.00939849647693336
0.0 0.5616477828472852 0.053901530988514426 0.016021645814180373 0.012474115891382098
0.0 0.49638532316312195 0.08390594106167555 0.010986354015767575 0.009481183160096407
0.0 0.5214926529675722 0.08850619483273477 0.010143028944730759 0.009321309486404061
0.0 0.5421171292662621 0.09714176438283176 0.010489950329065323 0.009750476805493236
0.0 0.8133729189634323 0.20359061083290725 0.016835210472345354 0.014727746462449431
0.0 0.8087437292560935 0.18443348365835846 0.015026117488741875 0.013356218766421079
0.0 0.8179728584364057 0.1807371641509235 0.017421575635671614 0.014785278029739857
0.0 0.685014047473669 0.09034284109948203 0.01224360391497612 0.009170641819946469
0.0 0.6807837323285639 0.0916328537859954 0.013567177020013333 0.009400050737895072
0.0 0.7089519631117582 0.08420694163069128 0.01127188391983509 0.010085671115666628
0.0 0.6911007321439684 0.10065917649772019 0.009664651565253734 0.00908008818514645
0.0 0.7743246213532984 0.11810735787730664 0.01606058944016695 0.015748680708929895
0.0 0.7750857226550579 0.03305079737911001 0.013424156978726388 0.011909488751553
0.0 0.8555232719518244 0.13585414865519851 0.00862490776926279 0.010328183649107814
0.0 0.9135375405661762 0.14517148879822345 0.011194846965372563 0.01042784764431417
0.0 0.9154105759225786 0.16257677257526665 0.01176080498844385 0.011622667824849487
0.0 0.940158314909786 0.1946473454358056 0.013588604517281055 0.015437254635617136
0.0 0.9889445597305894 0.2336518112104386 0.016888949275016784 0.015583259519189596
0.0 0.9986630561761558 0.24256406312342732 0.002673887647688389 0.014444440556690096
0.0 0.9731216284446418 0.0697309854440391 0.009362966008484363 0.008605297328904271
0.0 0.9147646049037575 0.08707125328946859 0.011143659055233002 0.010422252304852008
0.0 0.8808883269317448 0.08147981143556535 0.010991455800831319 0.009741390356794
0.0 0.8650025586597622 0.005567601835355163 0.009915659390389919 0.009340247558429837
0.0 0.8420120445080101 0.011830436601303517 0.01084690522402525 0.011192065803334117
0.0 0.7426528247073293 0.01362324075307697 0.01073075458407402 0.011422096425667405
0.0 0.700712155085057 0.000753589381929487 0.010018035210669041 0.001507178763858974
0.0 0.6827971518039704 0.0006808380130678415 0.012537806853652 0.001361676026135683
0.0 0.6705163048580289 0.00020073875784873963 0.009997117891907692 0.00040147751569747926
0.0 0.6512026472017169 0.0011357223731465638 0.011267802491784096 0.0022714447462931276
