0.0 0.5039174292236567 0.9933161338791251 0.022650524228811263 0.013367732241749763
0.0 0.1737762037664652 0.7563163420651108 0.013458003848791034 0.012602815125137567
0.0 0.20337663665413858 0.7774285762570798 0.015479806065559343 0.013706848211586475
0.0 0.23520295768976207 0.7985918982885778 0.012064307928085327 0.013027426414191723
0.0 0.14832175858318808 0.8313389027491211 0.012710110098123506 0.014454168453812598
0.0 0.0005847897380590328 0.8240693409927189 0.0011695794761180656 0.013299238868057728
0.0 0.24954439401626588 0.6495489076711237 0.013644880056381226 0.017970017716288568
0.0 0.3515995133668184 0.6141182745806872 0.017162080854177475 0.014301314949989319
0.0 0.45035804696381093 0.576700436603278 0.013644685596227646 0.010802412964403629
0.0 0.3716331873089075 0.6012436743360012 0.011333721131086305 0.010836362186819316
0.0 0.6079775299876928 0.5217541121412068 0.015819722414016725 0.016186672169715165
0.0 0.7296585889533163 0.5071130862925202 0.0132368054240942 0.011464832816272974
0.0 0.7193103918805719 0.5030366921797395 0.009243760630488396 0.0169509943574667
0.0 0.7250197419896722 0.4899582872632891 0.007714331522583962 0.010547711793333293
0.0 0.9958560355007648 0.7049368453677743 0.008287928998470306 0.010224948171526194
0.0 0.23764984980225567 0.05084626574534923 0.00791841745376587 0.007864028494805098
0.0 0.27877088002860545 0.06411152122309431 0.011469843238592148 0.006369347008876503
0.0 0.25370749421417715 0.07189062882680446 0.009090817719697997 0.007048755139112473
0.0 0.2349310051649809 0.06786518588196486 0.00897180810570708 0.0112610281445086
0.0 0.05012404806911941 0.07294369707815349 0.009957332164049149 0.006522214179858566
0.0 0.0662157230079174 0.07026006844826042 0.011044947803020455 0.009919213829562068
0.0 0.04162788949906826 0.08792442699195817 0.009464570134878114 0.00762623359914869
0.0 0.00281495600938797 0.08189477038104087 0.00562991201877594 0.008679301850497723
0.0 0.00951269790530207 0.16372826397418977 0.008003202080726579 0.006929850857704878
0.0 0.030871909484267213 0.16141832279972732 0.008207190781831741 0.006692096963524819
0.0 0.0400645270943642 0.1638641428668052 0.011690555512905099 0.008084835112094879
0.0 0.0742190223187208 0.16182595947757364 0.009957332164049149 0.006624143850058317
0.0 0.0565980155020952 0.16206375437323003 0.008393872529268265 0.005350282648578286
0.0 0.06557001806795598 0.16693841989617794 0.0077996022999285985 0.005910745495930314
0.0 0.173147514089942 0.16029731510207057 0.008207190781831741 0.007065757084637881
0.0 0.1630371417850256 0.16276013711467385 0.006525110453367233 0.0067599954083561896
0.0 0.15615529417991642 0.1610446353442967 0.00562417656183245 0.00597872594371438
0.0 0.1511086642742157 0.15971982297487558 0.006219224631786369 0.00567296426743269
0.0 0.14351314790546893 0.15994062959216535 0.007901110500097341 0.00691284891217947
0.0 0.11250239275395875 0.1565776064991951 0.0051487214863300546 0.010428752843290567
0.0 0.13112574443221092 0.15516786640509964 0.007255697250366122 0.006658093072474003
0.0 0.12920564487576486 0.16012745965272188 0.005913144350051858 0.0054182084277272224
0.0 0.12247674018144612 0.16230153560172766 0.005913144350051858 0.006182503281161189
0.0 0.11889128386974335 0.15999158076010644 0.006524915993213698 0.006165528669953346
0.0 0.10086278580129149 0.1603822428267449 0.00642321333289142 0.0054182084277272224
0.0 0.09406582005321978 0.1599066530354321 0.007323563843965597 0.00597872594371438
0.0 0.09104128405451772 0.1568154013948515 0.0083940669894218 0.007201635977253318
