0.0 0.39499732297845186 0.3458445630967617 0.01770643768832083 0.01882112128660083
0.0 0.3823549141641706 0.42412997686769816 0.020706432219594763 0.02347003840841353
0.0 0.4128943861462176 0.4598293500719592 0.018538600765168667 0.025499560264870526
0.0 0.4535789838526398 0.4733944564126432 0.01834787605330348 0.030339313857257365
0.0 0.5260169637389481 0.4548682159977034 0.016162976622581482 0.027320937486365438
0.0 0.2749897023662925 0.44952543689869345 0.025995718687772708 0.01665279911831021
0.0 0.17515117041766642 0.36166469992604106 0.02011679317802184 0.024268000619485974
0.0 0.14083114168606697 0.30086471964605155 0.018052957300096817 0.017884358763694763
0.0 0.12855291585437956 0.37202064925804734 0.0138216868974268 0.024025072157382966
0.0 0.017669520527124394 0.39373865476809444 0.03533904105424879 0.021700641512870787
