0.0 0.038298795418813814 0.9745059443172067 0.011257413681596495 0.014398978929966689
0.0 0.038070508418604765 0.6185374373802915 0.011463030148297526 0.012794596375897527
0.0 0.16487989500164985 0.5032911103917286 0.015497857891023092 0.01227582641877234
0.0 0.15234256274998192 0.4872440981213003 0.013764001429080963 0.01121076699346304
0.0 0.15944915991276504 0.4798274416709319 0.01618500351905816 0.012155274162068963
0.0 0.0008042350411415211 0.4515355068491772 0.0016084700822830422 0.007073897728696465
0.0 0.01563019505701957 0.435545583977364 0.010303493868559555 0.008489793865010142
0.0 0.0058569983579218055 0.4586430752184242 0.008694237470626809 0.007799829822033644
0.0 0.09162727133370935 0.4395361107075587 0.014234458934515692 0.013755358336493374
0.0 0.05601985938847065 0.3591909466078505 0.012303948774933904 0.00998810031451285
0.0 0.17561904974281783 0.421574540855363 0.007038409821689129 0.009638449363410472
0.0 0.2341931180562824 0.4055782445240766 0.010099986288696527 0.008926499355584382
0.0 0.24338874337263405 0.421153521980159 0.010394527483731597 0.010181379178538919
0.0 0.28037378564476967 0.44076221114955844 0.011359518952667624 0.014180700294673443
0.0 0.3429416462779045 0.4566340520977974 0.015285211801528887 0.01328811952844262
0.0 0.36139827240258454 0.45837373479735105 0.01262590549886231 0.012731751101091504
0.0 0.3740082733798772 0.46231618884485215 0.01009014481678605 0.010851827589794994
0.0 0.3828230688814074 0.4612349240342155 0.011894297506660222 0.009648182475939394
0.0 0.43972856835462154 0.36494010349269956 0.016754930187016726 0.011569311143830419
0.0 0.4781216440722346 0.3611824550665915 0.012066347524523735 0.012075087148696184
0.0 0.48132926095277073 0.40424792072735727 0.007988463342189788 0.013135947007685899
0.0 0.609584201592952 0.3559582933783531 0.011818553321063519 0.010157120507210493
0.0 0.6463354210369289 0.4473590381443501 0.013079843390733004 0.010178859438747167
0.0 0.7692115579266101 0.4252722342964262 0.015483622904866934 0.012623402290046215
0.0 0.7792175230104477 0.4430096708238125 0.01041860394179821 0.010790217481553555
0.0 0.7241377483820542 0.4105481101199985 0.013525609346106648 0.009733408968895674
0.0 0.7037072920473293 0.412421684875153 0.012221614317968487 0.01126990676857531
0.0 0.6837371002649888 0.4230540974764153 0.01037141759879887 0.009754703240469098
0.0 0.8274888443527744 0.4392006888752803 0.013052867213264107 0.008690187288448215
0.0 0.9112105973763391 0.4332071419339627 0.017032336676493287 0.011958092171698808
0.0 0.9607168916380033 0.45662757982499896 0.010049812356010079 0.010059591755270958
0.0 0.4596063205972314 0.35482458339538425 0.00922954324632883 0.00886380230076611
0.0 0.3519074907992035 0.3096391025464982 0.007329611945897341 0.00713175293058157
0.0 0.3350803312379867 0.383454706822522 0.009246941562741995 0.009396208496764303
0.0 0.25804840661585327 0.30917270365171134 0.008484754711389542 0.007326019927859306
0.0 0.21053597698919474 0.3503944608848542 0.010040234494954304 0.008936380688101053
0.0 0.17626849901862446 0.3595933144679293 0.010077491495758317 0.008166180225089192
0.0 0.18941099392250182 0.23806975983316078 0.010990112274885222 0.010901950648985803
0.0 0.20884298020973802 0.2362392059294507 0.011941923201084226 0.00848460616543889
0.0 0.12070785425603392 0.26130614555440845 0.011062868870794773 0.009513154067099095
0.0 0.12890044027008113 0.2949563317466527 0.00891233151778581 0.008031645882874727
0.0 0.10993952658027406 0.3106612769886851 0.009433753788471222 0.009958900976926088
0.0 0.2462023498956114 0.22919886767631398 0.009576982352882624 0.008000099728815258
0.0 0.08013295936398207 0.2622229108819738 0.006706435885280304 0.007288322644308209
0.0 0.03192486069165168 0.31272301701828836 0.008780174609273717 0.007231159135699272
0.0 0.017201755102723815 0.35475689626764506 0.009219350293278694 0.010273374384269118
