0.0 0.7112829953432083 0.5223789636045695 0.019593626260757446 0.015400238335132599
0.0 0.7653645545244216 0.5183109158650041 0.016641587018966675 0.01313033513724804
0.0 0.5658087402582168 0.559218760766089 0.01256445050239563 0.01189497672021389
0.0 0.42264190018177034 0.6004395188763738 0.016878515481948853 0.013455519452691078
0.0 0.5377488106489181 0.7115526005625725 0.02124515175819397 0.014727741479873657
0.0 0.3408952325582504 0.7965958427637816 0.022853583097457886 0.015313234180212021
0.0 0.5724013864994049 0.7018003400415183 0.020294487476348877 0.01765480265021324
0.0 0.3225272417068481 0.7604523051530123 0.018752574920654297 0.015026573091745377
0.0 0.6072831571102142 0.7060228075832129 0.02038496732711792 0.019159723073244095
0.0 0.5877016007900238 0.7033023435622454 0.019306540489196777 0.020872648805379868
0.0 0.4822491228580475 0.6697000816464425 0.012179195880889893 0.017900928854942322
0.0 0.44009816348552705 0.6261589026078582 0.012454122304916382 0.0145255196839571
0.0 0.3421859115362167 0.6300173357129097 0.01225242018699646 0.014146976172924042
0.0 0.33272289931774135 0.7462799821048975 0.01882454752922058 0.013848144561052322
0.0 0.2426106452941894 0.6666492030024529 0.01461803913116455 0.01147308200597763
0.0 0.18345023393630977 0.5164523210376502 0.013850927352905273 0.011678371578454971
0.0 0.18619449138641353 0.5238980159163475 0.01187431812286377 0.011533331125974655
0.0 0.1434626996517181 0.6546336274594069 0.014835655689239502 0.010856810957193375
0.0 0.11178402304649349 0.6890920002013445 0.018455207347869873 0.012114699929952621
0.0 0.11654020547866817 0.6826700877398253 0.016947269439697266 0.010177474468946457
0.0 0.12804107069969173 0.6970100320875645 0.011369884014129639 0.010460413992404938
0.0 0.13407461047172542 0.7643908273428679 0.010047376155853271 0.010640759021043777
0.0 0.7751292258501052 0.6036274164915085 0.013167589902877808 0.018181856721639633
0.0 0.9488197833299636 0.5055995082482696 0.014750093221664429 0.0122115109115839
0.0 0.5801974058151245 0.42345647159963845 0.013695895671844482 0.01156134344637394
0.0 0.7332837700843811 0.5048098826780916 0.011545121669769287 0.012606097385287285
0.0 0.35030710399150844 0.5128201741725207 0.013194054365158081 0.010920681059360504
0.0 0.393936675786972 0.4970817008987069 0.010212063789367676 0.008481597527861595
0.0 0.45286878645420076 0.4232103956863284 0.010006159543991089 0.008995776996016502
0.0 0.151613575220108 0.5051139445975423 0.008987724781036377 0.010793795809149742
0.0 0.17083392739295955 0.4313442029058933 0.010621368885040283 0.008688747882843018
0.0 0.2645300149917602 0.4278745476156473 0.010489225387573242 0.011032629758119583
0.0 0.2911137461662292 0.40007327515631913 0.008917808532714844 0.008488336578011513
0.0 0.22973800897598262 0.3483510149642825 0.010210990905761719 0.00880899466574192
0.0 0.2908204913139343 0.34260250460356473 0.013863801956176758 0.010251352563500404
0.0 0.36907416284084316 0.30186293479055165 0.015778273344039917 0.011799724772572517
0.0 0.3929773837327957 0.2976836675778031 0.014970034360885665 0.010776696726679802
0.0 0.43744429647922517 0.2871604647487402 0.00894901156425476 0.007496438920497894
0.0 0.09151394367218013 0.509258183836937 0.010382294654846191 0.010849669575691223
0.0 0.07024554610252376 0.5233788575977087 0.0159110426902771 0.011376723647117615
0.0 0.057737421989440874 0.5340282667428256 0.012701869010925293 0.010415755212306976
0.0 0.0955697119235992 0.47158088367432355 0.01140207052230835 0.009141119197010994
0.0 0.04304374456405635 0.5040529716759921 0.010918021202087402 0.014012698084115982
0.0 0.022520375251769975 0.5114214440807701 0.015501737594604492 0.016246793791651726
0.0 0.021778297424316362 0.4979511138051748 0.012268424034118652 0.009906504303216934
0.0 0.024842453002929643 0.5329266332089901 0.012179374694824219 0.01382128894329071
0.0 0.03304759860038753 0.5473004991188646 0.01327282190322876 0.014106189832091331
0.0 0.011299353837966875 0.5466658465564251 0.015003383159637451 0.01038065180182457
0.0 0.00013027191162107155 0.5593474816530943 0.0002605438232421431 0.015501927584409714
