0.0 0.5720653623342514 0.601066754385829 0.011052221059799194 0.011707339435815811
0.0 0.5568824052810669 0.595519107952714 0.022983312606811523 0.01949888840317726
0.0 0.7971060514450073 0.5302438635379076 0.01788318157196045 0.012239623814821243
0.0 0.8106175005435944 0.5418616339564324 0.015136778354644775 0.011786296963691711
0.0 0.8209494590759278 0.5362370416522027 0.01821756362915039 0.010370492935180664
0.0 0.8265585839748383 0.5479291427880526 0.019339263439178467 0.014097992330789566
0.0 0.8823210388422013 0.4479963967576623 0.022215932607650757 0.012641703709959984
0.0 0.8697048664093018 0.4566912047564983 0.014325499534606934 0.011421885341405869
0.0 0.8326793402433396 0.47270907200872897 0.015131145715713501 0.009636640548706055
0.0 0.8324975311756134 0.4994320712983608 0.015830934047698975 0.012659355998039246
0.0 0.8732432365417481 0.49026437308639287 0.017940759658813477 0.010108726099133492
0.0 0.9156625509262085 0.41516633443534373 0.0181882381439209 0.009730584919452667
0.0 0.9204720199108124 0.4255390401929617 0.019458353519439697 0.009913645684719086
0.0 0.9657912492752075 0.39244688414037227 0.01938629150390625 0.011732686311006546
0.0 0.9897875428199768 0.37404623460024594 0.019097328186035156 0.011548066511750221
0.0 0.03662692904472351 0.07386239962652326 0.010510236024856567 0.008053391240537167
0.0 0.0465064212679863 0.07807107474654913 0.012738659977912903 0.008078059181571007
0.0 0.07926904559135436 0.004796653240919113 0.010895758867263794 0.008647408336400986
0.0 0.09169945269823074 0.001215195842087269 0.01064707338809967 0.002430391684174538
0.0 0.06496308147907257 0.011802625097334384 0.008577704429626465 0.00565924309194088
0.0 0.11714972704648971 0.019819643069058656 0.006828412413597107 0.004877840168774128
0.0 0.19993657767772674 0.010725370328873395 0.013324052095413208 0.00827628280967474
0.0 0.20164040625095367 0.018906074296683072 0.009484738111495972 0.006074775941669941
0.0 0.146248722076416 0.06659748982638121 0.00843358039855957 0.006587119773030281
0.0 0.16012088358402252 0.08397237043827772 0.008907169103622437 0.00740324892103672
0.0 0.15160317122936248 0.09435737244784832 0.008613556623458862 0.008807133883237839
0.0 0.19354701936244964 0.0856670655310154 0.008700460195541382 0.008328258991241455
0.0 0.2623108118772507 0.0024762908928096295 0.007718771696090698 0.004952581785619259
0.0 0.2718257248401642 0.007652049139142037 0.00907355546951294 0.006616590544581413
0.0 0.33184712529182436 0.012306947447359561 0.010206878185272217 0.008568953722715378
0.0 0.31834649443626406 0.011669994052499532 0.0075743794441223145 0.006532025523483753
0.0 0.3547875225543976 0.015489979367703199 0.0116005539894104 0.0053466567769646645
0.0 0.35505408942699435 0.02091421065852046 0.009782642126083374 0.006119635887444019
0.0 0.3522654414176941 0.027808925323188304 0.010332763195037842 0.00656549446284771
