0.0 0.5710722543532029 0.808984019421041 0.02026387327350676 0.024853087961673737
0.0 0.5344012866728007 0.7755613516550511 0.0182733035646379 0.023904477711766958
0.0 0.5029555533546954 0.7434451129287482 0.02124371873214841 0.021866993047297
0.0 0.45759104900062086 0.7264304990880192 0.023825256898999215 0.024433196522295475
0.0 0.5523013751022517 0.6320258582476527 0.0174957275390625 0.01858545234426856
0.0 0.438726821471937 0.5453663823194802 0.015365090919658542 0.013577491044998169
0.0 0.4036109613487497 0.5677778125740588 0.02013946822844446 0.014479546807706356
0.0 0.39504191870801153 0.6013560123741627 0.02129034837707877 0.013950727880001068
0.0 0.3582309286110103 0.5913089533336461 0.022674465738236903 0.015801494009792805
0.0 0.32042456467170266 0.6277177660726011 0.014758549584075808 0.013624145649373531
0.0 0.07920126905664801 0.6183860943187028 0.026251422241330147 0.015070538502186537
0.0 0.32358158740680665 0.8942747934255749 0.017418041126802564 0.02530411584302783
