0.0 0.6274093806743621 0.978863176703453 0.031697094440460205 0.02498316764831543
0.0 0.6502867460250854 0.989926103875041 0.018335580825805664 0.020147792249917983
0.0 0.9736822068691253 0.8479072384536266 0.02332860231399536 0.019793495535850525
0.0 0.9916976451873779 0.8699699833989143 0.01660470962524414 0.019107721745967865
0.0 0.9973939418792724 0.86014364361763 0.005212116241455078 0.01726866513490677
0.0 0.03330433070659637 0.0022211702540516852 0.007158905267715454 0.0044423405081033705
0.0 0.04897258877754211 0.004680521227419377 0.01293647289276123 0.009361042454838753
0.0 0.11759927570819854 0.007874101214110852 0.010616451501846313 0.014237148687243462
0.0 0.10701720118522644 0.15536540541797877 0.014516115188598633 0.009526854380965233
0.0 0.09982061088085174 0.1516608389094472 0.009346693754196167 0.008719375357031822
0.0 0.01178930401802063 0.1607555139809847 0.015218675136566162 0.011255722492933273
0.0 0.011809107661247254 0.17659125085920097 0.017948180437088013 0.013557611033320427
0.0 0.027020853757858277 0.17549507394433023 0.014851927757263184 0.011673040688037872
0.0 0.01950807571411133 0.16860268525779248 0.010847926139831543 0.007825847715139389
0.0 0.1589790999889374 0.056518375687301156 0.012017548084259033 0.010691704228520393
0.0 0.17581537067890168 0.04587668627500534 0.012895792722702026 0.009560097008943558
0.0 0.2179203748703003 0.1682996291667223 0.012186527252197266 0.009948547929525375
0.0 0.2667363554239273 0.15235488563776017 0.011062771081924438 0.009637244045734406
0.0 0.2863761603832245 0.051783514022827146 0.01641136407852173 0.010552547872066498
0.0 0.3560197174549103 0.03346878737211227 0.008196115493774414 0.010106261819601059
0.0 0.36567035019397737 0.03986706286668777 0.009006232023239136 0.010545607656240463
0.0 0.4164805978536606 0.04048514440655708 0.007314115762710571 0.009181603789329529
0.0 0.19669824540615083 0.07164864968508482 0.010538488626480103 0.007088726386427879
0.0 0.2175582766532898 0.13243732117116452 0.009649693965911865 0.007183726876974106
0.0 0.228733566403389 0.15318004209548236 0.009598106145858765 0.009683562442660332
0.0 0.4304512858390808 0.04010531846433878 0.01163095235824585 0.01435372419655323
0.0 0.45163841247558595 0.05926574561744928 0.013866126537322998 0.014094119891524315
0.0 0.45427958369255067 0.052660747244954106 0.010755836963653564 0.007833592593669891
0.0 0.45530919432640077 0.046097742207348344 0.01369929313659668 0.009921642020344734
