0.0 0.9147283455822617 0.44406289588660003 0.01681994879618287 0.015778143145143985
0.0 0.7555962337646633 0.5234305025078356 0.012692348565906286 0.009384303353726864
0.0 0.6748243139591068 0.5617156222462654 0.010486690793186426 0.011807841807603836
0.0 0.6528963823802769 0.5786667825654149 0.017606882378458977 0.011227805726230144
0.0 0.5425603524781764 0.6336324206087738 0.01457576360553503 0.020869930554181338
0.0 0.4494184006471187 0.796273417584598 0.016561918426305056 0.016216447949409483
0.0 0.4810590057168156 0.8260508020874113 0.01712964428588748 0.015558990743011236
0.0 0.5131253313738853 0.857787488726899 0.011054121423512697 0.015958626475185155
0.0 0.40907104196958244 0.9168910494074225 0.011621847283095121 0.017415189184248447
0.0 0.2267082256730646 0.9171230223495513 0.02471408387646079 0.014244076330214739
0.0 0.08328703395090997 0.8856183916330338 0.012305303011089563 0.021089082956314086
0.0 0.05663809133693576 0.9215573940426112 0.017542227171361446 0.023112819716334342
0.0 0.36785939964465797 0.04056054693646729 0.008732438553124666 0.005955452006310225
0.0 0.3860596928279847 0.03816288813250139 0.008861453738063574 0.00494999389629811
0.0 0.39418587810359895 0.04102460691938177 0.010641390923410654 0.006896475492976606
0.0 0.4252976537682116 0.03750547241652384 0.01009979285299778 0.00600704534444958
0.0 0.40918714087456465 0.03960664067417383 0.009106641635298729 0.005001545744016766
0.0 0.4172359760850668 0.0439636638504453 0.006307573057711124 0.004705075942911208
0.0 0.43731931527145207 0.034282818087376654 0.006952501367777586 0.005272270739078521
0.0 0.443343025399372 0.0367062424425967 0.007700612302869558 0.008211348415352404
0.0 0.44945707567967474 0.036435538192745295 0.006862161215394735 0.004833986680023372
0.0 0.4615947622805834 0.033444919041357934 0.005843177437782288 0.00786326453089714
0.0 0.4776408413890749 0.030222264712210744 0.006500800605863333 0.005207815370522439
0.0 0.5156792858615518 0.035288276197388765 0.006333258002996445 0.0068062545731663706
0.0 0.5061471450608224 0.03796953239943832 0.005946360062807798 0.0055300922133028505
0.0 0.50063934805803 0.03576521895593032 0.004630818497389555 0.004911324824206531
0.0 0.49510571849532425 0.03617773746373132 0.006204390432685614 0.006213294225744903
0.0 0.4890046583022922 0.03580390877323225 0.006746136117726564 0.0054527333239093425
0.0 0.4751772270537913 0.03590702284127474 0.004785371012985706 0.005194932594895363
0.0 0.46903741802088916 0.03826601257314906 0.005185259040445089 0.0037382661597803236
0.0 0.46678002132102847 0.03590704358648509 0.004966051317751408 0.004730862239375711
