0.0 0.6214455783367157 0.716446316242218 0.0216863751411438 0.02051125466823578
0.0 0.6379476010799408 0.44473832510411737 0.023611843585968018 0.018472742289304733
0.0 0.6318524599075317 0.3963808625936508 0.013216137886047363 0.015820473432540894
0.0 0.9166714966297149 0.08417620919644833 0.017305433750152588 0.016464203596115112
0.0 0.8794993877410888 0.0793417202308774 0.012945771217346191 0.014224676415324211
0.0 0.830080223083496 0.08410190362483264 0.013902783393859863 0.013983780518174171
0.0 0.8432821452617645 0.10343447830528021 0.013224184513092041 0.0145492572337389
0.0 0.7951376557350158 0.07771655302494765 0.013653874397277832 0.014610009267926216
0.0 0.76950244307518 0.10635960325598717 0.012034356594085693 0.013589747250080109
0.0 0.7494048297405242 0.08822539765387774 0.015219032764434814 0.01528823934495449
0.0 0.6879326224327087 0.06569242794066668 0.01872074604034424 0.014803329482674599
0.0 0.6656150341033935 0.07312094829976559 0.018512606620788574 0.013465728610754013
0.0 0.6583682417869567 0.0517561225220561 0.019289016723632812 0.01679989881813526
0.0 0.6784247279167175 0.0306320920586586 0.016731619834899902 0.014265965670347214
0.0 0.6947306811809539 0.0335916917771101 0.01711946725845337 0.013086531311273575
0.0 0.6387933909893035 0.02433369532227516 0.018140137195587158 0.015893295407295227
0.0 0.5159958720207214 0.05305909775197506 0.013173580169677734 0.014279644936323166
0.0 0.7960941314697265 0.022015084885060786 0.014647722244262695 0.014520993456244469
0.0 0.8081928610801696 0.030651630274951457 0.019765734672546387 0.017887702211737633
0.0 0.8413155496120452 0.053469702042639254 0.015008747577667236 0.013764208182692528
0.0 0.8999371945858001 0.0121867585927248 0.01626831293106079 0.01252346858382225
0.0 0.8605258882045745 0.005692984163761139 0.020710766315460205 0.011385968327522278
0.0 0.836348009109497 0.01091599501669407 0.017446160316467285 0.015210840851068497
0.0 0.8470296382904052 0.0256008630618453 0.013629913330078125 0.01303095929324627
0.0 0.16934664249420167 0.0019936228170990946 0.01699233055114746 0.003987245634198189
0.0 0.15212417840957643 0.005602962523698807 0.014302968978881836 0.011205925047397614
0.0 0.14125542044639589 0.011920339800417424 0.01153331995010376 0.012167254462838173
0.0 0.13240663409233094 0.013750922307372094 0.01311725378036499 0.011262260377407074
