0.0 0.7006252358667553 0.8838958489708603 0.014644511695951223 0.013015679083764553
0.0 0.6809653853764758 0.8753463538363576 0.014206952461972833 0.017445338889956474
0.0 0.5792377159697935 0.7381901290267706 0.018273654906079174 0.015039028599858284
0.0 0.37581884912215174 0.7385729431174696 0.01559288715943694 0.011721345596015453
0.0 0.410816283011809 0.7278906140476465 0.011963639594614505 0.014929661527276039
0.0 0.5906906958669425 0.7198333294130862 0.009921000804752111 0.012578093446791172
0.0 0.47751004656311125 0.7634010287933052 0.015519943227991462 0.012049446813762188
0.0 0.44130898562725634 0.7287474205717445 0.011288986494764685 0.012669213116168976
0.0 0.4488227323396131 0.7094791602343321 0.025860449904575943 0.00898699276149273
0.0 0.9893947116099298 0.6720364863052964 0.01353209065273404 0.011520858854055405
0.0 0.9978980186395348 0.6662942749448121 0.004203962720930576 0.01627861987799406
0.0 0.9941729043610394 0.6529687420465052 0.0068389892578125 0.010445318184792995
