0.0 0.3867968708276749 0.8250468853861094 0.010546892881393433 0.011234398931264877
0.0 0.40221876800060274 0.8202031176537276 0.022156208753585815 0.01849989965558052
0.0 0.16525002717971804 0.7439531289041043 0.01737499237060547 0.011452965438365936
0.0 0.15121876597404482 0.7549374286085367 0.014640748500823975 0.01112496480345726
0.0 0.141156280040741 0.7488437682390213 0.017796814441680908 0.009562410414218903
0.0 0.13501558601856234 0.7602656535804272 0.018749982118606567 0.013249978423118591
0.0 0.08390627205371859 0.6578750150278211 0.021703094244003296 0.011656293645501137
0.0 0.09610938429832461 0.667140630632639 0.013843774795532227 0.010796863585710526
0.0 0.13235939443111422 0.6848437381908298 0.014734357595443726 0.008968720212578773
0.0 0.13131248354911806 0.7115468472242356 0.0152968168258667 0.011968754231929779
0.0 0.09103129208087923 0.7005156256258488 0.01753118634223938 0.009312562644481659
0.0 0.0521093547344208 0.6235468467697501 0.017796814441680908 0.008921848610043526
0.0 0.04682808518409731 0.6336874827742577 0.019062459468841553 0.009046822786331177
0.0 0.006265652179718029 0.5985468566417694 0.012531304359436057 0.010875016450881958
0.0 0.9564999878406525 0.21279688701033592 0.00968751311302185 0.011906241998076439
0.0 0.9459062680602074 0.32301561124622824 0.010171875357627869 0.007593803107738495
0.0 0.93584373742342 0.32676564119756224 0.01240624487400055 0.007515650242567062
0.0 0.906484366953373 0.2520625033415854 0.010531201958656311 0.008171877823770046
0.0 0.8943593740463257 0.245140618737787 0.010312467813491821 0.007515625096857548
0.0 0.920453155040741 0.25971875581890347 0.008343726396560669 0.005281252786517143
0.0 0.8679531157016754 0.2653281223960221 0.006624966859817505 0.004578103311359882
0.0 0.955375024676323 0.22175000431016087 0.006875038146972656 0.005968761630356312
0.0 0.7856718838214874 0.2524375138804317 0.012984395027160645 0.007687496021389961
0.0 0.7835937529802323 0.2605312388390303 0.009234398603439331 0.005656225606799126
0.0 0.8367343708872795 0.3107187557965517 0.00815628468990326 0.0062187351286411285
0.0 0.8220781102776528 0.3274375094100833 0.008593752980232239 0.00701560266315937
0.0 0.8301093816757202 0.33820311687886717 0.008234381675720215 0.008437491953372955
0.0 0.7886093944311142 0.32759373970329764 0.008343726396560669 0.007953085005283356
0.0 0.7237968534231186 0.2401562487706542 0.00740620493888855 0.006968731060624123
0.0 0.7140000402927399 0.24606249816715717 0.008796930313110352 0.0062187351286411285
0.0 0.6538280785083771 0.247953116055578 0.009843707084655762 0.008125006221234798
0.0 0.6673437297344208 0.2479375005699694 0.007296860218048096 0.006203119643032551
0.0 0.6307656407356262 0.25007812967523935 0.011390626430511475 0.004828101955354214
0.0 0.6302499860525131 0.25548438178375366 0.009531229734420776 0.005687481723725796
0.0 0.6327186912298203 0.2624999970197678 0.010062485933303833 0.006109351292252541
0.0 0.974515625834465 0.0006445285864174366 0.009890645742416382 0.0012890571728348733
0.0 0.959515617787838 0.0013320311438292265 0.006375029683113098 0.002664062287658453
0.0 0.9351249948143959 0.0017734326422214508 0.004906252026557922 0.0035468652844429017
0.0 0.9272031128406525 0.0004726576618850231 0.008687496185302734 0.0009453153237700462
0.0 0.9114218667149544 0.0005312471650540829 0.0067187100648880005 0.0010624943301081658
0.0 0.9450781136751175 0.0007109384052455426 0.007765620946884155 0.0014218768104910851
0.0 0.9882968828082085 0.0012929672840982676 0.006468728184700012 0.002585934568196535
0.0 0.9933437496423722 0.0025664088781923054 0.006406277418136597 0.005132817756384611
0.0 0.9991210892796516 0.0005781250540167094 0.0017578214406967162 0.0011562501080334187
