0.0 0.9909745088778437 0.9580808332189917 0.015099305473268033 0.015519682317972183
0.0 0.9626678401138633 0.9629857783205807 0.01466848785057664 0.01617491226643324
0.0 0.9849422581959516 0.10449387687258423 0.01294500296935439 0.008087516389787197
0.0 0.8977929663378745 0.09674334535375237 0.00946051487699151 0.009828569740056992
0.0 0.8895501356571913 0.1705792312277481 0.010603323206305503 0.007301198272034526
0.0 0.9989764055237174 0.05250545681919903 0.002047188952565193 0.0069642435293644665
0.0 0.999491585791111 0.05920761439483613 0.001016828417778015 0.005054682679474354
0.0 0.9949085737578571 0.05737294493010268 0.004533500596880913 0.004586684959940612
0.0 0.9922108986414969 0.0648426431696862 0.006706776656210422 0.005447796545922756
0.0 0.9833873378112912 0.06096738494234159 0.007100183144211769 0.007301183207891882
0.0 0.9735146572813391 0.06424357987707481 0.006369326077401638 0.0068144607590511445
0.0 0.9687188499607146 0.05443372733425349 0.005751238390803337 0.00572865242138505
0.0 0.9649532959796489 0.058645977964624764 0.008467565476894378 0.006945533864200115
0.0 0.9488235763739794 0.05864597043255344 0.008430154342204333 0.006496215681545436
0.0 0.9473249870818108 0.06768824465107173 0.0050393548794090744 0.005391667550429702
0.0 0.9322255208157003 0.06375681976787746 0.006463014706969261 0.007769241183996201
0.0 0.8668635519221425 0.10539246804546565 0.007399901002645493 0.00666470811702311
0.0 0.8663390456698835 0.11460324223153293 0.005882230959832669 0.00589712979272008
0.0 0.8499657249078154 0.08581025761086494 0.00792430005967617 0.009660062240436673
0.0 0.8335363410413266 0.09298039784189313 0.008167847618460655 0.008031327137723565
0.0 0.8357094027101993 0.11201972670387476 0.005751238390803337 0.00460537956096232
0.0 0.8478488335385919 0.12400121851824224 0.008299054577946663 0.008087516389787197
0.0 0.8422662132419646 0.12117432670202107 0.006706776656210422 0.0062902737874537705
0.0 0.8340232217684388 0.12576099659781903 0.009441755712032318 0.008817615127190948
0.0 0.8337985405698418 0.11935840456280858 0.006350674107670784 0.005204450385645032
0.0 0.8424160721711814 0.09240006681066007 0.006388192437589169 0.006234114663675428
0.0 0.8148212333209812 0.12216654152143747 0.0072311757132411 0.006346432911232114
0.0 0.8183807580731809 0.11119600431993604 0.007774441130459308 0.006776996236294508
0.0 0.8208347784355283 0.1167748890351504 0.00605095624923706 0.005129581596702337
0.0 0.8033561676740646 0.11677487397100776 0.0064818810671567915 0.005784781416878104
0.0 0.7939706894569099 0.12347703154664487 0.006744080595672131 0.007694372395053506
0.0 0.7756490954197943 0.12239119308069349 0.007530893571674824 0.006159245874732733
0.0 0.7577208006754518 0.11939583895727993 0.007587278261780739 0.005279319174587726
0.0 0.8277849954552948 0.16196754293050616 0.010059843398630619 0.007993907807394863
0.0 0.8059415021911264 0.1692687412025407 0.01028473898768425 0.006589809199795127
0.0 0.8024757732637227 0.1623793965904042 0.008879838325083256 0.004961074097082019
0.0 0.7888376459479332 0.1627538158558309 0.007399901002645493 0.00572865242138505
0.0 0.7960313033312559 0.1778991542290896 0.007081316784024239 0.0072637488134205345
0.0 0.7836858432739973 0.1755028558662161 0.00940445177257061 0.008199804509058595
0.0 0.6404477201402188 0.1777306768577546 0.007437204942107201 0.005653753504157066
0.0 0.6710773630999028 0.1597209972096607 0.008860971964895725 0.007338677858933806
0.0 0.6932957180775702 0.14268483777996152 0.00917955618351698 0.005822261003777385
0.0 0.6969298507086933 0.15573342826683073 0.00961048100143671 0.005747362086549401
0.0 0.7086759822443127 0.15719367093406617 0.007849692180752755 0.004830046184360981
0.0 0.7178181272931397 0.14987371780443937 0.007455856911838055 0.005522725591436029
0.0 0.718080326821655 0.16357753823976964 0.008861400745809078 0.005447826674208045
0.0 0.7319058313965797 0.16095660338178278 0.006144430488348007 0.005972028709948063
0.0 0.7376195514574647 0.18038906117435544 0.008130543678998948 0.005859680334106087
0.0 0.7210590678267181 0.18909437311813235 0.006107340939342976 0.006009448040276766
0.0 0.7136216484941542 0.17885393465403468 0.00820536594837904 0.007263778941705823
0.0 0.6972296757623553 0.16419533379375933 0.005788542330265045 0.006046927627176046
0.0 0.6941011830233037 0.1726947038434446 0.007587063871324062 0.005766071751713753
0.0 0.6899609817191958 0.18018314940854907 0.006912805885076523 0.006084346957504749
0.0 0.6768099495209754 0.18699759510345756 0.007006494514644146 0.0069080542773008345
