0 0.11213541666666667 0.9858611111111111 0.011192708333333337 0.028268518518518703
0 0.09032812500000001 0.9051666666666667 0.01466666666666668 0.013722222222222163
0 0.10827604166666666 0.8677592592592592 0.014281250000000007 0.019898148148148158
0 0.12931770833333334 0.8684537037037037 0.013124999999999994 0.015787037037036995
0 0.14977604166666666 0.8433981481481482 0.010036458333333324 0.019212962962962963
0 0.17313020833333334 0.8320833333333333 0.010421874999999995 0.015787037037036995
0 0.22369791666666666 0.8718796296296296 0.013510416666666695 0.019898148148148158
0 0.21211458333333333 0.9717314814814815 0.01814062500000002 0.023333333333333164
0 0.3373802083333333 0.9765370370370371 0.01853124999999996 0.017842592592592577
0 0.36015104166666667 0.9741296296296296 0.01157812500000001 0.019898148148147946
0 0.2667395833333333 0.6872777777777778 0.008494791666666638 0.014407407407407357
0 0.2715625 0.6749259259259259 0.010421874999999995 0.015787037037036995
0 0.29414583333333333 0.6886481481481481 0.00926562499999998 0.01303703703703697
0 0.30476041666666664 0.7112962962962963 0.014281250000000039 0.01715740740740738
0 0.2887395833333333 0.7226203703703703 0.013895833333333366 0.015101851851851802
0 0.28468750000000004 0.7401203703703704 0.010421874999999995 0.01715740740740738
0 0.33988541666666666 0.7394351851851853 0.009651041666666653 0.019898148148148158
0 0.3497291666666667 0.7377222222222223 0.01157812500000001 0.015101851851851802
0 0.33911458333333333 0.7675740740740741 0.01505208333333338 0.018527777777777768
0 0.3775260416666667 0.8310462962962962 0.010807291666666666 0.012351851851851775
0 0.4047395833333333 0.7686018518518519 0.01582812500000005 0.02196296296296299
0 0.4344635416666666 0.785074074074074 0.010421874999999995 0.017842592592592577
0 0.5087708333333334 0.7627685185185185 0.010036458333333324 0.014407407407407357
0 0.5110833333333333 0.7761481481481481 0.01466666666666671 0.012351851851851775
0 0.46649999999999997 0.6769907407407407 0.013510416666666695 0.01303703703703697
0 0.4950677083333333 0.6975740740740741 0.011968750000000009 0.01303703703703697
0 0.32965625000000004 0.6917407407407408 0.010036458333333324 0.015101851851851802
0 0.28321874999999996 0.5614537037037037 0.006270833333333314 0.011148148148148114
0 0.28672916666666665 0.554324074074074 0.006270833333333314 0.009361111111111018
0 0.29651041666666667 0.5587777777777778 0.006270833333333314 0.011148148148148114
0 0.2968854166666667 0.5714814814814815 0.006015624999999977 0.014268518518518594
0 0.30415625 0.5661388888888889 0.0070208333333333425 0.013370370370370421
0 0.329359375 0.6214074074074074 0.009276041666666639 0.015157407407407307
0 0.34202083333333333 0.620074074074074 0.0070208333333333425 0.015157407407407307
0 0.38953645833333334 0.6546203703703704 0.013291666666666656 0.011148148148148114
0 0.4095989583333333 0.5855277777777778 0.00877604166666662 0.010249999999999941
0 0.42301041666666667 0.5349259259259259 0.008026041666666709 0.015157407407407307
0 0.41988020833333334 0.5211111111111111 0.0067708333333333336 0.010694444444444402
0 0.44532812499999996 0.5050648148148148 0.008026041666666709 0.008916666666666767
0 0.46651562500000004 0.47586111111111107 0.0042604166666667 0.012037037037037037
0 0.424515625 0.47497222222222224 0.006015624999999977 0.01292592592592596
0 0.4276510416666667 0.4638333333333333 0.007770833333333371 0.012037037037037037
0 0.42602083333333335 0.4364166666666667 0.0070208333333333425 0.012481481481481498
0 0.32534375 0.4693981481481482 0.005265624999999948 0.010694444444444454
0 0.308546875 0.4763148148148148 0.005265624999999948 0.011148148148148114
0 0.16369791666666667 0.5554814814814815 0.007364583333333326 0.013824074074074133
0 0.3726145833333333 0.4034351851851852 0.004484374999999948 0.009296296296296263
0 0.38148437500000004 0.3933055555555555 0.0035468749999999715 0.008962962962962917
0 0.38671354166666666 0.40641666666666665 0.003921874999999986 0.007972222222222235
0 0.4130520833333333 0.3952962962962963 0.00579166666666661 0.008305555555555582
0 0.40352604166666667 0.3992777777777778 0.007656250000000023 0.011620370370370328
0 0.42416666666666664 0.39512962962962966 0.003359375000000024 0.007972222222222235
0 0.4272447916666666 0.4011111111111111 0.0035468749999999715 0.010629629629629647
0 0.43378125 0.3806851851851852 0.003177083333333286 0.008962962962962917
0 0.39736458333333335 0.3423333333333334 0.004296875 0.006638888888888851
0 0.6306041666666666 0.9524351851851853 0.011453124999999887 0.012898148148148101
0 0.639765625 0.9616018518518519 0.011453124999999887 0.018999999999999982
0 0.7309947916666667 0.882537037037037 0.008395833333333276 0.019675925925925927
0 0.7378697916666667 0.871 0.011453124999999887 0.021037037037037062
0 0.7237447916666666 0.787537037037037 0.01373958333333339 0.01832407407407404
0 0.6706822916666667 0.7576759259259259 0.01068749999999999 0.012898148148148207
0 0.6428177083333334 0.7447777777777778 0.01068749999999999 0.012898148148148207
0 0.6185781250000001 0.7295092592592592 0.009541666666666752 0.01628703703703696
0 0.62640625 0.7145833333333333 0.012213541666666572 0.010861111111111129
0 0.645109375 0.7101759259259259 0.01373958333333339 0.012898148148148207
0 0.6464427083333334 0.7169537037037037 0.017177083333333343 0.012898148148148207
0 0.9077604166666667 0.4111018518518519 0.0042708333333332385 0.009111111111111141
0 0.9143072916666667 0.40832407407407406 0.005411458333333267 0.00861111111111107
0 0.9242760416666667 0.4075648148148148 0.005979166666666676 0.01012962962962968
0 0.9274114583333334 0.40832407407407406 0.005411458333333267 0.007592592592592635
0 0.9312552083333333 0.41085185185185186 0.0062656250000001044 0.00861111111111107
0 0.9261302083333334 0.41794444444444445 0.006833333333333276 0.00861111111111107
0 0.9352395833333333 0.4181944444444444 0.006833333333333276 0.01012962962962968
0 0.943359375 0.41616666666666663 0.0076875000000001135 0.007092592592592563
0 0.9493385416666666 0.4331296296296296 0.0042708333333332385 0.005564814814814806
0 0.9780989583333334 0.508824074074074 0.005411458333333267 0.008101851851851851
0 0.9836562499999999 0.506537037037037 0.0062656250000001044 0.00861111111111107
0 0.9487708333333333 0.47768518518518516 0.005411458333333267 0.00861111111111107
0 0.94221875 0.4617314814814815 0.005979166666666676 0.0060740740740740234
0 0.9376614583333333 0.47237037037037033 0.0042708333333332385 0.005064814814814788
0 0.9296875 0.4592037037037037 0.006552083333333295 0.008101851851851851
0 0.9208593749999999 0.46755555555555556 0.0042708333333332385 0.00861111111111107
0 0.927125 0.4698333333333333 0.0076875000000001135 0.009111111111111141
0 0.9138802083333334 0.46781481481481485 0.005697916666666695 0.009111111111111141
0 0.9107500000000001 0.4738888888888889 0.007973958333333305 0.012148148148148153
0 0.9010677083333333 0.4981851851851852 0.005125000000000076 0.012148148148148047
0 0.8864010416666667 0.4695833333333333 0.008260416666666734 0.011648148148148133
0 0.8965104166666666 0.4665462962962963 0.005697916666666695 0.005564814814814806
0 0.865609375 0.5164166666666666 0.007119791666666705 0.012148148148148047
0 0.8461041666666667 0.4992037037037037 0.005697916666666695 0.01012962962962968
0 0.7753333333333334 0.500212962962963 0.0048437500000000945 0.013166666666666691
0 0.8472395833333334 0.4556574074074074 0.002848958333333229 0.0040462962962963004
0 0.8495208333333333 0.4642685185185185 0.005125000000000076 0.007092592592592563
0 0.8021041666666666 0.3913611111111111 0.0042708333333332385 0.007092592592592563
0 0.8042395833333333 0.38832407407407404 0.0062656250000001044 0.0060740740740740234
0 0.8096510416666667 0.38376851851851856 0.006833333333333276 0.009111111111111141
0 0.7704895833333333 0.37187037037037035 0.006552083333333295 0.007592592592592635
0 0.7314739583333334 0.39388888888888884 0.005411458333333267 0.009111111111111141
0 0.6054427083333334 0.3741203703703704 0.004953125000000114 0.012000000000000033
0 0.6003802083333334 0.30789814814814814 0.0029270833333332764 0.008398148148148194
0 0.6101666666666666 0.36991666666666667 0.004499999999999934 0.007601851851851886
0 0.6251354166666666 0.32010185185185186 0.004276041666666686 0.004000000000000046
0 0.6651979166666667 0.24467592592592594 0.0038281249999999527 0.005203703703703708
0 0.6667760416666667 0.25048148148148147 0.0033750000000000095 0.004805555555555606
0 0.662046875 0.25027777777777777 0.0038281249999999527 0.006000000000000017
0 0.6710520833333333 0.2508796296296296 0.0033750000000000095 0.00560185185185181
0 0.677125 0.25367592592592597 0.0033750000000000095 0.004805555555555606
0 0.68646875 0.2554814814814815 0.0027031250000000284 0.006000000000000017
0 0.7074010416666667 0.3082962962962963 0.0035989583333332575 0.006000000000000017
0 0.7119010416666666 0.3096944444444445 0.004953125000000114 0.007999999999999988
0 0.6763385416666666 0.31410185185185185 0.004499999999999934 0.008805555555555547
0 0.6662135416666667 0.32670370370370366 0.004953125000000114 0.006805555555555577
0 0.6850052083333333 0.3347037037037037 0.0033750000000000095 0.007601851851851886
0 0.647640625 0.35750925925925925 0.004276041666666686 0.009203703703703754
0 0.6444895833333334 0.3493148148148148 0.0047239583333334185 0.010407407407407416
0 0.653609375 0.3691203703703704 0.00540104166666661 0.011601851851851827
0 0.6594583333333334 0.36191666666666666 0.008104166666666638 0.009203703703703754
0 0.6731874999999999 0.3453055555555556 0.006750000000000019 0.007203703703703678
0 0.6779166666666666 0.3441111111111111 0.004499999999999934 0.007999999999999988
0 0.6314635416666667 0.2932962962962963 0.004625000000000057 0.008537037037037062
0 0.6428489583333333 0.29187962962962966 0.002843750000000019 0.0069537037037036955
0 0.6466718749999999 0.2939351851851852 0.0033802083333332195 0.00727777777777779
0 0.6522760416666666 0.2961481481481481 0.003911458333333447 0.006638888888888851
0 0.6582343749999999 0.2931388888888889 0.003734375000000038 0.007592592592592635
0 0.661078125 0.29203703703703704 0.0026666666666666098 0.006009259259259268
0 0.6632135416666666 0.29124074074074074 0.0033802083333332195 0.006324074074074112
0 0.5497760416666666 0.29164814814814816 0.003984375000000048 0.005907407407407403
0 0.5475364583333333 0.2984351851851852 0.0038177083333332954 0.005314814814814823
0 0.5450416666666666 0.30183333333333334 0.0034843750000000282 0.006194444444444495
0 0.546125 0.3139351851851852 0.004979166666666638 0.00501851851851848
0 0.5543437499999999 0.31201851851851853 0.0024895833333334377 0.005907407407407403
0 0.5550885416666667 0.29326851851851854 0.0033229166666667235 0.006194444444444495
0 0.5588229166666667 0.2953425925925926 0.0034843750000000282 0.00501851851851848
0 0.5615625000000001 0.30257407407407405 0.0029895833333332196 0.0029537037037037544
0 0.5659635416666667 0.3050833333333333 0.0038177083333332954 0.0038333333333333205
0 0.569453125 0.3030185185185185 0.004484375000000066 0.007972222222222235
0 0.5731875 0.29962037037037037 0.004651041666666581 0.0076759259259258925
0 0.5765104166666667 0.30212962962962964 0.004317708333333314 0.007379629629629655
0 0.5375729166666667 0.34891666666666665 0.00514583333333339 0.007083333333333312
0 0.5216822916666667 0.29842592592592593 0.0025937500000000097 0.0038796296296296803
0 0.5222291666666666 0.30546296296296294 0.003140624999999986 0.004370370370370396
0 0.5183385416666667 0.3076481481481481 0.004369791666666719 0.007768518518518506
0 0.5195000000000001 0.3126203703703704 0.0034114583333333098 0.006064814814814773
0 0.5233229166666666 0.31565740740740744 0.003140624999999986 0.0053333333333333245
0 0.528984375 0.31796296296296295 0.0035468749999999715 0.005583333333333308
0 0.5180677083333334 0.3234166666666667 0.004911458333333367 0.006796296296296325
0 0.523796875 0.3256018518518518 0.0038229166666666242 0.008731481481481436
0 0.5281666666666667 0.3023148148148148 0.0038229166666666242 0.004370370370370396
0 0.527890625 0.3076481481481481 0.0035468749999999715 0.0053333333333333245
0 0.5313072916666667 0.3083796296296296 0.0035468749999999715 0.005824074074074041
0 0.5356041666666667 0.3006111111111111 0.003958333333333286 0.004370370370370396
0 0.5391510416666667 0.29333333333333333 0.004505208333333381 0.005824074074074041
0 0.5387447916666667 0.3045 0.003411458333333428 0.004851851851851861
0 0.51021875 0.29394444444444445 0.0036822916666666337 0.0026666666666666622
0 0.5121302083333333 0.2985555555555556 0.003958333333333286 0.005092592592592593
0 0.5067395833333334 0.2946666666666667 0.0038229166666666242 0.004120370370370412
0 0.4978020833333333 0.2901759259259259 0.004229166666666609 0.004370370370370396
0 0.50353125 0.2981851851851852 0.004229166666666609 0.005824074074074041
0 0.5026458333333333 0.30291666666666667 0.0024583333333333475 0.004611111111111128
0 0.4993020833333333 0.3083796296296296 0.003958333333333286 0.005824074074074041
0 0.49650520833333334 0.3088611111111111 0.0024583333333333475 0.004851851851851861
0 0.49425 0.30571296296296296 0.0034114583333333098 0.004851851851851861
0 0.4877708333333333 0.2977037037037037 0.0029999999999999953 0.0053333333333333245
0 0.4902239583333333 0.29625 0.0035468749999999715 0.006305555555555505
0 0.5054427083333334 0.31056481481481485 0.003140624999999986 0.004370370370370396
0 0.5080364583333333 0.3095925925925926 0.0025937500000000097 0.00727777777777779
0 0.511515625 0.3041296296296296 0.0013645833333332765 0.0036388888888888426
0 0.5121979166666667 0.3081388888888889 0.0027291666666666714 0.006796296296296325
0 0.5079010416666666 0.3172314814814815 0.0036822916666666337 0.0075185185185185225
0 0.5128125 0.3191759259259259 0.0034114583333333098 0.006064814814814773
0 0.4631354166666667 0.31201851851851853 0.0025937500000000097 0.004370370370370396
0 0.4709114583333333 0.307287037037037 0.004505208333333381 0.005583333333333308
0 0.4729635416666667 0.30498148148148146 0.0034114583333333098 0.006305555555555505
0 0.47036979166666665 0.2944259259259259 0.0034114583333333098 0.005092592592592593
0 0.4755520833333333 0.2978240740740741 0.0025937500000000097 0.004611111111111128
0 0.47828125 0.307287037037037 0.003140624999999986 0.0065462962962963426
0 0.48251562499999995 0.31383333333333335 0.0034114583333333098 0.004611111111111128
0 0.4675 0.3231759259259259 0.003140624999999986 0.006796296296296325
0 0.46095312499999996 0.3254814814814815 0.0025937500000000097 0.004611111111111128
0 0.4675 0.3401574074074074 0.0025937500000000097 0.004851851851851861
0 0.44832812499999997 0.32863888888888887 0.0029999999999999953 0.004611111111111128
0 0.4531041666666667 0.3257222222222222 0.0019114583333333713 0.003157407407407378
0 0.459109375 0.31699074074074074 0.0032760416666666476 0.004611111111111128
0 0.45985937499999996 0.3027962962962963 0.0017760416666667094 0.004851851851851861
0 0.4614270833333334 0.3075277777777778 0.0035468749999999715 0.005092592592592593
0 0.46368229166666663 0.30206481481481484 0.002046875000000033 0.008249999999999971
0 0.464703125 0.2967314814814815 0.0029999999999999953 0.004851851851851861
0 0.45713020833333334 0.2946666666666667 0.0015000000000000568 0.004611111111111128
0 0.4520104166666667 0.2967314814814815 0.0029999999999999953 0.004370370370370396
0 0.45365104166666664 0.2986759259259259 0.0016354166666667188 0.004370370370370396
0 0.452078125 0.3059537037037037 0.0025937500000000097 0.0038796296296296803
0 0.45535416666666667 0.3078888888888889 0.003140624999999986 0.0053333333333333245
0 0.45330729166666667 0.31456481481481485 0.002317708333333357 0.005092592592592593
0 0.45030729166666666 0.31092592592592594 0.002046875000000033 0.0036388888888888426
0 0.45153645833333333 0.3163796296296296 0.0015000000000000568 0.006305555555555505
0 0.44771354166666666 0.3185648148148148 0.003140624999999986 0.0053333333333333245
0 0.445390625 0.32075000000000004 0.0017760416666667094 0.008249999999999971
0 0.44516145833333337 0.27958333333333335 0.0037031249999999478 0.004388888888888897
0 0.43703125000000004 0.2816851851851852 0.002916666666666619 0.004583333333333376
0 0.43579687500000003 0.2860648148148148 0.002468750000000005 0.004981481481481477
0 0.444828125 0.29544444444444445 0.0019062500000000427 0.0041851851851851685
0 0.44723958333333336 0.30291666666666667 0.004713541666666643 0.005583333333333308
0 0.4415729166666667 0.30192592592592593 0.0037031249999999478 0.007175925925925926
0 0.43804166666666666 0.29703703703703704 0.0015729166666666571 0.005388888888888935
0 0.44022916666666667 0.30650925925925926 0.0030312499999999667 0.005583333333333308
0 0.4412395833333333 0.31199074074074074 0.0025781250000000235 0.005388888888888935
0 0.43809375 0.32325925925925925 0.0028020833333333903 0.0059814814814815155
0 0.4353489583333333 0.3288425925925926 0.0033645833333333522 0.007972222222222235
0 0.4373125 0.3148888888888889 0.0030312499999999667 0.006379629629629617
0 0.4347864583333333 0.31887037037037036 0.0033645833333333522 0.006379629629629617
0 0.4423020833333334 0.3173796296296296 0.0033645833333333522 0.006981481481481448
0 0.42833854166666663 0.3036203703703704 0.0039270833333333146 0.004583333333333376
0 0.42003645833333336 0.3026203703703704 0.0037031249999999478 0.004583333333333376
0 0.422 0.28367592592592594 0.003140624999999986 0.005388888888888935
0 0.425140625 0.28517592592592594 0.003140624999999986 0.006777777777777824
0 0.42020312499999996 0.30930555555555556 0.0042604166666667 0.005583333333333308
0 0.4264322916666667 0.31119444444444444 0.0041510416666666805 0.004583333333333376
0 0.42911979166666664 0.30880555555555556 0.005046875000000029 0.004583333333333376
0 0.43130729166666665 0.3169814814814815 0.003140624999999986 0.005388888888888935
0 0.4272708333333333 0.3191759259259259 0.0035885416666667186 0.005388888888888935
0 0.4253645833333334 0.32266666666666666 0.00493750000000001 0.0059814814814815155
0 0.429625 0.321962962962963 0.004713541666666643 0.0029907407407407578
0 0.43164583333333334 0.3269537037037037 0.004036458333333334 0.009370370370370374
0 0.40938020833333333 0.31269444444444444 0.002130208333333291 0.006379629629629617
0 0.41527083333333337 0.3050185185185185 0.004036458333333334 0.004981481481481477
0 0.420484375 0.3146851851851852 0.0025781250000000235 0.006777777777777824
0 0.4092135416666667 0.3202685185185185 0.0017968750000000237 0.003990740740740691
0 0.4023125 0.2974351851851852 0.0028020833333333903 0.006981481481481448
0 0.4052864583333333 0.29524074074074075 0.0033645833333333522 0.004981481481481477
0 0.4075833333333333 0.3007222222222222 0.005270833333333277 0.005583333333333308
0 0.41195833333333337 0.29823148148148143 0.0030312499999999667 0.005787037037037037
0 0.4090989583333334 0.3033148148148148 0.004484374999999948 0.006777777777777824
0 0.4120729166666666 0.31089814814814815 0.0032552083333333335 0.003990740740740691
0 0.39384375 0.3056111111111111 0.003812499999999967 0.004981481481481477
0 0.3935052083333333 0.2953425925925926 0.003812499999999967 0.005185185185185206
0 0.4007395833333333 0.30780555555555555 0.0037031249999999478 0.0065833333333333455
0 0.39715104166666665 0.31269444444444444 0.0041510416666666805 0.004787037037036999
0 0.39973437500000003 0.31708333333333333 0.0032552083333333335 0.0059814814814815155
0 0.3921041666666667 0.31937037037037036 0.005494791666666643 0.008972222222222272
0 0.38419791666666664 0.3158796296296296 0.002468750000000005 0.005583333333333308
0 0.384703125 0.3053148148148148 0.0037031249999999478 0.003990740740740691
0 0.38128124999999996 0.3017222222222222 0.003140624999999986 0.006379629629629617
0 0.37796875 0.2945462962962963 0.0037031249999999478 0.005185185185185206
0 0.3791510416666667 0.3115925925925926 0.002468750000000005 0.005787037037037037
0 0.37275520833333337 0.3082037037037037 0.003812499999999967 0.0065833333333333455
0 0.37040104166666665 0.3174814814814815 0.002916666666666619 0.003990740740740691
0 0.3717447916666667 0.3223611111111111 0.0042604166666667 0.005388888888888935
0 0.36742708333333335 0.32725 0.0041510416666666805 0.0059814814814815155
0 0.36271354166666664 0.3348240740740741 0.004375000000000047 0.0059814814814815155
0 0.36131250000000004 0.33941666666666664 0.00493750000000001 0.006777777777777824
0 0.35026562499999997 0.3526759259259259 0.004598958333333295 0.008972222222222272
0 0.328671875 0.3446018518518519 0.004484374999999948 0.0059814814814815155
0 0.33214583333333336 0.3523796296296296 0.004484374999999948 0.007972222222222235
0 0.341796875 0.3601574074074074 0.0035885416666667186 0.008379629629629588
0 0.334109375 0.3419074074074074 0.004598958333333295 0.004583333333333376
0 0.3398333333333333 0.3369259259259259 0.0039270833333333146 0.004583333333333376
0 0.33753124999999995 0.32126851851851856 0.0033645833333333522 0.005583333333333308
0 0.34022395833333335 0.3174814814814815 0.002692708333333371 0.0059814814814815155
0 0.33870833333333333 0.30760185185185185 0.0025781250000000235 0.0041851851851851685
0 0.35054166666666664 0.3027222222222222 0.0042604166666667 0.004787037037036999
0 0.355984375 0.3155833333333333 0.0030312499999999667 0.005787037037037037
0 0.351046875 0.31399074074074074 0.0030312499999999667 0.005787037037037037
0 0.34605729166666666 0.3204722222222222 0.0022447916666666384 0.004388888888888897
0 0.349984375 0.3217685185185185 0.002692708333333371 0.006185185185185139
0 0.3539114583333333 0.32306481481481486 0.002916666666666619 0.004787037037036999
0 0.354359375 0.32954629629629634 0.0035885416666667186 0.0065833333333333455
0 0.36097395833333334 0.30910185185185185 0.002692708333333371 0.005185185185185206
0 0.36546354166666667 0.30760185185185185 0.004036458333333334 0.0065833333333333455
0 0.36215625 0.3000277777777777 0.0025781250000000235 0.0029907407407407578
0 0.36248958333333337 0.3037222222222222 0.0037031249999999478 0.003592592592592588
0 0.32771875 0.3191759259259259 0.0028020833333333903 0.005388888888888935
0 0.3285572916666667 0.3236574074074074 0.004036458333333334 0.005185185185185206
0 0.32553125 0.32655555555555554 0.002692708333333371 0.005787037037037037
0 0.32412500000000005 0.31877777777777777 0.0028020833333333903 0.004583333333333376
0 0.32788541666666665 0.3064074074074074 0.0022447916666666384 0.0033888888888888593
0 0.31683333333333336 0.31449074074074074 0.004822916666666662 0.004388888888888897
0 0.31543229166666664 0.31877777777777777 0.003812499999999967 0.0041851851851851685
0 0.3071875 0.3174814814814815 0.0025781250000000235 0.005185185185185206
0 0.305171875 0.32346296296296295 0.004375000000000047 0.006379629629629617
0 0.30561979166666664 0.34240740740740744 0.006395833333333319 0.0059814814814815155
0 0.2788645833333333 0.3589537037037037 0.00493750000000001 0.007175925925925926
0 0.28273437500000004 0.3654351851851852 0.0037031249999999478 0.005388888888888935
0 0.29170833333333335 0.36603703703703705 0.0030312499999999667 0.006981481481481448
0 0.2832395833333334 0.35606481481481483 0.006505208333333338 0.005787037037037037
0 0.29053125 0.35028703703703706 0.004036458333333334 0.0041851851851851685
0 0.29277604166666665 0.3470925925925926 0.0035885416666667186 0.005787037037037037
0 0.29496354166666666 0.34579629629629627 0.004822916666666662 0.007574074074074027
0 0.2862708333333333 0.34150925925925923 0.006281249999999972 0.0065833333333333455
0 0.29294270833333336 0.3318333333333333 0.005046875000000029 0.006379629629629617
0 0.2932239583333333 0.3153796296296296 0.0042604166666667 0.004981481481481477
0 0.2995625 0.3176759259259259 0.0037031249999999478 0.005185185185185206
0 0.296421875 0.3178796296296296 0.0039270833333333146 0.007175925925925926
0 0.2979322916666666 0.3228611111111111 0.0042604166666667 0.006379629629629617
0 0.29894270833333336 0.3082037037037037 0.003140624999999986 0.004981481481481477
0 0.2972604166666667 0.30142592592592593 0.003812499999999967 0.004583333333333376
0 0.30169270833333334 0.2876666666666667 0.004375000000000047 0.004583333333333376
0 0.2928854166666667 0.29335185185185186 0.003140624999999986 0.004388888888888897
0 0.28822916666666665 0.29155555555555557 0.0039270833333333146 0.005583333333333308
0 0.2803802083333334 0.29235185185185186 0.005494791666666643 0.007175925925925926
0 0.2748802083333333 0.3035185185185185 0.005494791666666643 0.007574074074074027
0 0.26832291666666663 0.29724074074074075 0.0038124999999999964 0.0037870370370370666
0 0.2672552083333333 0.3028240740740741 0.004375000000000018 0.007379629629629655
0 0.263890625 0.3064074074074074 0.0041510416666666805 0.006185185185185139
0 0.2637760416666667 0.31269444444444444 0.004374999999999988 0.006777777777777824
0 0.26809375 0.3117962962962963 0.00493750000000001 0.008574074074074066
0 0.26646875 0.3222592592592593 0.004375000000000018 0.006379629629629617
0 0.2733697916666667 0.32275925925925925 0.00493750000000001 0.008574074074074066
0 0.25228125 0.29294444444444445 0.006057291666666664 0.006777777777777824
0 0.25441145833333334 0.3043148148148148 0.0044843750000000075 0.005185185185185206
0 0.25738541666666664 0.3095 0.005046875000000029 0.005185185185185206
0 0.251046875 0.32336111111111115 0.005833333333333357 0.0065833333333333455
0 0.24207291666666667 0.32664814814814813 0.005385416666666683 0.0059814814814815155
0 0.23158333333333334 0.32325925925925925 0.005718750000000009 0.008777777777777794
0 0.23999479166666668 0.3038148148148148 0.003703125000000007 0.0037870370370370666
0 0.23904166666666665 0.30810185185185185 0.002692708333333312 0.008777777777777794
0 0.24431770833333333 0.30421296296296296 0.0051614583333333165 0.004981481481481477
0 0.244875 0.3097962962962963 0.004260416666666641 0.006981481481481448
0 0.23113541666666665 0.3035185185185185 0.005270833333333336 0.005185185185185206
0 0.223171875 0.31060185185185185 0.002802083333333331 0.005388888888888935
0 0.20836458333333333 0.3059074074074074 0.004598958333333355 0.005583333333333308
0 0.21582291666666667 0.3053148148148148 0.0035885416666666596 0.004787037037036999
0 0.22177083333333333 0.3336296296296296 0.002468750000000005 0.004787037037036999
0 0.19305208333333335 0.3140833333333333 0.0067291666666666455 0.007574074074074027
0 0.183234375 0.3499814814814815 0.0034791666666666404 0.005583333333333308
0 0.18716145833333334 0.3499814814814815 0.005046875000000029 0.007574074074074027
0 0.2071875 0.34838888888888886 0.004713541666666643 0.009175925925925896
0 0.21834895833333334 0.3508796296296296 0.005718750000000009 0.006185185185185139