0 0.040296875 0.9673148148148148 0.014166666666666664 0.022574074074074173
0 0.19439583333333335 0.9794722222222222 0.016604166666666663 0.019101851851851953
0 0.23249479166666667 0.9681851851851853 0.018562499999999992 0.022574074074074173
0 0.2400625 0.9807777777777777 0.018072916666666692 0.025185185185185015
0 0.20563020833333334 0.9252037037037038 0.014651041666666665 0.023444444444444386
0 0.16680208333333332 0.9039259259259259 0.011234375000000026 0.020842592592592583
0 0.136515625 0.900888888888889 0.016119791666666675 0.018231481481481532
0 0.1724166666666667 0.8813518518518518 0.012697916666666665 0.013888888888888888
0 0.12381770833333333 0.8205648148148148 0.013187499999999996 0.026046296296296397
0 0.14530729166666667 0.82925 0.01416666666666669 0.022574074074074173
0 0.10013020833333333 0.7550092592592592 0.012697916666666665 0.013027777777777718
0 0.11576041666666666 0.7315648148148148 0.00977083333333333 0.021703703703703753
0 0.1328541666666667 0.7333055555555555 0.009770833333333343 0.016499999999999942
0 0.15019270833333334 0.7159351851851852 0.016119791666666692 0.026916666666666606
0 0.16728645833333333 0.7085555555555556 0.010255208333333361 0.020842592592592583
0 0.21955208333333334 0.7272222222222222 0.013187500000000026 0.016499999999999942
0 0.21002604166666666 0.7953888888888889 0.01563020833333333 0.020842592592592583
0 0.30405208333333333 0.7953888888888889 0.015140624999999967 0.017370370370370362
0 0.31747916666666665 0.793212962962963 0.008791666666666724 0.016499999999999942
0 0.3626614583333333 0.8704999999999999 0.015140624999999967 0.019972222222222162
0 0.39929166666666666 0.8908981481481482 0.010255208333333361 0.020842592592592583
0 0.4405677083333333 0.9542870370370371 0.01563020833333333 0.026046296296296397
0 0.47646875000000005 0.9364907407407407 0.018072916666666692 0.02865740740740745
0 0.4041770833333333 0.8392407407407407 0.013187499999999967 0.01475925925925931
0 0.5358125 0.7897407407407407 0.009770833333333388 0.018231481481481532
0 0.5421614583333334 0.7971203703703703 0.012697916666666724 0.01562962962962973
0 0.62421875 0.7367777777777778 0.016604166666666722 0.025185185185185227
0 0.6254375 0.6755555555555556 0.009281250000000085 0.010416666666666666
0 0.5880729166666666 0.6512407407407408 0.013677083333333447 0.01562962962962973
0 0.5675572916666667 0.6416944444444445 0.008791666666666724 0.012157407407407509
0 0.5492447916666666 0.6317037037037038 0.010255208333333361 0.011287037037037087
0 0.5590104166666666 0.6191203703703704 0.008302083333333361 0.01562962962962973
0 0.5704895833333333 0.6286666666666667 0.011723958333333447 0.017370370370370362
0 0.5739114583333333 0.6186851851851851 0.016604166666666722 0.016499999999999942
0 0.449671875 0.6684351851851852 0.009281249999999967 0.011879629629629563
0 0.44688541666666665 0.658537037037037 0.014848958333333329 0.01055555555555564
0 0.4166354166666667 0.5955185185185184 0.010020833333333338 0.012537037037037003
0 0.44558854166666667 0.610037037037037 0.01224999999999999 0.013861111111111137
0 0.38638541666666665 0.6743703703703704 0.010390625000000023 0.018472222222222265
0 0.33646354166666664 0.7100092592592592 0.010020833333333338 0.011879629629629563
0 0.361890625 0.6628240740740741 0.013364583333333376 0.01781481481481482
0 0.3088125 0.6657962962962962 0.013364583333333376 0.01715740740740738
0 0.31196875 0.6446759259259259 0.012989583333333362 0.014518518518518578
0 0.3249583333333333 0.6450092592592592 0.010020833333333338 0.013861111111111137
0 0.26705729166666664 0.6288425925925926 0.010765625000000008 0.013194444444444444
0 0.2629739583333333 0.6443518518518518 0.010020833333333309 0.015175925925926018
0 0.25016666666666665 0.6024444444444444 0.008906250000000011 0.015833333333333248
0 0.22956770833333331 0.5744074074074074 0.005567708333333362 0.0098981481481482
0 0.25313541666666667 0.5981574074074074 0.008906250000000011 0.013861111111111137
0 0.27151041666666664 0.6070648148148148 0.009281249999999967 0.015833333333333248
0 0.2793072916666667 0.6229074074074075 0.014473958333333314 0.018472222222222265
0 0.302875 0.6113611111111111 0.010390625000000023 0.016499999999999942
0 0.2558854166666667 0.5062592592592593 0.00678124999999999 0.016388888888888932
0 0.265921875 0.51325 0.004609375000000012 0.012055555555555538
0 0.30470312499999996 0.5551944444444444 0.0089479166666667 0.01012962962962968
0 0.3158229166666667 0.55375 0.005697916666666695 0.012055555555555538
0 0.35474479166666667 0.5785833333333333 0.00813541666666661 0.010611111111111144
0 0.37427083333333333 0.5272314814814815 0.008677083333333375 0.012055555555555538
0 0.3864739583333333 0.47733333333333333 0.009218750000000024 0.010611111111111144
0 0.3889166666666667 0.49059259259259264 0.006510416666666667 0.012055555555555538
0 0.3955572916666667 0.41609259259259257 0.005151041666666719 0.00867592592592593
0 0.394203125 0.4353796296296296 0.005151041666666719 0.00963888888888886
0 0.39271354166666667 0.44478703703703704 0.005421875000000043 0.011092592592592609
0 0.4095260416666667 0.4638333333333333 0.0075937499999999625 0.00867592592592593
0 0.42796875 0.44454629629629633 0.005421875000000043 0.011574074074074073
0 0.26117708333333334 0.49975 0.005968750000000019 0.011092592592592609
0 0.2687708333333333 0.5026388888888889 0.004880208333333306 0.011092592592592609
0 0.27188541666666666 0.5096296296296297 0.007322916666666638 0.013499999999999932
0 0.2884322916666667 0.4452685185185185 0.004609374999999953 0.013981481481481503
0 0.29901041666666667 0.4418888888888889 0.00678124999999999 0.018805555555555506
0 0.3524322916666666 0.38382407407407404 0.0036979166666666194 0.009083333333333284
0 0.3569270833333333 0.3742685185185185 0.0031718749999999573 0.0075185185185185225
0 0.3641510416666666 0.38616666666666666 0.0031718749999999573 0.009398148148148128
0 0.3790364583333333 0.37677777777777777 0.0058125000000000425 0.008768518518518544
0 0.3881979166666667 0.37333333333333335 0.007223958333333277 0.008768518518518544
0 0.396828125 0.3788148148148148 0.002994791666666667 0.006574074074074095
0 0.39753125 0.38616666666666666 0.004406250000000019 0.009398148148148128
0 0.4043177083333333 0.3659722222222222 0.004932291666666681 0.009712962962962972
0 0.17828645833333334 0.33825 0.004229166666666669 0.006268518518518501
0 0.18163541666666666 0.33684259259259264 0.005286458333333322 0.007833333333333367
0 0.18991666666666665 0.3053703703703704 0.005635416666666693 0.00500925925925923
0 0.204359375 0.2980092592592593 0.004932291666666681 0.005324074074074074
0 0.21202604166666666 0.2955 0.004755208333333331 0.006574074074074095
0 0.21642708333333335 0.3006666666666667 0.004755208333333331 0.0075185185185185225
0 0.212375 0.3196203703703704 0.002291666666666655 0.0084537037037037
0 0.20101041666666666 0.3352777777777778 0.004578124999999981 0.0084537037037037
0 0.21281770833333333 0.3379351851851852 0.005989583333333334 0.0075185185185185225
0 0.22629166666666667 0.3133518518518519 0.0036979166666666783 0.005953703703703657
0 0.22435416666666666 0.2944074074074074 0.004755208333333331 0.00500925925925923
0 0.23043229166666668 0.29941666666666666 0.004932291666666681 0.006268518518518501
0 0.23527604166666669 0.3022314814814815 0.003348958333333307 0.004388888888888897
0 0.23880208333333333 0.29785185185185187 0.006869791666666695 0.0075185185185185225
0 0.23625000000000002 0.31523148148148145 0.0070468749999999854 0.0084537037037037
0 0.24311979166666667 0.3122592592592593 0.0063437499999999735 0.010018518518518565
0 0.24267708333333332 0.28485185185185186 0.0036979166666666783 0.004694444444444491
0 0.24708333333333332 0.2958148148148148 0.003348958333333307 0.0034444444444444696
0 0.2494583333333333 0.30098148148148146 0.0063437499999999735 0.006888888888888939
0 0.25633333333333336 0.3034907407407407 0.004578124999999981 0.006268518518518501
0 0.25615625 0.31084259259259256 0.005989583333333334 0.010333333333333304
0 0.26381770833333335 0.31272222222222223 0.005812500000000013 0.007203703703703678
0 0.259765625 0.3022314814814815 0.004406250000000019 0.006268518518518501
0 0.25633333333333336 0.29737962962962966 0.004578124999999981 0.005324074074074074
0 0.257125 0.29314814814814816 0.004052083333333319 0.006268518518518501
0 0.26778124999999997 0.2953425925925926 0.005635416666666663 0.008768518518518544
0 0.26919270833333336 0.2851666666666667 0.005635416666666663 0.007203703703703678
0 0.2783541666666667 0.28250000000000003 0.004229166666666609 0.00500925925925923
0 0.2798489583333333 0.28688888888888886 0.006520833333333324 0.006268518518518501
0 0.2876875 0.29237037037037034 0.005286458333333381 0.005324074074074074
0 0.288484375 0.2798425925925926 0.005463541666666671 0.006574074074074095
0 0.2660208333333333 0.34325925925925926 0.00422916666666664 0.008138888888888855
0 0.26971875 0.3406018518518519 0.004229166666666609 0.005953703703703657
0 0.26892708333333337 0.3467037037037037 0.005109374999999972 0.006888888888888939
0 0.276765625 0.34780555555555553 0.004932291666666681 0.0084537037037037
0 0.2783541666666667 0.33652777777777776 0.004229166666666609 0.0084537037037037
0 0.28425520833333334 0.3343333333333333 0.0058125000000000425 0.007203703703703678
0 0.27694270833333334 0.3283888888888889 0.005989583333333334 0.006574074074074095
0 0.29173958333333333 0.3282314814814815 0.005635416666666633 0.006888888888888939
0 0.2820520833333333 0.3203981481481481 0.004578124999999981 0.008138888888888855
0 0.2810833333333333 0.30426851851851855 0.0033489583333333665 0.005953703703703657
0 0.2848697916666667 0.3080277777777778 0.004229166666666609 0.007833333333333367
0 0.28302083333333333 0.31210185185185185 0.00475520833333339 0.006574074074074095
0 0.28777604166666665 0.313037037037037 0.0033489583333333665 0.007203703703703678
0 0.2876041666666667 0.30739814814814814 0.006869791666666695 0.007203703703703678
0 0.2890989583333334 0.2995740740740741 0.005635416666666633 0.004694444444444491
0 0.29465104166666667 0.3050555555555555 0.0015833333333333144 0.006888888888888939
0 0.303984375 0.3056759259259259 0.006166666666666624 0.008768518518518544
0 0.300375 0.30771296296296297 0.004932291666666681 0.007833333333333367
0 0.30856770833333336 0.30677777777777776 0.004052083333333319 0.007833333333333367
0 0.3113854166666667 0.3088148148148148 0.004052083333333319 0.006268518518518501
0 0.30918229166666666 0.31523148148148145 0.004578124999999981 0.009083333333333284
0 0.3109375 0.31666666666666665 0.3140625 0.3175925925925926 0.315625 0.3138888888888889 0.3145833333333333 0.3101851851851852 0.3109375 0.3111111111111111 0.309375 0.3138888888888889 0.3109375 0.31666666666666665
0 0.31676041666666666 0.31210185185185185 0.004932291666666681 0.0084537037037037
0 0.31279687500000003 0.2972222222222222 0.0036979166666666194 0.006268518518518501
0 0.315875 0.33355555555555555 0.004578124999999981 0.006888888888888939
0 0.31693229166666664 0.34028703703703705 0.004578124999999981 0.0084537037037037
0 0.3225729166666667 0.3465555555555555 0.0035260416666666574 0.009712962962962972
0 0.320984375 0.3283888888888889 0.006692708333333286 0.004694444444444491
0 0.32415625 0.32525 0.006343750000000033 0.009712962962962972
0 0.33376041666666667 0.33840740740740743 0.004052083333333319 0.007833333333333367
0 0.3225729166666667 0.29730555555555555 0.00241145833333339 0.003481481481481473
0 0.3238489583333333 0.30306481481481484 0.002260416666666624 0.003212962962962988
0 0.32136458333333334 0.3021203703703704 0.002708333333333357 0.004555555555555518
0 0.323546875 0.30707407407407405 0.0031614583333333 0.005351851851851826
0 0.32234375 0.3093518518518519 0.002562500000000038 0.00829629629629633
0 0.32814062499999996 0.3086851851851852 0.00241145833333339 0.005351851851851826
0 0.3350677083333334 0.29409259259259257 0.00241145833333339 0.003481481481481473
0 0.3340885416666667 0.3025277777777778 0.0028593750000000047 0.005351851851851826
0 0.339890625 0.30373148148148144 0.002708333333333357 0.005620370370370417
0 0.3378541666666666 0.31015740740740744 0.0037656250000000094 0.006157407407407387
0 0.3394375 0.31725 0.0048177083333333336 0.006962962962962946
0 0.34410416666666666 0.3255462962962963 0.005119791666666628 0.006962962962962946
0 0.3470416666666667 0.32166666666666666 0.00557291666666669 0.006694444444444461
0 0.34960416666666666 0.3153796296296296 0.004369791666666719 0.005351851851851826
0 0.354796875 0.31122222222222223 0.0060260416666666336 0.005083333333333342
0 0.346515625 0.2919537037037037 0.004218749999999953 0.004555555555555518
0 0.3459895833333333 0.2993148148148148 0.002562500000000038 0.005351851851851826
0 0.350203125 0.2993148148148148 0.0037656250000000094 0.006425925925925976
0 0.35434375 0.3052037037037037 0.0048177083333333336 0.005351851851851826
0 0.35547395833333334 0.29850925925925925 0.0037656250000000094 0.004814814814814857
0 0.36104687500000004 0.3014537037037037 0.002562500000000038 0.005888888888888902
0 0.3588645833333333 0.28605555555555556 0.0048177083333333336 0.006694444444444461
0 0.36052083333333335 0.2934259259259259 0.004515625000000038 0.00963888888888886
0 0.36609375 0.29462962962962963 0.003916666666666657 0.004555555555555518
0 0.3658645833333333 0.3052037037037037 0.002562500000000038 0.005351851851851826
0 0.3663177083333334 0.29958333333333337 0.004968749999999981 0.00802777777777774
0 0.36985416666666665 0.30680555555555555 0.00241145833333339 0.008564814814814815
0 0.3733958333333333 0.30895370370370373 0.003463541666666714 0.007500000000000021
0 0.37911979166666665 0.32996296296296296 0.006171874999999953 0.00829629629629633
0 0.3718125 0.2879351851851852 0.003312499999999948 0.006157407407407387
0 0.37459895833333334 0.2966388888888889 0.0037656250000000094 0.006425925925925976
0 0.37731250000000005 0.304537037037037 0.002562500000000038 0.00829629629629633
0 0.38167708333333333 0.29958333333333337 0.004968749999999981 0.006962962962962946
0 0.38529166666666664 0.29462962962962963 0.003463541666666714 0.009370370370370374
0 0.380171875 0.2891388888888889 0.004067708333333305 0.006962962962962946
0 0.39071354166666666 0.29007407407407404 0.006171874999999953 0.007231481481481431
0 0.3915416666666667 0.2961018518518519 0.003916666666666657 0.006425925925925976
0 0.388984375 0.30185185185185187 0.002708333333333357 0.007231481481481431
0 0.3892083333333333 0.3076111111111111 0.003463541666666714 0.006425925925925976
0 0.393953125 0.2840555555555555 0.004515625000000038 0.007500000000000021
0 0.3999739583333334 0.2766851851851852 0.0036145833333333616 0.005083333333333342
0 0.40313541666666663 0.2781666666666667 0.0030104166666666526 0.005888888888888902
0 0.41096875 0.27481481481481485 0.0036145833333333616 0.004555555555555518
0 0.41096875 0.2789629629629629 0.0036145833333333616 0.006962962962962946
0 0.42211458333333335 0.2740092592592593 0.0036145833333333616 0.006157407407407387
0 0.399671875 0.2942222222222222 0.005119791666666628 0.004287037037037033
0 0.40140625 0.3010555555555555 0.0031614583333333 0.005620370370370417
0 0.39839583333333334 0.3035925925925926 0.0031614583333333 0.006425925925925976
0 0.39907291666666667 0.3122962962962963 0.003916666666666657 0.007768518518518506
0 0.402234375 0.3073425925925926 0.0036145833333333616 0.004814814814814857
0 0.405546875 0.30091666666666667 0.0036145833333333616 0.00910185185185189
0 0.40630208333333334 0.2956944444444445 0.004218749999999953 0.008833333333333299
0 0.41059375000000004 0.29797222222222225 0.004968749999999981 0.011777777777777804
0 0.4104427083333333 0.30814814814814817 0.002562500000000038 0.00910185185185189
0 0.40599999999999997 0.3092222222222222 0.0030104166666666526 0.00802777777777774
0 0.40803124999999996 0.31563888888888886 0.004067708333333305 0.010175925925925934
0 0.4111927083333333 0.31685185185185183 0.002260416666666624 0.007231481481481431
0 0.41465625 0.31189814814814815 0.0028593750000000047 0.007500000000000021
0 0.41608854166666664 0.28860185185185183 0.002708333333333357 0.005351851851851826
0 0.4224895833333333 0.2876666666666667 0.0031614583333333 0.004555555555555518
0 0.41925 0.29235185185185186 0.0036145833333333616 0.005351851851851826
0 0.41774479166666667 0.29850925925925925 0.002708333333333357 0.011240740740740728
0 0.4202291666666667 0.2974351851851852 0.003463541666666714 0.005351851851851826
0 0.419703125 0.3067962962962963 0.0035468749999999715 0.005287037037037071
0 0.42170312499999996 0.31595370370370374 0.0018333333333333238 0.005287037037037071
0 0.4250833333333333 0.30750925925925926 0.0035468749999999715 0.0054907407407406945
0 0.4277708333333334 0.3060833333333333 0.0022864583333333855 0.005083333333333342
0 0.4243385416666667 0.29367592592592595 0.0032031250000000475 0.006305555555555505
0 0.42628125 0.3004907407407407 0.002515624999999962 0.006101851851851882
0 0.4279427083333333 0.2890925925925926 0.0028593750000000047 0.004879629629629613
0 0.43040104166666665 0.29540740740740745 0.0038906250000000143 0.006916666666666692
0 0.43234895833333337 0.29977777777777775 0.0038906250000000143 0.006712962962962963
0 0.43389062500000003 0.3076111111111111 0.0028593750000000047 0.008546296296296314
0 0.428515625 0.3127962962962963 0.0026302083333333095 0.005898148148148152
0 0.43475 0.3132037037037037 0.0032031250000000475 0.004675925925925884
0 0.4404166666666667 0.3114722222222222 0.0030885416666667 0.006101851851851882
0 0.43927083333333333 0.325212962962963 0.0024010416666666147 0.006305555555555505
0 0.43366666666666664 0.28635185185185186 0.0033177083333332763 0.0054907407407406945
0 0.43366666666666664 0.29510185185185184 0.0037760416666666667 0.007120370370370421
0 0.437953125 0.3005925925925926 0.004119791666666709 0.007527777777777774
0 0.4385260416666667 0.294287037037037 0.0029739583333333523 0.004675925925925884
0 0.440875 0.2890925925925926 0.0040052083333333615 0.0073240740740740445
0 0.4480260416666667 0.2858425925925926 0.004119791666666709 0.00447222222222226
0 0.45003125 0.2918425925925926 0.0049218750000000235 0.00793518518518523
0 0.445796875 0.2961111111111111 0.004692708333333328 0.007527777777777774
0 0.4519739583333333 0.29814814814814816 0.0028593750000000047 0.0054907407407406945
0 0.45471874999999995 0.30191666666666667 0.0033177083333332763 0.006509259259259234
0 0.4629010416666667 0.28798148148148145 0.0029739583333333523 0.004268518518518531
0 0.46461979166666667 0.28747222222222224 0.004807291666666676 0.005694444444444423
0 0.4688541666666667 0.28278703703703706 0.004578124999999981 0.005694444444444423
0 0.47200000000000003 0.2856388888888889 0.0024010416666666147 0.0032592592592592426
0 0.47348958333333335 0.28655555555555556 0.004463541666666634 0.006712962962962963
0 0.46690625 0.29571296296296296 0.004348958333333286 0.010379629629629664
0 0.46982812500000004 0.2987592592592593 0.0028593750000000047 0.005083333333333342
0 0.4746927083333333 0.2935740740740741 0.004348958333333286 0.005287037037037071
0 0.47869791666666667 0.29133333333333333 0.005036458333333371 0.004064814814814802
0 0.48521875 0.28625 0.0032031250000000475 0.0073240740740740445
0 0.4813854166666667 0.2860462962962963 0.0030885416666667 0.004064814814814802
0 0.4831614583333333 0.29398148148148145 0.003432291666666624 0.005287037037037071
0 0.47846875 0.2998796296296296 0.0029739583333333523 0.006101851851851882
0 0.4807552083333333 0.30486111111111114 0.003661458333333319 0.0054907407407406945
0 0.48401562499999995 0.30771296296296297 0.002171875000000038 0.006305555555555505
0 0.48625 0.31269444444444444 0.0038906250000000143 0.006101851851851882
0 0.4910572916666667 0.31310185185185185 0.004578124999999981 0.004879629629629613
0 0.4860208333333333 0.29835185185185187 0.004348958333333286 0.006712962962962963
0 0.4901979166666666 0.29489814814814813 0.0030885416666667 0.006712962962962963
0 0.491625 0.3023240740740741 0.004119791666666709 0.0073240740740740445
0 0.4946041666666667 0.30557407407407405 0.004578124999999981 0.008138888888888855
0 0.49935416666666665 0.30750925925925926 0.00560937499999999 0.007120370370370421
0 0.4955208333333333 0.29031481481481486 0.0038906250000000143 0.005287037037037071
0 0.49500520833333334 0.29510185185185184 0.0037760416666666667 0.006305555555555505
0 0.5014114583333333 0.2941851851851852 0.004234375000000057 0.00447222222222226
0 0.49809375 0.2974351851851852 0.00560937499999999 0.007731481481481502
0 0.5024427083333334 0.29774074074074075 0.006291666666666629 0.007120370370370421
0 0.50690625 0.33233333333333337 0.004463541666666634 0.009157407407407395
0 0.50890625 0.2924537037037037 0.004119791666666709 0.007120370370370421
0 0.511484375 0.28502777777777777 0.004234375000000057 0.005694444444444423
0 0.5162864583333333 0.29214814814814816 0.0037760416666666667 0.005694444444444423
0 0.5188645833333333 0.29031481481481486 0.005036458333333371 0.006101851851851882
0 0.5167447916666666 0.3018148148148148 0.0033177083333332763 0.005898148148148152
0 0.525328125 0.3021203703703704 0.004692708333333328 0.005287037037037071
0 0.5220104166666667 0.2840092592592593 0.0037760416666666667 0.005287037037037071
0 0.5277916666666667 0.28594444444444445 0.003661458333333319 0.0054907407407406945
0 0.531625 0.2870648148148148 0.0035468749999999715 0.004064814814814802
0 0.5341979166666667 0.2926574074074074 0.0036614583333333785 0.004268518518518531
0 0.537 0.29571296296296296 0.0040052083333333615 0.0054907407407406945
0 0.54009375 0.2929629629629629 0.0037760416666666667 0.005694444444444423
0 0.5426666666666667 0.29031481481481486 0.005036458333333371 0.006509259259259234
0 0.547015625 0.2918425925925926 0.002744791666666657 0.006305555555555505
0 0.56578125 0.3554166666666667 0.004348958333333286 0.008138888888888855
0 0.5687604166666667 0.297537037037037 0.005265625000000066 0.006305555555555505
0 0.5723072916666666 0.3530833333333333 0.004119791666666591 0.00793518518518523
0 0.58746875 0.30862962962962964 0.002401041666666733 0.005287037037037071
0 0.6020052083333333 0.33151851851851855 0.002171875000000038 0.0054907407407406945
0 0.6103020833333334 0.34117592592592594 0.004348958333333286 0.006101851851851882
0 0.6093854166666667 0.34555555555555556 0.004119791666666591 0.005898148148148152
0 0.6090989583333334 0.3523703703703704 0.002401041666666733 0.005287037037037071
0 0.6129322916666666 0.35155555555555557 0.0054947916666667615 0.009768518518518477
0 0.598625 0.2854351851851852 0.0034322916666667423 0.004064814814814802
0 0.6076093749999999 0.28482407407407406 0.0028593749999998863 0.005287037037037071
0 0.6123020833333332 0.28675925925925927 0.0035468749999999715 0.006305555555555505
0 0.624203125 0.2853333333333334 0.004692708333333447 0.006305555555555505
0 0.6258645833333334 0.2822777777777778 0.005036458333333371 0.006712962962962963
0 0.6392552083333333 0.3036388888888889 0.004119791666666591 0.0054907407407406945
0 0.6284375 0.3145277777777778 0.0040052083333333615 0.006509259259259234
0 0.6365625 0.3291759259259259 0.004463541666666752 0.006101851851851882
0 0.6326145833333333 0.3290740740740741 0.004119791666666591 0.005898148148148152
0 0.6427447916666666 0.32001851851851854 0.004692708333333447 0.006916666666666692
0 0.6820520833333333 0.3746481481481482 0.00572395833333322 0.008750000000000042
0 0.7039322916666666 0.4629907407407407 0.0049895833333332956 0.011629629629629578
0 0.6684687500000001 0.29836111111111113 0.003958333333333286 0.006120370370370383
0 0.67371875 0.2989722222222222 0.004130208333333248 0.007342592592592546
0 0.7224322916666667 0.3529814814814815 0.006541666666666638 0.008259259259259221
0 0.7437760416666667 0.36950925925925926 0.005854166666666553 0.008259259259259221
0 0.74584375 0.36507407407407405 0.004473958333333409 0.008564814814814815
0 0.75703125 0.3655277777777778 0.007916666666666572 0.008870370370370409
0 0.7741614583333334 0.420462962962963 0.007401041666666686 0.009175925925925896
0 0.7743333333333333 0.42642592592592593 0.005682291666666591 0.00764814814814814
0 0.7863802083333333 0.4735555555555556 0.01015625 0.014379629629629657
0 0.7641770833333333 0.4608518518518519 0.005338541666666667 0.011018518518518497
0 0.8080677083333333 0.4333148148148148 0.0049895833333332956 0.009175925925925896
0 0.8198593750000001 0.4320833333333333 0.005854166666666553 0.008564814814814815
0 0.8280364583333333 0.4395833333333333 0.0060260416666667515 0.00949074074074074
0 0.8250260416666666 0.45458333333333334 0.005854166666666553 0.00949074074074074
0 0.83121875 0.4333148148148148 0.006197916666666714 0.008564814814814815
0 0.8380208333333333 0.43300925925925926 0.0060260416666667515 0.012240740740740766
0 0.8429270833333333 0.4348425925925926 0.0048177083333333336 0.008564814814814815
0 0.845421875 0.42688888888888893 0.005682291666666591 0.007953703703703734
0 0.8563541666666666 0.4279537037037037 0.005854166666666553 0.008259259259259221
0 0.857296875 0.4366759259259259 0.007401041666666686 0.009175925925925896
0 0.8630677083333332 0.4405 0.0051614583333332575 0.00949074074074074
0 0.8794166666666666 0.4663611111111111 0.005510416666666629 0.009796296296296334
0 0.8847552083333333 0.4643703703703704 0.009640625000000114 0.01315740740740744
0 0.833375 0.3852685185185185 0.003958333333333286 0.006731481481481465
0 0.8443906250000001 0.38419444444444445 0.0049895833333332956 0.00764814814814814
0 0.8487760416666668 0.3851111111111111 0.003786458333333324 0.008259259259259221
0 0.851015625 0.3851111111111111 0.005854166666666553 0.00764814814814814
0 0.855234375 0.38419444444444445 0.007057291666666761 0.01071296296296301
0 0.8505 0.39352777777777775 0.006197916666666714 0.009796296296296334
0 0.8570416666666667 0.3930740740740741 0.006541666666666638 0.008259259259259221
0 0.86796875 0.3916944444444444 0.0060260416666667515 0.007342592592592546
0 0.867796875 0.4021018518518518 0.004302083333333447 0.006731481481481465
0 0.6318177083333333 0.24527777777777776 0.003182291666666733 0.006287037037037003
0 0.6377447916666666 0.24637962962962962 0.0030052083333333237 0.005972222222222264
0 0.640484375 0.24700925925925923 0.004244791666666714 0.005972222222222264
0 0.636859375 0.24228703703703705 0.0047760416666667044 0.007231481481481431
0 0.647828125 0.24999074074074074 0.004421874999999886 0.006916666666666692
0 0.6535781249999999 0.2506203703703704 0.003890624999999896 0.006916666666666692