0 0.21892708333333333 0.9881944444444445 0.009932291666666693 0.019583333333333418
0 0.2521041666666667 0.9750462962962962 0.012177083333333331 0.014249999999999883
0 0.26321875 0.9393796296296296 0.013510416666666695 0.012333333333333274
0 0.3178125 0.9231018518518519 0.01072916666666662 0.023175925925925902
0 0.280609375 0.9117592592592593 0.011276041666666714 0.02145370370370377
0 0.2751458333333333 0.8978333333333333 0.006442708333333277 0.009509259259259242
0 0.26769270833333336 0.9028055555555555 0.00863020833333333 0.0158425925925925
0 0.25650520833333335 0.8734166666666666 0.008624999999999971 0.014925925925925825
0 0.286 0.8840833333333333 0.010666666666666677 0.011675925925925833
0 0.27494270833333334 0.8526666666666667 0.012953124999999944 0.017537037037037087
0 0.32198437500000004 0.7977407407407406 0.0094114583333333 0.012537037037037003
0 0.33543229166666666 0.8145648148148148 0.007432291666666657 0.015074074074074049
0 0.3476354166666667 0.7178611111111111 0.00540104166666661 0.014037037037037113
0 0.38731770833333334 0.4532962962962963 0.006510416666666667 0.01374074074074077
0 0.370828125 0.47349074074074077 0.0066041666666667 0.009259259259259259
0 0.40710416666666666 0.48462037037037037 0.006494791666666681 0.008648148148148072
0 0.4111458333333333 0.47989814814814813 0.005937500000000048 0.011296296296296339
0 0.41347395833333334 0.4829907407407407 0.002328125000000014 0.005111111111111094
0 0.4305572916666666 0.47662037037037036 0.006057291666666724 0.014777777777777812
0 0.44896874999999997 0.46019444444444446 0.0037500000000000237 0.006666666666666709
0 0.4422291666666667 0.46440740740740744 0.0028802083333333193 0.00890740740740741
0 0.4220364583333333 0.5285185185185185 0.00610937500000001 0.01423148148148138
0 0.4228229166666667 0.5556481481481482 0.0041510416666666805 0.011000000000000102
0 0.41792708333333334 0.5564907407407408 0.006979166666666714 0.013888888888888888
0 0.45255729166666664 0.5615185185185185 0.0076874999999999956 0.013111111111111186
0 0.4298645833333333 0.533537037037037 0.007796875000000014 0.009722222222222222
0 0.4323385416666667 0.5280925925925927 0.004927083333333352 0.008879629629629553
0 0.43747395833333336 0.5270462962962963 0.005244791666666634 0.0067962962962962205
0 0.4422291666666667 0.5251944444444445 0.004270833333333357 0.011583333333333326
0 0.44727083333333334 0.5240277777777779 0.005661458333333276 0.010814814814814874
0 0.47509375 0.5546759259259259 0.003911458333333328 0.00948148148148149
0 0.485875 0.5520833333333334 0.009822916666666615 0.009722222222222222
0 0.47629166666666667 0.5935462962962963 0.004999999999999952 0.0052962962962963215
0 0.47479166666666667 0.6027037037037036 0.0041770833333333235 0.010472222222222171
0 0.5156510416666666 0.5532037037037038 0.009375 0.011185185185185118
0 0.505265625 0.5277037037037037 0.005312500000000024 0.006564814814814739
0 0.5158697916666667 0.4923796296296296 0.004968749999999981 0.008583333333333316
0 0.525109375 0.493462962962963 0.004322916666666643 0.0076574074074073906
0 0.5406979166666667 0.46950925925925924 0.004213541666666742 0.009342592592592623
0 0.5554791666666666 0.4732222222222222 0.005953124999999915 0.01428703703703699
0 0.575390625 0.48214814814814816 0.006135416666666771 0.004935185185185118
0 0.5690833333333334 0.4795555555555555 0.006473958333333248 0.0076574074074073906
0 0.51625 0.41174074074074074 0.005723958333333338 0.008157407407407356
0 0.567390625 0.37499074074074074 0.004744791666666733 0.01130555555555559
0 0.5682395833333334 0.3686574074074074 0.006088541666666695 0.00851851851851856
0 0.5965729166666667 0.3545833333333333 0.0019062499999999243 0.008194444444444466
0 0.6179791666666666 0.3296203703703704 0.0022135416666666666 0.005268518518518569
0 0.6109843749999999 0.3348703703703704 0.004739583333333286 0.009592592592592606
0 0.6129166666666667 0.30550925925925926 0.005739583333333324 0.003416666666666717
0 0.6213958333333333 0.31849074074074074 0.008786458333333276 0.010805555555555518
0 0.6399791666666667 0.32664814814814813 0.004229166666666609 0.009185185185185147
0 0.9364166666666667 0.3556111111111111 0.006302083333333286 0.012675925925925976
0 0.8953020833333334 0.28352777777777777 0.0040989583333332765 0.004648148148148131
0 0.8806666666666667 0.28387037037037033 0.004833333333333438 0.01089814814814813
0 0.8875416666666667 0.28394444444444444 0.0026666666666666098 0.007305555555555543
0 0.843984375 0.26899999999999996 0.005093750000000104 0.0072870370370370415
0 0.84515625 0.26608333333333334 0.004286458333333343 0.006333333333333363
0 0.64265625 0.2850185185185185 0.001786458333333248 0.007083333333333312
0 0.6566510416666667 0.2701851851851852 0.005072916666666553 0.006870370370370332
0 0.6589166666666666 0.26368518518518513 0.005713541666666562 0.007240740740740787
0 0.6524270833333333 0.2510833333333333 0.005697916666666695 0.007555555555555526
0 0.643734375 0.24454629629629632 0.003932291666666762 0.006722222222222214
0 0.6768333333333333 0.26175 0.004182291666666771 0.013333333333333312
0 0.6953020833333333 0.2501759259259259 0.0067291666666667044 0.01148148148148146
0 0.6882083333333333 0.2529166666666666 0.008401041666666723 0.0065462962962963426
0 0.69075 0.24249999999999997 0.004499999999999934 0.011518518518518542
0 0.7117760416666666 0.25622222222222224 0.0062239583333332385 0.008398148148148194
0 0.716171875 0.2584814814814815 0.003739583333333248 0.0065462962962963426
0 0.7180833333333333 0.26368518518518513 0.0036614583333334375 0.007240740740740787
0 0.71625 0.25160185185185185 0.003921875000000104 0.005824074074074041
0 0.7255989583333334 0.2567407407407407 0.004885416666666724 0.00890740740740741
0 0.7337083333333333 0.25622222222222224 0.005859375 0.007166666666666675
0 0.7372291666666667 0.2572962962962963 0.008203125 0.010018518518518565
0 0.7431666666666668 0.2518796296296296 0.004447916666666648 0.0075185185185185225
0 0.746375 0.25275000000000003 0.006166666666666742 0.008555555555555565
0 0.7375208333333333 0.24062037037037037 0.0017656249999999337 0.00943518518518521
0 0.7327916666666667 0.22112962962962962 0.004182291666666771 0.0060185185185185185
0 0.7376406249999999 0.22502777777777777 0.0038750000000000286 0.0037962962962963176
0 0.7409010416666667 0.23978703703703705 0.0032083333333332575 0.008314814814814832
0 0.745984375 0.2382222222222222 0.0024322916666667045 0.005194444444444457
0 0.74934375 0.23127777777777778 0.0066510416666666575 0.010750000000000013
0 0.7580572916666667 0.23092592592592592 0.0056406249999999625 0.00726851851851854
0 0.7633177083333333 0.2312037037037037 0.002942708333333381 0.009962962962962955
0 0.767734375 0.2317685185185185 0.004666666666666685 0.00838888888888889
0 0.7708958333333332 0.23405555555555557 0.005572916666666572 0.008703703703703708
0 0.7743385416666667 0.2335 0.004635416666666714 0.007592592592592608
0 0.778515625 0.2305462962962963 0.004395833333333362 0.010722222222222208
0 0.7604427083333333 0.22308333333333333 0.0063437499999999146 0.007685185185185196
0 0.7640572916666667 0.21244444444444444 0.004197916666666638 0.005314814814814823
0 0.7700208333333334 0.21099074074074076 0.005177083333333362 0.004064814814814802
0 0.7706458333333334 0.21321296296296297 0.005489583333333314 0.005175925925925902
0 0.7715416666666666 0.2177314814814815 0.004906250000000038 0.005240740740740764
0 0.7986562500000001 0.22743518518518518 0.004526041666666695 0.009611111111111107
0 0.786671875 0.21964814814814815 0.002515624999999962 0.005388888888888882
0 0.7785104166666666 0.21749074074074073 0.002515624999999962 0.004759259259259247
0 0.7833229166666666 0.21910185185185185 0.004578124999999981 0.004824074074074055
0 0.7802708333333332 0.20293518518518516 0.002328124999999896 0.005722222222222228
0 0.7823489583333333 0.20908333333333334 0.002630208333333428 0.00361111111111109
0 0.7872760416666666 0.20308333333333334 0.0037239583333333807 0.007074074074074062
0 0.7968385416666667 0.20969444444444443 0.0014843749999999525 0.007370370370370352
0 0.8013697916666668 0.21600925925925926 0.0029895833333332196 0.003648148148148146
0 0.8056927083333334 0.21561111111111111 0.004541666666666563 0.00743518518518516
0 0.8119062499999999 0.2185462962962963 0.0034374999999999527 0.0020925925925925843
0 0.8120468750000001 0.22621296296296298 0.003703125000000066 0.006537037037037039
0 0.8378229166666666 0.23408333333333334 0.004671874999999896 0.005768518518518536
0 0.8828854166666668 0.2321388888888889 0.00220833333333322 0.005305555555555572
0 0.8880781249999999 0.2379074074074074 0.0037239583333333807 0.00425925925925928
0 0.8845052083333333 0.23777777777777778 0.004713541666666762 0.006555555555555567
0 0.8860833333333333 0.23108333333333334 0.003416666666666638 0.0034537037037037205
0 0.8890677083333334 0.23347222222222222 0.0036718750000000948 0.006268518518518501
0 0.8919895833333332 0.2319537037037037 0.00227604166666661 0.0045555555555555705
0 0.8948385416666667 0.23280555555555557 0.002963541666666695 0.004953703703703725
0 0.91859375 0.23452777777777778 0.0050156250000000565 0.00574074074074073
0 0.9299739583333333 0.21064814814814814 0.0037968749999999813 0.004277777777777782
0 0.9522291666666667 0.21862962962962965 0.003062500000000057 0.004148148148148165
0 0.9655677083333334 0.22021296296296297 0.004218749999999953 0.00493518518518517
0 0.9548541666666667 0.2185 0.0023697916666667613 0.004824074074074055
0 0.9905260416666667 0.22183333333333335 0.0035416666666667615 0.003685185185185202
0 0.9935625 0.21586111111111111 0.0024843749999999905 0.007046296296296309
0 0.9977083333333333 0.2490925925925926 0.0036562499999999907 0.006240740740740749
0 0.9906666666666666 0.20212962962962963 0.004338541666666629 0.005388888888888882
0 0.9819375 0.20085185185185184 0.004140624999999906 0.0031851851851851833
0 0.9745208333333333 0.20049074074074075 0.003401041666666771 0.004435185185185204
0 0.9875052083333333 0.20247222222222222 0.004135416666666695 0.007074074074074062
0 0.9042604166666667 0.1889537037037037 0.014692708333333353 0.013638888888888905
0 0.910703125 0.189 0.010999999999999944 0.014490740740740719
0 0.8880729166666667 0.1869259259259259 0.015708333333333258 0.014064814814814813
0 0.87209375 0.1861851851851852 0.010770833333333249 0.00852777777777776
0 0.8560520833333333 0.18710185185185185 0.0037187499999999335 0.004759259259259247
0 0.8603385416666666 0.18113888888888888 0.0021406250000000665 0.00250925925925924
0 0.8628541666666667 0.1876759259259259 0.004630208333333267 0.007472222222222216
0 0.8563541666666666 0.18003703703703702 0.002348958333333447 0.005055555555555536
0 0.852765625 0.18003703703703702 0.004833333333333438 0.009351851851851873
0 0.8471354166666667 0.18003703703703702 0.0015677083333334471 0.005055555555555536
0 0.8438229166666668 0.1799074074074074 0.004494791666666723 0.005314814814814823
0 0.8391614583333333 0.17946296296296296 0.002119791666666752 0.005462962962962942
0 0.8350520833333334 0.1774074074074074 0.0037447916666666953 0.004953703703703725
0 0.8352239583333334 0.18262962962962964 0.001776041666666591 0.0035648148148148357
0 0.8326927083333333 0.18255555555555555 0.0024218750000000473 0.0032870370370370475
0 0.8313177083333334 0.18878703703703703 0.0026458333333332956 0.004018518518518495
0 0.8246145833333334 0.18718518518518518 0.0017812500000000378 0.002768518518518527
0 0.8249479166666667 0.1896851851851852 0.0026458333333332956 0.004277777777777782
0 0.8288125 0.19253703703703703 0.002072916666666676 0.003907407407407432
0 0.8314166666666666 0.19424074074074074 0.0019791666666667614 0.004638888888888881
0 0.8328229166666666 0.19580555555555557 0.002182291666666695 0.005203703703703708
0 0.8342552083333333 0.20520370370370372 0.0027708333333334185 0.005351851851851826
0 0.8379010416666667 0.2054074074074074 0.0033645833333333522 0.005351851851851826
0 0.8424895833333333 0.2060462962962963 0.0029895833333332196 0.004064814814814802
0 0.8384375 0.1944722222222222 0.0016406250000000474 0.003648148148148146
0 0.836453125 0.19020370370370368 0.001843749999999981 0.004981481481481477
0 0.8289687499999999 0.21000925925925926 0.0020104166666667328 0.0047870370370370514
0 0.8247187500000001 0.21003703703703705 0.0036041666666667047 0.005972222222222212
0 0.8215052083333333 0.20569444444444446 0.0036614583333334375 0.005916666666666654
0 0.8161770833333333 0.1772037037037037 0.0004166666666667614 0.005749999999999981
0 0.8192864583333334 0.1768425925925926 0.0014635416666666382 0.0027870370370370284
0 0.82484375 0.1764351851851852 0.002156249999999934 0.0040277777777777985
0 0.8487447916666666 0.20229629629629628 0.0027552083333333144 0.005814814814814789
0 0.8544739583333333 0.20173148148148148 0.0037968749999999813 0.003657407407407397
0 0.8499166666666667 0.19882407407407407 0.0021354166666666193 0.005759259259259284
0 0.8519687499999999 0.1947777777777778 0.0025520833333333806 0.007259259259259236
0 0.9200520833333333 0.18960185185185185 0.005078125 0.0056666666666666705
0 0.9186666666666666 0.19318518518518518 0.00461979166666661 0.007157407407407424
0 0.9237291666666666 0.19462037037037036 0.0037447916666666953 0.003861111111111126
0 0.9290989583333332 0.19451851851851854 0.005510416666666629 0.005712962962962978
0 0.9255 0.19076851851851853 0.004880208333333276 0.006944444444444444
0 0.9336458333333333 0.19333333333333336 0.00475520833333339 0.010555555555555535
0 0.9380624999999999 0.19503703703703704 0.0040312499999998865 0.008805555555555547
0 0.9428958333333333 0.19375 0.0030937500000000283 0.011268518518518534
0 0.9474687500000001 0.19328703703703703 0.0048958333333333805 0.009425925925925933
0 0.9519114583333333 0.1951388888888889 0.005963541666666572 0.009009259259259276
0 0.9552395833333333 0.19940740740740742 0.005093750000000104 0.004166666666666667