0 0.022125 0.8603981481481482 0.015104166666666667 0.019101851851851953
0 0.08322916666666667 0.9490555555555555 0.01040625000000001 0.016953703703703655
0 0.09691666666666668 0.94325 0.010328124999999992 0.015898148148148217
0 0.09124479166666667 0.9359907407407407 0.011593749999999995 0.019861111111111152
0 0.10178124999999999 0.9309166666666666 0.011885416666666664 0.01629629629629621
0 0.13405729166666666 0.9082222222222223 0.015583333333333328 0.02369444444444437
0 0.15761458333333334 0.8549907407407408 0.010010416666666681 0.026759259259259344
0 0.17008333333333334 0.8472777777777777 0.017130208333333327 0.01791666666666658
0 0.30438541666666663 0.8947129629629629 0.009328125000000043 0.021027777777777812
0 0.34515625 0.8609351851851851 0.013588541666666624 0.016981481481481406
0 0.33280208333333333 0.8086296296296297 0.013369791666666705 0.029796296296296355
0 0.36036979166666666 0.8005833333333333 0.00986979166666669 0.021620370370370286
0 0.40129166666666666 0.8233333333333334 0.012307291666666723 0.02359259259259261
0 0.41776562500000003 0.830925925925926 0.009630208333333338 0.01369444444444441
0 0.36103645833333337 0.7879814814814815 0.012692708333333276 0.016222222222222204
0 0.30809375 0.6426111111111111 0.010812499999999996 0.021175925925925824
0 0.3449635416666667 0.5429907407407407 0.007442708333333314 0.021351851851851802
0 0.38021354166666665 0.5105277777777778 0.011140625000000052 0.01929629629629622
0 0.38852083333333337 0.4798611111111111 0.006979166666666714 0.017324074074074106
0 0.400765625 0.4529444444444444 0.009203125000000038 0.016287037037037065
0 0.42914583333333334 0.44470370370370366 0.008822916666666696 0.011666666666666688
0 0.38844270833333333 0.4196111111111111 0.0077395833333332815 0.009092592592592638
0 0.3852604166666667 0.3705277777777778 0.005578125000000019 0.009148148148148143
0 0.4246510416666667 0.3791388888888889 0.0036979166666666194 0.009462962962962989
0 0.4349166666666667 0.37175 0.006265624999999986 0.007212962962962929
0 0.408328125 0.3701203703703704 0.0031041666666666856 0.006453703703703729
0 0.4272239583333333 0.34924074074074074 0.006723958333333376 0.009157407407407395
0 0.42053124999999997 0.33840740740740743 0.005244791666666634 0.011249999999999979
0 0.41132291666666665 0.3277037037037037 0.005567708333333362 0.006166666666666637
0 0.40915625 0.31815740740740744 0.0061562499999999664 0.007296296296296292
0 0.39776041666666667 0.31474074074074077 0.00592708333333339 0.00904629629629628
0 0.35115104166666666 0.2906018518518519 0.00592708333333339 0.0022685185185185607
0 0.33674479166666665 0.30306481481481484 0.005421875000000043 0.00866666666666668
0 0.44715625 0.3282314814814815 0.004130208333333367 0.008425925925925948
0 0.45071354166666666 0.32278703703703704 0.003687499999999962 0.00948148148148149
0 0.4433020833333333 0.31324074074074076 0.004713541666666643 0.006666666666666709
0 0.439375 0.31380555555555556 0.004963541666666653 0.008425925925925948
0 0.43617187500000004 0.3044074074074074 0.003562499999999957 0.005342592592592576
0 0.442171875 0.30506481481481484 0.006687499999999957 0.007861111111111119
0 0.44694791666666667 0.3063148148148148 0.006718750000000048 0.007861111111111119
0 0.45663020833333334 0.31649074074074074 0.004250000000000043 0.010046296296296317
0 0.4610677083333333 0.31487037037037036 0.0018541666666666383 0.006796296296296325
0 0.45860416666666665 0.3115833333333333 0.0025572916666667094 0.005861111111111149
0 0.45821875 0.30344444444444446 0.005963541666666691 0.007916666666666624
0 0.4573177083333333 0.2797037037037037 0.004567708333333324 0.008499999999999954
0 0.4851770833333333 0.3204074074074074 0.004953124999999995 0.008805555555555547
0 0.48984375 0.32241666666666663 0.0026197916666666527 0.007722222222222252
0 0.49507291666666664 0.3305833333333333 0.00568229166666671 0.008407407407407445
0 0.49945833333333334 0.31489814814814815 0.007052083333333315 0.007731481481481502
0 0.49795833333333334 0.31837037037037036 0.0058229166666667 0.0102962962962963
0 0.5100416666666666 0.316212962962963 0.01377604166666669 0.0066018518518518475
0 0.5075208333333333 0.30898148148148147 0.00557291666666669 0.0065462962962963426
0 0.502875 0.3096759259259259 0.006541666666666638 0.008361111111111087
0 0.501203125 0.29551851851851857 0.004604166666666624 0.0066018518518518475
0 0.49204166666666665 0.29712037037037037 0.0038489583333333856 0.007240740740740787
0 0.48993229166666663 0.29714814814814816 0.004598958333333295 0.008351851851851834
0 0.488875 0.31239814814814815 0.004557291666666667 0.007731481481481502
0 0.5179322916666667 0.2910092592592593 0.005604166666666662 0.004425925925925901
0 0.5158854166666667 0.3102037037037037 0.0029270833333332764 0.004601851851851877
0 0.5199010416666667 0.30863888888888885 0.005317708333333352 0.007731481481481502
0 0.44913020833333334 0.2790648148148148 0.0026562499999999525 0.0030092592592592593
0 0.46840625 0.26833333333333337 0.0034583333333333853 0.007101851851851814
0 0.480203125 0.2692037037037037 0.0031197916666666713 0.004268518518518531
0 0.484375 0.26996296296296296 0.0032239583333333616 0.005324074074074074
0 0.49291666666666667 0.2843703703703704 0.0028072916666667187 0.003944444444444436
0 0.49053645833333337 0.27851851851851855 0.003453125000000057 0.003212962962962988
0 0.487 0.2678333333333333 0.002296875000000043 0.005185185185185206
0 0.48782291666666666 0.2641759259259259 0.0018854166666666097 0.003351851851851856
0 0.486921875 0.2573796296296297 0.0016249999999999431 0.006694444444444461
0 0.4839010416666667 0.2580648148148148 0.0035572916666666288 0.005324074074074074
0 0.4900364583333333 0.2582962962962963 0.003218750000000033 0.004870370370370362
0 0.4937552083333333 0.2587962962962963 0.004010416666666691 0.007851851851851869
0 0.4920677083333333 0.2690925925925926 0.0035208333333333285 0.006481481481481481
0 0.4954427083333333 0.27087962962962964 0.0027031250000000284 0.008981481481481524
0 0.49995833333333334 0.274037037037037 0.004786458333333362 0.00888888888888891
0 0.4999322916666667 0.27826851851851847 0.0031927083333333902 0.005907407407407403
0 0.5048854166666666 0.28147222222222223 0.002546875000000052 0.004999999999999979
0 0.505515625 0.28762037037037036 0.004578124999999981 0.0076944444444443936
0 0.5036770833333333 0.29087037037037033 0.004760416666666719 0.007777777777777757
0 0.5093489583333334 0.28682407407407406 0.004526041666666695 0.0056296296296296676
0 0.5316927083333333 0.28547222222222224 0.004505208333333321 0.005398148148148186
0 0.5249791666666667 0.28035185185185185 0.004968749999999981 0.006129629629629634
0 0.5231770833333333 0.2824537037037037 0.005484374999999986 0.006685185185185211
0 0.5206666666666666 0.28724074074074074 0.003296874999999962 0.0066296296296296
0 0.517140625 0.2821574074074074 0.002937500000000052 0.0047129629629629926
0 0.5131145833333333 0.2850648148148148 0.003380208333333338 0.0073240740740740445
0 0.5139895833333333 0.28176851851851853 0.0040989583333332765 0.004398148148148148
0 0.5141822916666666 0.27948148148148144 0.002463541666666676 0.007500000000000021
0 0.5155208333333333 0.26596296296296296 0.0022708333333332814 0.0034444444444444696
0 0.5127291666666667 0.2680185185185185 0.0031197916666666713 0.006638888888888851
0 0.5245677083333333 0.26939814814814816 0.005119791666666628 0.008916666666666663
0 0.5104479166666667 0.2547777777777778 0.002942708333333381 0.003490740740740724
0 0.5219791666666667 0.2553240740740741 0.004380208333333376 0.004592592592592626
0 0.52334375 0.2527592592592593 0.0037031249999999478 0.004194444444444419
0 0.525828125 0.25356481481481485 0.004093749999999948 0.007018518518518557
0 0.5279739583333334 0.2579814814814815 0.004531250000000024 0.006694444444444461
0 0.5312291666666666 0.26182407407407404 0.0035781249999999433 0.008425925925925948
0 0.5334947916666667 0.25681481481481483 0.003989583333333316 0.007101851851851814
0 0.54134375 0.26019444444444445 0.0026979166666665816 0.008379629629629588
0 0.537203125 0.25866666666666666 0.005223958333333437 0.006694444444444461
0 0.541140625 0.2750925925925926 0.004348958333333286 0.007509259259259272
0 0.5453229166666667 0.2633333333333333 0.003187499999999943 0.006870370370370332
0 0.54921875 0.27385185185185185 0.0034218750000000854 0.006324074074074112
0 0.5565885416666667 0.27525 0.004526041666666695 0.006824074074074078
0 0.5620989583333333 0.27655555555555555 0.004218749999999953 0.005314814814814823
0 0.5592291666666667 0.2660277777777778 0.004864583333333409 0.008407407407407445
0 0.5711197916666666 0.2693240740740741 0.006828125000000066 0.007314814814814794
0 0.6105729166666667 0.3201759259259259 0.005046875000000029 0.009120370370370392
0 0.613 0.32001851851851854 0.004708333333333314 0.006574074074074095
0 0.6647447916666667 0.346962962962963 0.004140624999999906 0.00867592592592593
0 0.668515625 0.34375925925925926 0.003187499999999943 0.005935185185185155
0 0.6751041666666667 0.34419444444444447 0.0040052083333333615 0.00543518518518519
0 0.680109375 0.34412037037037035 0.003463541666666714 0.008499999999999954
0 0.6766197916666666 0.34137962962962964 0.004468749999999962 0.006666666666666709
0 0.7532604166666667 0.42776851851851855 0.009276041666666639 0.010277777777777799
0 0.8849479166666666 0.3466018518518518 0.0047239583333334185 0.004842592592592609
0 0.8826406250000001 0.3475740740740741 0.004406250000000019 0.005416666666666688
0 0.8774739583333333 0.3458333333333333 0.002734375 0.00506481481481484
0 0.8732864583333334 0.34596296296296297 0.0038697916666665813 0.0065462962962963426
0 0.8728177083333333 0.3321296296296296 0.0034270833333332955 0.005944444444444407
0 0.8722552083333334 0.3315648148148148 0.002791666666666733 0.003935185185185185
0 0.8696302083333334 0.32587037037037037 0.0029374999999999337 0.005203703703703708
0 0.8682031250000001 0.3318055555555556 0.004999999999999952 0.008342592592592584
0 0.8679218750000001 0.3395462962962963 0.004192708333333428 0.0033240740740741034
0 0.863859375 0.34062037037037035 0.003677083333333305 0.005027777777777732
0 0.8617864583333333 0.3421018518518519 0.003703125000000066 0.006240740740740749
0 0.86465625 0.33462037037037035 0.004046874999999991 0.004805555555555606
0 0.8616510416666666 0.3388333333333333 0.005651041666666619 0.0098981481481482
0 0.8019635416666666 0.27612962962962967 0.003098958333333239 0.004583333333333376
0 0.7920312500000001 0.27218518518518514 0.0028229166666667044 0.0036666666666667004
0 0.7945625 0.26901851851851855 0.003458333333333267 0.004759259259259247
0 0.7782864583333333 0.27416666666666667 0.003807291666666638 0.004583333333333376
0 0.7666770833333333 0.2717685185185185 0.004192708333333428 0.006324074074074112
0 0.7737916666666667 0.26212037037037034 0.005135416666666733 0.009027777777777777
0 0.7791302083333334 0.26360185185185186 0.0042708333333332385 0.006157407407407387
0 0.7822239583333332 0.2612037037037037 0.005546875000000047 0.005722222222222176
0 0.7873697916666667 0.26105555555555554 0.007239583333333381 0.004981481481481477
0 0.774703125 0.25251851851851853 0.005322916666666563 0.005537037037037054
0 0.7542500000000001 0.2741296296296296 0.0054531249999998956 0.010342592592592554
0 0.7542083333333333 0.26469444444444445 0.003067708333333267 0.007462962962962913
0 0.7461458333333333 0.2649814814814815 0.004958333333333324 0.008120370370370354
0 0.7355572916666666 0.2755462962962963 0.005765625000000085 0.007759259259259255
0 0.7412760416666667 0.26004629629629633 0.003411458333333428 0.007333333333333295
0 0.7556354166666667 0.25005555555555553 0.004890624999999934 0.00479629629629625
0 0.76403125 0.23855555555555555 0.00404166666666678 0.006685185185185211
0 0.7530833333333333 0.20925000000000002 0.003119791666666553 0.005212962962962959
0 0.755734375 0.2101851851851852 0.005125000000000076 0.00757407407407408
0 0.740328125 0.2330185185185185 0.002354166666666657 0.003518518518518529
0 0.7358750000000001 0.23146296296296295 0.004203125000000085 0.005166666666666652
0 0.7330260416666667 0.23414814814814813 0.003416666666666638 0.007472222222222242
0 0.7244947916666666 0.24326851851851852 0.0018229166666666667 0.003898148148148182
0 0.72259375 0.23699074074074072 0.0032083333333332575 0.005185185185185206
0 0.7244218750000001 0.23728703703703702 0.0031510416666667616 0.005027777777777758
0 0.7222864583333333 0.24899074074074076 0.0023177083333332385 0.005722222222222176
0 0.69253125 0.26561111111111113 0.002723958333333343 0.004583333333333376
0 0.6894270833333334 0.24375 0.006578125000000057 0.0036296296296295916
0 0.6995312499999999 0.24423148148148147 0.003453125000000057 0.005462962962962942
0 0.709140625 0.24453703703703705 0.003281250000000095 0.005203703703703708
0 0.7045 0.2430925925925926 0.003333333333333381 0.0049444444444444735
0 0.6666093750000001 0.2645925925925926 0.003911458333333447 0.007333333333333295
0 0.6337291666666667 0.27464814814814814 0.006697916666666733 0.006064814814814773
0 0.6355208333333333 0.2675740740740741 0.004635416666666714 0.005888888888888902
0 0.6321093750000001 0.2667962962962963 0.004645833333333372 0.006148148148148135
0 0.6299479166666667 0.268537037037037 0.003802083333333428 0.006064814814814773
0 0.6128281250000001 0.26387037037037037 0.005151041666666601 0.005888888888888902
0 0.6002916666666667 0.2748888888888889 0.004401041666666572 0.00523148148148146
0 0.54825 0.25425 0.0030416666666667424 0.004101851851851805
0 0.5598854166666667 0.2553888888888889 0.003531250000000104 0.005148148148148098
0 0.566046875 0.25510185185185186 0.0035781249999999433 0.00850925925925931
0 0.5597916666666667 0.24628703703703705 0.002557291666666591 0.0021388888888888382
0 0.5599010416666667 0.2504351851851852 0.0033125000000000663 0.007027777777777807
0 0.5522291666666667 0.24517592592592594 0.0019635416666666573 0.003925925925925934
0 0.5485364583333333 0.2378611111111111 0.005177083333333362 0.005888888888888902
0 0.5375104166666667 0.24874999999999997 0.002177083333333248 0.002879629629629642
0 0.53253125 0.24146296296296293 0.0030781249999999832 0.004370370370370396
0 0.5335104166666667 0.2389537037037037 0.003072916666666714 0.004148148148148165
0 0.5408281250000001 0.2411574074074074 0.0029739583333333523 0.004629629629629629
0 0.5381250000000001 0.23851851851851855 0.0024270833333332577 0.005018518518518507
0 0.5272239583333334 0.21442592592592594 0.004255208333333371 0.007481481481481467
0 0.5472447916666667 0.21464814814814814 0.00358333333333339 0.007037037037037058
0 0.5501302083333334 0.20382407407407407 0.0014479166666667709 0.006342592592592614
0 0.5575416666666667 0.20587037037037037 0.003510416666666553 0.006083333333333327
0 0.561875 0.20366666666666666 0.0021093750000000947 0.003861111111111126
0 0.5647604166666667 0.21785185185185185 0.0032135416666667044 0.005166666666666652
0 0.5669687499999999 0.22064814814814815 0.003703125000000066 0.007259259259259236
0 0.5660833333333334 0.22780555555555557 0.0024270833333332577 0.0058611111111110965
0 0.56890625 0.23787962962962966 0.0031614583333334184 0.005935185185185182
0 0.5744322916666668 0.24152777777777779 0.0038958333333333427 0.006675925925925959
0 0.5803229166666667 0.24080555555555555 0.005859375 0.009166666666666646
0 0.582703125 0.24102777777777779 0.0012916666666666762 0.005240740740740712
0 0.5868385416666667 0.23524074074074075 0.004406250000000019 0.004583333333333349
0 0.5754739583333334 0.2220462962962963 0.0018072916666665624 0.003064814814814817
0 0.5730104166666667 0.21975 0.003859374999999924 0.006314814814814809
0 0.5700885416666667 0.2195277777777778 0.005515625000000076 0.00808333333333335
0 0.5706145833333333 0.21109259259259258 0.005947916666666705 0.003999999999999994
0 0.575546875 0.21067592592592593 0.0034270833333332955 0.0034629629629629715
0 0.6034270833333333 0.23005555555555557 0.004416666666666676 0.0052777777777777675
0 0.595828125 0.23210185185185184 0.002729166666666553 0.00493518518518517
0 0.5964895833333334 0.22671296296296295 0.0025833333333333524 0.004194444444444419
0 0.5956458333333334 0.22221296296296297 0.0018125000000000094 0.0056666666666666705
0 0.5919270833333333 0.21973148148148147 0.002286458333333267 0.0042037037037037225
0 0.5907604166666667 0.22285185185185186 0.0026562499999999525 0.005638888888888866
0 0.584140625 0.22398148148148148 0.00415625000000001 0.0066018518518518475
0 0.5837604166666667 0.22587962962962962 0.0038854166666666854 0.006907407407407388
0 0.5833333333333334 0.21577777777777776 0.00408854166666662 0.0032592592592592426
0 0.5692552083333333 0.20451851851851852 0.0020468749999999146 0.0030833333333333186
0 0.5716249999999999 0.20630555555555555 0.0034270833333332955 0.006611111111111099
0 0.5768645833333333 0.20587037037037037 0.003348958333333248 0.00573148148148148
0 0.5794791666666667 0.20718518518518517 0.0034218750000000854 0.006611111111111099
0 0.581984375 0.20612962962962963 0.003520833333333447 0.004509259259259263
0 0.5843906249999999 0.20541666666666666 0.0034218750000000854 0.005259259259259266
0 0.587078125 0.21169444444444444 0.0031510416666667616 0.003851851851851875
0 0.5902083333333333 0.21143518518518517 0.0037604166666665626 0.0033333333333333544
0 0.5874322916666667 0.2056388888888889 0.003572916666666733 0.004638888888888881
0 0.5912864583333334 0.2059351851851852 0.003302083333333409 0.005194444444444457
0 0.5951822916666667 0.2114074074074074 0.0033125000000000663 0.005055555555555536
0 0.596484375 0.20783333333333334 0.0069583333333334 0.0069351851851851935
0 0.6000989583333334 0.20797222222222222 0.0037656250000000094 0.00999074074074076
0 0.6024739583333333 0.20750925925925928 0.003177083333333286 0.004435185185185204
0 0.60609375 0.2066111111111111 0.004427083333333333 0.006120370370370383
0 0.6078749999999999 0.21275925925925926 0.0043906249999999146 0.007074074074074062
0 0.610703125 0.20727777777777778 0.005182291666666572 0.006750000000000019
0 0.6145156249999999 0.21511111111111111 0.002640625000000085 0.0036666666666666475
0 0.6150989583333334 0.20978703703703702 0.0047239583333334185 0.00713888888888887
0 0.6684322916666667 0.23462962962962963 0.0037499999999999053 0.004509259259259263
0 0.7145625 0.22194444444444444 0.005312499999999905 0.0037407407407407597
0 0.7094947916666666 0.22169444444444444 0.0018541666666666383 0.0047870370370370514
0 0.7075677083333333 0.22063888888888888 0.002510416666666752 0.003685185185185202
0 0.702453125 0.22362962962962965 0.002447916666666572 0.007388888888888906
0 0.7019010416666667 0.21885185185185185 0.0037760416666666667 0.0051203703703703455
0 0.699578125 0.22298148148148147 0.002562500000000038 0.006351851851851865
0 0.6956197916666667 0.22163888888888889 0.003999999999999915 0.0056851851851851725
0 0.6936145833333334 0.21836111111111112 0.0028229166666667044 0.004879629629629613
0 0.68859375 0.22247222222222224 0.004062500000000095 0.006694444444444461
0 0.6830833333333334 0.2186851851851852 0.0028177083333332576 0.003907407407407432
0 0.6790520833333333 0.21876851851851853 0.004348958333333286 0.006620370370370349
0 0.6753281250000001 0.21761111111111112 0.0038489583333332672 0.006046296296296271
0 0.6726093750000001 0.21985185185185185 0.0029374999999999337 0.005787037037037037
0 0.6703072916666667 0.22296296296296297 0.003031250000000085 0.0033148148148148
0 0.667140625 0.22188888888888889 0.003114583333333343 0.003851851851851875
0 0.6722135416666667 0.21426851851851852 0.0040312499999998865 0.003370370370370358
0 0.6685 0.21510185185185185 0.005088541666666657 0.003703703703703704
0 0.6643489583333333 0.21781481481481482 0.004307291666666657 0.006175925925925941
0 0.6587916666666668 0.21819444444444444 0.0046979166666666575 0.004287037037037033
0 0.6528020833333333 0.21912962962962962 0.004192708333333428 0.006157407407407387
0 0.6601197916666667 0.21285185185185185 0.003401041666666771 0.005620370370370364
0 0.6502395833333333 0.21769444444444447 0.004515625000000038 0.005287037037037018
0 0.6530052083333333 0.2134537037037037 0.006880208333333352 0.005203703703703708
0 0.6416354166666667 0.21836111111111112 0.0029218750000000663 0.006620370370370349
0 0.6374010416666667 0.21624074074074073 0.003859374999999924 0.006055555555555574
0 0.6480208333333334 0.2134537037037037 0.00383854166666661 0.004157407407407416
0 0.6308697916666667 0.21962037037037035 0.0018906250000000568 0.002777777777777778
0 0.6269218750000001 0.21856481481481482 0.0015156249999999242 0.0030185185185185102
0 0.6248489583333333 0.22028703703703703 0.0026458333333332956 0.002777777777777778
0 0.6209322916666667 0.21983333333333333 0.0017604166666667235 0.002879629629629642
0 0.6193489583333334 0.21251851851851852 0.005156250000000047 0.003064814814814817
0 0.6196145833333334 0.21607407407407409 0.002890625000000095 0.0037129629629629544
0 0.6239947916666666 0.21543518518518517 0.003755208333333352 0.0071296296296296195
0 0.6207499999999999 0.2094537037037037 0.004052083333333438 0.004166666666666667
0 0.6259791666666668 0.21050925925925926 0.004880208333333276 0.00574074074074073
0 0.6287343750000001 0.20978703703703702 0.0011927083333333143 0.006175925925925941
0 0.6290364583333333 0.2118611111111111 0.003302083333333409 0.010055555555555568
0 0.6315260416666667 0.20950925925925926 0.0024374999999999146 0.0037314814814814563
0 0.64046875 0.20960185185185184 0.013703124999999972 0.005537037037037054
0 0.6344322916666666 0.21412037037037038 0.006192708333333267 0.00816666666666666