0 0.191515625 0.9732407407407406 0.007489583333333331 0.018481481481481515
0 0.19944270833333333 0.964962962962963 0.006682291666666688 0.02275925925925919
0 0.25566666666666665 0.9635740740740741 0.009854166666666645 0.023953703703703602
0 0.29292708333333334 0.9285648148148148 0.006406249999999976 0.015175925925926018
0 0.31359895833333334 0.9305555555555556 0.015489583333333338 0.015175925925926018
0 0.35679687499999996 0.928962962962963 0.013151041666666667 0.010388888888888914
0 0.346796875 0.8520092592592592 0.012421874999999952 0.01982407407407415
0 0.24445833333333333 0.8756203703703703 0.008067708333333338 0.01843518518518526
0 0.23779166666666668 0.8798055555555556 0.006833333333333335 0.018037037037037053
0 0.230453125 0.8884722222222222 0.009182291666666665 0.01863888888888899
0 0.21874479166666666 0.8908055555555556 0.009067708333333317 0.008981481481481524
0 0.21361979166666664 0.9026666666666666 0.010916666666666686 0.011175925925925867
0 0.20406770833333335 0.8949444444444444 0.011526041666666664 0.02761111111111105
0 0.205015625 0.8848333333333334 0.009427083333333345 0.022898148148148164
0 0.17871354166666667 0.7874166666666667 0.01011979166666664 0.012518518518518502
0 0.114 0.7785462962962963 0.00841666666666668 0.008333333333333333
0 0.13378125000000002 0.7192870370370371 0.008083333333333324 0.009305555555555513
0 0.1840625 0.7774074074074074 0.005583333333333347 0.01959259259259267
0 0.18882291666666667 0.7855185185185185 0.005062500000000014 0.01357407407407415
0 0.18955208333333334 0.772425925925926 0.009880208333333347 0.014277777777777846
0 0.21722916666666667 0.7628611111111111 0.006489583333333352 0.0150833333333333
0 0.23908333333333334 0.7237685185185185 0.0053750000000000265 0.009620370370370463
0 0.248296875 0.7194259259259259 0.007677083333333338 0.015898148148148217
0 0.355703125 0.7699166666666667 0.004770833333333376 0.009972222222222205
0 0.3834635416666667 0.7490185185185185 0.004942708333333338 0.010851851851851876
0 0.4393229166666667 0.7271851851851852 0.011369791666666629 0.012425925925925993
0 0.45039583333333333 0.7293703703703704 0.008541666666666715 0.00806481481481485
0 0.41062499999999996 0.7074259259259259 0.007203124999999962 0.014287037037037096
0 0.40894791666666663 0.6934166666666667 0.0035208333333333285 0.010083333333333427
0 0.38783854166666665 0.7045833333333333 0.007906250000000033 0.012981481481481465
0 0.36359375 0.5810833333333334 0.004661458333333357 0.011277777777777836
0 0.409328125 0.5002777777777777 0.001614583333333286 0.01034259259259266
0 0.41222395833333336 0.49721296296296297 0.003208333333333376 0.006657407407407458
0 0.4454166666666667 0.47173148148148153 0.005770833333333295 0.008453703703703751
0 0.45759895833333336 0.44239814814814815 0.005218749999999991 0.007999999999999988
0 0.468359375 0.42519444444444443 0.005744791666666652 0.00942592592592588
0 0.47087500000000004 0.4224537037037037 0.006291666666666629 0.009981481481481456
0 0.49493229166666663 0.41766666666666663 0.004359374999999943 0.009111111111111141
0 0.61965625 0.5115 0.004302083333333447 0.006314814814814756
0 0.46059895833333336 0.39144444444444443 0.008427083333333366 0.011388888888888846
0 0.461171875 0.35014814814814815 0.004734374999999957 0.008481481481481453
0 0.48377604166666666 0.3512777777777778 0.002260416666666624 0.007361111111111153
0 0.49691145833333333 0.3586388888888889 0.006552083333333295 0.006231481481481498
0 0.5059375 0.35281481481481486 0.005817708333333371 0.009287037037037012
0 0.5014791666666667 0.33149999999999996 0.004546875000000009 0.007999999999999988
0 0.49759375 0.3303611111111111 0.0018749999999999527 0.007999999999999988
0 0.4950625 0.31987037037037036 0.003505208333333343 0.00903703703703703
0 0.49743750000000003 0.31887037037037036 0.003463541666666714 0.008796296296296297
0 0.48838020833333334 0.31066666666666665 0.005416666666666714 0.006481481481481481
0 0.4893489583333333 0.30214814814814817 0.0037916666666666524 0.007101851851851814
0 0.4783177083333333 0.3004537037037037 0.003760416666666681 0.00824074074074072
0 0.42972916666666666 0.2828148148148148 0.001697916666666662 0.005750000000000034
0 0.42081250000000003 0.28675 0.0046718750000000146 0.005129629629629596
0 0.5237291666666667 0.31307407407407406 0.003151041666666643 0.010009259259259209
0 0.5214166666666666 0.3160277777777778 0.0036562499999999907 0.010407407407407416
0 0.520421875 0.29812037037037037 0.0013229166666666478 0.004101851851851805
0 0.5230729166666667 0.29964814814814816 0.004255208333333371 0.005240740740740712
0 0.514390625 0.291787037037037 0.007119791666666705 0.006129629629629634
0 0.5227760416666667 0.29337962962962966 0.00202083333333339 0.005777777777777786
0 0.5259166666666667 0.29427777777777775 0.003135416666666657 0.005148148148148098
0 0.532734375 0.3030277777777778 0.004520833333333366 0.01007407407407407
0 0.5385885416666666 0.3014074074074074 0.002614583333333324 0.008287037037037079
0 0.5359739583333333 0.3036388888888889 0.00501041666666661 0.006925925925925943
0 0.5333749999999999 0.2900925925925926 0.005901041666666629 0.006611111111111099
0 0.5277291666666667 0.26882407407407405 0.003312499999999948 0.007037037037037058
0 0.5376770833333333 0.27073148148148146 0.0049218749999999055 0.0066018518518518475
0 0.5476666666666666 0.25996296296296295 0.005088541666666657 0.004425925925925901
0 0.5578854166666667 0.3086203703703704 0.002890625000000095 0.005361111111111078
0 0.5597916666666667 0.30799074074074073 0.004187499999999981 0.005962962962963014
0 0.564921875 0.3101666666666667 0.005463541666666553 0.007407407407407408
0 0.5676041666666667 0.32072222222222224 0.005109374999999972 0.009148148148148143
0 0.5629375 0.301 0.004499999999999934 0.00947222222222224
0 0.5715416666666666 0.3078333333333333 0.0039791666666666005 0.006490740740740733
0 0.5729010416666667 0.3017314814814815 0.004526041666666695 0.006481481481481481
0 0.5814479166666667 0.30562962962962964 0.0031041666666666856 0.004111111111111162
0 0.5862760416666667 0.3073425925925926 0.004328124999999972 0.004157407407407416
0 0.5905520833333333 0.3009074074074074 0.0014427083333333238 0.0019351851851852147
0 0.5944427083333333 0.29887962962962966 0.0021510416666667234 0.0036759259259259514
0 0.5849322916666666 0.296462962962963 0.004630208333333267 0.006574074074074095
0 0.5810416666666666 0.29810185185185184 0.004786458333333362 0.005620370370370417
0 0.5729270833333333 0.28665740740740736 0.004036458333333334 0.004888888888888864
0 0.5688489583333334 0.28564814814814815 0.0030416666666667424 0.003916666666666684
0 0.5784010416666666 0.2863981481481481 0.002453125000000019 0.003870370370370324
0 0.5806458333333333 0.28155555555555556 0.0025416666666667237 0.005249999999999962
0 0.5743125 0.2739351851851852 0.0024687499999998864 0.005083333333333342
0 0.5703385416666666 0.2606851851851852 0.002291666666666714 0.004231481481481528
0 0.5691666666666666 0.2669722222222222 0.0031510416666667616 0.004564814814814768
0 0.5646614583333334 0.2622222222222222 0.0019739583333333146 0.005555555555555556
0 0.5610833333333333 0.259 0.0040052083333333615 0.005925925925925905
0 0.5675104166666666 0.25622222222222224 0.0030000000000001137 0.004351851851851894
0 0.5719270833333333 0.260537037037037 0.0015989583333334185 0.004601851851851877
0 0.5747916666666666 0.26328703703703704 0.0023749999999999718 0.004129629629629664
0 0.5780729166666667 0.2660740740740741 0.00415625000000001 0.00560185185185181
0 0.5812968749999999 0.27028703703703705 0.0026562499999999525 0.003972222222222189
0 0.5851770833333333 0.2721574074074074 0.0056406249999999625 0.005509259259259301
0 0.5841614583333333 0.27561111111111114 0.0030781249999999242 0.006138888888888885
0 0.5859895833333333 0.27875925925925926 0.004437499999999991 0.006129629629629634
0 0.5902708333333333 0.2766296296296296 0.003802083333333428 0.004092592592592555
0 0.5640260416666667 0.2507685185185185 0.0025364583333332765 0.00425925925925928
0 0.56715625 0.24989814814814815 0.0026614583333333997 0.00501851851851848
0 0.5710416666666667 0.25093518518518515 0.0037083333333332766 0.006111111111111132
0 0.5734114583333334 0.2502037037037037 0.0031510416666667616 0.007185185185185176
0 0.5911875 0.2703981481481481 0.002848958333333229 0.004296296296296283
0 0.593875 0.2722777777777778 0.003234375000000019 0.004500000000000013
0 0.5958906249999999 0.2741203703703704 0.0037291666666665908 0.005351851851851826
0 0.5964062499999999 0.27875925925925926 0.004401041666666572 0.006129629629629634
0 0.6001354166666667 0.27424074074074073 0.0037239583333333807 0.00560185185185181
0 0.5910677083333333 0.2589259259259259 0.00344791666666661 0.006490740740740733
0 0.5950260416666667 0.2583703703703704 0.004468749999999962 0.005925925925925905
0 0.5927447916666666 0.24872222222222223 0.0039791666666666005 0.005203703703703708
0 0.60546875 0.27261111111111114 0.004255208333333371 0.005212962962962959
0 0.6105260416666667 0.2765740740740741 0.003734375000000038 0.00522222222222221
0 0.602421875 0.26125 0.0038125000000000854 0.005620370370370417
0 0.6008177083333333 0.24937962962962962 0.002359375000000104 0.0030277777777777608
0 0.6022968750000001 0.24762037037037038 0.0040729166666667515 0.004537037037037016
0 0.603453125 0.24581481481481482 0.0030260416666666383 0.004388888888888897
0 0.607359375 0.2477685185185185 0.00482812499999999 0.007027777777777807
0 0.607359375 0.2517407407407407 0.0041250000000000375 0.005861111111111149
0 0.6105937499999999 0.25699074074074074 0.0038750000000000286 0.004407407407407399
0 0.6141927083333333 0.2516481481481481 0.002052083333333362 0.005046296296296339
0 0.6115677083333334 0.25367592592592597 0.004052083333333438 0.00500925925925923
0 0.6171354166666667 0.2523240740740741 0.003520833333333447 0.005453703703703691
0 0.6195885416666667 0.2559351851851852 0.003994791666666705 0.005759259259259284
0 0.6191822916666666 0.26681481481481484 0.004244791666666714 0.007388888888888906
0 0.6284895833333334 0.2667037037037037 0.00358333333333339 0.0043425925925926435
0 0.6244739583333333 0.2581851851851852 0.002671875000000057 0.004518518518518515
0 0.6217343750000001 0.2540648148148148 0.0028072916666666003 0.0042222222222221715
0 0.6179427083333333 0.24336111111111108 0.003890624999999896 0.006805555555555577
0 0.6213802083333333 0.2448888888888889 0.002104166666666648 0.004074074074074053
0 0.6130260416666666 0.23299074074074075 0.0016979166666667804 0.003657407407407397
0 0.6136822916666667 0.2379074074074074 0.0020885416666667806 0.004611111111111128
0 0.6169270833333333 0.23332407407407407 0.0023854166666666286 0.004231481481481475
0 0.6199843749999999 0.23317592592592593 0.0031979166666666003 0.0030092592592592593
0 0.6209322916666667 0.23600925925925925 0.0031458333333333143 0.004888888888888864
0 0.615078125 0.23362037037037037 0.002406249999999943 0.0038888888888888784
0 0.6275885416666667 0.2486574074074074 0.0049635416666667705 0.005990740740740766
0 0.6362864583333334 0.2680925925925926 0.004796875000000019 0.004212962962962921
0 0.6390677083333334 0.2586481481481481 0.004708333333333314 0.005185185185185206
0 0.6396614583333334 0.2688611111111111 0.0016041666666666288 0.0032962962962962456
0 0.6505781249999999 0.2622222222222222 0.0038125000000000854 0.004500000000000013
0 0.647546875 0.25166666666666665 0.00455208333333322 0.0040462962962963004
0 0.6436979166666668 0.2499166666666667 0.0017291666666667518 0.0034629629629629715
0 0.6398541666666666 0.2508796296296296 0.004015625000000019 0.004990740740740728
0 0.6410572916666666 0.24585185185185182 0.002322916666666686 0.0037314814814814563
0 0.6384583333333332 0.24253703703703702 0.0022135416666666666 0.0056481481481481695
0 0.6323854166666667 0.24082407407407405 0.003854166666666714 0.005074074074074091
0 0.6295729166666667 0.23197222222222222 0.003536458333333314 0.005388888888888882
0 0.6120677083333333 0.20899074074074075 0.0035989583333332575 0.0044166666666666495
0 0.631640625 0.21057407407407405 0.0037083333333332766 0.004074074074074053
0 0.6326666666666667 0.1998703703703704 0.0018749999999999527 0.0024999999999999896
0 0.63434375 0.19948148148148148 0.002052083333333362 0.0032870370370370475
0 0.6424062500000001 0.20304629629629628 0.002614583333333324 0.0031851851851851833
0 0.6428958333333333 0.20150925925925925 0.004473958333333409 0.004509259259259263
0 0.64684375 0.20045370370370372 0.0026510416666667425 0.0033425925925926053
0 0.651953125 0.23378703703703704 0.0016249999999999431 0.0024814814814814877
0 0.6569635416666666 0.23854629629629628 0.002916666666666619 0.0035833333333333377
0 0.6620520833333334 0.24041666666666664 0.0024947916666666478 0.003870370370370324
0 0.659640625 0.23588888888888887 0.002864583333333333 0.003925925925925934
0 0.6633541666666667 0.23714814814814816 0.001734374999999962 0.0023611111111110955
0 0.665484375 0.23691666666666666 0.0022812500000000567 0.0028333333333333093
0 0.6498489583333333 0.21323148148148147 0.0019427083333333427 0.003351851851851856
0 0.6514739583333333 0.2164814814814815 0.002729166666666553 0.004722222222222243
0 0.6476822916666667 0.22135185185185186 0.0016874999999998864 0.003777777777777763
0 0.6549999999999999 0.21427777777777776 0.0028854166666666477 0.0028425925925925862
0 0.658828125 0.21500925925925926 0.003994791666666705 0.004916666666666669
0 0.6659166666666666 0.22349074074074074 0.0022604166666667425 0.0030277777777777608
0 0.6689843750000001 0.22135185185185186 0.0015000000000000568 0.003777777777777763
0 0.6704427083333333 0.23259259259259257 0.002828124999999915 0.005194444444444457
0 0.6788489583333334 0.22894444444444442 0.0021354166666666193 0.002925925925925949
0 0.6861614583333334 0.22768518518518518 0.0020781249999998865 0.0041851851851851685
0 0.6881979166666666 0.3109537037037037 0.0024270833333332577 0.004722222222222243
0 0.6880937500000001 0.3136851851851852 0.0044322916666667805 0.005148148148148098
0 0.6783958333333333 0.2695092592592592 0.0021927083333333525 0.0019907407407407196
0 0.6956510416666667 0.25931481481481483 0.003458333333333267 0.004546296296296267
0 0.7148541666666667 0.2704259259259259 0.0043697916666666 0.005703703703703674
0 0.7115781250000001 0.26487037037037037 0.003072916666666714 0.005305555555555572
0 0.7138020833333333 0.2623240740740741 0.003499999999999896 0.005314814814814823
0 0.7178802083333333 0.26411111111111113 0.0029895833333332196 0.005759259259259284
0 0.72109375 0.26246296296296295 0.0037656250000000094 0.005287037037037071
0 0.7475364583333334 0.261537037037037 0.004479166666666619 0.004370370370370396
0 0.7337135416666667 0.33491666666666664 0.0022447916666666384 0.004870370370370362
0 0.7353489583333332 0.33821296296296294 0.004385416666666705 0.006129629629629634
0 0.738328125 0.3349351851851852 0.0023854166666666286 0.004898148148148114
0 0.746640625 0.3355462962962963 0.0020312500000000473 0.003925925925925934
0 0.7488125 0.3346018518518519 0.0017812500000000378 0.004555555555555518
0 0.7525416666666668 0.3358703703703704 0.003937499999999971 0.006787037037037075
0 0.8177864583333334 0.4229444444444444 0.007307291666666771 0.009175925925925896
0 0.9717552083333333 0.349462962962963 0.003114583333333343 0.0058703703703704
0 0.9691510416666667 0.35017592592592595 0.004244791666666714 0.006351851851851865
0 0.9651822916666667 0.3490185185185185 0.00397395833333339 0.00699999999999995
0 0.960921875 0.3494259259259259 0.005447916666666686 0.006851851851851831
0 0.9597864583333333 0.3360277777777778 0.002895833333333305 0.005111111111111094
0 0.9603437499999999 0.33299074074074075 0.0028749999999999904 0.005379629629629579
0 0.957953125 0.32779629629629625 0.002614583333333324 0.005509259259259301
0 0.9577291666666666 0.33449074074074076 0.003067708333333267 0.004435185185185151
0 0.953546875 0.33331481481481484 0.005520833333333286 0.008546296296296314
0 0.9523125 0.3413425925925926 0.006270833333333314 0.010814814814814768
0 0.9477864583333333 0.3420462962962963 0.007692708333333324 0.010916666666666634
0 0.8936770833333333 0.2781388888888889 0.0025312500000000664 0.004212962962962921
0 0.8820416666666666 0.27567592592592594 0.003401041666666771 0.0038518518518518225
0 0.8668229166666667 0.27523148148148147 0.004026041666666676 0.005314814814814823
0 0.8542760416666667 0.2726296296296296 0.003890624999999896 0.005787037037037037
0 0.8587604166666666 0.26185185185185184 0.002234374999999981 0.005305555555555572
0 0.8636458333333333 0.2630925925925926 0.002630208333333428 0.005583333333333308
0 0.8661041666666667 0.26230555555555557 0.0025885416666665624 0.0040092592592592975
0 0.8705833333333334 0.26539814814814816 0.0035885416666666 0.00609259259259263
0 0.8700625 0.2613240740740741 0.004848958333333305 0.005185185185185206
0 0.8734114583333333 0.2611481481481482 0.003234375000000019 0.005148148148148098
0 0.8763906250000001 0.2616203703703704 0.0033802083333332195 0.005777777777777786
0 0.8796093749999999 0.2625 0.004729166666666629 0.006611111111111099
0 0.86771875 0.25399074074074074 0.003343750000000038 0.005305555555555572
0 0.8406302083333334 0.27462037037037035 0.0028854166666666477 0.00565740740740742
0 0.8416927083333333 0.26678703703703704 0.00383854166666661 0.004481481481481511
0 0.8231770833333333 0.27458333333333335 0.0034427083333333996 0.0049629629629629754
0 0.8298697916666666 0.25853703703703707 0.0035572916666666288 0.0040092592592592975
0 0.82834375 0.26415740740740745 0.002624999999999981 0.004564814814814768
0 0.83265625 0.26386111111111116 0.005062499999999896 0.007120370370370421
0 0.8432968750000001 0.24905555555555559 0.0036927083333334093 0.004870370370370362
0 0.8455677083333334 0.2507222222222222 0.0032760416666666476 0.005944444444444407
0 0.8573802083333334 0.24034259259259258 0.0040729166666667515 0.0069537037037036955
0 0.849546875 0.21037037037037035 0.0029218750000000663 0.003944444444444436
0 0.85265625 0.2099814814814815 0.003958333333333286 0.006277777777777753
0 0.851671875 0.21251851851851852 0.00220833333333322 0.0030925925925925695
0 0.8319947916666667 0.23316666666666666 0.002848958333333229 0.003601851851851839
0 0.8264010416666667 0.23222222222222225 0.0036979166666666194 0.004861111111111111
0 0.823390625 0.2333611111111111 0.002671875000000057 0.004500000000000013
0 0.8123020833333333 0.23694444444444449 0.0046875 0.004870370370370389
0 0.810109375 0.24183333333333334 0.0019947916666666287 0.004527777777777765
0 0.809546875 0.24606481481481482 0.0037812500000001135 0.005500000000000051
0 0.7759270833333333 0.2645925925925926 0.0025416666666667237 0.004166666666666667
0 0.795703125 0.24392592592592593 0.0024947916666666478 0.004453703703703653
0 0.7919427083333334 0.24313888888888888 0.0032552083333333335 0.003416666666666717
0 0.787484375 0.2439814814814815 0.003536458333333314 0.0049629629629629754
0 0.7754270833333333 0.24250925925925929 0.005749999999999981 0.004675925925925884
0 0.753890625 0.23316666666666666 0.002359375000000104 0.0032870370370370475
0 0.8056041666666667 0.22215740740740741 0.004036458333333334 0.004861111111111111
0 0.8023072916666667 0.22083333333333333 0.0030885416666665815 0.004694444444444438
0 0.7969947916666666 0.21936111111111112 0.00397395833333339 0.004500000000000013
0 0.7910677083333333 0.2230925925925926 0.0018541666666666383 0.0017499999999999875
0 0.7894114583333334 0.22028703703703703 0.0038958333333333427 0.0058425925925925945
0 0.7842083333333334 0.21869444444444444 0.004953125000000114 0.00866666666666668
0 0.7753177083333332 0.22287962962962965 0.003098958333333239 0.008518518518518509
0 0.7726510416666666 0.2169074074074074 0.003244791666666676 0.0031666666666666813
0 0.7628802083333334 0.22044444444444444 0.006208333333333371 0.003907407407407432
0 0.7679583333333333 0.21713888888888888 0.0037708333333332194 0.0058425925925925945
0 0.7603697916666667 0.2125 0.006276041666666761 0.0025370370370370455
0 0.7566770833333333 0.21178703703703702 0.0019843749999999714 0.003916666666666684
0 0.75490625 0.21900925925925926 0.003755208333333352 0.008009259259259239
0 0.7521979166666667 0.21484259259259259 0.004984375000000085 0.008481481481481505
0 0.7476406250000001 0.21367592592592594 0.005244791666666752 0.009259259259259259
0 0.7409166666666667 0.2146851851851852 0.005197916666666676 0.008509259259259256
0 0.736546875 0.2155277777777778 0.0033177083333332763 0.006703703703703712
0 0.7352291666666667 0.21039814814814814 0.0040052083333333615 0.00544444444444444
0 0.7310833333333334 0.21180555555555555 0.002567708333333248 0.008277777777777776
0 0.7293125 0.21778703703703706 0.002567708333333248 0.004500000000000013
0 0.7241145833333333 0.21564814814814814 0.004119791666666591 0.005324074074074074
0 0.7271562500000001 0.21546296296296294 0.004229166666666609 0.005370370370370381
0 0.7281822916666666 0.21039814814814814 0.004296875 0.008592592592592567
0 0.6600729166666667 0.22003703703703703 0.002624999999999981 0.003768518518518512
0 0.6555052083333333 0.2172037037037037 0.003505208333333343 0.0047314814814814945
0 0.6726145833333333 0.21788888888888888 0.0016614583333333618 0.003351851851851856
0 0.6744739583333333 0.2192314814814815 0.0018385416666667708 0.002879629629629642
0 0.6769270833333334 0.21676851851851853 0.0027656249999999717 0.004648148148148131
0 0.6806197916666666 0.2210925925925926 0.002630208333333428 0.00543518518518519
0 0.680125 0.22469444444444445 0.0018593750000000854 0.0035833333333333377
0 0.6563125 0.20707407407407405 0.004010416666666572 0.004537037037037016
0 0.661875 0.2075462962962963 0.0020833333333333333 0.003907407407407432
0 0.6572291666666668 0.20222222222222222 0.005437500000000028 0.005574074074074057
0 0.6618645833333333 0.20310185185185184 0.0021406250000000665 0.004194444444444419
0 0.6649062499999999 0.20373148148148149 0.007479166666666733 0.008861111111111104
0 0.668578125 0.21191666666666667 0.0035416666666667615 0.005555555555555556
0 0.6699947916666668 0.2033425925925926 0.0033593749999999054 0.0037222222222222053
0 0.673953125 0.20864814814814814 0.004114583333333381 0.006111111111111132
0 0.6788385416666666 0.2088425925925926 0.005484375000000105 0.004138888888888914
0 0.6820572916666666 0.21000925925925926 0.0041770833333333235 0.0052777777777777675
0 0.685984375 0.2098888888888889 0.003401041666666771 0.002685185185185164
0 0.6922604166666667 0.21207407407407405 0.0037760416666666667 0.005870370370370347
0 0.6925677083333334 0.20491666666666666 0.004229166666666609 0.010407407407407416
0 0.6870833333333334 0.2045833333333333 0.003921875000000104 0.007148148148148173
0 0.6798489583333333 0.20430555555555557 0.003786458333333324 0.008481481481481505
0 0.6831666666666667 0.2048888888888889 0.003734375000000038 0.007638888888888889
0 0.6750260416666667 0.20369444444444446 0.008119791666666742 0.005370370370370381
0 0.696890625 0.2064814814814815 0.003531250000000104 0.0072870370370370415
0 0.702234375 0.2088611111111111 0.0055885416666666765 0.010083333333333321
0 0.717859375 0.2162777777777778 0.0022812500000000567 0.0040462962962963004
0 0.7203854166666667 0.21689814814814815 0.0017291666666667518 0.003435185185185166
0 0.7132447916666667 0.21538888888888888 0.002005208333333286 0.0037407407407407597
0 0.7101510416666666 0.21598148148148147 0.002619791666666771 0.006000000000000017
0 0.7068593750000001 0.2162962962962963 0.002786458333333286 0.003324074074074051
0 0.715890625 0.21275925925925926 0.002901041666666752 0.004657407407407382
0 0.7148958333333333 0.20700925925925925 0.0057343750000001135 0.0056851851851851725
0 0.7196874999999999 0.20758333333333334 0.00841145833333338 0.00889814814814816
0 0.7247604166666667 0.2084814814814815 0.0037083333333332766 0.006750000000000019
0 0.7084427083333333 0.20963888888888887 0.00886979166666677 0.01131481481481484