0 0.030463541666666667 0.5853425925925926 0.009026041666666667 0.01002777777777771
0 0.035541666666666666 0.5997222222222223 0.007145833333333333 0.012037037037037037
0 0.09627604166666666 0.5174814814814814 0.010531249999999985 0.010694444444444402
0 0.1085 0.5011018518518519 0.01015625 0.011370370370370345
0 0.17017708333333334 0.6535370370370371 0.010906250000000029 0.011370370370370345
0 0.17638020833333332 0.7541574074074074 0.01203645833333334 0.024064814814814824
0 0.20364583333333333 0.6645740740740741 0.006395833333333319 0.012037037037037037
0 0.25817708333333333 0.7083611111111111 0.006395833333333319 0.01270370370370373
0 0.24144270833333334 0.7364444444444445 0.009776041666666657 0.018055555555555554
0 0.2705885416666666 0.7822407407407408 0.011656250000000028 0.01604629629629623
0 0.2611875 0.7959444444444445 0.008651041666666673 0.020722222222222322
0 0.27152604166666666 0.8113240740740741 0.010531250000000015 0.018055555555555554
0 0.27697916666666667 0.8153333333333332 0.008651041666666614 0.019388888888888938
0 0.29296875 0.9893518518518518 0.0171875 0.021296296296296296
0 0.21013541666666666 0.5910462962962963 0.009223958333333353 0.015833333333333248
0 0.23081770833333334 0.5918981481481481 0.009223958333333353 0.017537037037037087
0 0.2688333333333333 0.5551296296296296 0.010182291666666643 0.016398148148148183
0 0.27495312499999996 0.5481481481481482 0.0060260416666666336 0.012361111111111028
0 0.29013541666666665 0.5473240740740741 0.007651041666666695 0.010712962962962903
0 0.3118125 0.5588703703703705 0.007416666666666671 0.01400925925925936
0 0.2937291666666667 0.5273425925925925 0.006953124999999952 0.010305555555555656
0 0.2953541666666667 0.5646388888888888 0.0060260416666666336 0.011537037037037071
0 0.30010416666666667 0.6089444444444444 0.007187499999999976 0.015250000000000026
0 0.30010416666666667 0.6219259259259259 0.010432291666666652 0.010712962962962903
0 0.358640625 0.6291388888888889 0.006953124999999952 0.016898148148148148
0 0.3596875 0.5640185185185185 0.007651041666666695 0.010305555555555656
0 0.40245833333333336 0.5800925925925926 0.00788020833333339 0.010305555555555656
0 0.4186875 0.5619629629629629 0.00880729166666671 0.00948148148148149
0 0.42854166666666665 0.5938981481481481 0.005333333333333338 0.010712962962962903
0 0.42517708333333337 0.6000833333333334 0.00834374999999999 0.013185185185185194
0 0.4418697916666667 0.6013148148148147 0.007416666666666671 0.00906481481481478
0 0.45832812500000003 0.6557222222222222 0.00834374999999999 0.019787037037036936
0 0.4574010416666667 0.5827685185185185 0.006489583333333352 0.007416666666666658
0 0.4564739583333333 0.5574259259259259 0.006489583333333352 0.010305555555555656
0 0.35794791666666664 0.5248703703703704 0.007416666666666671 0.006185185185185244
0 0.35644270833333336 0.48880555555555555 0.007187499999999976 0.008240740740740824
0 0.357484375 0.4988981481481481 0.00927083333333331 0.013601851851851903
0 0.35678645833333333 0.5174444444444445 0.006489583333333352 0.00948148148148149
0 0.36919270833333334 0.501787037037037 0.010432291666666652 0.014425925925925858
0 0.392953125 0.4933333333333333 0.009734375000000028 0.010712962962962903
0 0.44685416666666666 0.5024074074074074 0.007187499999999976 0.012361111111111028
0 0.4728177083333333 0.5094074074074074 0.005333333333333338 0.00906481481481478
0 0.47328125000000004 0.5197129629629629 0.006260416666666657 0.010712962962962903
0 0.47502083333333334 0.5631944444444444 0.005098958333333315 0.008657407407407324
0 0.48348437499999997 0.5772037037037037 0.006723958333333376 0.011129629629629613
0 0.48557291666666663 0.5700000000000001 0.004406250000000019 0.006592592592592491
0 0.49321875 0.5745277777777777 0.005796875000000057 0.008240740740740824
0 0.48800520833333333 0.5673148148148148 0.0060260416666666336 0.00948148148148149
0 0.4963489583333333 0.540324074074074 0.007416666666666671 0.010712962962962903
0 0.5044635416666667 0.5310462962962963 0.010203124999999957 0.0070092592592592
0 0.3213020833333333 0.4394166666666667 0.007291666666666667 0.010370370370370412
0 0.3354010416666667 0.4361759259259259 0.005833333333333357 0.009074074074074031
0 0.34742708333333333 0.4245185185185185 0.007536458333333347 0.010805555555555518
0 0.3718541666666667 0.448712962962963 0.008265624999999943 0.008212962962962967
0 0.398953125 0.4588611111111111 0.006562499999999953 0.008638888888888927
0 0.4046666666666667 0.4726944444444444 0.00631770833333339 0.008638888888888875
0 0.4105 0.4733425925925926 0.008749999999999977 0.011666666666666688
0 0.4318854166666667 0.4668611111111111 0.007291666666666667 0.009935185185185201
0 0.42338020833333334 0.44374074074074077 0.0077760416666667 0.008638888888888927
0 0.4344375 0.4461203703703704 0.006562499999999953 0.009074074074074031
0 0.4429427083333334 0.44957407407407407 0.0070468749999999854 0.009074074074074031
0 0.44513020833333333 0.44589814814814815 0.0070468749999999854 0.011231481481481478
0 0.4554635416666667 0.4640462962962963 0.0077760416666667 0.006046296296296271
0 0.454125 0.4536759259259259 0.006562499999999953 0.009509259259259242
0 0.4832916666666666 0.45454629629629634 0.005104166666666643 0.010370370370370412
0 0.48972916666666666 0.4536759259259259 0.007291666666666667 0.011231481481481478
0 0.37513541666666667 0.3988055555555555 0.00461979166666661 0.008638888888888927
0 0.381453125 0.39664814814814814 0.0060781250000000375 0.009509259259259242
0 0.41159375 0.3899444444444444 0.0060781250000000375 0.010805555555555518
0 0.42362500000000003 0.3912407407407408 0.005348958333333324 0.008212962962962967
0 0.4213125 0.39535185185185184 0.005104166666666643 0.008638888888888927
0 0.43091666666666667 0.4001018518518519 0.005348958333333324 0.007777777777777757
0 0.43929687500000003 0.41112037037037036 0.009963541666666723 0.010805555555555518
0 0.448046875 0.41674074074074074 0.0055885416666666765 0.007342592592592546
0 0.450234375 0.41371296296296295 0.006562499999999953 0.008212962962962967
0 0.4549739583333333 0.42105555555555557 0.0077760416666667 0.010805555555555518
0 0.40247916666666667 0.3640277777777778 0.004859374999999962 0.008212962962962967
0 0.40733854166666666 0.3594907407407407 0.005833333333333357 0.008638888888888927
0 0.4128072916666667 0.3797962962962963 0.0060781250000000375 0.007777777777777757
0 0.4139010416666667 0.3614351851851852 0.004375000000000047 0.008212962962962967
0 0.4213125 0.3594907407407407 0.005104166666666643 0.007777777777777757
0 0.427390625 0.3581944444444445 0.0055885416666666765 0.008638888888888927
0 0.44403645833333333 0.37849999999999995 0.0038906250000000143 0.005185185185185206
0 0.4605677083333333 0.38389814814814816 0.005348958333333324 0.009074074074074031
0 0.47709375 0.3854074074074074 0.0034010416666666525 0.006046296296296271
0 0.48061458333333335 0.3843333333333333 0.00461979166666661 0.008212962962962967
0 0.46994791666666663 0.3372037037037037 0.0027708333333333 0.005907407407407403
0 0.467734375 0.33900925925925923 0.00461979166666661 0.006240740740740749
0 0.469578125 0.3506666666666667 0.0035104166666666712 0.009194444444444397
0 0.47087500000000004 0.3478796296296296 0.005354166666666652 0.008861111111111158
0 0.47696875 0.3413148148148148 0.00461979166666661 0.0049259259259259724
0 0.479 0.34705555555555556 0.005723958333333338 0.007879629629629622
0 0.47890625 0.36314814814814816 0.004062499999999977 0.005249999999999962
0 0.4858333333333333 0.3588796296296296 0.004250000000000043 0.008537037037037062
0 0.48888020833333334 0.34558333333333335 0.004062499999999977 0.0068981481481481905
0 0.49405208333333334 0.37053703703703705 0.004432291666666662 0.0068981481481481905
0 0.49590104166666665 0.3567407407407407 0.005171875000000033 0.010833333333333375
0 0.5073489583333334 0.3560833333333333 0.005171875000000033 0.0049259259259259724
0 0.5081822916666667 0.36265740740740743 0.004250000000000043 0.008212962962962967
0 0.508921875 0.4051759259259259 0.005723958333333338 0.007879629629629622
0 0.525265625 0.3999166666666667 0.005171875000000033 0.00722222222222218
0 0.5316354166666667 0.39778703703703705 0.00461979166666661 0.006240740740740749
0 0.5356979166666667 0.4135462962962963 0.005723958333333279 0.007555555555555526
0 0.5426249999999999 0.4096111111111111 0.0048020833333332295 0.0068981481481481905
0 0.5644218750000001 0.40435185185185185 0.007385416666666581 0.010833333333333375
0 0.517875 0.3679074074074074 0.005171875000000033 0.0068981481481481905
0 0.5465989583333334 0.37037037037037035 0.00461979166666661 0.009194444444444397
0 0.47438020833333333 0.3043703703703704 0.003140624999999986 0.004592592592592626
0 0.47548958333333335 0.31028703703703703 0.0024010416666666147 0.003944444444444436
0 0.47761458333333334 0.3050277777777778 0.0033229166666667235 0.003287037037036995
0 0.4795520833333333 0.30371296296296296 0.0035104166666666712 0.005907407407407403
0 0.49128125 0.30749074074074073 0.0025833333333333524 0.004268518518518531
0 0.4894322916666667 0.3024074074074074 0.0036927083333332905 0.004592592592592626
0 0.5014375 0.30141666666666667 0.004062499999999977 0.007879629629629622
0 0.4960833333333333 0.33031481481481484 0.004432291666666662 0.009194444444444397
0 0.5012552083333334 0.3299814814814815 0.0033229166666667235 0.005907407407407403
0 0.5160312499999999 0.34180555555555553 0.005911458333333286 0.0065648148148148445
0 0.5426249999999999 0.351 0.0036927083333334093 0.005249999999999962
0 0.5336666666666667 0.32785185185185184 0.0038802083333332976 0.00361111111111109
0 0.5532447916666666 0.33261111111111114 0.0038802083333332386 0.00722222222222218
0 0.5718072916666667 0.3209537037037037 0.0029531250000000378 0.0068981481481481905
0 0.5923072916666666 0.358712962962963 0.005171874999999914 0.009518518518518494
0 0.537734375 0.3096296296296296 0.003510416666666553 0.003944444444444436
0 0.5504739583333333 0.309787037037037 0.0027708333333334185 0.005583333333333308
0 0.5535208333333334 0.31422222222222224 0.0044322916666667805 0.00722222222222218
0 0.5574947916666667 0.30995370370370373 0.003510416666666553 0.0065648148148148445
0 0.5640520833333333 0.3129074074074074 0.0048020833333332295 0.007879629629629622
0 0.552046875 0.30125 0.0025833333333333524 0.0068981481481481905
0 0.5504739583333333 0.29468518518518516 0.003510416666666553 0.006240740740740749
0 0.5514010416666667 0.2866388888888889 0.0020312500000000473 0.005249999999999962
0 0.554171875 0.2827037037037037 0.0027708333333334185 0.00722222222222218
0 0.5740260416666667 0.28450925925925924 0.0036927083333334093 0.0068981481481481905
0 0.5707916666666667 0.27826851851851847 0.003510416666666553 0.006240740740740749
0 0.5846458333333333 0.27449074074074076 0.004984375000000085 0.007879629629629622
0 0.6301614583333334 0.36657407407407405 0.0041250000000000375 0.005740740740740783
0 0.6246927083333333 0.39016666666666666 0.003942708333333419 0.010203703703703687
0 0.6382291666666667 0.396537037037037 0.0041250000000000375 0.007009259259259305
0 0.6462968750000001 0.4017962962962963 0.004484375000000066 0.007972222222222235
0 0.6367083333333333 0.3762962962962963 0.003942708333333419 0.005416666666666688
0 0.6341979166666667 0.36418518518518517 0.003942708333333419 0.005416666666666688
0 0.6385885416666667 0.3675277777777778 0.0041250000000000375 0.0051018518518518435
0 0.64190625 0.3629074074074074 0.004302083333333447 0.005416666666666688
0 0.6445052083333334 0.3766203703703704 0.0073489583333334 0.00861111111111107
0 0.7197239583333332 0.34617592592592594 0.004302083333333447 0.008925925925925914
0 0.7638333333333333 0.34761111111111115 0.004302083333333447 0.00861111111111107
0 0.8113489583333333 0.3648240740740741 0.005380208333333295 0.0060555555555555215
0 0.6712604166666666 0.5883703703703704 0.007119791666666705 0.013453703703703678
0 0.6681458333333333 0.5962777777777778 0.01068229166666678 0.016620370370370414
0 0.9690520833333333 0.7984722222222222 0.006234374999999895 0.01899074074074073
0 0.9850781249999999 0.792537037037037 0.007119791666666705 0.007120370370370421
0 0.9873020833333332 0.8091481481481482 0.006234374999999895 0.01187037037037031
0 0.9857447916666667 0.8166666666666667 0.0057864583333333995 0.011083333333333358
0 0.9715 0.8150833333333333 0.008458333333333219 0.014240740740740842
0 0.8200104166666667 0.32983333333333337 0.0029322916666667236 0.007212962962962929
0 0.8237291666666666 0.3059907407407408 0.004057291666666647 0.005212962962962959
0 0.8277864583333333 0.3063888888888889 0.004057291666666647 0.006814814814814827
0 0.8411979166666667 0.30258333333333337 0.004734375000000076 0.00641666666666662
0 0.8561927083333334 0.32000925925925927 0.007213541666666619 0.007611111111111136
0 0.833984375 0.3376481481481482 0.0038333333333333995 0.005212962962962959
0 0.8384947916666667 0.33744444444444444 0.0038333333333333995 0.005611111111111061
0 0.8419895833333333 0.333037037037037 0.0031562499999999716 0.0032037037037037372
0 0.8472864583333333 0.33864814814814814 0.004281249999999895 0.0032037037037037372
0 0.8492031250000001 0.33544444444444443 0.004057291666666647 0.005611111111111061
0 0.8458229166666666 0.34205555555555556 0.004958333333333324 0.006009259259259268
0 0.8546145833333333 0.33925 0.004958333333333324 0.004407407407407399
0 0.8575416666666666 0.35187037037037033 0.004958333333333324 0.008018518518518489
0 0.8647552083333333 0.34346296296296297 0.005859375 0.005611111111111061
0 0.8700572916666667 0.3450648148148148 0.006088541666666695 0.008814814814814798
0 0.8772708333333333 0.34625925925925927 0.0038333333333333995 0.007212962962962929
0 0.884484375 0.3520740740740741 0.0038333333333333995 0.006814814814814827
0 0.8727604166666667 0.32222222222222224 0.004734375000000076 0.005611111111111061
0 0.8816666666666666 0.3272314814814815 0.005411458333333267 0.007611111111111136
0 0.89090625 0.3228148148148148 0.004510416666666591 0.004407407407407399
0 0.8920364583333333 0.3278240740740741 0.005859375 0.00641666666666662
0 0.89609375 0.3254259259259259 0.005411458333333267 0.00641666666666662
0 0.9010520833333333 0.32462037037037034 0.0036093749999999147 0.00641666666666662
0 0.9110833333333334 0.334037037037037 0.0033802083333332195 0.00361111111111109
0 0.912546875 0.33925 0.0031562499999999716 0.006009259259259268
0 0.8963177083333334 0.3468611111111111 0.004057291666666647 0.007611111111111136
0 0.7788333333333333 0.3102777777777778 0.0036562499999999907 0.008120370370370354
0 0.7613177083333333 0.2840092592592593 0.003046874999999953 0.004870370370370362
0 0.762078125 0.2771111111111111 0.003348958333333248 0.007305555555555543
0 0.7677916666666668 0.2677685185185185 0.003807291666666638 0.004870370370370362
0 0.7691614583333333 0.27169444444444446 0.004718749999999971 0.005148148148148098
0 0.7773072916666667 0.26681481481481484 0.004567708333333324 0.006231481481481498
0 0.8111927083333333 0.2693888888888889 0.0031979166666666003 0.004870370370370362
0 0.818734375 0.27223148148148146 0.003958333333333286 0.005148148148148098
0 0.7960416666666668 0.2291851851851852 0.0024374999999999146 0.003518518518518529
0 0.7995416666666666 0.23162037037037037 0.006093749999999906 0.00514814814814815
0 0.807765625 0.2287777777777778 0.004567708333333324 0.004870370370370362
0 0.734359375 0.2477314814814815 0.004265625000000028 0.0032499999999999916
0 0.7386250000000001 0.24975925925925926 0.003046874999999953 0.004064814814814802
0 0.7406822916666667 0.2486759259259259 0.0025885416666665624 0.004601851851851877
0 0.7442604166666666 0.24799999999999997 0.0024374999999999146 0.0037870370370370666
0 0.7483697916666666 0.25057407407407406 0.0021302083333334092 0.004064814814814802
0 0.7515677083333333 0.2517962962962963 0.0021302083333334092 0.004333333333333287
0 0.7545416666666667 0.25016666666666665 0.0019791666666667614 0.0037870370370370666
0 0.7227083333333333 0.25463888888888886 0.004416666666666676 0.004601851851851877
0 0.7194375 0.26073148148148145 0.003348958333333248 0.004333333333333287
0 0.7261354166666667 0.26546296296296296 0.003348958333333248 0.005148148148148098
0 0.7399218750000001 0.29321296296296295 0.004718749999999971 0.004333333333333287
0 0.7418229166666667 0.2906481481481481 0.002739583333333447 0.005148148148148098
0 0.72240625 0.28956481481481483 0.003807291666666638 0.006231481481481498
0 0.7112864583333334 0.2894259259259259 0.002895833333333305 0.004333333333333287
0 0.7066458333333333 0.2891574074074074 0.004265625000000028 0.005416666666666688
0 0.6692552083333333 0.2723703703703704 0.0025885416666665624 0.004333333333333287
0 0.6861614583333334 0.2545 0.0031979166666666003 0.005953703703703657
0 0.6809062499999999 0.24583333333333332 0.0036562499999999907 0.004870370370370362
0 0.685625 0.24258333333333335 0.0018281250000001137 0.004870370370370362
0 0.6888229166666666 0.24719444444444447 0.003958333333333286 0.007037037037037058
0 0.69659375 0.2444814814814815 0.003046874999999953 0.004333333333333287
0 0.706109375 0.2459722222222222 0.0025885416666665624 0.004064814814814802
0 0.7035989583333334 0.2511111111111111 0.003958333333333286 0.004601851851851877
0 0.7077864583333333 0.2504351851851852 0.004416666666666676 0.007037037037037058
0 0.7162395833333334 0.24881481481481485 0.002739583333333447 0.0037870370370370666
0 0.660109375 0.2529074074074074 0.0033802083333332195 0.004231481481481528
0 0.6648020833333333 0.2523518518518519 0.0030052083333333237 0.0035648148148148357
0 0.6688072916666666 0.2536851851851852 0.0027552083333333144 0.0035648148148148357
0 0.662046875 0.2452314814814815 0.0040052083333333615 0.004898148148148114
0 0.6648645833333333 0.24222222222222226 0.0028802083333334377 0.006009259259259268
0 0.6678072916666667 0.2412222222222222 0.002505208333333305 0.0035648148148148357
0 0.6671197916666666 0.24600925925925926 0.003130208333333447 0.0051203703703703455
0 0.6713749999999999 0.24389814814814817 0.0036302083333332293 0.005342592592592576
0 0.6704947916666666 0.2480092592592593 0.0033802083333332195 0.005564814814814806
0 0.67425 0.24778703703703706 0.0036302083333332293 0.0037870370370370666
0 0.6591041666666667 0.23700000000000002 0.002630208333333428 0.004453703703703705
0 0.6549114583333334 0.23877777777777778 0.0030052083333333237 0.0035648148148148357
0 0.6566041666666667 0.24378703703703705 0.005380208333333295 0.0068981481481481905
0 0.6514687499999999 0.24312037037037038 0.0036302083333332293 0.0037870370370370666
0 0.65090625 0.2486759259259259 0.0032552083333333335 0.005564814814814806
0 0.6472760416666666 0.24756481481481482 0.0027552083333333144 0.0037870370370370666
0 0.6461510416666666 0.2517962962962963 0.0027552083333333144 0.004231481481481528
0 0.6435833333333334 0.2516851851851852 0.0023802083333334186 0.004453703703703653
0 0.647921875 0.23891666666666664 0.0018802083333333997 0.0033425925925926053
0 0.6506927083333333 0.23742592592592593 0.00227604166666661 0.003518518518518503
0 0.644265625 0.24094444444444446 0.002671875000000057 0.003870370370370324
0 0.64075 0.23944444444444446 0.002968749999999905 0.0051018518518518435
0 0.6399583333333333 0.2457777777777778 0.0019791666666667614 0.004398148148148148
0 0.6421875 0.24639814814814817 0.0032656249999999903 0.0056296296296296676
0 0.6319479166666666 0.23725000000000002 0.003166666666666629 0.0049259259259259456
0 0.6343229166666667 0.24164814814814817 0.0023749999999999718 0.0042222222222221715
0 0.6357083333333333 0.24014814814814817 0.002177083333333248 0.003694444444444453
0 0.638671875 0.23891666666666664 0.002177083333333248 0.0029907407407407578
0 0.6363020833333334 0.2432314814814815 0.002968749999999905 0.0042222222222221715
0 0.63175 0.2504351851851852 0.002177083333333248 0.003870370370370324
0 0.6283854166666667 0.24525 0.002572916666666695 0.0033425925925926053
0 0.6305104166666666 0.24349074074074076 0.00227604166666661 0.0040462962962963004
0 0.626703125 0.23619444444444446 0.002572916666666695 0.0024629629629629862
0 0.624578125 0.2390925925925926 0.0032656249999999903 0.0051018518518518435
0 0.6282864583333333 0.23883333333333334 0.002177083333333248 0.003166666666666629
0 0.61834375 0.23478703703703704 0.0012864583333332292 0.004222222222222224
0 0.6196302083333334 0.23821296296296296 0.00227604166666661 0.0022870370370370622
0 0.6179479166666667 0.2448148148148148 0.002671875000000057 0.007037037037037058
0 0.6208177083333334 0.2459537037037037 0.0024739583333333332 0.006861111111111082
0 0.6242812499999999 0.24876851851851853 0.004057291666666647 0.006509259259259234
0 0.620765625 0.25105555555555553 0.0023749999999999718 0.003694444444444453
0 0.6138437499999999 0.24718518518518517 0.0033645833333333522 0.003694444444444453
0 0.613890625 0.250962962962963 0.003463541666666714 0.0045740740740741245
0 0.615625 0.24868518518518518 0.002968749999999905 0.0035185185185184764
0 0.6070677083333333 0.24921296296296294 0.002671875000000057 0.00527777777777782
0 0.6089479166666667 0.24798148148148147 0.002671875000000057 0.0049259259259259724
0 0.6071666666666666 0.2427037037037037 0.0028697916666667804 0.00527777777777782
0 0.608453125 0.24085185185185184 0.002671875000000057 0.0051018518518518435
0 0.6062760416666666 0.23496296296296296 0.003463541666666714 0.006685185185185211
0 0.612359375 0.23768518518518517 0.0023749999999999718 0.007212962962962956
0 0.6004895833333334 0.23012962962962963 0.003166666666666629 0.005453703703703691
0 0.5970260416666666 0.23592592592592593 0.0013854166666665908 0.0051018518518518435
0 0.5966770833333332 0.2285462962962963 0.002671875000000057 0.0047499999999999955
0 0.598609375 0.23725000000000002 0.0027708333333334185 0.007740740740740754
0 0.6010833333333333 0.24454629629629632 0.0019791666666667614 0.0051018518518518435
0 0.6026145833333333 0.2495648148148148 0.0024739583333333332 0.0045740740740741245
0 0.6065208333333333 0.25852777777777775 0.0015833333333333144 0.0035185185185184764
0 0.5956875 0.24349074074074076 0.0020781249999998865 0.003694444444444453
0 0.5970260416666666 0.24762962962962962 0.002968749999999905 0.0049259259259259724
0 0.5989062500000001 0.24833333333333332 0.002572916666666695 0.0059814814814815155
0 0.5880729166666666 0.25369444444444444 0.0028697916666667804 0.004398148148148148
0 0.5744218750000001 0.2441111111111111 0.0028697916666667804 0.0035185185185184764
0 0.5689791666666667 0.24612962962962961 0.0024739583333333332 0.003694444444444453
0 0.577140625 0.25149074074074074 0.0023749999999999718 0.003870370370370324
0 0.5754114583333333 0.23478703703703704 0.0018802083333333997 0.0031666666666666813
0 0.5786250000000001 0.2358425925925926 0.002968749999999905 0.004222222222222224
0 0.5776875 0.24173148148148146 0.003067708333333267 0.0033425925925926053
0 0.580453125 0.23768518518518517 0.0014843749999999525 0.0029907407407407578
0 0.5827291666666666 0.24014814814814817 0.0020781249999998865 0.00263888888888891
0 0.584609375 0.24437037037037038 0.0028697916666667804 0.003694444444444453
0 0.5838177083333334 0.23171296296296295 0.00227604166666661 0.0051018518518518435
0 0.5862916666666667 0.23267592592592592 0.0020781249999998865 0.00633333333333331
0 0.5904947916666666 0.23838888888888887 0.0023749999999999718 0.004398148148148148
0 0.5909427083333333 0.22862962962962963 0.00227604166666661 0.003518518518518529
0 0.5850052083333334 0.23803703703703702 0.0024739583333333332 0.00263888888888891
0 0.5875260416666667 0.24094444444444446 0.0023749999999999718 0.003166666666666629
0 0.5836718750000001 0.23742592592592593 0.0019791666666667614 0.003166666666666655
0 0.574765625 0.23241666666666666 0.0017812500000000378 0.00263888888888891
0 0.5715 0.2370740740740741 0.002572916666666695 0.0052777777777777935
0 0.5708072916666667 0.23241666666666666 0.0023749999999999718 0.005453703703703691
0 0.564921875 0.22757407407407407 0.0024739583333333332 0.0028148148148148338
0 0.5634895833333334 0.23232407407407407 0.0023749999999999718 0.007037037037037058
0 0.565515625 0.23478703703703704 0.00227604166666661 0.0052777777777777935
0 0.5657135416666667 0.2390925925925926 0.0016822916666666761 0.0019351851851852147
0 0.5684375 0.24261111111111108 0.0023749999999999718 0.003694444444444453
0 0.564875 0.24235185185185187 0.002177083333333248 0.003870370370370324
0 0.5617604166666667 0.23830555555555555 0.0028697916666667804 0.003518518518518503
0 0.5619062499999999 0.24912037037037038 0.0019791666666667614 0.0029907407407407578
0 0.5628437500000001 0.25289814814814815 0.0018802083333333997 0.00527777777777782
0 0.5622552083333333 0.2616111111111111 0.002671875000000057 0.004398148148148148
0 0.5554270833333333 0.25149074074074074 0.0024739583333333332 0.0042222222222221715
0 0.5415260416666666 0.25237037037037036 0.002177083333333248 0.0035185185185184764
0 0.5447447916666667 0.25782407407407404 0.0018802083333333997 0.003166666666666629
0 0.5450885416666666 0.26284259259259257 0.0017812500000000378 0.0040462962962963004
0 0.54815625 0.25703703703703706 0.0017812500000000378 0.0040462962962963004
0 0.5350989583333334 0.26389814814814816 0.0015833333333333144 0.0033425925925926053
0 0.47786979166666665 0.2457777777777778 0.0046510416666667 0.004398148148148148
0 0.4635729166666666 0.2459537037037037 0.0021770833333333663 0.0033425925925926053
0 0.48469270833333333 0.2265185185185185 0.0030677083333333854 0.003870370370370377
0 0.48746354166666667 0.2327685185185185 0.0016822916666666761 0.0029907407407407578
0 0.49429166666666663 0.23091666666666666 0.0030677083333333854 0.003518518518518529
0 0.4973072916666667 0.2273148148148148 0.003166666666666629 0.003694444444444453
0 0.5037395833333334 0.2353148148148148 0.003562499999999957 0.004222222222222198
0 0.5094739583333333 0.23733333333333334 0.002968750000000024 0.0047499999999999955
0 0.50546875 0.2303888888888889 0.002078125000000005 0.0045740740740740716
0 0.5079427083333333 0.2258148148148148 0.00227604166666661 0.003518518518518529
0 0.5088333333333334 0.23100925925925928 0.0024739583333333332 0.0033425925925926053
0 0.5118489583333333 0.22485185185185186 0.002968750000000024 0.0047499999999999955
0 0.5119010416666667 0.22827777777777777 0.0024739583333333332 0.003870370370370377
0 0.5149635416666667 0.2305648148148148 0.003661458333333319 0.006685185185185211
0 0.512 0.2355740740740741 0.003661458333333319 0.0054537037037037175
0 0.51684375 0.23513888888888887 0.002671875000000057 0.0049259259259259456
0 0.5130364583333333 0.25703703703703706 0.0027708333333333 0.0047499999999999955
0 0.51828125 0.2586203703703704 0.002572916666666695 0.005453703703703691
0 0.519171875 0.25123148148148144 0.003760416666666681 0.0047499999999999955
0 0.5227291666666667 0.2515833333333333 0.002572916666666695 0.0047499999999999955
0 0.5250572916666667 0.25475 0.004255208333333371 0.004398148148148148
0 0.5206562499999999 0.23214814814814816 0.003166666666666629 0.007388888888888906
0 0.5227291666666667 0.2270462962962963 0.003760416666666681 0.004222222222222224
0 0.5250052083333333 0.22933333333333333 0.002572916666666695 0.0049259259259259195
0 0.530546875 0.22749074074074074 0.0021770833333333663 0.0022870370370370622
0 0.5315833333333333 0.23153703703703704 0.0006927083333332954 0.005805555555555539
0 0.5285677083333333 0.23768518518518517 0.0033645833333333522 0.0040462962962963004
0 0.5279739583333334 0.24419444444444446 0.0033645833333333522 0.0051018518518518435
0 0.53678125 0.2268703703703704 0.0033645833333333522 0.0052777777777777675
0 0.5417760416666667 0.22739814814814815 0.0020781249999998865 0.0021111111111110858
0 0.5462760416666667 0.22696296296296298 0.0017812500000000378 0.0029907407407407578
0 0.5498385416666667 0.2305648148148148 0.0023749999999999718 0.004222222222222224
0 0.55740625 0.22872222222222224 0.003067708333333267 0.004398148148148148
0 0.5592864583333333 0.2320648148148148 0.0032656249999999903 0.006157407407407387
0 0.5554739583333334 0.23768518518518517 0.0037604166666665626 0.006157407407407387
0 0.54875 0.23601851851851852 0.0013854166666665908 0.005629629629629615
0 0.5430104166666666 0.23048148148148148 0.0015833333333333144 0.00263888888888891
0 0.5352447916666667 0.23267592592592592 0.0012864583333332292 0.003518518518518529
0 0.5356927083333333 0.23891666666666664 0.002572916666666695 0.0051018518518518435
0 0.537765625 0.2369814814814815 0.0035625000000000756 0.005805555555555539
0 0.5443489583333334 0.23399999999999999 0.0010885416666667424 0.0029907407407407578
0 0.5418229166666666 0.23689814814814814 0.003958333333333286 0.003870370370370377
0 0.5451875 0.2396203703703704 0.002572916666666695 0.0047499999999999955
0 0.45753645833333334 0.24499074074074073 0.001979166666666643 0.003870370370370324
0 0.5644218750000001 0.5841481481481482 0.00475520833333339 0.007046296296296203