0 0.052520833333333336 0.48425 0.009234374999999994 0.010703703703703653
0 0.12096875 0.6401851851851852 0.008833333333333323 0.015703703703703737
0 0.116953125 0.7597314814814815 0.009635416666666667 0.017842592592592577
0 0.20146354166666666 0.7222685185185185 0.007630208333333321 0.025694444444444443
0 0.22233854166666667 0.6972870370370371 0.008432291666666696 0.009990740740740706
0 0.23397916666666668 0.7779351851851851 0.004416666666666676 0.019981481481481413
0 0.22233854166666667 0.7975648148148148 0.0068229166666666785 0.01926851851851847
0 0.229765625 0.8143333333333334 0.010437499999999982 0.015703703703703737
0 0.23980208333333333 0.8186111111111112 0.009635416666666667 0.024268518518518554
0 0.162921875 0.6501851851851852 0.008432291666666696 0.015703703703703737
0 0.1623177083333333 0.5606111111111112 0.008833333333333353 0.016416666666666684
0 0.18861458333333334 0.56775 0.011640625000000012 0.02069444444444436
0 0.26536458333333335 0.5834537037037038 0.009635416666666667 0.02069444444444436
0 0.26757291666666666 0.5934444444444444 0.010036458333333324 0.01499074074074079
0 0.24107291666666666 0.5288518518518518 0.007630208333333321 0.0114166666666666
0 0.24649479166666666 0.5188611111111111 0.004015625000000019 0.012842592592592492
0 0.25974479166666664 0.520287037037037 0.006421875000000021 0.007138888888888923
0 0.26616666666666666 0.5349166666666667 0.007223958333333336 0.012129629629629546
0 0.28724479166666667 0.5302777777777778 0.010036458333333324 0.014277777777777846
0 0.27298958333333334 0.49780555555555556 0.006421874999999962 0.017842592592592577
0 0.33822916666666664 0.5416944444444444 0.010036458333333324 0.012842592592592492
0 0.3436458333333333 0.610574074074074 0.006421874999999962 0.017842592592592577
0 0.3896145833333333 0.5573981481481481 0.013250000000000029 0.01712962962962963
0 0.40527083333333336 0.5434814814814816 0.008432291666666696 0.0135648148148149
0 0.4221302083333333 0.5781018518518519 0.014854166666666658 0.021407407407407306
0 0.42614583333333333 0.5695370370370371 0.014052083333333344 0.019981481481481413
0 0.4403958333333333 0.5784537037037037 0.008833333333333353 0.016416666666666684
0 0.45846354166666664 0.6373333333333334 0.010437499999999982 0.021407407407407306
0 0.45726041666666667 0.5584722222222221 0.01204166666666661 0.0135648148148149
0 0.45705729166666664 0.527425925925926 0.011640624999999953 0.018555555555555523
0 0.47914062500000004 0.5306388888888889 0.00923437500000001 0.016416666666666684
0 0.4937916666666667 0.5406296296296296 0.007223958333333277 0.006425925925925976
0 0.49038020833333335 0.5441944444444444 0.006020833333333305 0.010703703703703653
0 0.48736979166666666 0.5520462962962963 0.007223958333333277 0.016416666666666684
0 0.49680208333333337 0.5488333333333334 0.00763020833333338 0.008564814814814815
0 0.500015625 0.5124351851851852 0.00763020833333338 0.0114166666666666
0 0.5082447916666667 0.5038703703703703 0.010437499999999982 0.015703703703703737
0 0.6903020833333334 0.5720277777777777 0.006020833333333305 0.0135648148148149
0 0.69371875 0.5684629629629631 0.01204166666666661 0.016416666666666684
0 0.47291666666666665 0.4953055555555555 0.0048177083333333336 0.007138888888888923
0 0.47371874999999997 0.4874537037037037 0.005619791666666648 0.012842592592592492
0 0.44903125 0.47461111111111115 0.00763020833333338 0.014277777777777792
0 0.3040052083333334 0.40758333333333335 0.007015625000000014 0.008138888888888855
0 0.3262760416666667 0.40161111111111114 0.006406249999999976 0.008138888888888855
0 0.33085416666666667 0.39564814814814814 0.006406249999999976 0.008138888888888855
0 0.33253125 0.4618148148148148 0.007322916666666638 0.008138888888888855
0 0.33558333333333334 0.47185185185185186 0.007322916666666638 0.010842592592592626
0 0.34976562499999997 0.47212037037037036 0.008848958333333339 0.009222222222222257
0 0.34595312500000003 0.4881203703703703 0.006098958333333352 0.006509259259259234
0 0.347171875 0.4940833333333333 0.006713541666666719 0.010842592592592626
0 0.37783333333333335 0.4653425925925926 0.005187500000000019 0.007592592592592635
0 0.35769791666666667 0.41327777777777774 0.007625000000000052 0.007592592592592635
0 0.385765625 0.43089814814814814 0.007625000000000052 0.008138888888888855
0 0.38927604166666663 0.4468981481481481 0.004880208333333276 0.009759259259259226
0 0.3956822916666667 0.4447314814814815 0.007932291666666676 0.014101851851851869
0 0.413375 0.4135462962962963 0.006713541666666719 0.010305555555555552
0 0.36868229166666666 0.3674444444444444 0.005187500000000019 0.009222222222222257
0 0.3760052083333333 0.364462962962963 0.005796875000000057 0.009759259259259226
0 0.4258854166666667 0.4138148148148148 0.005489583333333314 0.009759259259259226
0 0.43472916666666667 0.4173425925925926 0.005489583333333314 0.008138888888888855
0 0.4382395833333333 0.4151759259259259 0.007015625000000014 0.010305555555555552
0 0.42923958333333334 0.43577777777777776 0.006098958333333352 0.008138888888888855
0 0.45684895833333333 0.43577777777777776 0.004578124999999981 0.010305555555555552
0 0.4556302083333333 0.42303703703703704 0.005796875000000057 0.013018518518518468
0 0.48872916666666666 0.42385185185185187 0.006098958333333352 0.009222222222222257
0 0.4931510416666667 0.4214074074074074 0.007015625000000014 0.007592592592592635
0 0.4007135416666667 0.3338148148148148 0.006406249999999976 0.009222222222222257
0 0.40620833333333334 0.32893518518518516 0.006406249999999976 0.011388888888888846
0 0.41383333333333333 0.33083333333333337 0.005187500000000019 0.010842592592592626
0 0.41963020833333337 0.32676851851851857 0.005796875000000057 0.010305555555555552
0 0.42756249999999996 0.32839814814814816 0.007625000000000052 0.012472222222222247
0 0.4104791666666667 0.3492777777777778 0.004578124999999981 0.009759259259259226
0 0.40818750000000004 0.3625648148148148 0.004880208333333276 0.007046296296296309
0 0.41810416666666667 0.3625648148148148 0.003963541666666614 0.005962962962963014
0 0.42206770833333335 0.3598518518518518 0.003354166666666695 0.005962962962963014
0 0.4303072916666667 0.3687962962962963 0.007015625000000014 0.014101851851851869
0 0.43808854166666666 0.3452037037037037 0.009151041666666634 0.011388888888888846
0 0.43915624999999997 0.3774814814814815 0.007625000000000052 0.007592592592592635
0 0.43960937499999997 0.3847962962962963 0.006713541666666719 0.012472222222222247
0 0.446015625 0.3761203703703703 0.005489583333333314 0.011388888888888846
0 0.45593229166666666 0.3896851851851852 0.004578124999999981 0.009222222222222257
0 0.4600520833333333 0.35307407407407404 0.005489583333333314 0.013018518518518468
0 0.4800364583333333 0.3536111111111111 0.007015625000000014 0.007592592592592635
0 0.48384895833333336 0.3525277777777778 0.007932291666666676 0.00867592592592593
0 0.5093229166666666 0.3725925925925926 0.008848958333333339 0.010842592592592626
0 0.5387604166666667 0.3847962962962963 0.0042708333333332385 0.011388888888888846
0 0.5305260416666667 0.37150925925925926 0.004880208333333276 0.00867592592592593
0 0.5376927083333333 0.3685277777777778 0.008848958333333278 0.013555555555555543
0 0.5503541666666667 0.3807314814814815 0.0067135416666666 0.011935185185185172
0 0.5710989583333334 0.37205555555555553 0.0036614583333334375 0.00867592592592593
0 0.5755208333333334 0.37693518518518515 0.004578124999999981 0.009759259259259226
0 0.640046875 0.33571296296296294 0.005489583333333314 0.011935185185185172
0 0.6466041666666666 0.33652777777777776 0.007015624999999896 0.005962962962963014
0 0.6513333333333333 0.3338148148148148 0.006098958333333352 0.007046296296296309
0 0.6469114583333333 0.3460185185185185 0.005796875000000057 0.010842592592592626
0 0.6562135416666667 0.3449351851851852 0.0067135416666666 0.010842592592592626
0 0.6408072916666666 0.3582222222222222 0.005796875000000057 0.009222222222222257
0 0.6491979166666667 0.36771296296296296 0.0067135416666666 0.013018518518518468
0 0.6574322916666666 0.371787037037037 0.007322916666666638 0.012472222222222247
0 0.597640625 0.3302962962962963 0.006098958333333352 0.00867592592592593
0 0.5530989583333333 0.3406018518518519 0.007322916666666638 0.006509259259259234
0 0.5505052083333334 0.3221574074074074 0.007624999999999934 0.007592592592592635
0 0.4690572916666667 0.30976851851851855 0.0033020833333332906 0.006851851851851831
0 0.4722708333333333 0.3091203703703704 0.0031197916666666713 0.005546296296296304
0 0.4712604166666667 0.3190648148148148 0.0036718749999999764 0.0058703703703704
0 0.474015625 0.3171111111111111 0.004770833333333376 0.006527777777777736
0 0.4817239583333333 0.31775925925925924 0.0036718749999999764 0.003916666666666684
0 0.4798854166666667 0.313037037037037 0.004036458333333334 0.005546296296296304
0 0.4764010416666667 0.3322777777777778 0.004406250000000019 0.006194444444444495
0 0.48896875 0.3275462962962963 0.0034843750000000282 0.006527777777777736
0 0.5000729166666666 0.3272222222222222 0.0025677083333333667 0.009138888888888893
0 0.49254687500000005 0.3162962962962963 0.004770833333333376 0.008805555555555547
0 0.4986041666666667 0.34158333333333335 0.004406250000000019 0.006527777777777736
0 0.5137447916666666 0.3324444444444445 0.0034843750000000282 0.006527777777777736
0 0.5234687499999999 0.3386388888888889 0.0031197916666666713 0.0058703703703704
0 0.512 0.32640740740740737 0.0033020833333332906 0.004898148148148114
0 0.5003489583333333 0.300962962962963 0.004218749999999953 0.006851851851851831
0 0.5052135416666667 0.30194444444444446 0.004406250000000019 0.004240740740740778
0 0.5214531250000001 0.31221296296296297 0.004953124999999995 0.006527777777777736
0 0.47703124999999996 0.27596296296296297 0.0022864583333333855 0.004351851851851894
0 0.47922916666666665 0.2811851851851852 0.0034270833333332955 0.006666666666666709
0 0.4821666666666667 0.2763981481481481 0.0037500000000000237 0.006962962962962946
0 0.49032291666666666 0.2753888888888889 0.004729166666666629 0.007833333333333367
0 0.49342708333333335 0.2784259259259259 0.0034270833333332955 0.007537037037037024
0 0.5072916666666667 0.2727777777777778 0.0037500000000000237 0.006666666666666709
0 0.5404895833333333 0.30003703703703705 0.0035885416666666 0.005509259259259301
0 0.54546875 0.27828703703703705 0.003098958333333239 0.008990740740740775
0 0.558109375 0.27944444444444444 0.0035885416666666 0.0049259259259259724
0 0.5599062499999999 0.28597222222222224 0.003916666666666657 0.008120370370370354
0 0.5601510416666666 0.3011944444444445 0.0034270833333332955 0.00609259259259263
0 0.5642291666666667 0.28031481481481485 0.005057291666666686 0.0049259259259259724
0 0.5709166666666667 0.28336111111111106 0.0027708333333334185 0.005796296296296288
0 0.5822552083333333 0.2908981481481482 0.0032604166666667803 0.009277777777777762
0 0.5586822916666667 0.2575462962962963 0.0017968749999999053 0.006962962962962946
0 0.5594166666666667 0.25537037037037036 0.0026093750000001138 0.0049259259259259724
0 0.559171875 0.2636388888888889 0.0027708333333334185 0.00522222222222221
0 0.5622708333333333 0.26987037037037037 0.0034270833333332955 0.008407407407407445
0 0.5776875 0.2518888888888889 0.0026093750000001138 0.005509259259259301
0 0.5825 0.2566759259259259 0.0027708333333334185 0.00522222222222221
0 0.5900052083333333 0.24986111111111114 0.0034270833333332955 0.004351851851851894
0 0.45908333333333334 0.22086111111111112 0.0022864583333333855 0.003768518518518512
0 0.46528125000000004 0.22158333333333333 0.003260416666666662 0.005796296296296288
0 0.47971874999999997 0.22158333333333333 0.00603645833333329 0.006379629629629617
0 0.48746875 0.20447222222222222 0.004567708333333324 0.006379629629629617
0 0.4884479166666667 0.211 0.0026093749999999954 0.004351851851851841
0 0.49415624999999996 0.20896296296296296 0.0035885416666667186 0.0049259259259259195
0 0.49831770833333333 0.20490740740740743 0.0034270833333332955 0.0049259259259259195
0 0.5059479166666666 0.2133611111111111 0.0021770833333333663 0.004898148148148167
0 0.5084114583333333 0.21323148148148147 0.002463541666666676 0.006185185185185191
0 0.507328125 0.20794444444444446 0.002322916666666686 0.005925925925925905
0 0.5114583333333333 0.20846296296296296 0.0021770833333333663 0.004898148148148167
0 0.5116770833333333 0.20446296296296296 0.0029010416666666334 0.006185185185185191
0 0.5156666666666667 0.20317592592592593 0.003333333333333381 0.005157407407407401
0 0.5150104166666667 0.20717592592592593 0.0020312500000000473 0.004898148148148167
0 0.51740625 0.20897222222222223 0.003625000000000019 0.005416666666666688
0 0.5158125 0.21362037037037038 0.0027552083333333144 0.006444444444444425
0 0.51153125 0.21375 0.0026093749999999954 0.004638888888888881
0 0.5160989583333333 0.2314074074074074 0.0021770833333333663 0.005416666666666688
0 0.5230625 0.23295370370370372 0.002463541666666676 0.004898148148148167
0 0.5229166666666667 0.2261203703703704 0.0027552083333333144 0.005675925925925922
0 0.5260364583333333 0.22689814814814815 0.002322916666666686 0.004638888888888881
0 0.52871875 0.2285740740740741 0.002463541666666676 0.006444444444444425
0 0.5319791666666667 0.23024999999999998 0.0034791666666667 0.005157407407407401
0 0.5213229166666667 0.21349074074074073 0.003046874999999953 0.006185185185185191
0 0.520453125 0.21194444444444446 0.0021770833333333663 0.0030925925925925695
0 0.5203802083333333 0.2070462962962963 0.0020312500000000473 0.0030925925925925695
0 0.5240781250000001 0.21077777777777776 0.004786458333333362 0.008509259259259256
0 0.5270520833333333 0.20691666666666667 0.005802083333333386 0.005416666666666688
0 0.5316927083333334 0.21464814814814814 0.002322916666666686 0.003870370370370377
0 0.5312552083333333 0.22019444444444444 0.004062499999999977 0.004129629629629611
0 0.5354635416666667 0.20613888888888887 0.0034791666666665814 0.003870370370370377
0 0.5377083333333333 0.20975 0.0018854166666666097 0.0043796296296296465
0 0.5404635416666667 0.20433333333333334 0.003046874999999953 0.004898148148148167
0 0.5456145833333333 0.2049814814814815 0.002901041666666752 0.0030925925925925695
0 0.5476458333333334 0.2087222222222222 0.002901041666666752 0.003870370370370377
0 0.5403229166666667 0.2129722222222222 0.002177083333333248 0.008768518518518544
0 0.542421875 0.2147777777777778 0.0020312500000000473 0.005157407407407401
0 0.5441666666666667 0.21451851851851853 0.002901041666666752 0.004129629629629611
0 0.5470624999999999 0.2149074074074074 0.0034791666666665814 0.003870370370370377
0 0.5448906250000001 0.2277962962962963 0.002322916666666686 0.003870370370370377
0 0.5410468749999999 0.23939814814814817 0.0027552083333333144 0.004898148148148141
0 0.5504739583333333 0.23721296296296296 0.003625000000000019 0.005157407407407427
0 0.5499635416666667 0.23269444444444445 0.002901041666666752 0.0043796296296296465
0 0.55359375 0.23114814814814813 0.0026093750000001138 0.0043796296296296465
0 0.5495312499999999 0.2164537037037037 0.002322916666666686 0.0043796296296296465
0 0.5503281250000001 0.21284259259259258 0.0010156249999999053 0.0028333333333333353
0 0.5518489583333334 0.21232407407407408 0.0017395833333334091 0.003870370370370377
0 0.5506197916666667 0.20613888888888887 0.0027552083333333144 0.003870370370370377
0 0.553734375 0.20820370370370372 0.0020312500000000473 0.003351851851851856
0 0.5551145833333333 0.21387962962962964 0.0018854166666666097 0.006962962962962946
0 0.55859375 0.21748148148148147 0.0027552083333333144 0.005416666666666688
0 0.560625 0.2266388888888889 0.003333333333333381 0.005675925925925922
0 0.5673697916666666 0.2363055555555556 0.002901041666666752 0.006962962962962972
0 0.5686041666666667 0.2261203703703704 0.003333333333333381 0.005157407407407401
0 0.5609166666666667 0.21555555555555556 0.002177083333333248 0.004129629629629611
0 0.5620052083333333 0.21387962962962964 0.0031927083333333902 0.0043796296296296465
0 0.5643958333333334 0.21116666666666667 0.002177083333333248 0.005675925925925922
0 0.5667916666666667 0.20717592592592593 0.002901041666666752 0.005416666666666688
0 0.562078125 0.20807407407407408 0.0018854166666666097 0.005157407407407401
0 0.56628125 0.2168425925925926 0.0027552083333333144 0.00361111111111109
0 0.5700520833333333 0.2109074074074074 0.005656250000000067 0.006703703703703712
0 0.5709947916666667 0.21954629629629632 0.0026093750000001138 0.004898148148148167
0 0.573171875 0.21787037037037038 0.002901041666666752 0.005675925925925922
0 0.574984375 0.22341666666666665 0.004208333333333296 0.006444444444444425
0 0.5736041666666666 0.2078148148148148 0.0026093750000001138 0.005157407407407401
0 0.5777395833333333 0.21103703703703702 0.003916666666666657 0.007990740740740736
0 0.5799895833333333 0.21632407407407406 0.0026093750000001138 0.004638888888888881
0 0.5806406249999999 0.22161111111111112 0.003046874999999953 0.005925925925925905
0 0.5822343750000001 0.22715740740740742 0.004208333333333296 0.0030925925925925695
0 0.5944895833333333 0.22960185185185186 0.002322916666666686 0.0043796296296296465
0 0.58346875 0.21181481481481482 0.002322916666666686 0.005925925925925905
0 0.5844843750000001 0.2196759259259259 0.002322916666666686 0.005157407407407401
0 0.5862239583333333 0.2129722222222222 0.002901041666666752 0.00361111111111109
0 0.5877447916666667 0.2159351851851852 0.002463541666666676 0.0043796296296296465
0 0.5914427083333333 0.2159351851851852 0.0026093750000001138 0.003870370370370377
0 0.5902447916666667 0.21936111111111112 0.002406249999999943 0.003055555555555566
0 0.5914479166666666 0.2215 0.0027500000000001044 0.002851851851851837
0 0.5941979166666667 0.21824074074074074 0.002291666666666714 0.0032592592592592426
0 0.5918489583333333 0.21162037037037038 0.0030937500000000283 0.005092592592592593
0 0.5952864583333334 0.21162037037037038 0.0026354166666666384 0.006314814814814809
0 0.5974635416666667 0.2151851851851852 0.002177083333333248 0.0057037037037037264
0 0.6006770833333334 0.21610185185185185 0.0026354166666666384 0.0034629629629629715
0 0.6046302083333334 0.2164074074074074 0.0020625000000000187 0.0036666666666666475
0 0.6022239583333333 0.2075462962962963 0.0029791666666665623 0.004685185185185187
0 0.6092708333333333 0.20846296296296296 0.0074479166666667615 0.006518518518518537
0 0.6066927083333333 0.21426851851851852 0.0020625000000000187 0.0071296296296296195
0 0.6074947916666668 0.21936111111111112 0.0029791666666665623 0.004277777777777782
0 0.6057760416666667 0.22353703703703703 0.0059583333333333615 0.008148148148148158
0 0.6104739583333333 0.22425 0.004354166666666733 0.00794444444444443
0 0.61259375 0.21987037037037038 0.0033229166666667235 0.0052962962962963215
0 0.6100156250000001 0.21457407407407408 0.0034374999999999527 0.0052962962962963215
0 0.6153489583333334 0.21416666666666667 0.0026354166666666384 0.006518518518518537
0 0.61746875 0.21712037037037038 0.002520833333333409 0.005092592592592593
0 0.6199895833333334 0.2175277777777778 0.0032083333333332575 0.0026481481481481607
0 0.6161510416666667 0.22496296296296298 0.002177083333333248 0.004888888888888864
0 0.617296875 0.23433333333333334 0.002177083333333248 0.0032592592592592426
0 0.6213177083333333 0.22275925925925927 0.002447916666666572 0.003351851851851856
0 0.6242395833333333 0.22535185185185186 0.002447916666666572 0.0041851851851851685
0 0.6222604166666666 0.22820370370370371 0.003015624999999981 0.003518518518518529
0 0.6215572916666667 0.2133796296296296 0.001791666666666695 0.002009259259259274
0 0.6274895833333333 0.21412962962962961 0.002354166666666657 0.0058611111111110965
0 0.62575 0.21949074074074076 0.002828124999999915 0.003518518518518529
0 0.6278229166666667 0.22241666666666668 0.0032031250000000475 0.004018518518518495
0 0.6313541666666667 0.22267592592592594 0.0025416666666667237 0.0041851851851851685
0 0.62890625 0.22618518518518518 0.0031093749999998956 0.004861111111111111
0 0.6336145833333333 0.22878703703703704 0.0025416666666667237 0.003351851851851856
0 0.63271875 0.22460185185185186 0.0032031250000000475 0.003685185185185202
0 0.63309375 0.21689814814814815 0.002447916666666572 0.003685185185185202
0 0.6355000000000001 0.21412962962962961 0.0031093749999998956 0.003851851851851875
0 0.6375260416666666 0.2172314814814815 0.0022604166666667425 0.002675925925925913
0 0.6396458333333332 0.2180648148148148 0.0021666666666665907 0.003685185185185202
0 0.6406354166666667 0.21547222222222223 0.0035781249999999433 0.005194444444444457
0 0.6372864583333333 0.22275925925925927 0.0029218750000000663 0.004685185185185187
0 0.6402083333333334 0.22183333333333335 0.0021666666666665907 0.0031851851851851833
0 0.6397395833333334 0.22752777777777777 0.0034843750000000282 0.005194444444444457
0 0.6436458333333334 0.21387962962962964 0.002828124999999915 0.002675925925925913
0 0.6437916666666667 0.21706481481481482 0.0025416666666667237 0.005694444444444423
0 0.64571875 0.22091666666666668 0.0032031250000000475 0.003685185185185202
0 0.648875 0.21681481481481482 0.003296874999999962 0.0041851851851851685
0 0.6533541666666667 0.21831481481481482 0.0026354166666666384 0.003851851851851875
0 0.6505729166666666 0.2240925925925926 0.0019791666666667614 0.005027777777777784
0 0.6530208333333333 0.2228425925925926 0.0029218750000000663 0.0041851851851851685
0 0.6537760416666667 0.22777777777777777 0.002354166666666657 0.00536111111111113
0 0.6564583333333334 0.22744444444444442 0.0011302083333333713 0.00536111111111113
0 0.6575416666666667 0.22585185185185183 0.0031093749999998956 0.004861111111111111
0 0.6596614583333333 0.22593518518518518 0.003015624999999981 0.004351851851851841
0 0.6588177083333334 0.2173148148148148 0.003015624999999981 0.003851851851851875
0 0.6607447916666668 0.2149722222222222 0.004994791666666743 0.0058611111111110965
0 0.66159375 0.22166666666666668 0.002354166666666657 0.006870370370370385
0 0.6636666666666666 0.22350925925925924 0.003296874999999962 0.004518518518518515
0 0.664984375 0.21890740740740738 0.003296874999999962 0.0030185185185185102
0 0.6666354166666667 0.21748148148148147 0.0032031250000000475 0.003518518518518529
0 0.6689895833333334 0.21739814814814815 0.0032031250000000475 0.005027777777777784
0 0.6681875 0.22342592592592594 0.002734375 0.005027777777777784
0 0.6699791666666666 0.22292592592592592 0.004052083333333438 0.006027777777777769
0 0.6726197916666667 0.22275925925925927 0.0038645833333333713 0.00536111111111113
0 0.67096875 0.229787037037037 0.0033906250000001136 0.00536111111111113
0 0.6765729166666666 0.2305462962962963 0.0029218750000000663 0.003851851851851875
0 0.6813333333333333 0.23096296296296295 0.002828124999999915 0.003351851851851856
0 0.6754427083333333 0.2193240740740741 0.0021666666666665907 0.0041851851851851685
0 0.6785520833333333 0.21856481481481482 0.0025416666666667237 0.004018518518518495
0 0.6793072916666667 0.22392592592592592 0.003296874999999962 0.004685185185185187
0 0.6823697916666667 0.22075 0.0032031250000000475 0.004685185185185187
0 0.6830729166666667 0.2255185185185185 0.004052083333333438 0.005527777777777803
0 0.68684375 0.22510185185185186 0.0038645833333333713 0.00536111111111113
0 0.6821822916666667 0.24628703703703705 0.004708333333333314 0.005861111111111149
0 0.6924479166666667 0.2230925925925926 0.0033906250000001136 0.006361111111111115
0 0.6988541666666667 0.2201574074074074 0.0026354166666666384 0.003851851851851875
0 0.7017760416666667 0.22350925925925924 0.003015624999999981 0.005194444444444457
0 0.6984322916666666 0.23087962962962963 0.0031093749999998956 0.004518518518518515
0 0.7008333333333333 0.23187962962962963 0.002828124999999915 0.005194444444444457
0 0.7098333333333334 0.22208333333333333 0.004807291666666676 0.005027777777777784
0 0.7181666666666667 0.22292592592592592 0.0035781249999999433 0.005027777777777784
0 0.7165677083333333 0.22744444444444442 0.0032031250000000475 0.005694444444444423
0 0.7207604166666666 0.22837037037037036 0.0031093749999998956 0.005194444444444457
0 0.7230208333333333 0.22585185185185183 0.004239583333333267 0.0058611111111110965
0 0.7295208333333334 0.22618518518518518 0.002734375 0.003518518518518529
0 0.7201458333333334 0.2611111111111111 0.0026354166666666384 0.005694444444444423
0 0.7246666666666666 0.2641296296296296 0.002828124999999915 0.004018518518518548
0 0.7372447916666667 0.2641296296296296 0.005182291666666572 0.007037037037037058
0 0.7357395833333332 0.2364074074074074 0.001791666666666695 0.0038518518518518485
0 0.737671875 0.23162962962962963 0.004708333333333314 0.004351851851851841
0 0.7437916666666666 0.24260185185185185 0.003015624999999981 0.006527777777777736
0 0.7567031249999999 0.26613888888888887 0.004333333333333419 0.006027777777777769
0 0.7401197916666666 0.31730555555555556 0.002447916666666572 0.007203703703703678
0 0.7868958333333332 0.3189722222222222 0.004994791666666743 0.006194444444444495
0 0.798296875 0.2826296296296296 0.005369791666666638 0.008203703703703717
0 0.776296875 0.25860185185185186 0.002828124999999915 0.005027777777777732
0 0.7520364583333333 0.22568518518518518 0.0036718750000000948 0.0041851851851851685
0 0.75703125 0.22744444444444442 0.0025416666666667237 0.004351851851851841
0 0.7589635416666667 0.22593518518518518 0.0032031250000000475 0.004018518518518495
0 0.7638125 0.2263611111111111 0.004614583333333399 0.004861111111111111
0 0.7691354166666666 0.22811111111111113 0.0026354166666666384 0.005694444444444423
0 0.772953125 0.22769444444444445 0.0029218750000000663 0.005527777777777803
0 0.7847291666666667 0.24444444444444444 0.004239583333333267 0.005861111111111149
0 0.7803958333333333 0.25324074074074077 0.0036718750000000948 0.006027777777777769
0 0.7871302083333334 0.24746296296296297 0.0033906250000001136 0.004518518518518515
0 0.795140625 0.24235185185185187 0.005463541666666553 0.006361111111111115
0 0.83084375 0.24494444444444446 0.0026354166666666384 0.006194444444444495
0 0.8420104166666668 0.24796296296296297 0.0025416666666667237 0.004861111111111111
0 0.84653125 0.27962037037037035 0.0031093749999998956 0.006527777777777736
0 0.8522291666666667 0.2799537037037037 0.0033906250000001136 0.005861111111111149
0 0.8647135416666667 0.2776111111111111 0.004994791666666743 0.005861111111111149
0 0.84384375 0.30188888888888893 0.0035781249999999433 0.005861111111111149
0 0.8334843749999999 0.3344722222222222 0.005276041666666723 0.009379629629629625
0 0.8612760416666667 0.3098518518518518 0.0026354166666666384 0.007370370370370404
0 0.86575 0.31010185185185185 0.0036718750000000948 0.005527777777777803
0 0.87225 0.31403703703703706 0.0034843750000000282 0.004351851851851894
0 0.8710729166666666 0.3085925925925926 0.0058385416666666854 0.006870370370370332
0 0.8744166666666667 0.3061666666666667 0.006125000000000114 0.006361111111111115
0 0.8779947916666667 0.2928518518518518 0.006687500000000076 0.008203703703703717
0 0.8836041666666666 0.3114351851851852 0.0035781249999999433 0.006194444444444495
0 0.8857239583333333 0.32073148148148145 0.003296874999999962 0.003351851851851856
0 0.88515625 0.32299999999999995 0.005182291666666572 0.005194444444444457
0 0.8928333333333334 0.31546296296296295 0.0037708333333332194 0.005861111111111149
0 0.8973125 0.31562962962962965 0.0036718750000000948 0.004861111111111111
0 0.9024427083333334 0.3202314814814815 0.006406250000000095 0.00770370370370375
0 0.9112083333333333 0.3221574074074074 0.005651041666666619 0.005527777777777803
0 0.9223697916666667 0.3194814814814815 0.006125000000000114 0.007203703703703678
0 0.9419166666666666 0.30683333333333335 0.0032031250000000475 0.005027777777777732
0 0.94921875 0.31277777777777777 0.005182291666666572 0.00787037037037037
0 0.9315572916666667 0.29821296296296296 0.004708333333333314 0.006194444444444495
0 0.9270833333333334 0.29712037037037037 0.006125000000000114 0.00803703703703699
0 0.9213802083333333 0.2961111111111111 0.004520833333333248 0.005027777777777732
0 0.9226510416666667 0.3004722222222222 0.005182291666666572 0.004351851851851894
0 0.9126666666666666 0.30030555555555555 0.004994791666666743 0.005694444444444423
0 0.9004218749999999 0.2951944444444444 0.004239583333333267 0.0035185185185184764
0 0.8153854166666666 0.20857407407407408 0.0024739583333333332 0.004648148148148131
0 0.821125 0.21219444444444444 0.002614583333333324 0.004138888888888914
0 0.8250520833333332 0.21310185185185185 0.0037812500000001135 0.005425925925925938
0 0.826796875 0.20896296296296296 0.0031979166666666003 0.005425925925925938