0 0.066640625 0.23124074074074075 0.010171875 0.015222222222222246
0 0.10116666666666667 0.2279074074074074 0.007494791666666659 0.012370370370370382
0 0.10063020833333333 0.23647222222222222 0.009635416666666667 0.012370370370370382
0 0.10972916666666667 0.2288611111111111 0.007494791666666659 0.014277777777777792
0 0.12605729166666665 0.23028703703703704 0.008031250000000009 0.011416666666666651
0 0.14532812499999997 0.22933333333333333 0.006958333333333341 0.011416666666666651
0 0.2295104166666667 0.7283981481481481 0.008963541666666686 0.01593518518518522
0 0.24852083333333336 0.7237222222222223 0.006802083333333305 0.017583333333333343
0 0.27603125 0.6937777777777777 0.008656249999999944 0.018138888888888812
0 0.3154427083333333 0.6838888888888889 0.012057291666666714 0.020333333333333366
0 0.3428020833333333 0.7174074074074074 0.014218749999999976 0.01703703703703712
0 0.36335416666666664 0.756425925925926 0.011437500000000019 0.024731481481481514
0 0.3709322916666667 0.7143796296296296 0.00927083333333331 0.015388888888888787
0 0.39565625 0.762462962962963 0.010510416666666699 0.018138888888888812
0 0.428578125 0.7577962962962963 0.013911458333333352 0.017583333333333343
0 0.3893229166666667 0.6745462962962963 0.011437500000000019 0.013740740740740665
0 0.4135885416666667 0.69075 0.016072916666666614 0.018685185185185246
0 0.442953125 0.6544814814814816 0.01359895833333328 0.012092592592592542
0 0.459953125 0.6580555555555556 0.011130208333333277 0.01703703703703712
0 0.44944270833333333 0.6750925925925926 0.014838541666666672 0.01593518518518522
0 0.40694270833333335 0.6465185185185185 0.01576562499999999 0.02143518518518527
0 0.3152916666666667 0.612175925925926 0.009890625000000005 0.018685185185185246
0 0.26676041666666667 0.5888148148148148 0.007416666666666671 0.018138888888888812
0 0.26845833333333335 0.5673888888888888 0.006489583333333352 0.01703703703703712
0 0.27943229166666667 0.5539259259259259 0.00927083333333331 0.015388888888888787
0 0.3206979166666667 0.5855185185185185 0.011437500000000019 0.014833333333333316
0 0.3380104166666667 0.5772777777777778 0.013911458333333352 0.018138888888888812
0 0.34759375 0.5962314814814814 0.013911458333333352 0.017583333333333343
0 0.3662916666666666 0.6036574074074075 0.011130208333333277 0.018138888888888812
0 0.33430208333333333 0.6344259259259258 0.011437500000000019 0.02143518518518527
0 0.35903125 0.559962962962963 0.010817708333333323 0.01648148148148144
0 0.38113020833333333 0.5660092592592593 0.008656249999999944 0.013185185185185194
0 0.414515625 0.5882685185185186 0.014218749999999976 0.019231481481481464
0 0.3947291666666667 0.5511759259259259 0.010510416666666699 0.019787037037036936
0 0.406015625 0.535787037037037 0.007109375000000047 0.012092592592592542
0 0.40632291666666664 0.5212222222222221 0.006489583333333352 0.013740740740740665
0 0.42517708333333337 0.5162777777777778 0.00834374999999999 0.01044444444444442
0 0.255578125 0.5798796296296296 0.008052083333333352 0.014907407407407322
0 0.490359375 0.7217870370370371 0.009390624999999986 0.014907407407407322
0 0.5002552083333334 0.7426574074074075 0.009057291666666719 0.017296296296296355
0 0.476609375 0.8395555555555556 0.008718750000000004 0.026231481481481415
0 0.4705729166666667 0.9525462962962963 0.010062499999999967 0.023259259259259157
0 0.5332916666666666 0.961787037037037 0.010734374999999947 0.023851851851852054
0 0.5874583333333334 0.9886203703703704 0.017776041666666725 0.021462962962962812
0 0.5339635416666667 0.8845740740740741 0.010734375000000008 0.018481481481481515
0 0.552578125 0.8845740740740741 0.009729166666666582 0.018481481481481515
0 0.504953125 0.8154074074074074 0.009057291666666719 0.014907407407407322
0 0.5252447916666667 0.8124259259259259 0.008718750000000004 0.023259259259259157
0 0.5577760416666667 0.8240462962962963 0.011406250000000047 0.025046296296296254
0 0.5891354166666667 0.8261388888888889 0.0090572916666666 0.019675925925925927
0 0.5247395833333334 0.7176111111111111 0.013083333333333277 0.017296296296296355
0 0.5520729166666667 0.7346111111111111 0.007380208333333371 0.014314814814814848
0 0.5681718750000001 0.773962962962963 0.010062500000000085 0.016694444444444418
0 0.5945052083333333 0.7662129629629629 0.010395833333333352 0.020277777777777863
0 0.6228437499999999 0.7918518518518519 0.009390625000000104 0.01788888888888883
0 0.6327395833333332 0.8613148148148149 0.017104166666666743 0.017296296296296355
0 0.6483333333333333 0.8404444444444444 0.014088541666666761 0.019675925925925927
0 0.6647708333333333 0.8538611111111111 0.01207291666666658 0.02146296296296302
0 0.686234375 0.8801018518518519 0.01207291666666658 0.026231481481481415
0 0.7241354166666666 0.8693703703703703 0.012744791666666562 0.01788888888888883
0 0.7335260416666666 0.961787037037037 0.01878124999999997 0.021462962962962812
0 0.6434739583333333 0.9856388888888888 0.017104166666666743 0.023851851851852054
0 0.6791927083333333 0.7888703703703703 0.014755208333333296 0.023851851851851843
0 0.69378125 0.7849907407407407 0.017104166666666743 0.020870370370370338
0 0.7023333333333334 0.7101574074074074 0.015427083333333277 0.020277777777777863
0 0.7080364583333334 0.731925925925926 0.014755208333333296 0.02206481481481475
0 0.7174270833333334 0.6854166666666667 0.012744791666666562 0.019675925925925927
0 0.6473281249999999 0.6869074074074074 0.015427083333333277 0.02146296296296302
0 0.6625885416666667 0.6892962962962963 0.012411458333333295 0.01908333333333324
0 0.5294375 0.6508333333333333 0.0077135416666666385 0.014907407407407322
0 0.5394947916666666 0.662462962962963 0.0077135416666666385 0.01788888888888883
0 0.5353020833333333 0.6937685185185185 0.010062500000000026 0.018481481481481515
0 0.5596197916666666 0.6931666666666667 0.007041666666666657 0.017296296296296355
0 0.587796875 0.6997314814814816 0.010395833333333352 0.016101851851851944
0 0.6161354166666667 0.71225 0.016098958333333257 0.019675925925925927
0 0.5609635416666666 0.6338425925925926 0.0090572916666666 0.02265740740740743
0 0.5703541666666666 0.6263888888888889 0.00838541666666662 0.019675925925925927
0 0.562640625 0.6117777777777778 0.011067708333333334 0.016694444444444418
0 0.5841041666666666 0.6082037037037037 0.013083333333333277 0.013120370370370438
0 0.5985260416666667 0.619824074074074 0.011739583333333314 0.014907407407407322
0 0.6201614583333334 0.6344351851851853 0.010062500000000085 0.010731481481481406
0 0.6211666666666668 0.6460648148148148 0.011406250000000047 0.014907407407407322
0 0.6376041666666666 0.6338425925925926 0.011406250000000047 0.01788888888888883
0 0.6632604166666667 0.6529166666666667 0.0077135416666666385 0.016694444444444418
0 0.6597395833333334 0.5921018518518518 0.012744791666666562 0.014314814814814848
0 0.6783541666666667 0.6096851851851852 0.009729166666666582 0.010138888888888932
0 0.6718125 0.6395 0.011406250000000047 0.018481481481481515
0 0.6971354166666667 0.49639814814814814 0.00838541666666662 0.017296296296296355
0 0.7122291666666667 0.6126666666666666 0.013083333333333277 0.018481481481481515
0 0.7674062500000001 0.6418888888888888 0.01341666666666678 0.014907407407407322
0 0.4745989583333333 0.5631759259259259 0.0120729166666667 0.010138888888888932
0 0.5012604166666667 0.6216111111111111 0.0097291666666667 0.017296296296296355
0 0.526921875 0.6135648148148148 0.008718750000000004 0.020277777777777863
0 0.5398333333333334 0.5825555555555555 0.0077135416666666385 0.015500000000000009
0 0.5213854166666666 0.5834537037037038 0.011739583333333314 0.016101851851851944
0 0.5606302083333333 0.587925925925926 0.00838541666666662 0.016694444444444418
0 0.5836041666666667 0.5813703703703703 0.011406250000000047 0.016694444444444418
0 0.594 0.5631759259259259 0.007380208333333371 0.017296296296296355
0 0.6243541666666667 0.5864351851851852 0.010395833333333352 0.018481481481481515
0 0.6121145833333334 0.5429074074074074 0.012744791666666562 0.017296296296296355
0 0.6221718749999999 0.5163703703703704 0.01341666666666678 0.015500000000000009
0 0.5993645833333333 0.4955 0.012744791666666562 0.02146296296296302
0 0.5805833333333333 0.4981851851851852 0.009390625000000104 0.018481481481481515
0 0.5671666666666667 0.5127962962962963 0.01677083333333324 0.016694444444444418
0 0.56196875 0.5491666666666667 0.0077135416666666385 0.015500000000000009
0 0.5832656249999999 0.43855555555555553 0.010734375000000067 0.010138888888888932
0 0.5916510416666667 0.45078703703703704 0.010062500000000085 0.014314814814814848
0 0.5215520833333334 0.537537037037037 0.00670833333333339 0.016101851851851944
0 0.5307760416666667 0.5631759259259259 0.0097291666666667 0.013712962962962913
0 0.5351354166666666 0.5417129629629629 0.011067708333333334 0.018481481481481515
0 0.5203802083333333 0.4943148148148148 0.006375000000000005 0.014314814814814848
0 0.5294375 0.5089166666666667 0.009729166666666641 0.017296296296296355
0 0.5270885416666666 0.4841759259259259 0.011067708333333334 0.01908333333333324
0 0.5431875 0.4764259259259259 0.010395833333333352 0.011925925925925975
0 0.5453645833333333 0.4638981481481481 0.009390625000000104 0.011925925925925921
0 0.381859375 0.48 0.011067708333333334 0.013120370370370385
0 0.40365625 0.49400925925925926 0.013750000000000047 0.020870370370370338
0 0.36827604166666666 0.43796296296296294 0.008052083333333352 0.01729629629629625
0 0.38202604166666665 0.4516759259259259 0.009390624999999986 0.014907407407407428
0 0.41019791666666666 0.4636018518518519 0.008718750000000004 0.012518518518518502
0 0.4153958333333333 0.4731388888888889 0.0097291666666667 0.012518518518518502
0 0.4197604166666667 0.48357407407407405 0.009057291666666719 0.013120370370370438
0 0.4060052083333333 0.42425 0.010395833333333352 0.020870370370370338
0 0.41774479166666667 0.4132222222222222 0.010395833333333352 0.01073148148148151
0 0.42764062500000005 0.42574074074074075 0.011406250000000047 0.016694444444444418
0 0.4410572916666667 0.43915740740740744 0.011406250000000047 0.01610185185185184
0 0.440890625 0.45346296296296296 0.009057291666666719 0.013712962962962913
0 0.43854166666666666 0.4725462962962963 0.0077135416666666385 0.013712962962962913
0 0.45732291666666663 0.45316666666666666 0.009057291666666719 0.011925925925925921
0 0.45346354166666664 0.43349074074074073 0.00670833333333339 0.01073148148148151
0 0.4340104166666666 0.3953333333333333 0.008052083333333352 0.013120370370370333
0 0.43015624999999996 0.33719444444444446 0.004359374999999943 0.007750000000000004
0 0.477953125 0.3693888888888889 0.00536458333333331 0.007750000000000004
0 0.46369791666666665 0.4907314814814815 0.00838541666666662 0.014314814814814848
0 0.45866666666666667 0.5151759259259259 0.00838541666666662 0.01788888888888883
0 0.467890625 0.5092222222222222 0.010734374999999947 0.014314814814814848
0 0.48080208333333335 0.506537037037037 0.010395833333333352 0.018481481481481515
0 0.49186979166666667 0.5208425925925926 0.0077135416666666385 0.012518518518518502
0 0.47526562499999997 0.5339629629629629 0.011406250000000047 0.016101851851851944
0 0.479796875 0.5500648148148148 0.011739583333333314 0.014907407407407322
0 0.49186979166666667 0.5405185185185185 0.009057291666666719 0.017296296296296355
0 0.47358854166666664 0.4880462962962963 0.009390624999999986 0.017296296296296355
0 0.47476562499999997 0.4656851851851852 0.0077135416666666385 0.009537037037036995
0 0.484828125 0.4692685185185185 0.011739583333333314 0.015499999999999957
0 0.499921875 0.4794074074074074 0.007041666666666657 0.014314814814814848
0 0.45329687500000004 0.4099351851851852 0.00838541666666662 0.014907407407407428
0 0.45883333333333337 0.4066574074074074 0.007380208333333371 0.014314814814814848
0 0.4764427083333333 0.4030833333333333 0.010395833333333352 0.011925925925925921
0 0.46604166666666663 0.41232407407407407 0.0077135416666666385 0.014907407407407428
0 0.47274999999999995 0.4165 0.010395833333333352 0.011333333333333341
0 0.4823125 0.4281203703703704 0.007380208333333371 0.014314814814814848
0 0.48214062500000004 0.44422222222222224 0.010395833333333352 0.014314814814814848
0 0.48952083333333335 0.4197777777777778 0.007041666666666657 0.020277777777777756
0 0.49622916666666667 0.43825925925925924 0.00838541666666662 0.017888888888888937
0 0.5059583333333334 0.4290185185185185 0.010395833333333352 0.018481481481481515
0 0.5057916666666666 0.4430277777777778 0.008718750000000004 0.017888888888888937
0 0.5337968750000001 0.4161944444444445 0.00838541666666662 0.011925925925925921
0 0.5312812499999999 0.42513888888888884 0.009390625000000045 0.016694444444444418
0 0.7769375000000001 0.9884537037037037 0.015776041666666647 0.023092592592592644
0 0.8205364583333333 0.7135925925925926 0.010953125000000103 0.018694444444444496
0 0.8409166666666666 0.7467037037037038 0.01314583333333322 0.021037037037037062
0 0.8477083333333333 0.7747407407407407 0.01270833333333338 0.014805555555555563
0 0.883640625 0.8285 0.017088541666666637 0.02726851851851856
0 0.9500260416666666 0.8896481481481482 0.012270833333333305 0.026490740740740648
0 0.9785104166666667 0.8803055555555556 0.01314583333333322 0.021814814814814763
0 0.9046875 0.9930555555555556 0.025 0.013888888888888888
0 0.37852604166666665 0.2695185185185185 0.008104166666666638 0.011425925925925956
0 0.3863489583333333 0.267537037037037 0.005869791666666657 0.010435185185185169
0 0.38663020833333334 0.2533796296296296 0.005869791666666657 0.009935185185185201
0 0.392359375 0.25710185185185186 0.005031250000000043 0.012416666666666637
0 0.39934375 0.26207407407407407 0.00670833333333339 0.012416666666666637
0 0.43288020833333335 0.25760185185185186 0.008942708333333372 0.012416666666666637
0 0.44028645833333335 0.25487037037037036 0.005869791666666657 0.009935185185185201
0 0.487375 0.29833333333333334 0.005031250000000043 0.012416666666666637
0 0.5301302083333334 0.3231759259259259 0.009500000000000005 0.010435185185185169
0 0.5551458333333333 0.3169722222222222 0.00866145833333339 0.011925925925925921
0 0.5659010416666667 0.3035555555555555 0.011739583333333314 0.013907407407407391
0 0.6354895833333334 0.31970370370370366 0.00838541666666662 0.014407407407407357
0 0.6472239583333333 0.32466666666666666 0.00670833333333339 0.012416666666666637
0 0.6723750000000001 0.3596944444444445 0.006145833333333428 0.012916666666666708
0 0.6848124999999999 0.35944444444444446 0.0047499999999999435 0.008444444444444449
0 0.6825781249999999 0.3390740740740741 0.005307291666666695 0.013416666666666676
0 0.7047916666666667 0.3557222222222222 0.00670833333333339 0.013907407407407391
0 0.752859375 0.3917407407407407 0.0055885416666666765 0.009435185185185236
0 0.7573333333333333 0.39894444444444443 0.008942708333333372 0.013907407407407391
0 0.7050729166666667 0.33287037037037037 0.00670833333333339 0.010925925925925884
0 0.6809010416666667 0.2630648148148148 0.0047499999999999435 0.010435185185185169
0 0.6892864583333334 0.29262037037037036 0.006427083333333409 0.012916666666666708
0 0.735671875 0.2374814814814815 0.006984374999999924 0.0069537037037036955
0 0.7353958333333334 0.2436851851851852 0.006427083333333409 0.007453703703703661
0 0.7942187500000001 0.30280555555555555 0.00670833333333339 0.011425925925925956
0 0.7319010416666667 0.1877962962962963 0.003911458333333447 0.008944444444444468
0 0.7414010416666666 0.19077777777777777 0.004468749999999962 0.0069537037037036955
0 0.7376302083333334 0.19425925925925927 0.003635416666666676 0.0069537037037036955
0 0.7422395833333333 0.19649074074074074 0.005031249999999924 0.010435185185185169
0 0.7455937499999999 0.19798148148148148 0.0055885416666666765 0.010435185185185169
0 0.7622239583333333 0.19325925925925927 0.005869791666666657 0.008944444444444468
0 0.7604062500000001 0.20046296296296295 0.00670833333333339 0.010435185185185169
0 0.7683697916666666 0.20419444444444446 0.00866145833333339 0.0069537037037036955
0 0.7729843750000001 0.1875462962962963 0.007265624999999905 0.013416666666666676
0 0.8463385416666667 0.21462037037037035 0.007546874999999886 0.00794444444444443
0 0.867296875 0.2198425925925926 0.006984374999999924 0.011425925925925904
0 0.8851822916666666 0.21661111111111112 0.0047499999999999435 0.0069537037037036955
0 0.8874218749999999 0.22480555555555554 0.006427083333333409 0.010435185185185169
0 0.8988802083333333 0.23574074074074072 0.006984374999999924 0.006462962962962953
0 0.9086614583333333 0.23574074074074072 0.008104166666666638 0.008444444444444423
0 0.9029322916666668 0.22927777777777777 0.0055885416666666765 0.010435185185185169
0 0.9076822916666667 0.21686111111111112 0.007265624999999905 0.01241666666666669
0 0.9143854166666666 0.22182407407407406 0.010062500000000085 0.008444444444444449
0 0.9325520833333333 0.21587037037037035 0.005031249999999924 0.008444444444444449
0 0.9375833333333333 0.22033333333333335 0.007265624999999905 0.010435185185185169
0 0.945265625 0.2434351851851852 0.006427083333333409 0.011925925925925921
0 0.976984375 0.2593333333333333 0.007265624999999905 0.009935185185185201
0 0.9876041666666667 0.2578425925925926 0.008942708333333372 0.011925925925925921
0 0.9540729166666666 0.12817592592592594 0.006145833333333428 0.004972222222222227
0 0.9550468750000001 0.1341388888888889 0.006427083333333409 0.008944444444444468
0 0.9613385416666667 0.12892592592592594 0.004468749999999962 0.007453703703703714
0 0.9644114583333334 0.12693518518518518 0.006145833333333428 0.009435185185185184
0 0.9783854166666667 0.12941666666666668 0.00670833333333339 0.008444444444444449
0 0.67996875 0.5583611111111111 0.013578125000000085 0.01905555555555549