0 0.025395833333333333 0.6767777777777777 0.01509895833333333 0.021148148148148072
0 0.03820833333333333 0.7308703703703704 0.016927083333333332 0.017083333333333374
0 0.04644270833333333 0.7723518518518518 0.019677083333333335 0.018712962962962997
0 0.088765625 0.7829259259259259 0.018302083333333326 0.02196296296296299
0 0.15259375 0.9671666666666666 0.02516666666666669 0.026027777777777896
0 0.19903645833333333 0.9240555555555555 0.02379166666666664 0.01626851851851846
0 0.25165625 0.8898981481481482 0.01647395833333333 0.027657407407407308
0 0.08647916666666666 0.5307685185185186 0.015557291666666669 0.015453703703703754
0 0.12216666666666667 0.5246666666666666 0.010979166666666658 0.009759259259259226
0 0.13383333333333333 0.5295462962962962 0.013270833333333343 0.011388888888888846
0 0.144359375 0.47626851851851854 0.014182291666666676 0.017083333333333374
0 0.15854166666666666 0.48562037037037037 0.012354166666666682 0.013018518518518468
0 0.15785416666666666 0.501074074074074 0.017385416666666664 0.022777777777777692
0 0.17547395833333335 0.4835833333333333 0.009609375000000024 0.02196296296296299
0 0.195375 0.44657407407407407 0.010979166666666687 0.021148148148148176
0 0.09791666666666667 0.5799814814814814 0.015557291666666669 0.022777777777777692
0 0.08533333333333333 0.635287037037037 0.015098958333333337 0.01789814814814808
0 0.07000520833333333 0.6503425925925926 0.018302083333333326 0.02359259259259261
0 0.11896354166666666 0.6182129629629629 0.014640625000000008 0.013018518518518468
0 0.1105 0.6430185185185185 0.01143749999999999 0.017083333333333374
0 0.1267447916666667 0.6458611111111111 0.017385416666666677 0.021148148148148072
0 0.14413020833333334 0.6279722222222223 0.017385416666666664 0.022777777777777692
0 0.146875 0.5799814814814814 0.01647395833333333 0.026027777777777684
0 0.19514583333333332 0.5478425925925926 0.009609375000000024 0.013824074074074133
0 0.22809375 0.5588240740740741 0.015098958333333337 0.021148148148148072
0 0.248453125 0.594212962962963 0.013729166666666674 0.02196296296296299
0 0.2635520833333333 0.5917685185185185 0.01555729166666664 0.02359259259259261
0 0.184625 0.6194259259259259 0.015098958333333337 0.02521296296296298
0 0.16586458333333332 0.6438333333333334 0.013270833333333343 0.02359259259259261
0 0.18188020833333332 0.7003611111111111 0.016015625 0.021148148148148072
0 0.187140625 0.754462962962963 0.020130208333333323 0.02359259259259261
0 0.23174999999999998 0.7056481481481481 0.015098958333333337 0.02521296296296298
0 0.248453125 0.6853148148148148 0.015557291666666669 0.02359259259259261
0 0.2628645833333333 0.63 0.008692708333333332 0.020333333333333366
0 0.26744270833333333 0.730462962962963 0.017843749999999995 0.022777777777777692
0 0.2884895833333333 0.739 0.017843749999999995 0.02521296296296298
0 0.314796875 0.7422592592592593 0.013729166666666615 0.02359259259259261
0 0.34636979166666665 0.7634074074074074 0.01921875000000005 0.02196296296296299
0 0.4442864583333333 0.8333611111111111 0.017385416666666723 0.018712962962962997
0 0.45092187499999997 0.8618333333333333 0.022421874999999977 0.02521296296296298
0 0.316859375 0.48521296296296296 0.008692708333333361 0.017083333333333374
0 0.3516302083333333 0.46853703703703703 0.009609375000000024 0.019518518518518505
0 0.37290625 0.4669074074074074 0.010979166666666628 0.014638888888888838
0 0.3223489583333333 0.5266944444444445 0.009609375000000024 0.013824074074074133
0 0.3383645833333333 0.5214074074074074 0.010526041666666685 0.014638888888888838
0 0.37542187499999996 0.5181574074074075 0.009609375000000024 0.011388888888888846
0 0.37679687500000003 0.5348333333333334 0.009609375000000024 0.010574074074074142
0 0.34225 0.5783518518518519 0.013729166666666615 0.013018518518518468
0 0.3509427083333333 0.5877037037037037 0.013729166666666615 0.02196296296296299
0 0.34796875 0.63 0.008692708333333361 0.017083333333333374
0 0.3491145833333333 0.6531851851851852 0.013729166666666615 0.01789814814814808
0 0.35895312500000004 0.6849074074074074 0.013270833333333343 0.019518518518518452
0 0.3344739583333334 0.6971111111111111 0.017385416666666723 0.021148148148148072
0 0.37359375 0.7288333333333333 0.017843749999999995 0.01789814814814808
0 0.3740520833333333 0.6125185185185185 0.011437500000000019 0.014638888888888838
0 0.3930416666666667 0.6104814814814815 0.011895833333333291 0.018712962962962997
0 0.3790833333333333 0.6385462962962963 0.016927083333333332 0.022777777777777692
0 0.4065364583333333 0.6409814814814815 0.010526041666666685 0.019518518518518452
0 0.41591666666666666 0.6393611111111112 0.011895833333333291 0.024407407407407315
0 0.41980729166666664 0.6153611111111111 0.012354166666666682 0.018712962962962997
0 0.41660416666666666 0.5771296296296295 0.013270833333333343 0.015453703703703754
0 0.40699479166666663 0.5515092592592593 0.010526041666666685 0.01789814814814808
0 0.4083697916666667 0.501074074074074 0.009609375000000024 0.01626851851851846
0 0.40996875 0.4900925925925925 0.013729166666666615 0.013824074074074133
0 0.4156875 0.4368148148148148 0.011437500000000019 0.019518518518518557
0 0.4312447916666667 0.4636574074074074 0.014182291666666676 0.017898148148148187
0 0.4262135416666667 0.48033333333333333 0.010526041666666685 0.02359259259259261
0 0.44291145833333334 0.4994444444444444 0.009151041666666634 0.014638888888888838
0 0.4285 0.515712962962963 0.014182291666666676 0.01789814814814808
0 0.4264427083333333 0.5405277777777777 0.010979166666666628 0.013824074074074133
0 0.4365104166666667 0.5551666666666667 0.010067708333333295 0.020333333333333366
0 0.4548125 0.5787592592592592 0.012812499999999952 0.017083333333333374
0 0.46602083333333333 0.5999074074074073 0.010526041666666685 0.018712962962962997
0 0.4513802083333333 0.6491203703703703 0.014182291666666676 0.01789814814814808
0 0.4568697916666667 0.6698611111111111 0.008692708333333361 0.017083333333333374
0 0.4671666666666667 0.6881666666666667 0.011895833333333291 0.01626851851851846
0 0.4905 0.7052499999999999 0.012812499999999952 0.019518518518518452
0 0.5662239583333334 0.7215185185185186 0.006864583333333248 0.013018518518518468
0 0.5760625 0.8711851851851852 0.009151041666666752 0.026027777777777684
0 0.6106093749999999 0.8854166666666666 0.016015625 0.02196296296296299
0 0.42232291666666666 0.32212037037037033 0.007322916666666638 0.014638888888888838
0 0.4312447916666667 0.3188611111111111 0.006864583333333367 0.011388888888888846
0 0.43800520833333334 0.38319444444444445 0.007395833333333357 0.01428703703703699
0 0.4487760416666667 0.32489814814814816 0.008359374999999976 0.012000000000000033
0 0.4677447916666667 0.33575925925925926 0.008999999999999985 0.01428703703703699
0 0.47401041666666666 0.3629074074074074 0.010609374999999944 0.019435185185185194
0 0.454078125 0.3557592592592593 0.006750000000000019 0.010861111111111129
0 0.458578125 0.37919444444444445 0.008036458333333366 0.010861111111111129
0 0.45151041666666664 0.4214907407407407 0.008036458333333366 0.01428703703703699
0 0.47224479166666666 0.42776851851851855 0.008999999999999985 0.015435185185185147
0 0.47288541666666667 0.38890740740740737 0.008999999999999985 0.009712962962962972
0 0.48028125 0.4323425925925926 0.006427083333333291 0.009712962962962972
0 0.47481249999999997 0.4452037037037037 0.011572916666666681 0.018287037037037036
0 0.45938541666666666 0.45149074074074075 0.008359374999999976 0.018287037037037036
0 0.4891197916666667 0.44806481481481486 0.009322916666666714 0.01486111111111107
0 0.49651562499999996 0.46291666666666664 0.009963541666666723 0.012574074074074112
0 0.49040625000000004 0.4935 0.009322916666666714 0.01314814814814819
0 0.513390625 0.4886388888888889 0.0077135416666666385 0.013712962962962913
0 0.5177291666666667 0.4983518518518519 0.008682291666666704 0.010287037037036944
0 0.5317135416666666 0.517212962962963 0.008359374999999976 0.013712962962962913
0 0.5103385416666667 0.5115 0.0125364583333333 0.01714814814814813
0 0.49008333333333337 0.5423611111111111 0.010609374999999944 0.019435185185185194
0 0.4934583333333334 0.5700740740740741 0.010286458333333333 0.016574074074074158
0 0.5032656249999999 0.6226574074074074 0.010609374999999944 0.01886111111111101
0 0.5328385416666667 0.6246574074074074 0.009963541666666723 0.01714814814814813
0 0.4760989583333333 0.30003703703703705 0.0077135416666666385 0.01028703703703705
0 0.4799583333333333 0.2946111111111111 0.006427083333333291 0.009712962962962972
0 0.487515625 0.29174999999999995 0.006750000000000019 0.007425925925925909
0 0.5019791666666666 0.29203703703703704 0.004822916666666662 0.009148148148148143
0 0.49056770833333335 0.3226111111111111 0.00514583333333339 0.01314814814814819
0 0.4839791666666667 0.3360462962962963 0.007395833333333357 0.013712962962962913
0 0.49378124999999995 0.36319444444444443 0.008359374999999976 0.01428703703703699
0 0.49603125 0.3774814814814815 0.006427083333333291 0.018861111111111117
0 0.5090520833333333 0.4006296296296296 0.006750000000000019 0.011425925925925956
0 0.50615625 0.4103425925925926 0.008682291666666704 0.01486111111111107
0 0.5162864583333333 0.4463425925925926 0.0077135416666666385 0.011425925925925956
0 0.5281770833333334 0.4523518518518519 0.007072916666666628 0.012000000000000033
0 0.5403958333333333 0.47149074074074077 0.012859375000000029 0.01828703703703709
0 0.5535781249999999 0.49035185185185187 0.009000000000000103 0.012574074074074007
0 0.5630572916666666 0.5040648148148148 0.009322916666666714 0.01714814814814813
0 0.531875 0.4257685185185185 0.008036458333333307 0.009148148148148143
0 0.5109791666666667 0.31489814814814815 0.00610937500000001 0.01028703703703705
0 0.5225520833333334 0.31833333333333336 0.006750000000000019 0.01028703703703705
0 0.51725 0.32689814814814816 0.007072916666666628 0.009148148148148143
0 0.522234375 0.33975925925925926 0.00610937500000001 0.01314814814814819
0 0.5132291666666666 0.3594814814814815 0.00610937500000001 0.011425925925925956
0 0.5288229166666667 0.36719444444444443 0.006427083333333291 0.009712962962962972
0 0.531875 0.3794814814814815 0.008036458333333307 0.012574074074074112
0 0.5196614583333333 0.3786203703703704 0.008036458333333366 0.01314814814814819
0 0.5302708333333332 0.4123425925925926 0.009322916666666655 0.01428703703703699
0 0.5458593749999999 0.33318518518518514 0.004499999999999934 0.011425925925925956
0 0.5381458333333333 0.31975925925925924 0.0057864583333333995 0.016574074074074054
0 0.5561458333333333 0.3489074074074074 0.0077135416666666385 0.012000000000000033
0 0.5627395833333334 0.3303333333333333 0.008036458333333248 0.013712962962962913
0 0.5714166666666666 0.3271851851851852 0.008682291666666704 0.012000000000000033
0 0.5820260416666667 0.3174722222222222 0.008682291666666704 0.01428703703703699
0 0.5511666666666667 0.4126296296296296 0.008682291666666704 0.012574074074074112
0 0.5561458333333333 0.42376851851851854 0.007072916666666628 0.012000000000000033
0 0.5665937499999999 0.40090740740740743 0.008036458333333248 0.017712962962962958
0 0.5611302083333333 0.40576851851851853 0.005463541666666553 0.011425925925925956
0 0.5686875 0.3829074074074074 0.007072916666666628 0.01714814814814813
0 0.5818645833333334 0.3894814814814815 0.0057864583333333995 0.012000000000000033
0 0.5847604166666667 0.3577592592592593 0.010932291666666554 0.01714814814814813
0 0.5963333333333334 0.3557592592592593 0.009645833333333324 0.01428703703703699
0 0.6082239583333333 0.36033333333333334 0.008359375000000094 0.01428703703703699
0 0.5892604166666667 0.2986111111111111 0.006427083333333409 0.009712962962962972
0 0.5926354166666666 0.31175925925925924 0.008682291666666704 0.012000000000000033
0 0.5969739583333333 0.32404629629629633 0.0057864583333333995 0.01028703703703705
0 0.6059739583333333 0.3114722222222222 0.009000000000000103 0.013712962962962913
0 0.618515625 0.27689814814814817 0.0057864583333333995 0.010861111111111129
0 0.61128125 0.2851851851851852 0.006750000000000019 0.01028703703703705
0 0.6165833333333333 0.3008981481481482 0.006427083333333409 0.008574074074074066
0 0.6143333333333333 0.3086111111111111 0.007072916666666628 0.012574074074074112
0 0.6231770833333333 0.3163333333333333 0.007395833333333239 0.01314814814814819
0 0.609671875 0.3349074074074074 0.005463541666666553 0.009148148148148143
0 0.6132083333333332 0.3400462962962963 0.0041770833333333235 0.01486111111111107
0 0.606296875 0.34347222222222223 0.004499999999999934 0.011425925925925956
0 0.6194791666666667 0.3423333333333334 0.009000000000000103 0.011425925925925956
0 0.6193177083333333 0.3531944444444444 0.008036458333333248 0.015999999999999976
0 0.6271927083333334 0.3349074074074074 0.0057864583333333995 0.015999999999999976
0 0.63490625 0.3363333333333333 0.007072916666666628 0.016574074074074054
0 0.6251041666666667 0.3680462962962963 0.008036458333333248 0.015999999999999976
0 0.635390625 0.37148148148148147 0.00610937500000001 0.013712962962962913
0 0.6474479166666666 0.3789074074074074 0.00514583333333339 0.012574074074074112
0 0.6244583333333333 0.3826203703703704 0.006750000000000019 0.017712962962962958
0 0.5966510416666666 0.38634259259259257 0.007072916666666628 0.01486111111111107
0 0.610796875 0.39262962962962966 0.007072916666666628 0.01028703703703705
0 0.6201197916666668 0.4003425925925926 0.007072916666666628 0.01314814814814819
0 0.5841145833333333 0.41291666666666665 0.006427083333333409 0.012000000000000033
0 0.5892604166666667 0.4157685185185185 0.0057864583333333995 0.010861111111111129
0 0.5979375 0.41491666666666666 0.009645833333333324 0.015999999999999976
0 0.5694895833333333 0.43349074074074073 0.008682291666666704 0.010861111111111129
0 0.57109375 0.4500648148148148 0.009963541666666723 0.017712962962962958
0 0.6162604166666666 0.41291666666666665 0.007072916666666628 0.007425925925925909
0 0.6188333333333333 0.4260555555555555 0.009000000000000103 0.01428703703703699
0 0.6170677083333334 0.4372037037037037 0.0041770833333333235 0.015999999999999976
0 0.6099947916666667 0.4346296296296296 0.00610937500000001 0.010861111111111129
0 0.6122447916666667 0.4512037037037037 0.009963541666666723 0.017712962962962958
0 0.5966510416666666 0.46149074074074076 0.008359375000000094 0.015435185185185147
0 0.6032447916666667 0.47149074074074077 0.007395833333333239 0.01828703703703709
0 0.605171875 0.4966388888888889 0.008036458333333248 0.01714814814814813
0 0.619796875 0.4874907407407407 0.0077135416666666385 0.015999999999999976
0 0.6308906249999999 0.4600648148148148 0.006750000000000019 0.013712962962962913
0 0.6423020833333334 0.4586296296296296 0.0077135416666666385 0.017712962962962958
0 0.6323385416666666 0.41205555555555556 0.012213541666666572 0.01714814814814813
0 0.6479270833333334 0.41120370370370374 0.012536458333333418 0.017712962962962958
0 0.6524270833333333 0.4243425925925926 0.008036458333333248 0.017712962962962958
0 0.6702708333333334 0.41520370370370374 0.0077135416666666385 0.018861111111111117
0 0.6922916666666666 0.41376851851851854 0.012536458333333418 0.01714814814814813
0 0.6670572916666667 0.4463425925925926 0.009000000000000103 0.013712962962962913
0 0.6709114583333334 0.4592037037037037 0.00514583333333339 0.015435185185185147
0 0.6818437500000001 0.4840648148148148 0.010286458333333333 0.01714814814814813
0 0.6472864583333333 0.4900648148148148 0.007395833333333239 0.012000000000000033
0 0.6357135416666666 0.6095092592592593 0.008682291666666704 0.017712962962963066
0 0.6463229166666667 0.6655185185185185 0.010609374999999944 0.023435185185185135
0 0.704828125 0.7080925925925926 0.01832291666666658 0.025148148148148225
0 0.6424635416666666 0.28575 0.005463541666666553 0.007999999999999988
0 0.6562864583333333 0.2851851851851852 0.0041770833333333235 0.009148148148148143
0 0.638765625 0.3083240740740741 0.006427083333333409 0.012000000000000033
0 0.6527499999999999 0.29603703703703704 0.003536458333333314 0.013712962962962913
0 0.650015625 0.3043240740740741 0.007072916666666628 0.01428703703703699
0 0.647765625 0.3151851851851852 0.006427083333333409 0.01314814814814819
0 0.6490520833333334 0.3274722222222222 0.008359375000000094 0.018287037037037036
0 0.6549999999999999 0.3303333333333333 0.008682291666666704 0.01486111111111107
0 0.6635208333333333 0.34519444444444447 0.006427083333333409 0.01486111111111107
0 0.6612708333333334 0.3517592592592592 0.007072916666666628 0.015435185185185147
0 0.655484375 0.36148148148148146 0.009000000000000103 0.016574074074074054
0 0.6718802083333333 0.3817685185185185 0.0057864583333333995 0.013712962962962913
0 0.6652864583333333 0.30775925925925923 0.005463541666666553 0.012000000000000033
0 0.67075 0.3234722222222222 0.006750000000000019 0.011425925925925956
0 0.6786302083333333 0.3163333333333333 0.008359375000000094 0.010861111111111129
0 0.681359375 0.3266203703703704 0.008682291666666704 0.008574074074074066
0 0.6873072916666667 0.33318518518518514 0.0057864583333333995 0.011425925925925956
0 0.6792708333333334 0.30003703703703705 0.006427083333333409 0.009148148148148143
0 0.6839322916666667 0.28261111111111115 0.007395833333333239 0.01428703703703699
0 0.6874687500000001 0.2946111111111111 0.006750000000000019 0.009712962962962972
0 0.6882708333333334 0.30604629629629626 0.0057864583333333995 0.012000000000000033
0 0.6974322916666666 0.3300462962962963 0.007395833333333239 0.015435185185185147
0 0.6984010416666667 0.32233333333333336 0.006750000000000019 0.011425925925925956
0 0.7038645833333333 0.30203703703703705 0.009963541666666723 0.017712962962962958
0 0.6763802083333333 0.3551944444444445 0.0057864583333333995 0.008574074074074066
0 0.6927708333333332 0.35604629629629625 0.007072916666666628 0.011425925925925956
0 0.7019375 0.35833333333333334 0.007395833333333239 0.013712962962962913
0 0.7194531249999999 0.33747222222222223 0.008359375000000094 0.015435185185185147
0 0.7257239583333334 0.3343333333333333 0.006750000000000019 0.01486111111111107
0 0.7379427083333333 0.36062037037037037 0.011249999999999953 0.018287037037037036
0 0.7385833333333333 0.37148148148148147 0.008682291666666704 0.013712962962962913
0 0.6898802083333333 0.38005555555555554 0.0057864583333333995 0.011425925925925956
0 0.6932552083333333 0.3931944444444444 0.011249999999999953 0.01486111111111107
0 0.7197760416666666 0.4552037037037037 0.011572916666666563 0.01428703703703699
0 0.736171875 0.5457870370370371 0.015432291666666724 0.025148148148148225
0 0.7376197916666667 0.5975092592592592 0.012536458333333418 0.014287037037037096
0 0.7324739583333333 0.6097962962962963 0.017682291666666572 0.022861111111111162
0 0.7075625 0.6180833333333333 0.015432291666666724 0.03028703703703707
0 0.7289375 0.25375000000000003 0.005463541666666553 0.013712962962962913
0 0.7356874999999999 0.2868981481481482 0.006750000000000019 0.015999999999999976
0 0.7933958333333333 0.44377777777777777 0.0057864583333333995 0.009712962962962972
0 0.8158958333333334 0.266037037037037 0.0057864583333333995 0.016574074074074054
0 0.8199166666666666 0.2977592592592592 0.010609374999999944 0.013712962962962913
0 0.8591354166666666 0.3043240740740741 0.008036458333333248 0.010861111111111129
0 0.894015625 0.3034722222222222 0.006427083333333409 0.011425925925925956
0 0.9374114583333333 0.3460462962962963 0.004499999999999934 0.007425925925925909
0 0.9406302083333333 0.34262037037037035 0.009645833333333324 0.012000000000000033
0 0.9378958333333334 0.3854814814814815 0.01189583333333341 0.01428703703703699
0 0.9692395833333334 0.38205555555555554 0.007072916666666628 0.012000000000000033
0 0.9626510416666666 0.4006296296296296 0.011249999999999953 0.013712962962962913
0 0.9822604166666667 0.4083425925925926 0.009322916666666714 0.01314814814814819
0 0.9787239583333334 0.4520648148148148 0.009963541666666723 0.012574074074074112
0 0.9730989583333333 0.4549166666666667 0.009645833333333324 0.015999999999999976
0 0.7517656250000001 0.21174074074074076 0.0041770833333333235 0.010861111111111129
0 0.754015625 0.21774074074074073 0.0041770833333333235 0.009148148148148143
0 0.7620520833333334 0.21031481481481482 0.003536458333333314 0.009148148148148143
0 0.764140625 0.20660185185185184 0.007072916666666628 0.010861111111111129
0 0.7716927083333334 0.2168888888888889 0.0041770833333333235 0.008574074074074066
0 0.7688020833333333 0.21888888888888888 0.00482291666666678 0.012574074074074059
0 0.8165416666666666 0.22746296296296295 0.006427083333333409 0.009148148148148143
0 0.8228072916666667 0.23002777777777778 0.008682291666666704 0.010861111111111129
0 0.76434375 0.749 0.014343749999999982 0.02328703703703712
0 0.8027031250000001 0.7645185185185185 0.013723958333333286 0.021064814814814814
0 0.88628125 0.7911296296296296 0.011229166666666639 0.01885185185185176
0 0.8984427083333333 0.8149722222222222 0.018088541666666676 0.03104629629629627
0 0.9605 0.7900185185185186 0.016218749999999935 0.02328703703703712
0 0.6000520833333333 0.11462962962962962 0.0049895833333332956 0.006657407407407405
0 0.6104531249999999 0.12294444444444444 0.004578124999999981 0.007768518518518506
0 0.6147135416666667 0.12127777777777776 0.0043697916666666 0.008870370370370369
0 0.6198125 0.12294444444444444 0.0049895833333332956 0.009240740740740744
0 0.6274010416666667 0.12682407407407406 0.005197916666666676 0.008138888888888907
0 0.634890625 0.12812037037037038 0.0043697916666666 0.009981481481481456