0 0.42531250000000004 0.5229907407407408 0.008249999999999957 0.01466666666666659
0 0.43116145833333336 0.5324814814814816 0.006270833333333314 0.012037037037037037
0 0.4354270833333333 0.5228981481481482 0.004765625000000048 0.0071296296296296715
0 0.4385572916666666 0.5208888888888888 0.004010416666666691 0.005796296296296288
0 0.44294791666666666 0.5186574074074074 0.004765625000000048 0.005796296296296288
0 0.45021875 0.5001574074074073 0.006270833333333314 0.011592592592592576
0 0.45360416666666664 0.5171018518518519 0.005515624999999957 0.008027777777777845
0 0.45924479166666665 0.5128611111111111 0.005265624999999948 0.007574074074074133
0 0.45961979166666667 0.5217777777777778 0.006520833333333324 0.011148148148148114
0 0.4628802083333333 0.5113055555555556 0.0050156250000000565 0.008916666666666767
0 0.47341145833333337 0.5162037037037037 0.004010416666666691 0.008027777777777845
0 0.47780208333333335 0.5171018518518519 0.006270833333333314 0.00980555555555548
0 0.49760937499999996 0.5269074074074074 0.009781249999999986 0.014268518518518594
0 0.4801822916666667 0.5023888888888889 0.006015624999999977 0.0071296296296296715
0 0.48958854166666665 0.5092962962962962 0.005765624999999967 0.009361111111111018
0 0.5013697916666666 0.5108611111111111 0.006270833333333314 0.008027777777777845
0 0.5115260416666667 0.509074074074074 0.0070208333333333425 0.00980555555555548
0 0.5161666666666667 0.5032777777777777 0.007770833333333371 0.011592592592592576
0 0.5303333333333333 0.5061759259259259 0.006015625000000036 0.008472222222222306
0 0.6489375000000001 0.35974074074074075 0.004515625000000038 0.006240740740740749
0 0.5841197916666666 0.3363333333333333 0.005265625000000066 0.005796296296296288
0 0.5372291666666666 0.33099074074074075 0.004765625000000048 0.005796296296296288
0 0.47134895833333335 0.33891666666666664 0.00614583333333331 0.007046296296296309
0 0.48442708333333334 0.3227129629629629 0.00614583333333331 0.00986111111111109
0 0.4659947916666667 0.3057962962962963 0.003369791666666681 0.006342592592592614
0 0.46133854166666666 0.3036851851851852 0.00475520833333339 0.0084537037037037
0 0.45658333333333334 0.30157407407407405 0.0023802083333333 0.006342592592592614
0 0.342375 0.31301851851851853 0.004234375000000057 0.005787037037037037
0 0.35027604166666665 0.32084259259259257 0.007328124999999967 0.008111111111111102
0 0.360375 0.3114259259259259 0.003421874999999967 0.005500000000000051
0 0.362328125 0.3163518518518519 0.0030937500000000283 0.006657407407407458
0 0.35850000000000004 0.28594444444444445 0.0032552083333333335 0.00608333333333338