0 0.5399895833333334 0.3658148148148148 0.00227604166666661 0.003805555555555568
0 0.542734375 0.36795370370370367 0.0037499999999999053 0.0033333333333333544
0 0.5444791666666667 0.3618796296296296 0.0021406250000000665 0.0021388888888888382
0 0.5446770833333333 0.35998148148148146 0.002812500000000047 0.004518518518518515
0 0.5490260416666667 0.36212037037037037 0.0021406250000000665 0.0035740740740740867
0 0.5505 0.35748148148148146 0.0021406250000000665 0.0033333333333333544
0 0.5490260416666667 0.35795370370370366 0.002942708333333381 0.0033333333333333544
0 0.5553854166666666 0.3527222222222222 0.003348958333333248 0.00523148148148146
0 0.5625520833333333 0.350462962962963 0.002677083333333267 0.0035740740740740867
0 0.5652291666666667 0.34902777777777777 0.00241145833333339 0.0026203703703704083
0 0.5681718750000001 0.34808333333333336 0.0021406250000000665 0.003092592592592622
0 0.5701822916666667 0.34914814814814815 0.0018749999999999527 0.0033333333333333544
0 0.57265625 0.34808333333333336 0.0020104166666667328 0.0040462962962963004
0 0.5690416666666667 0.3433148148148148 0.003348958333333248 0.0026203703703704083
0 0.6439479166666667 0.3284444444444445 0.0032135416666667044 0.006185185185185139
0 0.6493020833333334 0.32939814814814816 0.002677083333333267 0.004287037037037033
0 0.6523125000000001 0.3305833333333333 0.003348958333333248 0.003805555555555568
0 0.259609375 0.27953703703703703 0.005244791666666693 0.0058703703703704
0 0.26997916666666666 0.27908333333333335 0.0029531250000000378 0.003935185185185185
0 0.27234375 0.28170370370370373 0.0023593749999999856 0.002361111111111069
0 0.2814947916666667 0.2764537037037037 0.0023593749999999856 0.003407407407407361
0 0.28333854166666667 0.27802777777777776 0.0028020833333333903 0.003407407407407361
0 0.3111614583333333 0.2713425925925926 0.003541666666666643 0.0036759259259259514
0 0.31573958333333335 0.2723888888888889 0.003541666666666643 0.005249999999999962
0 0.3095364583333333 0.2876111111111111 0.0017708333333333807 0.005777777777777786
0 0.31234375000000003 0.2883981481481482 0.0029531250000000378 0.004722222222222243
0 0.34621875 0.2786851851851852 0.0025104166666666335 0.004194444444444419
0 0.3538229166666667 0.27632407407407406 0.0029531250000000378 0.005249999999999962
0 0.367328125 0.2784259259259259 0.0028020833333333903 0.004722222222222243
0 0.36415624999999996 0.27737962962962964 0.0029531250000000378 0.005777777777777786
0 0.381265625 0.2806111111111111 0.0015781249999999858 0.005175925925925955
0 0.395703125 0.2862222222222222 0.0020625000000000187 0.0017222222222222348
0 0.39448958333333334 0.2877314814814815 0.0023072916666666997 0.0034537037037037205
0 0.38405208333333335 0.2993796296296296 0.0032760416666666476 0.004740740740740745
0 0.38484375 0.30217592592592596 0.0029114583333332907 0.004740740740740745
0 0.387390625 0.30239814814814814 0.0029114583333332907 0.004314814814814785
0 0.39618749999999997 0.2995925925925926 0.002546875000000052 0.004740740740740745
0 0.3979479166666666 0.3013148148148148 0.0029114583333332907 0.005611111111111061
0 0.4131927083333334 0.29915740740740737 0.0012968750000000048 0.0026574074074074117
0 0.4169791666666667 0.3027962962962963 0.0014947916666666098 0.003898148148148182
0 0.42311458333333335 0.3031481481481481 0.0015937499999999715 0.0031944444444444867
0 0.41578125 0.29198148148148145 0.002291666666666714 0.0024814814814814352
0 0.4161822916666667 0.2884351851851852 0.0024947916666666478 0.002833333333333283
0 0.428 0.28870370370370374 0.0013958333333333665 0.004074074074074053
0 0.435875 0.2891481481481481 0.001197916666666643 0.0014166666666666414
0 0.439265625 0.2892314814814815 0.001197916666666643 0.0030092592592592593
0 0.4435572916666667 0.29082407407407407 0.0025937500000000097 0.003370370370370358
0 0.44340625 0.2938425925925926 0.003687499999999962 0.0051388888888888465
0 0.29546875 0.21388888888888888 0.0017968750000000237 0.0026574074074074117
0 0.30259895833333333 0.21185185185185187 0.0012968750000000048 0.0024814814814814877
0 0.304296875 0.21512962962962964 0.002291666666666714 0.0030092592592592593
0 0.3341145833333333 0.2148611111111111 0.0030937500000000283 0.0017685185185185416
0 0.3385520833333333 0.2174351851851852 0.0013958333333333665 0.00088888888888887
0 0.33266666666666667 0.23028703703703704 0.0027916666666666146 0.00212962962962964
0 0.3486197916666667 0.22824999999999998 0.002395833333333286 0.003370370370370358
0 0.3519114583333333 0.22922222222222222 0.002395833333333286 0.00212962962962964
0 0.35640104166666664 0.22957407407407407 0.0019947916666666287 0.0028333333333333353
0 0.36359375 0.21506481481481482 0.002130208333333291 0.0022407407407407554
0 0.3598854166666667 0.21814814814814815 0.0016562500000000331 0.0025185185185185436