0 0.590765625 0.5385925925925925 0.009078124999999914 0.01315740740740744
0 0.6130989583333334 0.5314722222222222 0.008651041666666732 0.01315740740740744
0 0.595828125 0.5246111111111111 0.0069427083333332956 0.01216666666666676
0 0.5929322916666667 0.4977962962962963 0.0036718750000000948 0.011712962962963046
0 0.542203125 0.5054814814814814 0.015208333333333239 0.010592592592592643
0 0.5371302083333334 0.49907407407407406 0.006671874999999971 0.012018518518518536
0 0.5013489583333334 0.49347222222222226 0.009281249999999967 0.007555555555555631
0 0.5013020833333334 0.5042129629629629 0.0049479166666666664 0.00506481481481484
0 0.5041614583333334 0.5138148148148147 0.004500000000000052 0.010046296296296211
0 0.497078125 0.5096759259259259 0.009135416666666648 0.010740740740740657
0 0.5769010416666667 0.4089074074074074 0.005630208333333305 0.008787037037037046
0 0.584375 0.40101851851851855 0.006369791666666676 0.008398148148148194
0 0.5899427083333334 0.4289351851851852 0.006093749999999906 0.01329629629629631
0 0.6322604166666667 0.42875 0.006921874999999981 0.013666666666666659
0 0.6655833333333334 0.4191944444444445 0.008588541666666553 0.012527777777777752
0 0.6706822916666667 0.42394444444444446 0.005973958333333229 0.011555555555555572
0 0.6923958333333334 0.43225925925925923 0.002901041666666752 0.008703703703703682
0 0.6990729166666667 0.43866666666666665 0.005651041666666619 0.012185185185185157
0 0.7111093749999999 0.4450555555555556 0.007890625000000047 0.011083333333333358
0 0.7111406250000001 0.453 0.007640625000000038 0.010481481481481527
0 0.7084322916666667 0.4609814814814815 0.0075677083333334375 0.01697222222222226
0 0.5654427083333334 0.35482407407407407 0.007484374999999943 0.017861111111111078
0 0.5381197916666667 0.3413611111111111 0.004015625000000019 0.005166666666666705
0 0.5320781250000001 0.3354259259259259 0.004703124999999986 0.006694444444444461
0 0.5103645833333333 0.32636111111111116 0.00557291666666669 0.008129629629629605
0 0.46929166666666666 0.30500925925925926 0.007072916666666628 0.009611111111111107
0 0.43522916666666667 0.2952685185185185 0.00965624999999998 0.013611111111111154
0 0.36155729166666667 0.3793055555555555 0.007307291666666652 0.008407407407407445
0 0.36805208333333334 0.38292592592592595 0.00834895833333332 0.008324074074074083
0 0.33351562500000004 0.32475925925925925 0.007057291666666643 0.011546296296296322
0 0.3354010416666667 0.31854629629629627 0.010026041666666667 0.01050000000000003
0 0.30742708333333335 0.3368333333333333 0.005307291666666695 0.009120370370370392
0 0.28003125 0.32513888888888887 0.007442708333333314 0.009435185185185236
0 0.28882291666666665 0.3230277777777778 0.005020833333333386 0.010527777777777782
0 0.296296875 0.3222777777777778 0.006088541666666695 0.009027777777777777
0 0.30182291666666666 0.31499074074074074 0.010203124999999957 0.010111111111111072
0 0.5577447916666666 0.09424074074074074 0.003619791666666572 0.005249999999999988
0 0.5646875 0.09816666666666667 0.003015624999999981 0.0072870370370370415
0 0.570328125 0.09656481481481483 0.0031718750000000757 0.008435185185185172
0 0.5694739583333334 0.08800925925925926 0.002630208333333428 0.006222222222222221
0 0.6194270833333333 0.09720370370370371 0.0025000000000000946 0.004629629629629629
0 0.6259166666666667 0.10626851851851851 0.004130208333333248 0.005916666666666654
0 0.6232239583333333 0.09822222222222222 0.0037968749999999813 0.005574074074074084
0 0.638625 0.1031574074074074 0.004338541666666629 0.006740740740740742
0 0.6830104166666667 0.10953703703703703 0.0037083333333332766 0.0057037037037037
0 0.6351197916666667 0.13962037037037037 0.0028802083333334377 0.005583333333333308
0 0.6276875000000001 0.14055555555555557 0.005088541666666657 0.003472222222222222
0 0.6216354166666667 0.14167592592592593 0.0026874999999999243 0.003370370370370358
0 0.617296875 0.1420833333333333 0.0031927083333333902 0.0051018518518518435
0 0.6095416666666666 0.14001851851851851 0.0035937500000000474 0.006388888888888868
0 0.6051041666666667 0.13939814814814816 0.0018385416666667708 0.007555555555555578
0 0.6015729166666667 0.13932407407407407 0.004609374999999953 0.00808333333333335
0 0.5966510416666666 0.14061111111111113 0.002000000000000076 0.0033148148148148
0 0.5936614583333333 0.14085185185185187 0.001848958333333428 0.0035648148148148357
0 0.5893125 0.14067592592592593 0.005437500000000028 0.00574074074074073