0 0.29809375 0.7415185185185186 0.008541666666666715 0.01369444444444441
0 0.39904166666666663 0.9646018518518519 0.004739583333333286 0.023546296296296145
0 0.5530104166666666 0.9851296296296297 0.012416666666666742 0.01963888888888892
0 0.583828125 0.9755833333333335 0.015354166666666676 0.015490740740740758
0 0.45875520833333333 0.8504351851851852 0.009031249999999958 0.019981481481481413
0 0.37914583333333335 0.8982037037037036 0.010666666666666677 0.019333333333333435
0 0.4377864583333333 0.8095370370370369 0.0116822916666667 0.02168518518518525
0 0.42263020833333337 0.8032685185185185 0.013546874999999995 0.02197222222222224
0 0.4003072916666667 0.7306574074074074 0.008973958333333342 0.011601851851851827
0 0.3895 0.7244351851851851 0.008692708333333361 0.007981481481481381
0 0.37666145833333337 0.7477222222222222 0.007958333333333319 0.013620370370370404
0 0.404625 0.7109351851851852 0.007786458333333357 0.01389814814814814
0 0.452546875 0.7488240740740741 0.005645833333333291 0.009398148148148232
0 0.4469583333333333 0.830212962962963 0.009145833333333304 0.021277777777777795