0 0.7610781249999999 0.8180833333333333 0.011942708333333248 0.022546296296296214
0 0.7709635416666667 0.8935000000000001 0.011812499999999915 0.012092592592592542
0 0.7876718749999999 0.9130370370370371 0.013619791666666714 0.017851851851851827
0 0.778015625 0.9265648148148149 0.011552083333333248 0.028981481481481438
0 0.763296875 0.9309259259259259 0.009354166666666686 0.03282407407407412
0 0.398625 0.36815740740740743 0.009364583333333343 0.016601851851851805
0 0.40818750000000004 0.34132407407407406 0.006046874999999948 0.012101851851851898
0 0.42116666666666663 0.34975 0.006427083333333291 0.01710185185185188
0 0.5676979166666667 0.3814444444444444 0.013656249999999896 0.0150833333333333
0 0.61828125 0.33958333333333335 0.007317708333333428 0.021814814814814763
0 0.6369166666666667 0.35526851851851854 0.011598958333333324 0.01957407407407406
0 0.6564218749999999 0.3392685185185185 0.016494791666666706 0.017240740740740744
0 0.65259375 0.31410185185185185 0.011552083333333248 0.014638888888888838
0 0.572140625 0.32458333333333333 0.011796875000000047 0.014777777777777812
0 0.5582552083333333 0.3376388888888889 0.01146354166666678 0.01529629629629628
0 0.5468489583333334 0.2769259259259259 0.007276041666666563 0.007925925925925876
0 0.5649166666666667 0.26841666666666664 0.007302083333333324 0.02020370370370375
0 0.5717083333333334 0.2568888888888889 0.008760416666666751 0.010925925925925884
0 0.5857864583333333 0.2603611111111111 0.0075416666666666765 0.012194444444444407
0 0.6077447916666666 0.259 0.0063437499999999146 0.01595370370370372
0 0.6355833333333333 0.24783333333333335 0.008687499999999914 0.014685185185185199
0 0.6351875 0.21287037037037038 0.006682291666666629 0.016870370370370345
0 0.567359375 0.24509259259259258 0.006979166666666714 0.018111111111111088
0 0.5626458333333333 0.22960185185185186 0.008213541666666657 0.01469444444444445
0 0.5185937500000001 0.23824074074074075 0.00788541666666672 0.013333333333333312
0 0.5003229166666666 0.23664814814814816 0.008869791666666653 0.009333333333333318
0 0.44567708333333333 0.1054537037037037 0.006713541666666719 0.008657407407407402
0 0.45321874999999995 0.12205555555555556 0.006921874999999981 0.011879629629629629
0 0.479375 0.12276851851851853 0.008020833333333382 0.0125
0 0.5003177083333333 0.1364074074074074 0.011166666666666695 0.0114074074074074
0 0.49562500000000004 0.17117592592592593 0.0068750000000000235 0.013712962962962965
0 0.4866510416666667 0.17888888888888888 0.01115104166666671 0.013000000000000018
0 0.5280052083333333 0.17876851851851852 0.007750000000000057 0.011870370370370364
0 0.5422864583333333 0.1991388888888889 0.008052083333333352 0.013722222222222216
0 0.5704010416666667 0.19105555555555556 0.008682291666666704 0.012175925925925904
0 0.596859375 0.16369444444444445 0.008302083333333361 0.02365740740740742
0 0.5405104166666667 0.1486851851851852 0.009177083333333277 0.01814814814814817
0 0.51990625 0.14427777777777778 0.009822916666666615 0.012546296296296307
0 0.5187031249999999 0.12692592592592594 0.008744791666666647 0.01189814814814817
0 0.5037760416666667 0.10674074074074075 0.010177083333333314 0.009833333333333338
0 0.5148541666666666 0.1033425925925926 0.006333333333333376 0.009796296296296308
0 0.5378958333333334 0.11698148148148148 0.0070208333333333425 0.01227777777777777
0 0.5823802083333334 0.11870370370370369 0.009843750000000047 0.016527777777777787
0 0.56596875 0.09110185185185185 0.006114583333333219 0.014787037037037036
0 0.5418958333333334 0.07498148148148148 0.006812499999999962 0.0141574074074074
0 0.531453125 0.05839814814814815 0.007229166666666664 0.015009259259259253
0 0.5538958333333334 0.056601851851851855 0.005645833333333409 0.011416666666666665
0 0.553625 0.04265740740740741 0.007026041666666553 0.011083333333333332
0 0.57665625 0.05354629629629629 0.005697916666666695 0.013416666666666669
0 0.541375 0.015574074074074074 0.007442708333333314 0.00877777777777778
0 0.534375 0.02026851851851852 0.004536458333333352 0.007620370370370374
0 0.5760416666666667 0.010462962962962964 0.010390624999999905 0.012796296296296297
0 0.6129479166666666 0.08374074074074074 0.006723958333333257 0.01871296296296297
0 0.6107395833333332 0.016981481481481483 0.006765624999999886 0.011842592592592592
0 0.6306354166666667 0.054268518518518515 0.006442708333333277 0.018333333333333337
0 0.6473385416666667 0.003490740740740741 0.011947916666666695 0.0069722222222222225
0 0.6616770833333334 0.006453703703703704 0.006864583333333248 0.012490740740740741
0 0.6500677083333334 0.013425925925925926 0.005572916666666572 0.01161111111111111
0 0.6555989583333334 0.017944444444444443 0.006151041666666638 0.01237037037037037
0 0.6563072916666666 0.04351851851851852 0.005046875000000029 0.013499999999999998
0 0.6616822916666667 0.04267592592592593 0.007458333333333418 0.01628703703703704
0 0.6573958333333334 0.06302777777777777 0.006843749999999934 0.016981481481481486
0 0.664015625 0.0675462962962963 0.007083333333333286 0.017740740740740737
0 0.6486927083333334 0.0801111111111111 0.007093749999999943 0.014935185185185182
0 0.6577239583333333 0.09396296296296297 0.006671874999999971 0.015027777777777768
0 0.6509583333333333 0.11526851851851852 0.005020833333333267 0.017620370370370373
0 0.6439583333333334 0.10915740740740741 0.005489583333333314 0.014037037037037034
0 0.6682916666666666 0.13218518518518518 0.008817708333333249 0.015129629629629606
0 0.6723281249999999 0.10762962962962963 0.009151041666666752 0.01165740740740741
0 0.67684375 0.10150925925925926 0.0102291666666666 0.017361111111111112
0 0.7057083333333334 0.1143425925925926 0.014114583333333286 0.017833333333333336
0 0.6796041666666667 0.15235185185185185 0.00838020833333341 0.019694444444444428