0 0.450484375 0.14755555555555558 0.00604166666666662 0.006833333333333329
0 0.45721875 0.15057407407407408 0.004000000000000033 0.006435185185185175
0 0.675921875 0.5485555555555556 0.004859374999999962 0.014398148148148106
0 0.6963333333333334 0.5612222222222222 0.010692708333333438 0.01670370370370367
0 0.7099375 0.5580555555555556 0.006156250000000085 0.013824074074074133
0 0.7188489583333334 0.5396296296296296 0.008421875000000039 0.011518518518518569
0 0.7538333333333332 0.5551759259259259 0.009072916666666705 0.013824074074074133
0 0.718359375 0.4975925925925926 0.008744791666666647 0.011518518518518569
0 0.7852552083333334 0.5096851851851852 0.007124999999999914 0.011518518518518569
0 0.7998333333333334 0.5191851851851852 0.007124999999999914 0.012092592592592542
0 0.8340104166666666 0.536175925925926 0.007453124999999972 0.009212962962963004
0 0.8383854166666667 0.5332962962962964 0.009718749999999924 0.011518518518518569
0 0.7975677083333333 0.48060185185185184 0.007124999999999914 0.010944444444444385