0 0.9404270833333332 0.5501018518518519 0.00572395833333322 0.011111111111111112
0 0.9453958333333333 0.5611481481481481 0.005619791666666648 0.013444444444444427
0 0.8141145833333333 0.5541481481481482 0.010697916666666647 0.015324074074074032
0 0.6599583333333333 0.5861111111111111 0.011781249999999943 0.01121296296296287
0 0.6490260416666668 0.5709444444444445 0.01008854166666661 0.011990740740740783
0 0.6120052083333333 0.5641203703703703 0.007661458333333353 0.009990740740740706
0 0.6012552083333333 0.6045740740740742 0.008921875000000056 0.01218518518518526
0 0.3432864583333333 0.5603611111111112 0.011536458333333381 0.022898148148148164
0 0.3468177083333333 0.41417592592592595 0.005557291666666704 0.012351851851851881
0 0.349734375 0.39625925925925926 0.007927083333333347 0.012481481481481498
0 0.34338541666666667 0.23509259259259263 0.008817708333333367 0.012046296296296314
0 0.3460989583333333 0.24721296296296297 0.0047760416666667044 0.006777777777777824
0 0.35334374999999996 0.2432314814814815 0.005583333333333347 0.00905555555555553
0 0.35552083333333334 0.22696296296296298 0.005151041666666719 0.004953703703703725
0 0.3495052083333333 0.22657407407407407 0.0058125000000000425 0.010157407407407433
0 0.33726562499999996 0.22162962962962965 0.007171874999999991 0.007731481481481502
0 0.37092187499999996 0.25577777777777777 0.0048958333333333805 0.009222222222222257
0 0.37700520833333334 0.26587962962962963 0.006208333333333371 0.010490740740740778
0 0.3842135416666667 0.25330555555555556 0.005531249999999943 0.01266666666666662
0 0.39820833333333333 0.2644537037037037 0.004744791666666614 0.011296296296296339
0 0.3939010416666667 0.2542407407407407 0.00458333333333331 0.011648148148148185
0 0.4071666666666667 0.25396296296296295 0.007000000000000029 0.008101851851851851
0 0.41804166666666664 0.2574259259259259 0.0040729166666666336 0.010027777777777816
0 0.3884635416666667 0.22750925925925927 0.006046874999999948 0.007027777777777754
0 0.39703125 0.24125000000000002 0.005244791666666634 0.008592592592592567
0 0.39910416666666665 0.2270740740740741 0.00518229166666669 0.009157407407407395
0 0.41224479166666667 0.2210462962962963 0.006786458333333319 0.012055555555555538
0 0.39479166666666665 0.22035185185185185 0.00440104166666669 0.006185185185185191
0 0.40204166666666663 0.21676851851851853 0.005166666666666705 0.007981481481481485
0 0.3942760416666667 0.20807407407407408 0.0056145833333333195 0.00705555555555556
0 0.4083229166666667 0.1988888888888889 0.009312500000000057 0.007120370370370368
0 0.3004739583333333 0.2345462962962963 0.0056145833333333195 0.0086388888888889
0 0.38196875 0.18789814814814815 0.006802083333333305 0.007083333333333312
0 0.38690104166666667 0.16612962962962963 0.004041666666666662 0.006416666666666673
0 0.37341145833333333 0.17042592592592593 0.007078124999999958 0.007027777777777754
0 0.3600260416666667 0.16767592592592592 0.005260416666666619 0.01000000000000001
0 0.34415625 0.16720370370370372 0.005208333333333333 0.00905555555555553
0 0.3482135416666667 0.16664814814814813 0.004906250000000038 0.00794444444444443
0 0.35158854166666664 0.16337037037037036 0.004369791666666719 0.00787037037037037
0 0.35481250000000003 0.16044444444444445 0.005208333333333333 0.0055092592592592485
0 0.3597916666666666 0.1592962962962963 0.003947916666666629 0.0037129629629629544
0 0.35654687500000004 0.12735185185185185 0.005031250000000043 0.007120370370370368
0 0.3620677083333333 0.1274722222222222 0.005703125000000023 0.006870370370370385
0 0.3348072916666667 0.1290648148148148 0.004458333333333305 0.003064814814814817
0 0.33466145833333333 0.13198148148148148 0.005369791666666638 0.006555555555555541
0 0.34370833333333334 0.14315740740740743 0.006062500000000052 0.0071296296296296195
0 0.145984375 0.2053148148148148 0.005656250000000007 0.01050925925925928
0 0.15158854166666666 0.20576851851851852 0.004489583333333336 0.009342592592592569
0 0.161421875 0.20358333333333334 0.006932291666666638 0.01190740740740742
0 0.1686875 0.19602777777777777 0.005302083333333307 0.012361111111111132
0 0.19344270833333335 0.1772037037037037 0.007390625000000028 0.008629629629629623
0 0.206125 0.15773148148148147 0.008244791666666688 0.008425925925925948
0 0.22759895833333335 0.14812037037037037 0.006526041666666652 0.004287037037037033
0 0.24366666666666664 0.17737962962962964 0.00529166666666665 0.007972222222222235
0 0.245375 0.1810925925925926 0.007000000000000029 0.01050925925925928
0 0.243796875 0.1922222222222222 0.006510416666666667 0.009703703703703721
0 0.20813541666666666 0.14515740740740743 0.004635416666666655 0.004851851851851861
0 0.2591614583333333 0.14638888888888887 0.004312499999999986 0.006805555555555577
0 0.0026875000000000002 0.2595185185185185 0.0053750000000000004 0.011805555555555555
0 0.006854166666666666 0.2315740740740741 0.006947916666666666 0.011111111111111138
0 0.017447916666666667 0.22617592592592595 0.007911458333333333 0.012175925925925904
0 0.028838541666666665 0.22265740740740741 0.00688020833333333 0.008703703703703682
0 0.05894791666666667 0.23682407407407405 0.0066041666666666705 0.012592592592592588
0 0.055755208333333334 0.17500925925925925 0.006916666666666667 0.01329629629629631
0 0.11805208333333334 0.18434259259259259 0.005119791666666659 0.011796296296296305
0 0.10257812499999999 0.1574074074074074 0.005510416666666658 0.013564814814814793
0 0.12686979166666668 0.15562962962962965 0.009296875000000012 0.01087962962962963
0 0.14735937500000001 0.1055925925925926 0.004140625000000024 0.0062129629629629705
0 0.167359375 0.14730555555555555 0.002572916666666695 0.006638888888888903
0 0.18326041666666668 0.09221296296296297 0.0027552083333333144 0.006324074074074085
0 0.20646354166666667 0.11131481481481481 0.0025208333333333497 0.005787037037037037
0 0.21930208333333334 0.11199999999999999 0.006260416666666657 0.007851851851851843
0 0.1996666666666667 0.04171296296296296 0.004270833333333357 0.0045370370370370425
0 0.18977604166666667 0.041462962962962965 0.002843750000000019 0.005462962962962968
0 0.224203125 0.04587037037037037 0.006312500000000002 0.003490740740740737
0 0.22727083333333334 0.06602777777777778 0.002562499999999979 0.00573148148148148
0 0.23547395833333334 0.07456481481481482 0.004822916666666662 0.00684259259259258
0 0.254734375 0.09924074074074074 0.005874999999999986 0.009703703703703694
0 0.25991145833333335 0.09898148148148149 0.005526041666666674 0.007805555555555562
0 0.27175 0.08687962962962963 0.004588541666666638 0.0071296296296296195
0 0.283140625 0.13233333333333333 0.002921874999999948 0.006342592592592614
0 0.2910625 0.14017592592592593 0.009249999999999996 0.008185185185185162
0 0.3398541666666667 0.1578425925925926 0.0038437500000000568 0.005574074074074057
0 0.3465416666666667 0.1543425925925926 0.0027812499999999574 0.006962962962962946
0 0.3539322916666666 0.15330555555555556 0.003989583333333376 0.006379629629629617
0 0.36257291666666663 0.15408333333333332 0.004286458333333343 0.005574074074074057
0 0.32985416666666667 0.09314814814814815 0.005026041666666714 0.007796296296296285
0 0.326875 0.0815 0.003432291666666624 0.007037037037037032
0 0.31896874999999997 0.07871296296296297 0.003651041666666662 0.004620370370370379
0 0.3243020833333333 0.09534259259259259 0.003911458333333328 0.008370370370370363
0 0.3188541666666667 0.08432407407407407 0.00302083333333331 0.005111111111111121
0 0.2936197916666667 0.07873148148148149 0.0056927083333333664 0.007416666666666658
0 0.294125 0.08487037037037037 0.006010416666666647 0.008370370370370363
0 0.30990625 0.08691666666666667 0.004906250000000038 0.004814814814814804
0 0.3133854166666667 0.08934259259259258 0.004682291666666671 0.006046296296296297
0 0.305796875 0.07676851851851851 0.004010416666666691 0.005074074074074064
0 0.30475 0.06999999999999999 0.004562499999999995 0.00735185185185185
0 0.24195833333333333 0.041638888888888885 0.006812500000000022 0.006750000000000006
0 0.26126041666666666 0.06549999999999999 0.0034947916666666855 0.007833333333333341
0 0.288609375 0.08389814814814815 0.006296874999999957 0.007083333333333338
0 0.28459375 0.07077777777777777 0.00440104166666669 0.006537037037037039
0 0.29174479166666667 0.1628611111111111 0.0036406250000000045 0.00756481481481483
0 0.299359375 0.08005555555555555 0.003416666666666638 0.004472222222222234
0 0.3055 0.08906481481481482 0.004067708333333305 0.00701851851851853
0 0.30627604166666667 0.08258333333333333 0.005427083333333371 0.005759259259259258
0 0.32371354166666666 0.0855462962962963 0.0024843749999999905 0.004074074074074079
0 0.3838125 0.22246296296296295 0.0038593750000000425 0.006499999999999983
0 0.11600520833333333 0.1506759259259259 0.004744791666666674 0.008268518518518524
0 0.174390625 0.04296296296296296 0.003244791666666676 0.007138888888888883