0 0.2720677083333333 0.44139814814814815 0.006458333333333381 0.009185185185185147
0 0.28398958333333335 0.4364907407407408 0.005635416666666633 0.010231481481481439
0 0.29426562500000003 0.43627777777777776 0.008572916666666685 0.009814814814814835
0 0.2935625 0.4258425925925926 0.008572916666666685 0.004388888888888897
0 0.3334947916666666 0.4446296296296296 0.005286458333333381 0.008138888888888855
0 0.340421875 0.43189814814814814 0.005520833333333286 0.008138888888888855
0 0.30471875 0.4594537037037037 0.005989583333333334 0.010231481481481439
0 0.36425520833333336 0.5343888888888889 0.006640625 0.011805555555555555
0 0.3710364583333333 0.5390648148148148 0.008026041666666709 0.013287037037036953
0 0.46927604166666664 0.4022962962962963 0.005541666666666719 0.008842592592592551
0 0.46621875 0.4082314814814815 0.005968750000000019 0.0065648148148148445
0 0.4675 0.3938333333333333 0.0051145833333333 0.008592592592592567
0 0.5064322916666667 0.41580555555555554 0.005968750000000019 0.010101851851851822
0 0.5604322916666666 0.45483333333333337 0.005114583333333419 0.008842592592592551
0 0.5879270833333333 0.47390740740740744 0.005255208333333409 0.00859259259259262
0 0.59503125 0.4828796296296296 0.008953125000000029 0.011370370370370345
0 0.63034375 0.5091481481481481 0.00625 0.013388888888888922
0 0.6361666666666667 0.6155 0.004833333333333438 0.008333333333333333
0 0.6475364583333333 0.6004722222222222 0.008239583333333418 0.012629629629629721
0 0.6574114583333334 0.5851851851851851 0.007244791666666591 0.009851851851851945
0 0.6679999999999999 0.6424074074074073 0.00625 0.011620370370370328
0 0.7251197916666666 0.6381111111111111 0.010515625000000028 0.014148148148148123
0 0.7697395833333334 0.6224444444444445 0.0068229166666666195 0.01313888888888894
0 0.7757083333333333 0.6408888888888888 0.008239583333333418 0.014648148148148089
0 0.8093125000000001 0.6530185185185186 0.005828125000000029 0.013638888888888905
0 0.8208958333333333 0.6676666666666667 0.007104166666666601 0.014148148148148123
0 0.8373072916666667 0.6810555555555555 0.009802083333333418 0.014148148148148123
0 0.8374479166666667 0.6958333333333333 0.00838541666666662 0.0154074074074075
0 0.837234375 0.7101018518518518 0.01079687500000001 0.018694444444444496
0 0.5395572916666667 0.7563425925925926 0.011546875000000038 0.010981481481481389
0 0.5435833333333334 0.7785370370370371 0.0104739583333334 0.017185185185185133
0 0.5349843750000001 0.7851666666666667 0.009281250000000026 0.014592592592592584
0 0.5433697916666667 0.7940462962962963 0.009635416666666667 0.01586111111111121
0 0.594046875 0.7689907407407407 0.009635416666666667 0.012685185185185228
0 0.5976197916666667 0.7823148148148148 0.017489583333333295 0.01776851851851857
0 0.67328125 0.7724722222222222 0.009635416666666667 0.019666666666666676
0 0.6775625000000001 0.8276759259259259 0.013916666666666562 0.02093518518518509
0 0.7029010416666667 0.8454444444444444 0.01463020833333341 0.018398148148148045
0 0.6697083333333332 0.8606666666666667 0.009635416666666667 0.018398148148148045