0 0.5302395833333333 0.3720833333333334 0.005447916666666686 0.00889814814814816
0 0.52484375 0.3701203703703704 0.003463541666666714 0.006425925925925976
0 0.5377083333333333 0.3619074074074074 0.005348958333333324 0.00904629629629628
0 0.5301979166666667 0.35756481481481484 0.00283854166666669 0.004814814814814857
0 0.5382604166666667 0.3539351851851852 0.005593749999999886 0.006768518518518468
0 0.545609375 0.3495740740740741 0.006276041666666761 0.010203703703703687
0 0.5558645833333333 0.3427407407407408 0.006276041666666761 0.009000000000000025
0 0.5587708333333333 0.3385740740740741 0.004234375000000057 0.005824074074074041
0 0.5625989583333334 0.33774074074074073 0.007104166666666601 0.00749074074074077
0 0.568203125 0.33851851851851855 0.004807291666666676 0.007842592592592618
0 0.570359375 0.3372407407407408 0.007239583333333381 0.008009259259259239
0 0.660390625 0.3012592592592593 0.0048020833333332295 0.010907407407407381
0 0.6670989583333333 0.3012314814814815 0.0024895833333334377 0.0043796296296296465
0 0.6703229166666667 0.30462962962962964 0.004328124999999972 0.007592592592592635
0 0.3292395833333333 0.26790740740740737 0.002546875000000052 0.004055555555555551
0 0.3320677083333334 0.271 0.006557291666666624 0.007203703703703678
0 0.34690624999999997 0.26704629629629634 0.004458333333333305 0.006944444444444444
0 0.36806770833333335 0.2641203703703704 0.0011874999999999859 0.0020092592592592215
0 0.372546875 0.2683055555555555 0.0020312500000000473 0.0020925925925925843
0 0.3799166666666667 0.2698148148148148 0.0020937499999999906 0.0037407407407407073
0 0.3715885416666667 0.2727962962962963 0.0029062499999999622 0.0036666666666667004
0 0.374 0.24671296296296294 0.002437500000000033 0.0035740740740740867
0 0.37477604166666667 0.2509444444444444 0.0022291666666666523 0.003148148148148127
0 0.40853125 0.2504166666666667 0.003125 0.007148148148148173
0 0.4032291666666667 0.24791666666666667 0.0020416666666667046 0.002759259259259276
0 0.38926041666666666 0.2459351851851852 0.0015156250000000425 0.002351851851851818
0 0.3871354166666666 0.244712962962963 0.0025572916666667094 0.003472222222222222
0 0.39959375 0.24756481481481482 0.001708333333333319 0.0022685185185185607
0 0.348828125 0.24498148148148147 0.0019375000000000143 0.0027500000000000254
0 0.346671875 0.24722222222222223 0.0022552083333332953 0.0027962962962962794
0 0.33230729166666667 0.23618518518518516 0.0013697916666667235 0.006703703703703686
0 0.315703125 0.23378703703703704 0.0020364583333333758 0.0033796296296296087
0 0.31134375 0.23214814814814816 0.0005677083333332907 0.0017592592592592382
0 0.29821875000000003 0.2312962962962963 0.0023385416666666715 0.004249999999999977
0 0.2876041666666667 0.23202777777777778 0.001817708333333338 0.003194444444444434
0 0.17252083333333335 0.24134259259259258 0.0022395833333333096 0.004879629629629613
0 0.17563020833333332 0.2396851851851852 0.0027135416666666857 0.005324074074074074
0 0.17782291666666666 0.23844444444444443 0.002562499999999979 0.003629629629629618
0 0.18932291666666667 0.23862037037037034 0.0023125000000000285 0.00237037037037032
0 0.19303645833333333 0.2422685185185185 0.0015468750000000142 0.002759259259259276
0 0.20009895833333333 0.24042592592592596 0.0019895833333333592 0.003268518518518493
0 0.20969791666666668 0.23298148148148148 0.003046875000000012 0.004907407407407418
0 0.23649479166666668 0.2503240740740741 0.002624999999999981 0.0052962962962963215
0 0.240921875 0.250537037037037 0.0036562499999999907 0.003416666666666717
0 0.24428124999999998 0.22653703703703704 0.002468750000000005 0.0029722222222222034
0 0.24683333333333335 0.22503703703703704 0.0020625000000000187 0.0036759259259259514
0 0.2520572916666667 0.22662037037037036 0.0032656249999999903 0.006574074074074095
0 0.24885416666666668 0.1448425925925926 0.0017343750000000213 0.0031574074074074304
0 0.2567864583333333 0.1455648148148148 0.002072916666666676 0.0032777777777777965
0 0.25916666666666666 0.14512962962962964 0.003057291666666669 0.006185185185185191
0 0.2939791666666667 0.1449074074074074 0.0024479166666666902 0.003472222222222222
0 0.299953125 0.148 0.002406249999999943 0.0026666666666666622
0 0.3221354166666667 0.14566666666666667 0.002812500000000047 0.004990740740740728
0 0.32595833333333335 0.15001851851851852 0.0032500000000000046 0.003481481481481473
0 0.33803125 0.14940740740740743 0.0035572916666666288 0.0056666666666666705
0 0.3055260416666667 0.16327777777777777 0.0021770833333333663 0.0036666666666666475
0 0.3124322916666667 0.16376851851851854 0.0028802083333333193 0.0018703703703703536
0 0.31693229166666664 0.16385185185185186 0.0007135416666666099 0.0011111111111111005
0 0.30093229166666663 0.16391666666666665 0.0025937500000000097 0.0021574074074073926
0 0.294734375 0.1645925925925926 0.007510416666666704 0.003148148148148127