0 0.11318229166666667 0.3999814814814815 0.007932291666666676 0.01573148148148149
0 0.121265625 0.39917592592592593 0.005796874999999997 0.014101851851851869
0 0.41672916666666665 0.6714351851851852 0.006098958333333352 0.018444444444444513
0 0.43839062500000003 0.6736018518518518 0.007932291666666676 0.01735185185185186
0 0.4470885416666667 0.6597777777777777 0.007015625000000014 0.01573148148148149
0 0.45364583333333336 0.6380833333333333 0.008541666666666715 0.014648148148148089
0 0.4428125 0.5993055555555555 0.0082395833333333 0.011935185185185278
0 0.4836927083333334 0.6331944444444445 0.010677083333333334 0.01573148148148149
0 0.5015416666666667 0.5814074074074074 0.007932291666666676 0.018444444444444513
0 0.5155729166666666 0.5797777777777777 0.007322916666666638 0.013018518518518468
0 0.5457760416666667 0.5759814814814814 0.014031250000000028 0.01735185185185186
0 0.5059635416666667 0.5461481481481482 0.0082395833333333 0.01626851851851846