0 0.63903125 0.049462962962962966 0.0069583333333334 0.01246296296296297
0 0.6443802083333333 0.057583333333333334 0.004531249999999905 0.009250000000000001
0 0.64253125 0.06493518518518518 0.004791666666666572 0.012157407407407403
0 0.6375729166666667 0.05626851851851853 0.005916666666666733 0.009407407407407411
0 0.6610364583333334 0.10097222222222221 0.004713541666666762 0.013250000000000001
0 0.666453125 0.09752777777777778 0.004140624999999906 0.01363888888888888
0 0.6697083333333332 0.1039074074074074 0.008265624999999943 0.014777777777777786
0 0.6795156250000001 0.10475 0.005520833333333286 0.013648148148148156
0 0.692015625 0.09085185185185185 0.00834374999999999 0.013657407407407408
0 0.6470833333333333 0.11237962962962963 0.006494791666666563 0.014379629629629617
0 0.655875 0.11870370370370369 0.0037604166666665626 0.01369444444444445
0 0.6599739583333334 0.12482407407407407 0.005229166666666648 0.014824074074074066
0 0.6682604166666667 0.12924074074074074 0.005713541666666562 0.01198148148148148
0 0.6686041666666667 0.14091666666666666 0.00546875 0.0191111111111111
0 0.6647135416666666 0.14535185185185184 0.007062499999999972 0.018111111111111113
0 0.6521354166666666 0.13087962962962962 0.0055885416666666765 0.018055555555555554
0 0.6769166666666667 0.157 0.005218749999999991 0.014175925925925929