0 0.7318489583333334 0.5061481481481481 0.009635416666666667 0.0202314814814814
0 0.7268072916666667 0.48581481481481475 0.008906249999999952 0.022009259259259242
0 0.7176041666666666 0.47990740740740734 0.005630208333333305 0.014787037037037062
0 0.70934375 0.49083333333333334 0.01075520833333338 0.018240740740740783
0 0.7086458333333333 0.4613055555555555 0.008796874999999933 0.013509259259259289
0 0.6851770833333333 0.4496388888888889 0.010588541666666628 0.011148148148148114
0 0.6802604166666666 0.4396851851851852 0.009713541666666714 0.01991666666666666
0 0.6758697916666667 0.4152777777777778 0.007552083333333333 0.016185185185185202
0 0.6977083333333333 0.41488888888888886 0.01043229166666677 0.014083333333333368
0 0.7051666666666667 0.43605555555555553 0.00845312500000001 0.01395370370370375
0 0.7231822916666667 0.4285555555555555 0.010677083333333334 0.015287037037037028
0 0.7106875 0.40502777777777776 0.010302083333333437 0.017240740740740744
0 0.7471041666666667 0.39664814814814814 0.011479166666666648 0.01288888888888885
0 0.6722291666666667 0.34525925925925927 0.00891666666666661 0.013972222222222252
0 0.6816093750000001 0.34552777777777777 0.011843749999999886 0.015537037037037012
0 0.6794791666666666 0.333037037037037 0.012192708333333257 0.015657407407407377
0 0.6723177083333333 0.2689814814814815 0.009843750000000047 0.012981481481481465
0 0.42686979166666666 0.07759259259259259 0.007234375000000052 0.013620370370370378
0 0.4346510416666666 0.06387037037037037 0.006911458333333324 0.008361111111111113
0 0.4409739583333333 0.06964814814814815 0.006760416666666676 0.009499999999999991
0 0.44684375000000004 0.0680925925925926 0.003505208333333343 0.006611111111111099
0 0.5038072916666666 0.005833333333333334 0.006255208333333329 0.009148148148148148
0 0.515765625 0.006314814814814815 0.008114583333333295 0.011287037037037035
0 0.5365416666666667 0.028064814814814817 0.007312499999999981 0.009925925925925928
0 0.543046875 0.0631574074074074 0.007536458333333229 0.009537037037037042
0 0.5535989583333334 0.05580555555555556 0.010114583333333371 0.010916666666666672
0 0.5880989583333334 0.06188888888888889 0.007640625000000038 0.01442592592592593
0 0.5525572916666667 0.08716666666666667 0.008020833333333382 0.011722222222222219
0 0.60365625 0.0714537037037037 0.005364583333333428 0.009407407407407404
0 0.6163229166666666 0.06063888888888888 0.010046874999999981 0.009740740740740744
0 0.6151979166666667 0.04787962962962963 0.009635416666666667 0.013027777777777784
0 0.609234375 0.00925 0.009208333333333247 0.012842592592592593
0 0.5836875 0.016055555555555556 0.009843750000000047 0.014703703703703707
0 0.5671093749999999 0.018166666666666668 0.0061041666666665625 0.009324074074074075
0 0.55859375 0.02037962962962963 0.007088541666666733 0.010398148148148146
0 0.5506666666666666 0.021574074074074075 0.007005208333333238 0.01427777777777778
0 0.5522447916666666 0.009657407407407408 0.005859375 0.010259259259259258
0 0.5530364583333333 0.0052037037037037034 0.014182291666666676 0.010407407407407407
0 0.6940937500000001 0.010842592592592593 0.012281249999999962 0.020231481481481482