0 0.6547864583333334 0.11078703703703704 0.008130208333333399 0.019981481481481468
0 0.6614479166666667 0.16907407407407407 0.006442708333333277 0.012250000000000016
0 0.6662864583333333 0.17801851851851852 0.005098958333333315 0.012240740740740766
0 0.6659427083333332 0.18668518518518518 0.0054531249999998956 0.012305555555555575
0 0.6605520833333334 0.17924074074074076 0.0059583333333333615 0.01616666666666665
0 0.7206822916666666 0.2192314814814815 0.008703125000000018 0.014490740740740719
0 0.707546875 0.2357962962962963 0.012989583333333362 0.01679629629629631
0 0.692890625 0.2247685185185185 0.007640625000000038 0.016277777777777763
0 0.6824010416666667 0.2270462962962963 0.009182291666666724 0.015027777777777794
0 0.6887395833333334 0.2389351851851852 0.009484375000000019 0.01573148148148149
0 0.6682447916666666 0.243 0.011291666666666582 0.012833333333333346
0 0.6809322916666667 0.2527592592592593 0.005916666666666733 0.016546296296296302
0 0.6875052083333333 0.2606203703703704 0.006395833333333437 0.016611111111111163
0 0.676359375 0.2698611111111111 0.0075416666666666765 0.021157407407407427
0 0.694765625 0.27146296296296296 0.010411458333333219 0.013907407407407391
0 0.6873072916666667 0.2871296296296296 0.013322916666666629 0.021481481481481525
0 0.6972083333333334 0.2861296296296296 0.008531250000000056 0.02058333333333335
0 0.7066614583333333 0.30375 0.009864583333333362 0.020166666666666642