0 0.06210416666666667 0.8984351851851852 0.01223958333333334 0.010712962962962903
0 0.4245625 0.7686666666666666 0.008124999999999953 0.010675925925925901
0 0.4294427083333333 0.7573796296296297 0.009744791666666686 0.01628703703703696
0 0.4216302083333333 0.7404537037037038 0.00475520833333339 0.011361111111111094
0 0.49075520833333336 0.7916666666666666 0.010010416666666681 0.013888888888888888
0 0.6547499999999999 0.9826944444444444 0.011781249999999943 0.015666666666666735
0 0.6391249999999999 0.9575185185185184 0.005937500000000048 0.014499999999999865
0 0.587890625 0.9009814814814814 0.007260416666666695 0.012555555555555506
0 0.08728125 0.8588796296296296 0.012968749999999989 0.011805555555555555
0 0.0910625 0.8807037037037037 0.006411458333333334 0.019675925925925927
0 0.10916145833333334 0.8831851851851852 0.012338541666666666 0.012324074074074024
0 0.11797916666666668 0.956601851851852 0.005937499999999988 0.014611111111111297
0 0.16516145833333334 0.9296851851851852 0.0067968749999999765 0.016861111111111146
0 0.19930729166666666 0.8668148148148148 0.00803124999999998 0.01326851851851845
0 0.732421875 0.2814814814814815 0.004026041666666676 0.005527777777777803
0 0.6645677083333333 0.27751851851851855 0.003031250000000085 0.004722222222222243
0 0.723234375 0.2796018518518519 0.0039791666666666005 0.004111111111111162
0 0.719890625 0.2816759259259259 0.004348958333333286 0.005388888888888935
0 0.7100729166666666 0.2861388888888889 0.002624999999999981 0.004648148148148131
0 0.7057760416666666 0.2794074074074074 0.004166666666666667 0.005074074074074091
0 0.705078125 0.20941666666666667 0.0035520833333334187 0.005379629629629632
0 0.7172604166666667 0.203 0.003854166666666714 0.00544444444444444
0 0.7545052083333333 0.21285185185185185 0.0030052083333333237 0.0040277777777777985
0 0.7874270833333333 0.21832407407407406 0.002744791666666657 0.005805555555555539
0 0.697796875 0.2783796296296296 0.003343750000000038 0.006981481481481448
0 0.7131822916666667 0.28055555555555556 0.0037760416666666667 0.00425000000000003
0 0.7001875 0.2765740740740741 0.0026562499999999525 0.004074074074074053
0 0.6742291666666667 0.2779351851851852 0.0020364583333332574 0.0035648148148148357
0 0.6769427083333334 0.277712962962963 0.0026614583333333997 0.004018518518518548
0 0.6811354166666667 0.2729814814814815 0.003286458333333305 0.0047314814814814945
0 0.6946875 0.27882407407407406 0.002395833333333286 0.0047685185185184975
0 0.68615625 0.28062037037037035 0.002578124999999905 0.0030185185185185102
0 0.6894322916666666 0.2768611111111111 0.0022812500000000567 0.003861111111111073
0 0.6694270833333333 0.28098148148148144 0.0026874999999999243 0.004518518518518515
0 0.6722864583333333 0.2784444444444445 0.002796874999999943 0.00403703703703705
0 0.69240625 0.19239814814814815 0.0020156249999999432 0.004268518518518531
0 0.6956875 0.19296296296296298 0.0022812500000000567 0.003768518518518512
0 0.7013333333333333 0.1928703703703704 0.0026562499999999525 0.005851851851851846
0 0.6830364583333334 0.2783333333333334 0.0020260416666666005 0.0035185185185184764
0 0.6865416666666667 0.2778425925925926 0.0030572916666666097 0.0033981481481481102
0 0.6255937500000001 0.17514814814814814 0.0015833333333333144 0.004129629629629611
0 0.83740625 0.23430555555555557 0.003229166666666572 0.003861111111111126
0 0.9934739583333333 0.20797222222222222 0.003958333333333286 0.0039722222222222416
0 0.614234375 0.18736111111111112 0.0019843749999999714 0.003518518518518529
0 0.6213489583333334 0.1913611111111111 0.0016927083333333334 0.004407407407407399
0 0.6290572916666667 0.1905925925925926 0.0018020833333333524 0.0051203703703703455
0 0.6279583333333334 0.18837037037037035 0.0016354166666666004 0.004277777777777782