0 0.8074270833333334 0.8785277777777777 0.007213541666666619 0.023638888888888862
0 0.7898229166666667 0.8659629629629629 0.011489583333333305 0.01972222222222218
0 0.7708854166666667 0.843287037037037 0.007588541666666752 0.023342592592592627
0 0.7504062499999999 0.8180185185185186 0.012989583333333362 0.023407407407407384
0 0.7639947916666666 0.7944351851851852 0.006197916666666714 0.017851851851851827
0 0.7778177083333334 0.77525 0.006760416666666676 0.01539814814814825
0 0.8081145833333333 0.821574074074074 0.00905208333333339 0.021537037037037028
0 0.7699843749999999 0.7324722222222223 0.005328125000000009 0.014712962962963056
0 0.7545000000000001 0.7611388888888888 0.0060260416666667515 0.016555555555555657
0 0.8177135416666667 0.6964814814814815 0.01080208333333322 0.009657407407407467
0 0.7226874999999999 0.7039537037037037 0.01217708333333339 0.013175925925925943
0 0.7176718750000001 0.7304166666666667 0.005822916666666581 0.02284259259259266
0 0.70715625 0.7245462962962963 0.0059062500000000755 0.02088888888888884
0 0.7163385416666667 0.6175925925925926 0.0072864583333332195 0.019999999999999917
0 0.7244375000000001 0.5941759259259259 0.00833854166666678 0.01315740740740744
0 0.7286770833333333 0.6144999999999999 0.007177083333333437 0.019518518518518452
0 0.7355625 0.6052592592592592 0.009812500000000076 0.011194444444444368
0 0.7160624999999999 0.5246759259259259 0.008567708333333238 0.01369444444444441
0 0.41574479166666667 0.2181759259259259 0.006927083333333309 0.010777777777777765
0 0.42418229166666666 0.2003148148148148 0.006958333333333281 0.008138888888888907
0 0.43422916666666667 0.2032962962962963 0.003994791666666705 0.008601851851851871
0 0.43831770833333333 0.20180555555555554 0.003781249999999995 0.008574074074074066
0 0.5636197916666668 0.23228703703703704 0.006546875000000086 0.006685185185185211
0 0.5542395833333333 0.19885185185185184 0.005953124999999915 0.008370370370370389
0 0.5650677083333334 0.18748148148148147 0.008552083333333372 0.006916666666666692
0 0.6073072916666666 0.19688888888888886 0.0034843750000000282 0.011555555555555572
0 0.62365625 0.21071296296296296 0.004260416666666582 0.010037037037037014
0 0.6396145833333333 0.19789814814814813 0.006921874999999981 0.007259259259259236
0 0.6376510416666666 0.18062962962962964 0.006093749999999906 0.006611111111111099
0 0.7215989583333333 0.11577777777777779 0.01572395833333336 0.016398148148148155
0 0.6268020833333333 0.12831481481481483 0.00567708333333338 0.009962962962962955
0 0.5990260416666667 0.13649074074074075 0.004208333333333296 0.009749999999999974
0 0.5801666666666667 0.1387962962962963 0.004614583333333399 0.006472222222222231
0 0.5682291666666667 0.13750925925925925 0.006458333333333381 0.00706481481481481
0 0.5611197916666666 0.14297222222222222 0.004203125000000085 0.010111111111111126
0 0.5453281249999999 0.15144444444444444 0.004536458333333352 0.006555555555555541
0 0.5201718750000001 0.1213425925925926 0.005645833333333291 0.006259259259259251
0 0.5050729166666666 0.11973148148148148 0.00603645833333329 0.00697222222222221
0 0.5304479166666667 0.07508333333333334 0.006255208333333388 0.009092592592592586
0 0.4990729166666667 0.06770370370370371 0.004239583333333385 0.008527777777777785
0 0.49283333333333335 0.07381481481481482 0.005942708333333376 0.008925925925925914
0 0.5435312499999999 0.09135185185185185 0.004046874999999991 0.006944444444444444
0 0.5666145833333334 0.08357407407407408 0.006765624999999886 0.005583333333333334
0 0.5603489583333333 0.11492592592592593 0.006208333333333371 0.009962962962962955
0 0.5633697916666667 0.12683333333333333 0.0051614583333332575 0.009351851851851873
0 0.625140625 0.10300925925925926 0.013880208333333382 0.0176574074074074
0 0.5912604166666667 0.061250000000000006 0.006416666666666752 0.011370370370370371
0 0.580515625 0.026342592592592595 0.0026510416666667425 0.01012962962962963
0 0.667859375 0.05843518518518519 0.004010416666666572 0.012851851851851847
0 0.6579166666666667 0.03575 0.004067708333333305 0.012379629629629631
0 0.6399947916666666 0.023444444444444445 0.0036927083333334093 0.009851851851851853
0 0.6637552083333333 0.005759259259259258 0.005552083333333258 0.00837037037037037
0 0.6641197916666666 0.014212962962962962 0.004354166666666733 0.009407407407407408
0 0.6601614583333333 0.01690740740740741 0.004291666666666553 0.011907407407407406
0 0.6473541666666667 0.006462962962962964 0.005088541666666657 0.011509259259259259
0 0.6352447916666667 0.019851851851851853 0.003505208333333343 0.00975925925925926
0 0.6072916666666667 0.003703703703703704 0.005208333333333333 0.007407407407407408
0 0.5642395833333332 0.006703703703703704 0.0037499999999999053 0.01024074074074074
0 0.54178125 0.05043518518518519 0.004541666666666563 0.010240740740740743
0 0.5388750000000001 0.024657407407407406 0.005817708333333371 0.005175925925925922
0 0.524921875 0.033018518518518516 0.004062499999999977 0.010083333333333333
0 0.521734375 0.045453703703703704 0.004781250000000033 0.0065833333333333325
0 0.505734375 0.04025 0.0055885416666666765 0.0064259259259259235
0 0.518828125 0.014777777777777779 0.00518229166666669 0.005907407407407408
0 0.5075052083333333 0.015148148148148148 0.006031249999999962 0.0058611111111111095
0 0.48661979166666663 0.029805555555555554 0.00592708333333339 0.005222222222222223
0 0.46349479166666663 0.02736111111111111 0.005781249999999952 0.006648148148148148
0 0.45734895833333333 0.016074074074074074 0.0050156250000000565 0.00613888888888889