0.0 0.9913792133331298 0.9750230439007282 0.017241573333740233 0.023220352828502655
0.0 0.9301180630922318 0.9983595822006464 0.03022429347038269 0.003280835598707199
0.0 0.9050164759159088 0.9722062718123198 0.030237793922424316 0.018486622720956802
0.0 0.9479545295238495 0.9255280397832394 0.025691449642181396 0.026313677430152893
0.0 0.7821594119071961 0.8191854763776064 0.01793503761291504 0.023925740271806717
0.0 0.8325976818799973 0.7984939269721508 0.02475634217262268 0.02285543829202652
0.0 0.7834967166185379 0.6417126409709454 0.017400115728378296 0.022480666637420654
0.0 0.9407731831073761 0.22252808101475238 0.02016502618789673 0.014681171625852585
0.0 0.8093429744243622 0.2071854766458273 0.017776787281036377 0.014504950493574142
0.0 0.7696800768375397 0.1619551597163081 0.016156911849975586 0.013956421986222267
0.0 0.6949591428041458 0.1989330068230629 0.014719873666763306 0.014639228582382202
0.0 0.6779570668935776 0.19405579529702663 0.009716659784317017 0.009912539273500443
0.0 0.6888138443231583 0.18970131278038024 0.013631254434585571 0.015935339033603668
0.0 0.6752207666635514 0.18601696342229843 0.016582578420639038 0.013172529637813568
0.0 0.6307510375976563 0.171275844424963 0.013540685176849365 0.016685888171195984
0.0 0.5991032063961029 0.14018126353621482 0.012820601463317871 0.012163884937763214
0.0 0.5813740730285645 0.1311259415000677 0.012613356113433838 0.014860007911920547
0.0 0.6357407957315445 0.31502612084150317 0.013844221830368042 0.015514902770519257
0.0 0.6258880138397217 0.30943200513720515 0.014095187187194824 0.015546686947345734
0.0 0.5301989108324051 0.29645138755440714 0.01338467001914978 0.017520524561405182
0.0 0.5627245396375656 0.2419702909886837 0.014976650476455688 0.016531996428966522
0.0 0.575190418958664 0.246395181491971 0.012863337993621826 0.015421058982610703
0.0 0.5874422132968903 0.25436883568763735 0.013635098934173584 0.01340467482805252
0.0 0.6075471132993698 0.25864521563053133 0.01636245846748352 0.016051411628723145
0.0 0.6141743153333664 0.2670127522200346 0.015780776739120483 0.013465125113725662
0.0 0.6361880093812943 0.2631181847304106 0.017821401357650757 0.02007945254445076
0.0 0.627021872997284 0.26752733401954176 0.014050662517547607 0.01121649518609047
0.0 0.6249361425638199 0.258857948333025 0.011874228715896606 0.012450143694877625
0.0 0.4534690916538239 0.3531975090503693 0.016804039478302002 0.017287977039813995
0.0 0.4467157363891602 0.342822489887476 0.012993693351745605 0.01151914894580841
0.0 0.4344270169734955 0.2632456231862307 0.021125972270965576 0.018245626240968704
0.0 0.46723526120185854 0.2736919052898884 0.01553124189376831 0.014978192746639252
0.0 0.34489756226539614 0.24099881164729595 0.026219308376312256 0.019318442791700363
0.0 0.38261657357215884 0.20747882649302482 0.014899671077728271 0.013252392411231995
0.0 0.37129836678504946 0.1439854573458433 0.0132560133934021 0.012426305562257767
0.0 0.3449014961719513 0.1367430655285716 0.01197749376296997 0.013647934421896935
0.0 0.3042996466159821 0.08361863028258085 0.014217674732208252 0.014632338657975197
0.0 0.258221173286438 0.07853532452136278 0.01517486572265625 0.018181705847382545
0.0 0.25908305644989016 0.0645821463316679 0.018216490745544434 0.012179676443338394
0.0 0.21571388244628906 0.08448935076594352 0.013363480567932129 0.011865958571434021
0.0 0.1969616651535034 0.08299896456301212 0.01075780391693113 0.009663395583629608
0.0 0.39816229939460757 0.004524250328540802 0.015778720378875732 0.009048500657081604
