0.0 0.03197376132011413 0.711064019985497 0.013108313083648682 0.011447282508015633
0.0 0.5170361518859863 0.8045446787029504 0.013003349304199219 0.010164599865674973
0.0 0.06851322650909424 0.6698758255690336 0.012263774871826172 0.010920077562332153
0.0 0.10045806765556335 0.6465766157954931 0.0107840895652771 0.015691325068473816
0.0 0.1750303626060486 0.6399630427360534 0.010778188705444336 0.009388905018568039
0.0 0.10849190950393676 0.6386037662625312 0.0120316743850708 0.012862332165241241
0.0 0.08161206245422363 0.5972383197396993 0.01083362102508545 0.011075478047132492
0.0 0.08902711868286133 0.5352466775104403 0.010168075561523438 0.01122499443590641
0.0 0.1614996910095215 0.5438844298943877 0.009760022163391113 0.011149154976010323
0.0 0.19103474617004396 0.5551181498914957 0.009378433227539062 0.009514130651950836
0.0 0.22052196860313417 0.5498568376526236 0.009744822978973389 0.009744716808199883
0.0 0.18279437422752381 0.46782881747931243 0.009698331356048584 0.007871260866522789
0.0 0.18134544491767884 0.4785366903990507 0.011532247066497803 0.009554263204336166
0.0 0.14975921511650087 0.46173208933323623 0.012806475162506104 0.010813308879733086
0.0 0.011341047286987305 0.42722563799470664 0.008188962936401367 0.0065733399242162704
0.0 0.02410988211631775 0.4169551244005561 0.014269888401031494 0.0069618914276361465
0.0 0.19765667319297792 0.4977277198806405 0.010496556758880615 0.009364010766148567
0.0 0.20548219680786134 0.49179599788039924 0.011977672576904297 0.010286657139658928
0.0 0.19966198205947877 0.5136465884745121 0.009561896324157715 0.011766482144594193
0.0 0.20813946127891542 0.5154124710708856 0.00750499963760376 0.01559828594326973
0.0 0.2139170289039612 0.5179801246151328 0.00801551342010498 0.008876284584403038
0.0 0.2644751489162445 0.4561664888635278 0.010157167911529541 0.008541544899344444
0.0 0.3239851415157318 0.4242748895660043 0.00966256856918335 0.008681254461407661
0.0 0.35621528029441835 0.4107717441394925 0.008852899074554443 0.008248798549175262
0.0 0.29566888213157655 0.42108597354963423 0.0069792866706848145 0.008670366369187832
0.0 0.2794888138771057 0.4687484212219715 0.009878039360046387 0.006239254027605057
0.0 0.2847226083278656 0.4726268954575062 0.00741201639175415 0.007608287036418915
0.0 0.30241758823394777 0.4750576809048653 0.006770610809326172 0.00802389532327652
0.0 0.3129575073719025 0.47543795946985484 0.009312808513641357 0.008014490827918053
0.0 0.3241731643676758 0.47288589626550676 0.00758814811706543 0.00915846973657608
0.0 0.3129313111305237 0.45545737985521556 0.010374784469604492 0.008517606183886528
0.0 0.28600863814353944 0.4592871468514204 0.007415592670440674 0.008653543889522552
0.0 0.2935746133327484 0.46119487639516593 0.008856117725372314 0.006938556209206581
0.0 0.2738135278224945 0.4909477325156331 0.007305443286895752 0.01616884209215641
0.0 0.2687105357646942 0.49539067763835193 0.008491337299346924 0.00911044143140316
0.0 0.4027612626552582 0.5059894936159253 0.009290993213653564 0.010649962350726128
0.0 0.37605844140052797 0.48759560827165843 0.006642758846282959 0.008877592161297798
0.0 0.3818695366382599 0.4863184828311205 0.009067833423614502 0.007210783660411835
0.0 0.39631269574165345 0.4920496426522732 0.008082211017608643 0.010890807956457138
0.0 0.3937178373336792 0.4774089053273201 0.008955001831054688 0.00992128998041153
0.0 0.4175303101539612 0.48771829418838025 0.009370923042297363 0.009295463562011719
0.0 0.4221598029136658 0.4801017090678215 0.011117935180664062 0.009291037917137146
0.0 0.42214782238006593 0.4530865417793393 0.009271860122680664 0.008652688935399055
0.0 0.43302346467971803 0.45749576650559903 0.011427640914916992 0.009223345667123795
0.0 0.4544664740562439 0.47562167402356864 0.009248971939086914 0.007965506985783577
0.0 0.46385974884033204 0.4756981924176216 0.010439515113830566 0.008582130074501038
0.0 0.47528640627861024 0.4814076766371727 0.009089291095733643 0.008319105952978134
0.0 0.4905484437942505 0.47988070342689754 0.009969234466552734 0.008519718423485756
0.0 0.7779086053371429 0.5129410501569509 0.01147395372390747 0.00920916348695755
0.0 0.7797565579414367 0.5208659216761589 0.011626124382019043 0.009557381272315979
0.0 0.9765792906284332 0.44497928842902185 0.0091744065284729 0.009959813207387924
0.0 0.9986988067626953 0.3984570981003344 0.002602386474609375 0.0074916863813996315
0.0 0.45020578503608705 0.4494350327178836 0.005858123302459717 0.005435345694422722
0.0 0.451771479845047 0.45597480311989785 0.010170042514801025 0.00939996913075447
0.0 0.4871330976486206 0.4149508730508387 0.007493376731872559 0.010543721728026867
0.0 0.5036437928676605 0.4153725540265441 0.00858217477798462 0.007615881040692329
0.0 0.5193287253379821 0.41995670488104225 0.009282946586608887 0.00757667887955904
0.0 0.5708641529083252 0.43437343165278436 0.00860452651977539 0.007819410413503647
0.0 0.6023994207382202 0.43477676883339883 0.007726907730102539 0.007228787988424301
0.0 0.6249905049800872 0.4347588650882244 0.01265805959701538 0.007282901555299759
0.0 0.6296582639217376 0.43732096143066884 0.010654628276824951 0.008012127131223679
0.0 0.6694008231163024 0.4301793536171317 0.007025957107543945 0.007252374663949013
0.0 0.6320782423019409 0.42278372384607793 0.010980963706970215 0.007976118475198746
0.0 0.7512321591377258 0.4455993313342333 0.010680198669433594 0.006905414164066315
0.0 0.81806520819664 0.4323978589847684 0.010597407817840576 0.009117783978581429
0.0 0.868992668390274 0.43778952658176423 0.00853496789932251 0.007130719721317291
0.0 0.8719030439853668 0.44054361041635276 0.008866488933563232 0.006782954558730125
0.0 0.8646927297115325 0.44347844161093236 0.008930504322052002 0.007299799472093582
0.0 0.885604304075241 0.44082536809146405 0.00815051794052124 0.006353616714477539
0.0 0.8978370547294616 0.44202776048332454 0.009700655937194824 0.006529787555336952
0.0 0.8831957697868347 0.44557637330144645 0.008282661437988281 0.007512381300330162
0.0 0.8750750243663787 0.4514514420181513 0.008678019046783447 0.006745487451553345
0.0 0.8792496144771575 0.45474764220416547 0.010494768619537354 0.006961639970541
0.0 0.44874219298362733 0.4907999008893967 0.006919205188751221 0.006858844310045242
0.0 0.4446521818637848 0.48495820052921773 0.00750964879989624 0.005848892033100128
0.0 0.4572138607501984 0.48754727821797134 0.011294424533843994 0.007081685587763786
0.0 0.46347807049751283 0.49194450844079257 0.009739100933074951 0.010992446914315224
0.0 0.437222820520401 0.3986650279723108 0.007886230945587158 0.007795647718012333
0.0 0.42550353407859803 0.39943382032215596 0.008629024028778076 0.007617440074682236
0.0 0.41696409583091737 0.39765019742771984 0.007207095623016357 0.007071149535477161
0.0 0.40736294984817506 0.3986611052416265 0.008071303367614746 0.007271359674632549
0.0 0.41695756912231446 0.4082339134067297 0.006646156311035156 0.006147824227809906
0.0 0.4040288746356964 0.4110575377009809 0.007337629795074463 0.00677905697375536
0.0 0.41981823444366456 0.4233524946495891 0.0063436031341552734 0.005014607682824135
0.0 0.43690158128738404 0.420166168641299 0.007042407989501953 0.007752095349133015
0.0 0.43961177468299867 0.4351078120991588 0.006397426128387451 0.005702795460820198
0.0 0.4597729563713074 0.4301004966720939 0.006582856178283691 0.005646569654345512
0.0 0.46150718331336976 0.4409920087084174 0.005434691905975342 0.006310516968369484
0.0 0.47155455946922303 0.4354777306318283 0.00737375020980835 0.005984779447317123
0.0 0.4747747302055359 0.44776294361799956 0.005540728569030762 0.007156418636441231
0.0 0.47941066026687623 0.4432576371356845 0.008081674575805664 0.007568104192614555
0.0 0.48823718428611756 0.4340134708210826 0.007886230945587158 0.00732761062681675
0.0 0.4975253164768219 0.43679119162261487 0.008374035358428955 0.0074529871344566345
0.0 0.5047966957092285 0.4414562487974763 0.008689284324645996 0.006605526432394981
0.0 0.4996498942375183 0.4476955531165004 0.010163426399230957 0.008729031309485435
0.0 0.5188989460468292 0.43718630615621806 0.00817805528640747 0.006245339289307594
0.0 0.5157304525375366 0.43986414819955827 0.007454037666320801 0.005581844598054886
0.0 0.530788105726242 0.4393153179436922 0.008126914501190186 0.008942317217588425
0.0 0.5364159166812896 0.44309740867465736 0.008665144443511963 0.006822986528277397
0.0 0.5465961515903472 0.4444351352751255 0.009726226329803467 0.007310561835765839
0.0 0.4285849452018738 0.4149661867879331 0.0054666996002197266 0.005391214974224567
0.0 0.42317323088645936 0.4164597664959729 0.005652487277984619 0.005350529216229916
0.0 0.41101853251457215 0.41289929747581483 0.005659639835357666 0.006505144760012627
0.0 0.41411675214767457 0.41848926413804294 0.007235527038574219 0.006042564287781715
0.0 0.4456161677837372 0.4251604711636901 0.012333691120147705 0.007849333807826042
0.0 0.5012524247169494 0.3978932055644691 0.009354114532470703 0.005488730035722256
0.0 0.5644787967205047 0.3392193385399878 0.007794678211212158 0.0073869796469807625
0.0 0.6246520102024078 0.34300987822934986 0.006333053112030029 0.006589860655367374
0.0 0.6288280308246612 0.32501323223114015 0.010533750057220459 0.005309415981173515
0.0 0.6748128950595855 0.3295376871712506 0.004731237888336182 0.005320052616298199
0.0 0.656516832113266 0.3296822247095406 0.005895674228668213 0.004687839187681675
0.0 0.6554713070392608 0.3352913146838546 0.006328761577606201 0.003625810146331787
0.0 0.6610766768455505 0.3317248861305416 0.0061866044998168945 0.004993862472474575
0.0 0.6631560146808624 0.3661875839345157 0.004941880702972412 0.006029010750353336
0.0 0.6177106320858001 0.3453751842491329 0.008568942546844482 0.006741891615092754
0.0 0.5599480092525482 0.37926320200785996 0.006434619426727295 0.006359224207699299
0.0 0.5416244983673095 0.40856339763849975 0.008746147155761719 0.005967780947685242
0.0 0.54615358710289 0.4162487688474357 0.00600045919418335 0.0064384834840893745
0.0 0.6352040886878967 0.40817606570199133 0.007828474044799805 0.008402111940085888
0.0 0.6618261754512786 0.4129504564218223 0.009724438190460205 0.005360637791454792
0.0 0.6489694535732269 0.4088820692151785 0.007741034030914307 0.006714457646012306
0.0 0.6405684173107147 0.40150621654465796 0.005674302577972412 0.00553846824914217
0.0 0.6072704017162323 0.37832893831655384 0.006764709949493408 0.005964587442576885
0.0 0.6821525812149047 0.3850141389295459 0.0077190399169921875 0.00746249221265316
0.0 0.5287304043769836 0.39664575206115843 0.010193109512329102 0.006795703433454037
0.0 0.5221801817417144 0.4004153830930591 0.007452785968780518 0.006486536934971809
0.0 0.5171208202838897 0.40165485283359886 0.005566298961639404 0.004162142984569073
0.0 0.5393775224685669 0.4013444541953504 0.00840747356414795 0.006580556742846966
0.0 0.5434112966060638 0.39850765354931356 0.00613027811050415 0.005647173151373863
0.0 0.553106677532196 0.40928759407252074 0.005361199378967285 0.005028940737247467
0.0 0.560834389925003 0.4081990111619234 0.006240427494049072 0.006150037050247192
0.0 0.5604435920715332 0.38459501024335624 0.005909085273742676 0.005561878904700279
0.0 0.5730982542037963 0.3952384472824633 0.008405685424804688 0.007937620393931866
0.0 0.5707837760448455 0.41131127048283816 0.00821775197982788 0.007915819063782692
0.0 0.5794693052768707 0.41481939870864154 0.00826352834701538 0.006950173527002335
0.0 0.5876905441284179 0.4191251111216843 0.006125807762145996 0.005506633780896664
0.0 0.5855250179767608 0.41134605957195164 0.007369101047515869 0.006312151439487934
0.0 0.6005162417888641 0.4043071216903627 0.00790625810623169 0.00604917760938406
0.0 0.6148482680320739 0.39214981235563756 0.006175518035888672 0.007005795836448669
0.0 0.6266408681869506 0.4023894973099232 0.006845355033874512 0.006513191387057304
0.0 0.6291577637195587 0.3957816700451076 0.005373537540435791 0.005871699191629887
0.0 0.5817290663719177 0.39568058429285885 0.008877396583557129 0.0075788917019963264
0.0 0.5848440945148468 0.3865912023931742 0.007059037685394287 0.007315842434763908
0.0 0.5807325363159179 0.3804517642594874 0.007137179374694824 0.005430945195257664
0.0 0.5659997880458831 0.37968246899545194 0.00455707311630249 0.004768280312418938
0.0 0.5710605800151825 0.377927122451365 0.007162034511566162 0.005712501704692841
0.0 0.6936375319957733 0.3927422578446567 0.006902754306793213 0.00635912362486124
0.0 0.7007261633872985 0.3892405669204891 0.0053386688232421875 0.006229321472346783
0.0 0.7091951489448547 0.3959776934236288 0.007263064384460449 0.006402298808097839
0.0 0.7142556726932525 0.38951665423810483 0.006148159503936768 0.005242176353931427
0.0 0.7245426595211029 0.3895133601501584 0.006506860256195068 0.0052384547889232635
0.0 0.7403310358524322 0.38625290459021927 0.006914198398590088 0.005766741000115871
0.0 0.7639418065547943 0.3814066851511598 0.004671871662139893 0.0058796703815460205
0.0 0.7863758027553558 0.37905416572466494 0.004910767078399658 0.005091981031000614
0.0 0.7691958963871002 0.3728727845475078 0.005167186260223389 0.005303330719470978
0.0 0.7725029706954956 0.3660097409039736 0.0059555768966674805 0.005547797307372093
0.0 0.7638383626937866 0.3599852815270424 0.005742430686950684 0.006180312484502792
0.0 0.7529704093933105 0.3624237867072225 0.007120370864868164 0.00775468535721302
0.0 0.7377415418624877 0.3676726266741753 0.005862236022949219 0.005092307925224304
0.0 0.7417419672012329 0.35167128015309573 0.006739139556884766 0.005183737725019455
0.0 0.7300201773643493 0.3652595060877502 0.005767107009887695 0.005510355345904827
0.0 0.7235128700733184 0.3700936555862427 0.00721818208694458 0.0055271778255701065
0.0 0.7122074484825134 0.3644976413808763 0.007830262184143066 0.006577036343514919
0.0 0.7110786855220794 0.35562731632962824 0.009049952030181885 0.007132203318178654
0.0 0.6784149229526519 0.35059034153819085 0.00867372751235962 0.00660497322678566
0.0 0.685101580619812 0.35639294032007457 0.008952140808105469 0.007019776850938797
0.0 0.6976204335689544 0.3550878151319921 0.007624804973602295 0.0055562714114785194
0.0 0.6950776994228363 0.35869314409792424 0.006834089756011963 0.006169650703668594
0.0 0.7040893852710723 0.3320549361407757 0.008292853832244873 0.006888717412948608
0.0 0.8139836013317108 0.3564242718741298 0.008218109607696533 0.007931409403681755
0.0 0.8003938317298889 0.34947067853063346 0.006748080253601074 0.0049812644720077515
0.0 0.7195014476776123 0.3425238996744156 0.0061054229736328125 0.005833553150296211
0.0 0.7043673515319824 0.3416006246581674 0.012277364730834961 0.009906554594635963
0.0 0.7121185779571533 0.3360259843058884 0.008501887321472168 0.007550829090178013
0.0 0.7197933614253997 0.3355922711081803 0.004196226596832275 0.004709565080702305
0.0 0.7235986113548278 0.33823528634384276 0.005170226097106934 0.005381357856094837
0.0 0.7268101096153259 0.33473026361316444 0.0073986053466796875 0.0053147971630096436
0.0 0.7324710011482238 0.336574889998883 0.0066754817962646484 0.0051504699513316154
0.0 0.7322422087192535 0.34111669547855855 0.004335343837738037 0.004667345434427261
0.0 0.7365357995033264 0.3408211453817785 0.004463911056518555 0.0043128663673996925
0.0 0.9967966735363006 0.3608098722063005 0.006406652927398682 0.008145625703036785
0.0 0.9828437685966491 0.36014020424336196 0.008915305137634277 0.006363373249769211
0.0 0.9516941130161285 0.3660342956893146 0.00786513090133667 0.008574913255870342
0.0 0.8192838251590728 0.35215986128896476 0.0064081549644470215 0.005079181864857674
0.0 0.8255217492580413 0.3479108650237322 0.010219752788543701 0.007607683539390564
0.0 0.7909150838851928 0.34914115658029915 0.007472991943359375 0.0052080536261200905
0.0 0.7852758288383483 0.3508929701521993 0.006242036819458008 0.006196858361363411
0.0 0.768059891462326 0.34533575577661396 0.006802260875701904 0.006152979098260403
0.0 0.7770233869552612 0.34705521939322354 0.00784921646118164 0.0062032705172896385
0.0 0.7565876364707946 0.34478384517133237 0.006370067596435547 0.004407137632369995
0.0 0.7613636672496795 0.34831886673346163 0.006758630275726318 0.004825637675821781
0.0 0.7471178293228149 0.34040554966777564 0.005960941314697266 0.006187554448843002
0.0 0.7460871458053588 0.3361190611496568 0.006919384002685547 0.005454909056425095
0.0 0.7519044995307922 0.33748423429206015 0.0053250789642333984 0.004419333301484585
0.0 0.7569898784160614 0.33546393997967244 0.006566226482391357 0.005614785477519035
0.0 0.7664182901382446 0.3373082520440221 0.007683277130126953 0.007320921868085861
0.0 0.9173005938529968 0.3504499278962612 0.007303118705749512 0.004796845838427544
0.0 0.9041701078414917 0.3494522844441235 0.007270216941833496 0.0061529288068413734
0.0 0.9189379930496215 0.3571796867065132 0.008491873741149902 0.0044150585308671
0.0 0.9274692952632904 0.3530691804364324 0.005273401737213135 0.004261644557118416
0.0 0.9369136214256286 0.3530223465524614 0.007925748825073242 0.006159014068543911
0.0 0.9487737238407135 0.3531962542794645 0.009128272533416748 0.005730832926928997
0.0 0.9658286392688751 0.3574818124063313 0.008486330509185791 0.005662788636982441
0.0 0.9608153223991394 0.36158376913517715 0.00875401496887207 0.006685640662908554
0.0 0.9608598470687866 0.36826077224686743 0.00548243522644043 0.00492375623434782
0.0 0.9692908346652984 0.3671798462048173 0.0060065388679504395 0.004738306626677513
0.0 0.9672946453094482 0.3698652571067214 0.005671977996826172 0.006411954760551453
0.0 0.9720960676670074 0.36225436748936773 0.006538689136505127 0.005723088048398495
0.0 0.9790120542049408 0.3653756038285792 0.007578670978546143 0.007457890547811985
0.0 0.9911840081214904 0.3636838004924357 0.005792498588562012 0.0053396159783005714
0.0 0.9879228889942169 0.3658582757227123 0.005947530269622803 0.005781526677310467
0.0 0.9840851843357086 0.371281136572361 0.010762631893157959 0.006096979603171349
0.0 0.9937290668487548 0.3689740554429591 0.006648659706115723 0.006225901655852795
0.0 0.998592323064804 0.36728355968371035 0.002815353870391846 0.007770703174173832
0.0 0.9473155856132507 0.35757224895060064 0.008887052536010742 0.005988048389554024
0.0 0.7782124996185302 0.3352287270128727 0.0062634944915771484 0.004013607278466225
0.0 0.7742688477039337 0.33817794155329467 0.005650341510772705 0.005756054073572159
0.0 0.7772443115711212 0.3422786661423743 0.007753193378448486 0.004250203259289265
0.0 0.7814127326011657 0.34008730556815864 0.0057163238525390625 0.004447923973202705
0.0 0.7859668552875518 0.34466242911294104 0.004823148250579834 0.0038567734882235527
0.0 0.7888977944850921 0.3406634943559766 0.006059110164642334 0.0053796228021383286
0.0 0.7953287482261657 0.34379993127658964 0.005939483642578125 0.005063666962087154
0.0 0.7968993604183197 0.3374421906657517 0.0068909525871276855 0.00459600705653429
0.0 0.8010555326938629 0.34223862159997226 0.006781518459320068 0.005996296182274818
0.0 0.8076627969741821 0.3400498510338366 0.004849076271057129 0.004637547768652439
0.0 0.8119672954082489 0.3455547120422125 0.009488046169281006 0.006709931418299675
0.0 0.8178641319274902 0.3416852651163936 0.007022738456726074 0.009046168997883797
0.0 0.8313495635986328 0.33952104933559896 0.009112358093261719 0.004778791218996048
0.0 0.8290856003761291 0.35406344179064037 0.0073081254959106445 0.004937410354614258
0.0 0.8638272702693939 0.36575096640735866 0.005479753017425537 0.004845628514885902
0.0 0.8664986610412597 0.34881448866799475 0.0051888227462768555 0.004524040035903454
0.0 0.8706129014492034 0.3506235213018954 0.005807340145111084 0.00484087597578764
0.0 0.8807927787303924 0.35621352568268777 0.0069013237953186035 0.005376303568482399
0.0 0.8824865043163299 0.36455538850277663 0.006977498531341553 0.005784418433904648
0.0 0.8942985951900482 0.36665060445666314 0.0066266655921936035 0.006973961368203163
0.0 0.8933009922504425 0.36089568194001914 0.008170545101165771 0.005075158551335335
0.0 0.8901796162128448 0.3555394446477294 0.008061468601226807 0.00507153756916523
0.0 0.8856873631477356 0.35051300590857865 0.006773471832275391 0.006230025552213192
0.0 0.8812775433063507 0.34677124889567496 0.007205307483673096 0.0060727642849087715
0.0 0.9038674652576446 0.36566992178559304 0.00558847188949585 0.005301620811223984
0.0 0.8448449194431304 0.3582904984243214 0.005667150020599365 0.0043838778510689735
0.0 0.8416335105895996 0.35471348352730275 0.006341814994812012 0.005435798317193985
0.0 0.8581753194332122 0.359388548694551 0.00590139627456665 0.0043916478753089905
0.0 0.8518862545490264 0.3552718817256391 0.0056414008140563965 0.004539026878774166
0.0 0.8309213936328887 0.34394679479300977 0.006738245487213135 0.005168147385120392
0.0 0.8358522772789001 0.3470648250542581 0.006920814514160156 0.006437729112803936
0.0 0.8422897577285766 0.34197822520509363 0.0068149566650390625 0.00512386579066515
0.0 0.8435884833335876 0.3466644173488021 0.006507396697998047 0.005254095420241356
0.0 0.8707306504249572 0.34423329243436457 0.005474567413330078 0.0037379348650574684
0.0 0.8540713608264923 0.34499483024701477 0.006085574626922607 0.0057081012055277824
0.0 0.8579915881156921 0.34746967097744347 0.00542449951171875 0.0050622085109353065
0.0 0.8482815444469451 0.345631670486182 0.00444406270980835 0.004655350930988789
0.0 0.8486062705516815 0.35234923362731935 0.005032002925872803 0.003099309280514717
0.0 0.8527040600776672 0.3508746515028179 0.007497668266296387 0.006893620826303959
0.0 0.8673465073108673 0.35767553495243193 0.005931079387664795 0.00528178084641695
0.0 0.8722002327442169 0.35697642136365176 0.005384981632232666 0.0048113297671079636
0.0 0.8689955294132232 0.36217007907107474 0.004761993885040283 0.004837506450712681
0.0 0.8742744743824005 0.36279825661331416 0.008080780506134033 0.005196964368224144
0.0 0.8727877259254455 0.3656724992208183 0.0076181888580322266 0.005353244952857494
0.0 0.8596603691577911 0.3542004733346403 0.005775868892669678 0.005307831801474094
0.0 0.8628877818584442 0.35116502158343793 0.00643390417098999 0.005860006436705589
0.0 0.9368767857551574 0.35838346211239697 0.00639188289642334 0.004595101810991764
0.0 0.9346822023391723 0.36139059979468585 0.005577206611633301 0.004958080127835274
0.0 0.938051950931549 0.3649102824740112 0.006544589996337891 0.0059104738757014275
0.0 0.9218494415283203 0.3646238728426397 0.009402036666870117 0.007877019234001637
0.0 0.9280510663986206 0.361937041208148 0.007088899612426758 0.0049145277589559555
0.0 0.928049099445343 0.3572781698778272 0.005972385406494141 0.004175545647740364
0.0 0.9279338538646698 0.37114131385460497 0.006478607654571533 0.005331116728484631
0.0 0.9307355999946594 0.36632516868412496 0.008772611618041992 0.0072478484362363815
0.0 0.9170924544334411 0.3680620457045734 0.0066568851470947266 0.0050562238320708275
0.0 0.9087249457836151 0.36439249459654094 0.005820572376251221 0.004295339807868004
0.0 0.9016724348068237 0.3568893166258931 0.004750370979309082 0.005429914221167564
0.0 0.9066210210323333 0.3580537515692413 0.0034713149070739746 0.004014789126813412
0.0 0.9119859755039215 0.3570276306010783 0.005173623561859131 0.005022729746997356
0.0 0.9131491601467132 0.3625066292472184 0.00792306661605835 0.007016885094344616
0.0 0.8975858211517334 0.35282998187467457 0.007082819938659668 0.004727167077362537
0.0 0.8944265365600585 0.3495673512108624 0.0056591033935546875 0.0036660684272646904
0.0 0.8937835216522216 0.34632556634023787 0.004945993423461914 0.0033304234966635704
0.0 0.8991714537143707 0.3479110033251345 0.005248725414276123 0.003995628096163273
