0.0 0.6110156416893006 0.9428437609225512 0.029765546321868896 0.017281237989664078
0.0 0.5929374635219574 0.9917968705296516 0.019515573978424072 0.016406258940696715
0.0 0.5614062637090683 0.8452969152480364 0.022718757390975952 0.016703087836503983
0.0 0.5474687904119492 0.8202187471091748 0.01617184281349182 0.015937350690364838
0.0 0.3772656410932541 0.703156215697527 0.010937422513961792 0.012265674769878387
0.0 0.6276093065738678 0.6022500038146973 0.011515617370605469 0.019937530159950256
0.0 0.662593761086464 0.3929062891751528 0.010375052690505981 0.009781178086996078
0.0 0.6158125042915344 0.42440626919269564 0.008187532424926758 0.009906202554702759
0.0 0.47006251811981203 0.409843735024333 0.01237499713897705 0.010718811303377151
0.0 0.42401560544967654 0.3780156034976244 0.01618748903274536 0.014390487223863602
0.0 0.6737812548875809 0.19065625462681055 0.011968642473220825 0.010781222954392433
0.0 0.6198437303304672 0.24326560515910386 0.013593703508377075 0.011281220242381096
0.0 0.6197655886411667 0.20201562773436307 0.01076558232307434 0.009578151628375053
0.0 0.5524374932050705 0.254265620931983 0.007749885320663452 0.010812554508447647
0.0 0.5326562464237213 0.2395937532186508 0.009906291961669922 0.011390604078769684
0.0 0.5028281152248383 0.28709374703466894 0.008187532424926758 0.013624951243400574
0.0 0.49398433566093447 0.2824374657124281 0.006421923637390137 0.0072968825697898865
0.0 0.47720313966274264 0.29773440547287466 0.007078081369400024 0.009484358131885529
0.0 0.4865468829870224 0.2951718816533685 0.009328097105026245 0.00882810540497303
0.0 0.9302343890070915 0.1662500301375985 0.016812488436698914 0.008359389379620552
0.0 0.95078125 0.15984373316168785 0.013109385967254639 0.007515650242567062
0.0 0.929749982059002 0.146265628375113 0.010312512516975403 0.005796840414404869
0.0 0.868343734741211 0.10317189209163188 0.013390660285949707 0.00640622153878212
0.0 0.5212655752897263 0.12349998541176319 0.007234364748001099 0.008171852678060532
0.0 0.4968437045812607 0.13231250047683715 0.008203178644180298 0.0093124620616436
0.0 0.5139687150716782 0.1363749910145998 0.014359384775161743 0.01148434728384018
0.0 0.5621093600988388 0.16412499137222766 0.015328198671340942 0.011593781411647797
0.0 0.5331406086683274 0.16404686365276575 0.013421863317489624 0.011437525972723961
0.0 0.4430937558412552 0.18451562207192182 0.011562556028366089 0.009437436237931252
0.0 0.4460312217473984 0.1887500086799264 0.011374980211257935 0.012234343215823174
0.0 0.45818748474121096 0.15162500888109207 0.012671828269958496 0.010546915233135223
0.0 0.43334379196166994 0.13724998626857995 0.011124908924102783 0.010265635326504707
0.0 0.4314687043428421 0.1476718770340085 0.012031227350234985 0.012593725696206093
0.0 0.3833281934261322 0.19382813442498445 0.005859375 0.012421829625964165
0.0 0.4469687879085541 0.0507031312212348 0.01376563310623169 0.009390564635396004
0.0 0.4626249760389328 0.049765648879110815 0.00809374451637268 0.010359378531575203
0.0 0.40218747556209566 0.12093748673796653 0.00942179560661316 0.004671871662139893
0.0 0.4041250139474869 0.1170625077560544 0.009781211614608765 0.005453148856759071
0.0 0.33996872007846834 0.10429686084389686 0.011453121900558472 0.008390620350837708
0.0 0.35748434960842135 0.10042188186198472 0.01056244969367981 0.010609427466988564
0.0 0.29251561462879183 0.0952031161636114 0.011000007390975952 0.01015625149011612
0.0 0.3494062513113022 0.07979689314961433 0.011062413454055786 0.007796879857778549
0.0 0.3270000159740448 0.1476875176653266 0.013187527656555176 0.009781228378415108
0.0 0.2646250218153 0.17274999488145112 0.011265724897384644 0.01009373925626278
0.0 0.2714531660079956 0.1748437775298953 0.011843740940093994 0.009999996051192284
0.0 0.27145307660102846 0.15050001498311757 0.014671862125396729 0.01112501509487629
0.0 0.24501561522483825 0.14004689324647188 0.010656237602233887 0.011593731120228767
0.0 0.22026562094688415 0.1469218811020255 0.013156235218048096 0.009687485173344612
0.0 0.2164374828338623 0.1660624934360385 0.010859370231628418 0.008109340444207191
0.0 0.23998441696166992 0.1801406206563115 0.010734379291534424 0.009234359487891197
0.0 0.2134687691926956 0.21239062175154685 0.011093705892562866 0.009687535464763641
0.0 0.005562478303909324 0.026078113913536073 0.007077991962432861 0.009937483817338943
0.0 0.01242187023162844 0.022578132897615434 0.0061876773834228516 0.008624978363513947
0.0 0.029046916961669944 0.029921861924231054 0.009906291961669922 0.00907815434038639
0.0 0.04276561141014101 0.031328110583126546 0.010937511920928955 0.010468712076544762
0.0 0.03940623402595522 0.01221875436604023 0.010562360286712646 0.009265590459108353
0.0 0.07814055085182192 0.019062511250376703 0.008515655994415283 0.01015625149011612
0.0 0.10826560258865359 0.02412499636411667 0.010875105857849121 0.010312456637620926
0.0 0.16074995100498202 0.06568750981241464 0.01121869683265686 0.009468717500567436
0.0 0.17239069342613222 0.06690622176975011 0.010703086853027344 0.009046873077750206
0.0 0.1810781002044678 0.06109374072402716 0.011843740940093994 0.01021876372396946
0.0 0.18823436796665194 0.04103128667920828 0.011781245470046997 0.009953124448657036
0.0 0.2027655929327011 0.03810938037931919 0.00832816958427427 0.009828150272369385
0.0 0.21745310127735137 0.03876563310623169 0.007421940565109253 0.008265595883131027
0.0 0.18557813167572024 0.15167190562933683 0.0094374418258667 0.006546886637806892
0.0 0.17315619587898257 0.16293751038610935 0.006546914577484131 0.0069062188267707825
0.0 0.16496875286102297 0.15707813259214162 0.010218679904937744 0.006265657022595406
0.0 0.16018749177455904 0.15484376028180122 0.010296911001205444 0.0057500191032886505
0.0 0.15375001132488253 0.1596093751490116 0.010906308889389038 0.007687445729970932
0.0 0.14940626323223116 0.13737498559057712 0.010437458753585815 0.008843746036291122
0.0 0.13404690623283388 0.1285468801856041 0.01106250286102295 0.00785934180021286
0.0 0.19464064538478854 0.09201562087982892 0.006374984979629517 0.007687496021389961
0.0 0.1843906730413437 0.09675000477582216 0.0062499940395355225 0.0076406244188547134
0.0 0.2054843246936798 0.055671898275613786 0.010046839714050293 0.006343759596347809
0.0 0.2119843453168869 0.05781250223517418 0.012078076601028442 0.006640579551458359
0.0 0.2125937432050705 0.05292188804596663 0.010859280824661255 0.007171908393502235
0.0 0.24107808768749237 0.05157812647521496 0.01170310378074646 0.008562516421079636
0.0 0.22428129017353057 0.07740626540035009 0.008843690156936646 0.011234348639845848
0.0 0.2473125249147415 0.06999999899417161 0.011781245470046997 0.007828110828995705
0.0 0.269453176856041 0.06651563346385955 0.011937528848648071 0.007703136652708054
0.0 0.2808906525373459 0.0672187577933073 0.008421868085861206 0.007390625774860382
0.0 0.2908125460147858 0.05898436773568392 0.009656310081481934 0.007437547668814659
0.0 0.33040624260902407 0.05542187448590994 0.010812520980834961 0.007140627130866051
0.0 0.25873435437679293 0.08706251960247754 0.005453199148178101 0.008906258270144463
0.0 0.3613437354564667 0.015062507800757885 0.008234381675720215 0.004984332248568535
0.0 0.3928593784570694 0.017171880789101125 0.008921831846237183 0.005937555804848671
0.0 0.3895937442779541 0.03128126412630081 0.00807809829711914 0.006390631198883057
0.0 0.3193437844514847 0.0015390690416097641 0.006484419107437134 0.0030781380832195283
0.0 0.31973435878753664 0.010515635460615158 0.007328152656555176 0.0072968825697898865
0.0 0.27901565432548525 0.0194375092163682 0.0062656402587890625 0.009640613570809364
0.0 0.265484356880188 0.02632813770323992 0.006953179836273193 0.005968736484646797
0.0 0.25814064741134646 0.029765606485307218 0.008390665054321289 0.006937550380825996
0.0 0.3017343670129776 0.01565622314810753 0.006703108549118042 0.006750013679265976
0.0 0.2960312306880951 0.010703121870756149 0.006296753883361816 0.006390631198883057
0.0 0.23835940062999725 0.001257789134979248 0.008140593767166138 0.002515578269958496
0.0 0.22074998319149017 0.0034296995028853415 0.00945308804512024 0.006859399005770683
0.0 0.1776249796152115 0.005499996803700924 0.00899997353553772 0.009765638038516045
0.0 0.004109346866607688 0.15796874333173036 0.00807809829711914 0.007046883925795555
