0.0 0.5946200424339623 0.6630442668218166 0.013269066717475653 0.009894979186356068
0.0 0.5845312423538417 0.6575559531338513 0.008231471758335829 0.014915965497493744
0.0 0.5731195421889425 0.6514266277197749 0.009246958047151565 0.014408537279814481
0.0 0.5375215139705688 0.6561938784318044 0.008872831519693137 0.012205140059813857
0.0 0.545405467832461 0.62415863617789 0.008057598117738962 0.0132734642829746
0.0 0.09249258078634742 0.35501707196235655 0.005759392306208588 0.006676768511533737
0.0 0.11597064519301059 0.38169754105620085 0.004743829555809542 0.007718358840793371
0.0 0.08641250859946015 0.3660871820058674 0.007242441177368164 0.007451277785003185
0.0 0.15377355786040425 0.3977351696230471 0.012467367015779107 0.008840064890682698
0.0 0.095458984375 0.3944368432275951 0.009701139852404506 0.007758416701108217
0.0 0.2106449189595878 0.40100682659540327 0.01077022571116686 0.009761438658460974
0.0 0.012771057803183827 0.34305223608389496 0.010650028102099918 0.009067088086158036
0.0 0.0015916552394628636 0.3342255059047602 0.003183310478925727 0.007972094439901411
0.0 0.42625090945512056 0.6102575486060232 0.00962100811302662 0.012979692313820124
0.0 0.5229027473833412 0.6127145954640583 0.011117743607610465 0.01080302898772061
0.0 0.49560294188559056 0.6024723765207455 0.011799245700240135 0.010135369328781962
0.0 0.4867301485966891 0.5889852774795145 0.012881559412926435 0.006930525600910187
0.0 0.4680091033689678 0.594446878763847 0.008298222720623017 0.01467557535506785
0.0 0.4615282195620239 0.5856869295937941 0.010957403667271137 0.009040397172793747
0.0 0.4604324868414551 0.5776213739765808 0.0075899590738117695 0.010362392524257302
0.0 0.3967996661551297 0.5545463487040252 0.007162462361156941 0.007010641321539879
0.0 0.42230893252417445 0.5362652865471318 0.006106680817902088 0.010856496775522828
0.0 0.3911606243811548 0.49919575550593437 0.005759239383041815 0.008840064890682698
0.0 0.47845868743024766 0.5640674831811339 0.008912897389382123 0.0049408705905079845
0.0 0.4840442443266511 0.5678332014242187 0.008886212296783925 0.009681322937831282
0.0 0.18219578117132185 0.43269487207289786 0.0079107154160738 0.004393341531977057
0.0 0.17528732419013976 0.42899592409376053 0.006387294828891776 0.005207908665761351
0.0 0.1703966119326651 0.39875004754867405 0.006320467405021235 0.006543227983638644
0.0 0.2720728551968932 0.3929011916276067 0.006146899610757784 0.007998763862997294
0.0 0.26573893055319786 0.3916058871895075 0.004583413153886884 0.0070506991818547245
0.0 0.24717826349660754 0.3732179969083518 0.004476519860327155 0.006396363489329815
0.0 0.28869590926915406 0.33565435087075457 0.0046635448932647264 0.005141138401813805
0.0 0.28303018240258093 0.3326898543047719 0.005585518665611744 0.006316269258968532
0.0 0.27811278505250814 0.33581460380228234 0.00392874907702212 0.0038191000698134304
0.0 0.27525319829583167 0.332823394832667 0.00527829602360721 0.004954173066653311
0.0 0.35691225780174135 0.32443734409753233 0.005719173513352915 0.006796985073015094
0.0 0.31836101561784746 0.31284641739912333 0.004489824175834656 0.004967518523335457
0.0 0.2478330040350556 0.331715044984594 0.0047971997410058975 0.007130857883021235
0.0 0.2123419838026166 0.32191351623041553 0.004583413153886884 0.006676790001802146
0.0 0.2271744605153799 0.32041791174560785 0.008845993503928229 0.007064023148268461
0.0 0.10566798206418752 0.28799539336469027 0.006053310632705755 0.006529904017224908
0.0 0.21985165821388364 0.37271059018094094 0.005612127296626568 0.006262822961434722
0.0 0.22774899285286665 0.3728574331849813 0.005010986328124911 0.007437953818589449
0.0 0.2535522540099919 0.37650297784712167 0.008832689188420817 0.004914093716070056
0.0 0.2600464421324432 0.37495395930018277 0.004770438186824322 0.0035920983646064997
0.0 0.2577213983051479 0.3715888841310516 0.004075555317103819 0.004006086895242333
0.0 0.26552514396607874 0.37339159529656174 0.0072158325463533846 0.009414284862577916
0.0 0.23561964239925146 0.37470024519134315 0.005344970524311021 0.0075448464136570696
0.0 0.04101956039667132 0.3380312820081599 0.007523208111524626 0.009240707964636385
