0.0 0.19903124272823333 0.7939531434327364 0.007437497377395607 0.009953174740076065
0.0 0.2042343258857727 0.7993124987930059 0.009734451770782448 0.011781368404626846
0.0 0.3436093270778656 0.937640656158328 0.013093829154968262 0.014656227082014084
0.0 0.09685941934585574 0.7500625144690275 0.011609315872192383 0.010484453290700912
0.0 0.06307811439037325 0.7010781191289425 0.011156290769577026 0.009078104048967361
0.0 0.052468770742416404 0.6127968890592456 0.012093722820281982 0.011718755587935448
0.0 0.02685935199260714 0.6703593911603093 0.014687508344650269 0.009031282737851143
0.0 0.021109366416931175 0.6633906098082661 0.007218718528747559 0.007000012323260307
0.0 0.05056252479553225 0.5412656435742974 0.010046839714050293 0.009703176096081734
0.0 0.17164061367511751 0.43343752194195984 0.011171847581863403 0.005718788132071495
0.0 0.1465312480926514 0.4266093553975224 0.008343815803527832 0.006734373047947884
0.0 0.12884377837181094 0.4137031439691782 0.012125015258789062 0.005718737840652466
0.0 0.00032809078693391003 0.454765634983778 0.0006561815738678201 0.0077655985951423645
