0.0 0.01739059090614319 0.8634843744337559 0.016734302043914795 0.009328052401542664
0.0 0.027640652656555176 0.5115468848496676 0.01275014877319336 0.011031322181224823
0.0 0.5155312538146972 0.5889218926429749 0.0126875638961792 0.009749997407197952
0.0 0.06279690265655517 0.4691718632355332 0.011921882629394531 0.010531274601817131
0.0 0.09395308494567871 0.444828125834465 0.01028144359588623 0.01535940170288086
0.0 0.1682656526565552 0.43574999663978814 0.010484576225280762 0.009046873077750206
0.0 0.10171870589256286 0.43659373577684163 0.01162487268447876 0.012484392151236534
0.0 0.07348443269729614 0.3961406258866191 0.01048421859741211 0.010734351351857185
0.0 0.07884366512298584 0.33393750824034213 0.009812593460083008 0.010906197130680084
0.0 0.15156246423721315 0.34017185885459184 0.009406328201293945 0.010843785479664803
0.0 0.1814530909061432 0.35042187869548796 0.00907820463180542 0.009218718856573105
0.0 0.2107499659061432 0.34418750293552874 0.009437620639801025 0.00943748652935028
0.0 0.17032809257507325 0.26345312893390654 0.009453177452087402 0.00756252184510231
0.0 0.16923437714576722 0.2742030957713723 0.0112343430519104 0.00918748788535595
0.0 0.1371093809604645 0.2584531057626009 0.012468874454498291 0.01040630042552948
0.0 0.0008085727691650391 0.22854688595980405 0.0016171455383300782 0.006312528625130653
0.0 0.010046881437301636 0.2178593810647726 0.014062464237213135 0.006500015035271645
0.0 0.1861719012260437 0.29284373596310614 0.010203123092651367 0.009031232446432114
0.0 0.19379688501358033 0.2866562569513917 0.01165616512298584 0.009906252846121788
0.0 0.18870301246643068 0.3086875194683671 0.009187459945678711 0.011468706652522087
0.0 0.1972343146800995 0.31017184555530547 0.00700002908706665 0.015374992042779922
0.0 0.2030936896800995 0.31254688296467065 0.007734239101409912 0.008625028654932976
0.0 0.25157819390296937 0.24909374695271252 0.009890735149383545 0.00821867398917675
0.0 0.31000001430511476 0.21524998564273118 0.009390592575073242 0.008375030010938644
0.0 0.3417655944824219 0.20068748919293283 0.00859379768371582 0.007968750782310963
0.0 0.28159372210502626 0.2129999978467822 0.006703197956085205 0.008453132584691048
0.0 0.26700009107589723 0.2611718850210309 0.009687423706054688 0.005921864882111549
0.0 0.2723593235015869 0.2648749930784106 0.0071718692779541016 0.00737498514354229
0.0 0.2901250243186951 0.26671877708286046 0.006515622138977051 0.007812520489096642
0.0 0.30067182779312135 0.2667500080540776 0.00906229019165039 0.007718777284026146
0.0 0.3117968261241913 0.26382812689989804 0.007296860218048096 0.008921848610043526
0.0 0.2999843776226044 0.2467812469229102 0.010109245777130127 0.008187493309378624
0.0 0.27320314645767213 0.25149999018758534 0.007140755653381348 0.008421851322054863
0.0 0.28082813024520875 0.25315623749047517 0.008640646934509277 0.006656220182776451
0.0 0.2620625913143158 0.2835468642413616 0.006781160831451416 0.015953142195940018
0.0 0.25710944533348085 0.2881562488153577 0.008203089237213135 0.008843796327710152
0.0 0.3914375126361847 0.294312496855855 0.0089530348777771 0.010359328240156174
0.0 0.3641405820846558 0.2768124911934137 0.0063593387603759766 0.008671849966049194
0.0 0.3699061691761017 0.2753437554463744 0.008843600749969482 0.006921859458088875
0.0 0.38453118205070497 0.28059372697025536 0.007734239101409912 0.01064060814678669
0.0 0.3814531683921814 0.26604688372462987 0.008640646934509277 0.009640613570809364
0.0 0.4055937647819519 0.27556249797344207 0.009078025817871094 0.008999951183795929
0.0 0.4099687159061432 0.2677968742325902 0.010828077793121338 0.008937539532780647
0.0 0.4090625762939453 0.2407968698069453 0.009000062942504883 0.008359389379620552
0.0 0.42007814049720765 0.24484374485909938 0.011140644550323486 0.008859436959028244
0.0 0.4421093583106995 0.26225000731647014 0.009000062942504883 0.007671855390071869
0.0 0.4514999508857727 0.26201559901237487 0.010172009468078613 0.008250005543231964
0.0 0.46310935616493226 0.2673437485471368 0.008828222751617432 0.008031288161873817
0.0 0.47831247448921205 0.26531247813254594 0.009702980518341064 0.008203083649277687
0.0 0.7666094422340393 0.28884375765919684 0.011187314987182617 0.008843746036291122
0.0 0.7687187314033508 0.2967031246051192 0.01132822036743164 0.00918748788535595
0.0 0.962921929359436 0.21434373427182435 0.00885915756225586 0.009671894833445549
0.0 0.9860157489776611 0.16703125201165675 0.00742185115814209 0.007250010967254639
0.0 0.4369842827320099 0.23621874134987592 0.005687534809112549 0.0052499715238809586
0.0 0.4387656271457672 0.24270309060811995 0.009874999523162842 0.009078104048967361
0.0 0.47275002002716066 0.2005312588997185 0.0071561336517333984 0.01031253207474947
0.0 0.48926563262939454 0.20040623443201183 0.008343815803527832 0.00734372902661562
0.0 0.5050937056541442 0.204468750115484 0.00904691219329834 0.007281267084181309
0.0 0.5570780456066131 0.21717188479378818 0.008359372615814209 0.007546856068074703
0.0 0.588609379529953 0.21653126012533902 0.007499992847442627 0.006984371691942215
0.0 0.6111874997615814 0.21576564870774745 0.012437403202056885 0.006874987855553627
0.0 0.6159375131130218 0.21817186679691075 0.010406434535980225 0.007671905681490898
0.0 0.6554219543933868 0.20971875935792922 0.006796896457672119 0.007031243294477463
0.0 0.6178749620914459 0.20356249874457716 0.010734379291534424 0.007625008933246136
0.0 0.7377187430858612 0.22242188146337866 0.010468661785125732 0.00656250212341547
0.0 0.8040782034397125 0.20701560815796255 0.010312378406524658 0.008781258948147297
0.0 0.8551562249660491 0.21071875393390654 0.008312523365020752 0.006859347224235535
0.0 0.8581561863422393 0.2133750209584832 0.008656203746795654 0.006500015035271645
0.0 0.8510469019412994 0.2165468756109476 0.008703052997589111 0.00701560266315937
0.0 0.871859323978424 0.21320311231538652 0.007953286170959473 0.006093735806643963
0.0 0.8841250658035278 0.21400000499561428 0.00950002670288086 0.006218760274350643
0.0 0.8696093082427978 0.21803123941645025 0.008046984672546387 0.007249985821545124
0.0 0.8616874933242797 0.22417187197133898 0.0084686279296875 0.0064687589183449745
0.0 0.8659688353538513 0.22732809856534003 0.010281085968017578 0.006624989211559296
0.0 0.436890584230423 0.2776093838736415 0.006703197956085205 0.006640629842877388
0.0 0.4326094210147858 0.2719062615185976 0.00732797384262085 0.005609404295682907
0.0 0.4452499568462372 0.27407814674079417 0.011078059673309326 0.006718732416629791
0.0 0.4516562342643738 0.278265636600554 0.009390592575073242 0.010687479749321938
0.0 0.4223280668258667 0.18590625021606683 0.007640719413757324 0.007546881213784218
0.0 0.4106406092643738 0.187062500230968 0.008390665054321289 0.007343754172325134
0.0 0.40204681158065797 0.18556249579414724 0.0069844722747802734 0.006843731738626957
0.0 0.3924843788146973 0.18689062930643557 0.007843494415283203 0.00701560266315937
0.0 0.40239058136940004 0.1961406168527901 0.006453216075897217 0.005937480367720127
0.0 0.38956246972084047 0.19939061179757117 0.007124841213226318 0.006546836346387863
0.0 0.405750048160553 0.21115625156089662 0.0061876773834228516 0.004812461324036121
0.0 0.42271868586540223 0.20740623418241738 0.006796896457672119 0.0075312405824661255
0.0 0.4259218692779541 0.22225001053884624 0.0062187910079956055 0.0054999953135848045
0.0 0.44590620398521424 0.21657813172787427 0.00640636682510376 0.005437508225440979
0.0 0.44800002574920655 0.22740627657622098 0.005234241485595703 0.006140632554888725
0.0 0.45785937905311586 0.22156248912215232 0.0071874260902404785 0.0057500191032886505
0.0 0.4614843845367432 0.2337343955412507 0.005312561988830566 0.006984421983361244
0.0 0.4659686803817749 0.22907811421900987 0.007843852043151855 0.007312523201107979
0.0 0.47448442578315736 0.21954685933887957 0.007656276226043701 0.007078114897012711
0.0 0.48385937213897706 0.22201563995331525 0.0081406831741333 0.0071874987334012985
0.0 0.49128122329711915 0.2264374878257513 0.008484363555908203 0.006328169256448746
0.0 0.48634372353553773 0.23284373451024293 0.009890735149383545 0.0084062609821558
0.0 0.5052344322204589 0.22170311650261282 0.007984399795532227 0.005984351970255375
0.0 0.502156239748001 0.2244843702763319 0.007281124591827393 0.005343765020370483
0.0 0.5171875178813934 0.22343749152496456 0.00784367322921753 0.008687465451657772
0.0 0.5229374587535858 0.22703122831881045 0.008453071117401123 0.006546836346387863
0.0 0.5331563174724578 0.2280312731862068 0.009499847888946533 0.006999962031841278
0.0 0.4142344117164612 0.20248437644913791 0.005296826362609863 0.005218765698373318
0.0 0.40887508988380433 0.20415625181049107 0.005484402179718018 0.005171868950128555
0.0 0.3966092586517334 0.20100001264363526 0.0054531097412109375 0.0063281189650297165
0.0 0.39989076256752015 0.20648437989875673 0.007046878337860107 0.005812506191432476
0.0 0.4315937578678131 0.2121093745343387 0.012093722820281982 0.007453163154423237
0.0 0.48629696369171144 0.18301561260595917 0.009187459945678711 0.005187484435737133
0.0 0.5475468158721923 0.12228125585243106 0.007562398910522461 0.007140601985156536
0.0 0.6078125655651092 0.12407813053578139 0.006124913692474365 0.006390631198883057
0.0 0.6113906323909759 0.1059531282633543 0.010374963283538818 0.004968741908669472
0.0 0.6575000405311584 0.10895311199128628 0.0045626163482666016 0.005171868950128555
0.0 0.6392187297344207 0.10970312049612403 0.005749762058258057 0.004500000737607479
0.0 0.6383594393730163 0.1153437557630241 0.0062187910079956055 0.003421853296458721
0.0 0.6438437521457672 0.11159375095739961 0.006031215190887451 0.004796870984137058
0.0 0.6470624923706054 0.14596874052658676 0.00475001335144043 0.005875018425285816
0.0 0.6009532630443573 0.12667187275364994 0.008359372615814209 0.0064687589183449745
0.0 0.5443438112735748 0.1624531361274421 0.006234347820281982 0.006156248040497303
0.0 0.5270001113414764 0.19234375301748513 0.00856250524520874 0.00568750686943531
0.0 0.5317811489105224 0.199875006172806 0.00579679012298584 0.006250041536986828
0.0 0.6205156862735748 0.18885936234146355 0.007562577724456787 0.008156262338161469
0.0 0.6472811818122863 0.1927500071004033 0.00956261157989502 0.005046894773840904
0.0 0.6342968761920929 0.1891093861311674 0.007531106472015381 0.00646873377263546
0.0 0.6256563186645507 0.18201561802998184 0.0054999589920043945 0.005359380505979061
0.0 0.5916093409061431 0.15995313711464404 0.006578028202056885 0.0057500191032886505
0.0 0.6666718542575836 0.16415624246001242 0.007484257221221924 0.007218729704618454
0.0 0.5137187063694 0.18085938058793544 0.009984433650970459 0.006468784064054489
0.0 0.5072967827320098 0.18484375597909092 0.007250010967254639 0.006249991245567799
0.0 0.502281230688095 0.1862500046379864 0.0054375529289245605 0.003984362818300724
0.0 0.5245154917240142 0.18520312588661908 0.008203089237213135 0.006312528625130653
0.0 0.5284531533718109 0.18223437312990426 0.005952894687652588 0.005453148856759071
0.0 0.5384999930858612 0.19268750743940471 0.005203306674957275 0.004859383217990398
0.0 0.5461874723434448 0.1913437584415078 0.006046772003173828 0.005953146144747734
0.0 0.5450156152248382 0.1677656198851764 0.005734384059906006 0.0053750211372971535
0.0 0.5580155670642852 0.17798438360914587 0.008156239986419678 0.0076718805357813835
0.0 0.5562344014644622 0.19412499964237212 0.00796884298324585 0.007656265050172806
0.0 0.5650312423706054 0.19734375104308127 0.008046627044677734 0.006687501445412636
0.0 0.5733905255794525 0.20137498546391724 0.00595325231552124 0.005312483757734299
0.0 0.570968759059906 0.1936718739569187 0.0071718692779541016 0.006078120321035385
0.0 0.5857187628746032 0.18614062080159782 0.007718682289123535 0.005796865560114384
0.0 0.5996405899524688 0.17351561384275555 0.00595325231552124 0.0068125007674098015
0.0 0.6117656052112579 0.1833593796007335 0.006640613079071045 0.006296862848103046
0.0 0.6140624701976776 0.17667187815532087 0.005187571048736572 0.005703122355043888
0.0 0.5666563034057617 0.17814062647521495 0.008640646934509277 0.0072968825697898865
0.0 0.5694687783718109 0.16895312601700424 0.006828010082244873 0.007093730382621288
0.0 0.5651563227176666 0.16295313341543077 0.0069689154624938965 0.005203125067055225
0.0 0.5504062294960022 0.16267187865450977 0.004406332969665527 0.00462497491389513
0.0 0.5554061353206634 0.16074999207630752 0.006984293460845947 0.005484354682266712
0.0 0.6784062504768371 0.17149999663233756 0.006703019142150879 0.006140632554888725
0.0 0.6853750765323638 0.1677656198851764 0.005140721797943115 0.006062504835426807
0.0 0.6940623939037323 0.17421875074505805 0.0070626139640808105 0.00617191381752491
0.0 0.6989062845706939 0.167593748960644 0.005984365940093994 0.00504686962813139
0.0 0.7091875493526458 0.1672499945387244 0.0063437819480896 0.005031254142522812
0.0 0.7248593389987945 0.16346875876188277 0.006734311580657959 0.005546892061829567
0.0 0.7482968389987945 0.15784373898059129 0.0044844746589660645 0.005734378471970558
0.0 0.7706406235694885 0.15474999947473406 0.00475001335144043 0.004937485791742802
0.0 0.7532655417919158 0.14914062032476066 0.004999816417694092 0.0051406631246209145
0.0 0.7563437342643737 0.14217186411842703 0.005781412124633789 0.005359380505979061
0.0 0.7474843978881835 0.13643749821931123 0.0055468082427978516 0.006000017747282982
0.0 0.7367030799388885 0.13923436747863888 0.00687485933303833 0.00753126572817564
0.0 0.721656334400177 0.14498437400907277 0.005703091621398926 0.004906229674816132
0.0 0.725124967098236 0.12885938603430985 0.006578207015991211 0.004968741908669472
0.0 0.7138594210147857 0.14282812941819428 0.005593836307525635 0.005328124389052391
0.0 0.707515549659729 0.14787501161918043 0.007046699523925781 0.005296868272125721
0.0 0.6960312247276306 0.1426562459208071 0.007624983787536621 0.006328144110739231
0.0 0.694609385728836 0.13382812794297932 0.008828222751617432 0.0068437568843364716
0.0 0.6617968499660491 0.1298750086687505 0.008468806743621826 0.006328144110739231
0.0 0.6686718881130218 0.13545311912894248 0.008734166622161865 0.006734373047947884
0.0 0.6811406731605529 0.13373437216505407 0.007452964782714844 0.005312508903443813
0.0 0.6787187278270721 0.13742186473682522 0.006640613079071045 0.0059531209990382195
0.0 0.6868437647819519 0.11050000060349703 0.00807809829711914 0.006624989211559296
0.0 0.7974843502044677 0.13121874509379267 0.007968664169311523 0.0076718805357813835
0.0 0.7836718678474426 0.12471875520423055 0.006593942642211914 0.004765640012919903
0.0 0.7025938749313354 0.12045312505215407 0.00592195987701416 0.0056406352669000626
0.0 0.6874375164508819 0.12003125548362732 0.011968910694122314 0.009515639394521713
0.0 0.6950000047683715 0.11420312123373151 0.008265495300292969 0.007281267084181309
0.0 0.7026562809944152 0.1135156249627471 0.004046916961669922 0.004578128457069397
0.0 0.7065468251705169 0.1160312520340085 0.005000174045562744 0.005218740552663803
0.0 0.7096405744552612 0.11242186203598976 0.007234454154968262 0.00507812574505806
0.0 0.7153594017028808 0.11407810933887959 0.006515622138977051 0.004937510937452316
0.0 0.7152811706066131 0.11862499425187707 0.004187643527984619 0.0045312317088246346
0.0 0.7195625126361846 0.11818750919774175 0.00432819128036499 0.0041718995198607445
0.0 0.9996132612228393 0.1330000042915344 0.000773477554321289 0.007734367623925209
0.0 0.9972499668598175 0.14078124351799487 0.00550006628036499 0.0056406352669000626
0.0 0.9919687330722808 0.1448281311430037 0.012640893459320068 0.006640604697167873
0.0 0.9990234434604645 0.1452031291089952 0.0019531130790710449 0.0073906006291508675
0.0 0.9818905115127563 0.12949999812990426 0.009250044822692871 0.007843751460313797
0.0 0.9663750052452087 0.12934376783668994 0.00871896743774414 0.006078120321035385
0.0 0.9354374229907989 0.13626561472192406 0.007593691349029541 0.008328133262693882
0.0 0.8026405394077301 0.12678124401718377 0.0062500834465026855 0.004874998703598976
0.0 0.8087344288825988 0.12232812745496631 0.009984254837036133 0.0072812167927622795
0.0 0.7741873979568481 0.12470312714576721 0.007312417030334473 0.004968741908669472
0.0 0.7686092972755432 0.12664062920957803 0.006046772003173828 0.006000017747282982
0.0 0.7512187480926513 0.12165625924244523 0.006609320640563965 0.005937480367720127
0.0 0.7602342784404754 0.1230781233869493 0.007656276226043701 0.0059531209990382195
0.0 0.7397345125675201 0.12148437574505806 0.006234347820281982 0.004203105345368385
0.0 0.7446249842643737 0.1248593700118363 0.006609678268432617 0.004609384573996067
0.0 0.7301250517368316 0.11742188520729542 0.00576549768447876 0.006000017747282982
0.0 0.7289530158042907 0.11317187054082752 0.006749868392944336 0.005234356038272381
0.0 0.7348123908042907 0.11434374861419201 0.005187392234802246 0.004249976947903633
0.0 0.7398281216621398 0.11215624790638686 0.006390810012817383 0.005406226962804794
0.0 0.7493124127388 0.11368749588727951 0.007452964782714844 0.007078114897012711
0.0 0.9005469799041748 0.12182811759412289 0.0071561336517333984 0.004562487825751305
0.0 0.8873906552791595 0.12126562064513564 0.007077991962432861 0.005921890027821064
0.0 0.9024061977863311 0.12850000355392693 0.008359372615814209 0.004140643402934074
0.0 0.9107968628406524 0.1241093740798533 0.005140721797943115 0.004093746654689312
0.0 0.9202343940734863 0.12374999159947038 0.007734417915344238 0.005906249396502972
0.0 0.9320937812328338 0.12353126164525748 0.0089530348777771 0.005437508225440979
0.0 0.9492811977863311 0.12724999776110052 0.008312523365020752 0.005390611477196217
0.0 0.944406372308731 0.131515627913177 0.008546769618988037 0.006406271830201149
0.0 0.9446719110012054 0.1381875013001263 0.005328118801116943 0.0047499993816018105
0.0 0.9530624866485595 0.13682812424376606 0.005859375 0.004546872340142727
0.0 0.9511562407016754 0.13957813447341322 0.0054686665534973145 0.006234350614249706
0.0 0.9557031214237213 0.13181249815970658 0.006359517574310303 0.005515610799193382
0.0 0.9627187073230743 0.13470312319695948 0.007343709468841553 0.007218779996037483
0.0 0.9748279869556427 0.13260937826707958 0.005624949932098389 0.005156253464519978
0.0 0.9716406285762786 0.13489060960710048 0.00576549768447876 0.005593763664364815
0.0 0.9679844200611114 0.14043750166893004 0.01057809591293335 0.0057500191032886505
0.0 0.9775467634201049 0.1378125033341348 0.006453037261962891 0.00601563323289156
0.0 0.9859217822551727 0.13584373258054255 0.009718716144561768 0.007453138008713722
0.0 0.9307812869548797 0.12795312209054827 0.008703052997589111 0.005703122355043888
0.0 0.7610312521457672 0.11121875299140811 0.006140649318695068 0.003812466748058796
0.0 0.7571874678134918 0.11429687701165676 0.0054686665534973145 0.005578123033046722
0.0 0.7602969527244567 0.11829688046127558 0.007624983787536621 0.004000028595328331
0.0 0.764390629529953 0.11596875237300992 0.005578100681304932 0.00426564272493124
0.0 0.7690937042236328 0.12039062539115548 0.004703164100646973 0.003703133203089237
0.0 0.7718906223773956 0.11629687873646617 0.00589066743850708 0.005187484435737133
0.0 0.7784218907356262 0.11921874731779099 0.005781412124633789 0.004874998703598976
0.0 0.7797812342643737 0.11281250063329935 0.006749868392944336 0.004375001415610313
0.0 0.7840937793254852 0.11746875680983067 0.006593763828277588 0.005781250074505806
0.0 0.7906250476837158 0.1150625010021031 0.004703164100646973 0.004484360106289387
0.0 0.7951093435287475 0.12042188150808215 0.009281158447265625 0.006406246684491634
0.0 0.8008749306201934 0.11635937839746475 0.006734311580657959 0.00882810540497303
0.0 0.8142813265323638 0.11375000812113285 0.008968770503997803 0.004484385251998901
0.0 0.8124999821186065 0.12835937617346643 0.007156312465667725 0.004703127779066563
0.0 0.8476093828678131 0.13889062562957405 0.005328118801116943 0.004671846516430378
0.0 0.8497187614440918 0.1218750017695129 0.005047202110290527 0.004359385930001736
0.0 0.8538906693458557 0.12354687713086605 0.005656242370605469 0.0046562310308218
0.0 0.864249986410141 0.12879688637331127 0.006734311580657959 0.005156253464519978
0.0 0.8662188172340393 0.1370781228877604 0.006797075271606445 0.005562507547438145
0.0 0.8780938506126403 0.13878124179318546 0.006406188011169434 0.006765629164874554
0.0 0.8769062578678131 0.13306249137967824 0.008015692234039307 0.004812486469745636
0.0 0.8736093759536743 0.12781249471008777 0.007906436920166016 0.004812486469745636
0.0 0.8689531505107879 0.1229374960064888 0.006578028202056885 0.006015608087182045
0.0 0.8644219160079956 0.11934374663978815 0.007015585899353027 0.005843762308359146
0.0 0.8876249015331268 0.13748438954353331 0.005421817302703857 0.0051249973475933075
0.0 0.8283905506134033 0.13206250937655567 0.0055310726165771484 0.0042031304910779
0.0 0.8250624656677246 0.12859374675899743 0.0061719417572021484 0.0052343811839818954
0.0 0.8417500078678131 0.13271876210346817 0.00576549768447876 0.0042031304910779
0.0 0.8353280842304229 0.12881250185891985 0.005500137805938721 0.004359385930001736
0.0 0.8139998733997345 0.11818749662488699 0.006578028202056885 0.004953151568770409
0.0 0.8190312504768371 0.12114062132313848 0.006718754768371582 0.006218760274350643
0.0 0.8252968907356262 0.11584375305101276 0.006656169891357422 0.004906254820525646
0.0 0.8267500221729278 0.12048438116908074 0.0063437819480896 0.005046894773840904
0.0 0.8537968814373016 0.117156245931983 0.00535959005355835 0.003562493249773979
0.0 0.8371719241142273 0.118468751385808 0.005906224250793457 0.0055156610906124115
0.0 0.8411719024181366 0.12081249495968223 0.005265533924102783 0.004890614189207554
0.0 0.8314062476158142 0.1192968750372529 0.00429689884185791 0.004515616223216057
0.0 0.8319531500339508 0.12600000454112886 0.004937589168548584 0.002937496639788151
0.0 0.8359999775886535 0.12439061626791954 0.007281303405761719 0.00665627047419548
0.0 0.8508594155311584 0.13070313232019543 0.005765676498413086 0.005093741230666637
0.0 0.855687391757965 0.1298437651246786 0.005234241485595703 0.004640640690922737
0.0 0.8526563167572021 0.13514063339680432 0.004609465599060059 0.004687512293457985
0.0 0.857953143119812 0.13559374650940298 0.007921814918518066 0.004937485791742802
0.0 0.8565624177455902 0.13851562766358255 0.00745314359664917 0.00510938186198473
0.0 0.8430625021457672 0.12748436834663152 0.0056092143058776855 0.0051249973475933075
0.0 0.8461876332759857 0.12434375723823905 0.0062500834465026855 0.00565625075250864
0.0 0.9203750312328338 0.12910938467830418 0.0062500834465026855 0.004390642046928406
0.0 0.9182812094688415 0.13218750869855284 0.005421996116638184 0.004781230352818966
0.0 0.9217655777931213 0.13559374650940298 0.0063593387603759766 0.005703122355043888
0.0 0.9055624425411224 0.1358437451533973 0.00915616750717163 0.007578137330710888
0.0 0.9116717994213104 0.1329531201161444 0.00693744421005249 0.00468748714774847
0.0 0.9115156054496765 0.12829687651246785 0.005843639373779297 0.003984337672591209
0.0 0.9118592858314514 0.1421562360599637 0.0063124895095825195 0.0051249973475933075
0.0 0.9145000994205474 0.13725000638514756 0.008546769618988037 0.006968781352043152
0.0 0.9009218633174896 0.13943749452009796 0.006500065326690674 0.004843742586672306
0.0 0.8924374997615814 0.13604688476771115 0.005687534809112549 0.00410936214029789
0.0 0.8851405501365661 0.12878124574199318 0.004577994346618652 0.005281277932226658
0.0 0.8901249885559082 0.1297812403179705 0.003343820571899414 0.003906260244548321
0.0 0.8954530179500579 0.1285781187005341 0.005015552043914795 0.004859383217990398
0.0 0.8967968940734863 0.13401562692597507 0.007703304290771484 0.006765629164874554
0.0 0.8809217929840087 0.12485938258469105 0.006937623023986816 0.004500025883316994
0.0 0.8776562929153442 0.12170311827212572 0.0055468082427978516 0.003484390676021576
0.0 0.8769063472747802 0.11848437944427133 0.004843711853027344 0.00317185465246439
0.0 0.8823437213897705 0.11989062810316682 0.005124807357788086 0.0038281073793768883
