0.0 0.9832343608140945 0.25760935992002487 0.017624884843826294 0.013156235218048096
0.0 0.9988671690225601 0.26578126288950443 0.0022656619548797607 0.013749975711107254
0.0 0.981265664100647 0.3239531461149454 0.01601564884185791 0.01403120532631874
0.0 0.6384062170982361 0.38679685071110725 0.011406183242797852 0.01348433643579483
0.0 0.6400468796491623 0.40317188762128353 0.021546989679336548 0.01765621080994606
0.0 0.5696406364440918 0.35981248691678047 0.022390544414520264 0.017453134059906006
0.0 0.5499218851327896 0.34742188826203346 0.01898440718650818 0.00932825356721878
0.0 0.4844062924385071 0.2971874997019768 0.013484358787536621 0.010124970227479935
0.0 0.4946250170469284 0.3173281569033861 0.014031261205673218 0.008781183511018753
0.0 0.46681252121925354 0.3164687268435955 0.013703227043151855 0.01015625149011612
0.0 0.44226565957069397 0.3335468377918005 0.014953136444091797 0.00889061763882637
0.0 0.40681248903274536 0.3437812924385071 0.02048438787460327 0.011343732476234436
0.0 0.3790625333786011 0.2810156401246786 0.018437504768371582 0.008843746036291122
0.0 0.7211562544107437 0.19946875795722008 0.012374907732009888 0.012312546372413635
0.0 0.6884531080722809 0.21607812773436308 0.017234444618225098 0.009140616282820702
0.0 0.7050937563180923 0.22457810677587986 0.017234355211257935 0.009515639394521713
