0.0 0.2287233829498291 0.024475039122626184 0.018762946128845215 0.01891034049913287
0.0 0.26760602593421934 0.11792624592781067 0.026056230068206787 0.0227976031601429
0.0 0.2595148742198944 0.13403623448684812 0.01821202039718628 0.020966618321835995
0.0 0.2807090640068054 0.1404529543593526 0.020006775856018066 0.019392019137740135
0.0 0.28169692158699033 0.12450526878237725 0.018736302852630615 0.015797339379787445
0.0 0.4580322265625 0.16301437644287944 0.026695847511291504 0.02215817291289568
0.0 0.42615908980369566 0.20166597226634622 0.029471218585968018 0.02487214934080839
0.0 0.376807963848114 0.19325145091861487 0.02395498752593994 0.025504589080810547
0.0 0.3483120858669281 0.2021037339232862 0.028576791286468506 0.02578513976186514
0.0 0.3690482437610626 0.21772159580141306 0.023518860340118408 0.02195708267390728
0.0 0.30735582709312437 0.23815542683005334 0.02892369031906128 0.025529734790325165
0.0 0.3511530816555023 0.24997765701264144 0.02675074338912964 0.02616048976778984
0.0 0.34601048231124876 0.27705202987417576 0.023998618125915527 0.030565188266336918
0.0 0.3869327664375305 0.303251922968775 0.024591565132141113 0.02745682653039694
0.0 0.443973696231842 0.3195431115105748 0.026471972465515137 0.029964381828904152
0.0 0.41369093060493467 0.2945521864108741 0.021957814693450928 0.029705003835260868
0.0 0.3962803542613983 0.2730365492403507 0.02883392572402954 0.022021204233169556
0.0 0.3769842743873596 0.25890183160081504 0.028738975524902344 0.028468388132750988
