0.0 0.3532656282186508 0.7334218744188548 0.01728120446205139 0.00901564210653305
0.0 0.3342187702655792 0.738249976374209 0.013781368732452393 0.006906269118189812
0.0 0.34559379518032074 0.7124843496829272 0.013468712568283081 0.01015625149011612
0.0 0.33892180025577545 0.726906269043684 0.012296944856643677 0.008171852678060532
0.0 0.24281248450279236 0.7188437499105931 0.012046873569488525 0.008984360843896866
0.0 0.23426562547683716 0.7271250115707517 0.01803123950958252 0.007734367623925209
0.0 0.10693749785423279 0.7741250080987812 0.013234555721282959 0.010843785479664803
0.0 0.04198440909385681 0.7609375167638064 0.01382821798324585 0.010093789547681808
0.0 0.08885931968688965 0.7521562578156591 0.014046907424926758 0.01125003956258297
0.0 0.09326556324958801 0.7177187308669091 0.012890517711639404 0.010906197130680084
0.0 0.138671875 0.5946718726307154 0.011562466621398926 0.011875011026859283
0.0 0.09912493824958801 0.6236093539744616 0.010202944278717041 0.010171841830015182
0.0 0.11670315265655518 0.5822343772277236 0.011297106742858887 0.010578146204352379
0.0 0.1708906590938568 0.5203437704592944 0.013718783855438232 0.0158437080681324
0.0 0.2470625340938568 0.5002031384035945 0.015062391757965088 0.01112501509487629
0.0 0.3203125 0.4782187474891543 0.011078238487243652 0.01009373925626278
0.0 0.4323750138282776 0.4492968816310167 0.010406255722045898 0.011781267821788788
0.0 0.7092344164848328 0.5576874876394868 0.013296782970428467 0.01040625013411045
0.0 0.7282655835151672 0.5551249889656902 0.014718711376190186 0.011781217530369759
0.0 0.5381718873977661 0.43815625105053185 0.01376563310623169 0.00973435677587986
0.0 0.8806093335151672 0.49396873749792575 0.014953136444091797 0.008437491953372955
0.0 0.960031196475029 0.48137501180171965 0.01582816243171692 0.009265691041946411
0.0 0.936328113079071 0.47510937992483376 0.009218752384185791 0.01009373925626278
0.0 0.8914687931537628 0.4647031297907233 0.02156245708465576 0.011203067377209663
0.0 0.9192655980587006 0.4727500334382057 0.013812482357025146 0.010015636682510376
0.0 0.8151093870401382 0.4665781447663903 0.011812537908554077 0.010031277313828468
0.0 0.8044375032186508 0.47418748792260884 0.013250023126602173 0.010609427466988564
0.0 0.16146868467330933 0.6057812470942736 0.01015627384185791 0.01053132489323616
0.0 0.26151561737060547 0.4935625085607171 0.008812665939331055 0.00846872292459011
0.0 0.5269843935966492 0.43676561787724494 0.011312484741210938 0.011890601366758347
0.0 0.5336406081914902 0.4295468881726265 0.010015636682510376 0.006031248718500137
0.0 0.0017969310283660889 0.14614062262699007 0.0035938620567321777 0.004828127101063728
0.0 0.1739373803138733 0.13562500751577317 0.005093693733215332 0.008156249765306711
0.0 0.15867185592651367 0.1327031263615936 0.00950002670288086 0.009249987546354532
0.0 0.19598433375358582 0.13123437175527214 0.0055155158042907715 0.005734378471970558
0.0 0.1617811620235443 0.12031250256113708 0.0053907036781311035 0.00790625112131238
0.0 0.006281167268753052 0.1363437473308295 0.007953107357025146 0.008062481414526701
0.0 0.022937506437301636 0.13529687486588954 0.006781160831451416 0.0045156413689255714
0.0 0.014874875545501709 0.13392187603749334 0.006812453269958496 0.008031250443309546
0.0 0.10864052176475525 0.1997656397987157 0.006437480449676514 0.008890630211681128
0.0 0.10059380531311035 0.20231250412762164 0.004531145095825195 0.006968781352043152
0.0 0.09190630912780762 0.20034374594688414 0.008671760559082031 0.006937500089406967
0.0 0.08500006794929504 0.200031260214746 0.006718933582305908 0.006734373047947884
0.0 0.0737968385219574 0.1982343729585409 0.007687389850616455 0.009687485173344612
0.0 0.06535941362380981 0.1997968833427876 0.006156206130981445 0.008421889040619135
0.0 0.05945318937301636 0.19784375322051345 0.005656242370605469 0.007921866606920958
0.0 0.04635944962501526 0.19920311770401894 0.011734306812286377 0.007593740243464708
0.0 0.02754688262939453 0.2000468694139272 0.009312272071838379 0.00709376810118556
0.0 0.013937532901763916 0.2018281097523868 0.009328007698059082 0.005968761630356312
0.0 0.0026913583278656006 0.20221876092255114 0.005382716655731201 0.006031248718500137
