0.0 0.655859375 0.8232499966397882 0.018437504768371582 0.011781318113207817
0.0 0.44418748617172243 0.8100625053048134 0.013156235218048096 0.010375019162893295
0.0 0.4714218318462372 0.8303436767309904 0.01217186450958252 0.010124970227479935
0.0 0.4173750072717667 0.8153125522658229 0.015468746423721313 0.01046881265938282
0.0 0.42587501704692843 0.9982617367058992 0.015187472105026245 0.003476526588201523
0.0 0.40423432886600497 0.7932187523692846 0.013578146696090698 0.01565622165799141
0.0 0.38821872472763064 0.7788437297567725 0.010593652725219727 0.014140589162707329
0.0 0.26693750321865084 0.9387812800705433 0.015843719244003296 0.015265658497810364
0.0 0.33092191219329836 0.8962499778717756 0.01549994945526123 0.019859377294778824
0.0 0.2939062207937241 0.92296870239079 0.015031188726425171 0.01607806608080864
