0.0 0.23506509959697724 0.005139973846962675 0.01356765627861023 0.01027994769392535
0.0 0.21167958974838258 0.0023795577464625238 0.009088516235351562 0.0047591154929250475
0.0 0.21359371840953828 0.008229165780358016 0.010286420583724976 0.015156251611188054
0.0 0.20028638541698457 0.006142579123843461 0.011770874261856079 0.012285158247686922
0.0 0.16466143429279329 0.01799479019828141 0.011679679155349731 0.01572916517034173
0.0 0.17631503641605378 0.03630208210088313 0.013489574193954468 0.017278643790632486
0.0 0.19763025343418122 0.05617187338648364 0.01005217432975769 0.016731771756894886
0.0 0.22335941791534425 0.06554687230382114 0.010859370231628418 0.016054686857387424
0.0 0.21388026773929597 0.03941406010417268 0.012721270322799683 0.0160807283828035
0.0 0.2121614933013916 0.04949219068512321 0.01214832067489624 0.017018228536471725
0.0 0.1940234273672104 0.03990885432576761 0.011249929666519165 0.012070312513969839
0.0 0.1911457896232605 0.027434896858176218 0.01114577054977417 0.01621093862922862
