0.0 0.4211718410253525 0.6349687580019235 0.015078216791152954 0.018765639513731003
0.0 0.40957812666893006 0.6433906596153974 0.0162813663482666 0.015234377235174179
0.0 0.41037496626377107 0.6206874785944819 0.013000041246414185 0.009703075513243675
0.0 0.027640637755393983 0.9420625459402799 0.013015598058700562 0.016890574246644974
0.0 0.053421896696090695 0.9576406147330999 0.014562427997589111 0.014140639454126358
0.0 0.5485625088214874 0.667140631377697 0.020374953746795654 0.019125021994113922
0.0 0.7413282215595245 0.7633437909185886 0.015374958515167236 0.011374913156032562
0.0 0.8391718089580535 0.8097499966621399 0.012703120708465576 0.014312535524368286
0.0 0.8657343506813049 0.8302968576550483 0.021328210830688477 0.013609461486339569
0.0 0.9952811956405639 0.8969218734651804 0.00943760871887207 0.025296885520219803
0.0 0.9532500028610229 0.039437488093972205 0.008671760559082031 0.004281258210539818
0.0 0.9575781941413879 0.0585312413983047 0.007297039031982422 0.009921868331730366
0.0 0.9154532074928283 0.05410936838015914 0.006390810012817383 0.005234356038272381
0.0 0.9361718416213989 0.06203126013278961 0.011171936988830566 0.004562487825751305
