0.0 0.38948302567005155 0.7393986716866493 0.019158393144607544 0.015295933932065964
0.0 0.3657838314771652 0.7445914367213845 0.018304377794265747 0.015765303745865822
0.0 0.32223387658596037 0.7534708896651864 0.01647225022315979 0.018349478021264076
0.0 0.31997612714767454 0.7706671603024006 0.022732973098754883 0.01855984702706337
0.0 0.38297723829746244 0.805452075228095 0.017673879861831665 0.015958573669195175
0.0 0.7150264889001846 0.9114955052733421 0.013032227754592896 0.014828525483608246
0.0 0.7113114953041076 0.9275277558714151 0.023622214794158936 0.020259294658899307
0.0 0.7866712421178818 0.893498620390892 0.024433046579360962 0.020165450870990753
0.0 0.807808792591095 0.8837231252342462 0.02001875638961792 0.01167253777384758
0.0 0.8791943550109863 0.8422515638172626 0.01466524600982666 0.011761553585529327
0.0 0.8664911895990371 0.8609250694513321 0.01503637433052063 0.01049843430519104
0.0 0.8941862940788269 0.8636185772716999 0.014886260032653809 0.011820495128631592
0.0 0.9163554668426513 0.8836869154125452 0.01596468687057495 0.010724443942308426
0.0 0.9502144664525985 0.8983579281717539 0.021763533353805542 0.01386282965540886
0.0 0.9857402354478836 0.8396424449980259 0.019414633512496948 0.011122249066829681
0.0 0.6568349808454513 0.7151460371911526 0.013843685388565063 0.013789806514978409
0.0 0.6871536880731582 0.7357893319800496 0.018259137868881226 0.011263316497206688
0.0 0.6695651024580002 0.7420983402058482 0.018306881189346313 0.011635271832346916
