0.0 0.9981147892773151 0.372845878591761 0.0037704214453697206 0.0139301554299891
0.0 0.7915249411948025 0.025884158036205918 0.008208073489367963 0.007805218570865691
0.0 0.7684817641973496 0.01530722074676305 0.007560474425554275 0.0071904531214386225
0.0 0.759216049220413 0.0026101538678631186 0.007907549478113651 0.005220307735726237
0.0 0.7630193790420889 0.019795870408415794 0.00872342735528946 0.008741941535845399
0.0 0.8418716757558287 0.001148429699242115 0.009813124127686024 0.00229685939848423
0.0 0.882778563350439 0.01851898751920089 0.010239217057824134 0.010340640437789261
0.0 0.8715778706595302 0.01293448853539303 0.008484544605016709 0.007486811489798129
0.0 0.8976887064054608 0.025913770718034357 0.010987874865531922 0.009065519901923835
0.0 0.8966384728439152 0.031280972820241004 0.011743574775755406 0.012729311012662947
