0.0 0.022965624742209912 0.7648406614549458 0.018437691405415534 0.010286792181432247
0.0 0.03320114235393703 0.7309515961445868 0.01472569489851594 0.010696050710976124
0.0 0.0003498684149235487 0.6218626372981817 0.0006997368298470974 0.010955218505114318
0.0 0.36329230982810257 0.9317620221525431 0.017946340329945087 0.013260854594409465
0.0 0.3901641845703125 0.9925140357110649 0.020007016137242317 0.014720748271793127
0.0 0.022255930118262768 0.7203373971395195 0.014984802156686784 0.009604577533900737
0.0 0.5731220217421651 0.9986752659082413 0.018233091942965983 0.002649468183517456
0.0 0.6498889895156026 0.9068227207288146 0.016295175813138486 0.010914380475878716
0.0 0.6807868662755936 0.9961035239510239 0.01746857715770602 0.0077929520979523655
0.0 0.4119182614609599 0.9567013235762716 0.01836959570646286 0.012796969711780548
0.0 0.20848915479145944 0.942635432863608 0.015012134145945311 0.012551502417773008
0.0 0.5300642991438508 0.8446518710814417 0.01935198549181223 0.015907685831189157
0.0 0.08749075070954859 0.6380431475117803 0.011518325004726649 0.008117546327412128
0.0 0.1152634097263217 0.499853843357414 0.010781610757112503 0.008431340474635363
0.0 0.11404877612367273 0.5066753091989085 0.0089936301112175 0.00862231315113604
0.0 0.17089048945344984 0.6124763236613944 0.01181882070377469 0.007517227297648787
0.0 0.20342594282701612 0.6372246304526925 0.014930450543761253 0.00807662047445774
0.0 0.19834914295934142 0.632435954362154 0.013865752425044776 0.006548663415014744
0.0 0.19066557413898408 0.6465290704276413 0.008707034680992366 0.007721900474280119
0.0 0.19583795787766575 0.70537109375 0.007465225271880626 0.008103845827281474
0.0 0.14089324078522622 0.48521496874745934 0.006468935217708349 0.008417683886364102
0.0 0.1130252321716398 0.42476311470381917 0.008311267476528883 0.006221168767660856
0.0 0.03193200095556677 0.43618224004749206 0.00780617231503129 0.008390458533540368
0.0 0.004800784680992365 0.41637270008213817 0.0067827064543962475 0.006316633149981499
0.0 0.049619077844545244 0.3624831001739949 0.0079155002720654 0.00639857267960906
0.0 0.0008651154581457377 0.366930712852627 0.0017302309162914753 0.007121625356376171
0.0 0.19320401311852037 0.4795395146124065 0.007738076616078615 0.008240323886275292
0.0 0.21366161662153899 0.48840742679312826 0.01271937070414424 0.007817364856600761
0.0 0.2260534720029682 0.495638195076026 0.00993525618687272 0.0074626887682825325
0.0 0.6178174771368503 0.9997871580999345 0.01338798925280571 0.00042568380013108253
0.0 0.6035012935288251 0.9762789430562406 0.01570824086666107 0.012415024358779192
0.0 0.6289810329210013 0.9679294981993735 0.02186324866488576 0.00987753365188837
0.0 0.5948351006489248 0.9336720563005656 0.015094286296516657 0.012987986300140619
0.0 0.5529373476747423 0.9789938815869391 0.010385687369853258 0.013397332653403283
0.0 0.43479138808324935 0.9701532825827599 0.018997450545430183 0.011214561946690082
0.0 0.5513134370557964 0.7822626916691661 0.015571737103164196 0.011241787299513816
0.0 0.505212336499244 0.7902438038494438 0.010904370434582233 0.008758747298270465
0.0 0.5153386042453348 0.7844592506997288 0.01438443548977375 0.010709751211106778
0.0 0.4174318265169859 0.7799706682562828 0.013633820973336697 0.013929368741810323
0.0 0.4484387969598174 0.7669143990147859 0.016063088178634645 0.017585733626037835
0.0 0.4730724941473454 0.7525346702430398 0.01169606102630496 0.009809294622391463
0.0 0.39071004344150423 0.7553997434210032 0.012869462370872498 0.016248705331236124
0.0 0.40173732973635196 0.7541718800086528 0.010713202692568303 0.016794441919773816
0.0 0.4447403883561492 0.7416613034438342 0.010535779036581516 0.009754668269306422
0.0 0.4538432683330029 0.7271724976133556 0.012965202424675226 0.009877445828169584
0.0 0.4254838305525482 0.7209785981103778 0.011300137639045716 0.008786060474812984
0.0 0.42178534385748206 0.73870076588355 0.01484845457598567 0.006685053650289774
0.0 0.4172270708717406 0.7449629483278841 0.014984802156686784 0.009550039004534484
0.0 0.3700341744814068 0.71818185178563 0.007369485218077898 0.010559572651982308
0.0 0.394067348819226 0.717322321049869 0.009880748391151429 0.010327718034386636
0.0 0.38405009666457773 0.6758477894123643 0.014875786565244197 0.008649670239537954
0.0 0.34852569503709674 0.6373337514232844 0.014998546242713929 0.00746264485642314
0.0 0.3488806204404682 0.6293799085076899 0.011668572854250669 0.00804930729791522
0.0 0.4241872790735215 0.6347143211867661 0.01625409973785281 0.007558197062462568
0.0 0.4414104930590838 0.6384797631297261 0.010917958337813616 0.008363013621419668
0.0 0.4510045679286122 0.6487255855463445 0.013442653231322765 0.009045316092669963
0.0 0.18392378757707775 0.44777874734718354 0.008952866401523351 0.006507693650200963
0.0 0.2340782221406698 0.4676155785331503 0.007710744626820087 0.011050814623013138
0.0 0.25285709486342967 0.4707943799905479 0.011545813176780939 0.01234687315300107
0.0 0.2514240396209061 0.45910238635260614 0.009621484950184823 0.007067042915150523
0.0 0.25416715615428986 0.48963526824954895 0.008898202423006296 0.010668781446292996
0.0 0.2493223658297211 0.5032509526237845 0.009853728767484426 0.010750677064061165
0.0 0.26792389298789204 0.49936268921010196 0.012050595972687006 0.007053386326879263
0.0 0.2932672847993672 0.4909313706913963 0.007041969895362854 0.008090277062729
0.0 0.2967199397739023 0.4839598360704258 0.010071759950369597 0.010013879975304008
0.0 0.28513328479602934 0.5075348399346694 0.009757988713681697 0.01200580974109471
0.0 0.2967609377577901 0.5013273057993501 0.012732958607375621 0.009140780474990607
0.0 0.31402491545304656 0.5061978335957974 0.008147431723773479 0.006480424385517836
0.0 0.3228821198921651 0.4990762082394212 0.014016000274568795 0.007080699503421784
0.0 0.31274210806004704 0.5269623467233032 0.0075197330676019195 0.008635969739407301
0.0 0.3357926583383232 0.5249568701488897 0.011109126079827548 0.00826759315095842
