0.0 0.6956879317760467 0.9973921254277229 0.024246633052825928 0.005215749144554138
0.0 0.11368746757507324 0.01942805713042617 0.01894068717956543 0.01494044903665781
0.0 0.13676170706748964 0.007147638592869043 0.017163097858428955 0.014295277185738087
0.0 0.15127478241920472 0.016564073972404003 0.016122043132781982 0.0146564282476902
0.0 0.13345829844474794 0.042800290044397116 0.01756078004837036 0.01386899035423994
0.0 0.11167590022087097 0.039680487010627985 0.01575833559036255 0.014292544685304165
0.0 0.17640913724899293 0.08488066680729389 0.01698625087738037 0.015630874782800674
0.0 0.18802658915519715 0.10890354495495558 0.014144361019134521 0.013339949771761894
0.0 0.27652124762535096 0.04799051536247134 0.01697605848312378 0.012634084559977055
0.0 0.2989869832992554 0.04959535226225853 0.017237305641174316 0.012564606964588165
0.0 0.23888797760009767 0.04279939737170935 0.011394381523132324 0.012221015989780426
0.0 0.26509298086166383 0.08823108114302158 0.01335132122039795 0.01200687512755394
0.0 0.2478428900241852 0.054485538974404335 0.01763230562210083 0.01460181176662445
0.0 0.2874791443347931 0.12423480860888958 0.015863120555877686 0.013747159391641617
0.0 0.21829469203948976 0.09320837259292603 0.0134657621383667 0.012275632470846176
0.0 0.24471758008003236 0.11117226630449295 0.014351427555084229 0.012654226273298264
0.0 0.2498785972595215 0.13279151637107134 0.014914512634277344 0.01609380729496479
0.0 0.31433449387550355 0.1419754084199667 0.016246497631072998 0.014857795089483261
0.0 0.3279573440551758 0.07437905156984925 0.01840353012084961 0.01398415770381689
0.0 0.3338678598403931 0.024349675979465246 0.018335580825805664 0.014147705398499966
0.0 0.2832359790802002 0.028180411085486412 0.015600085258483887 0.011941445991396904
0.0 0.28113089203834535 0.06535078631713986 0.014137566089630127 0.013729783706367016
