0.0 0.47093828953802586 0.9968736940529197 0.015074460953474044 0.0062526118941605095
0.0 0.498418390378356 0.9918093713931739 0.01798478588461876 0.01471228189766407
0.0 0.9962382989004255 0.11192381901200861 0.006544816121459007 0.010890077473595739
0.0 0.9622536517679692 0.09223580784164369 0.009334389120340347 0.006517928000539542
0.0 0.9703407697379589 0.09695663715247065 0.01039387509226799 0.006799591379240156
0.0 0.9668805956840515 0.10315273506566883 0.009589245915412903 0.006115613412111998
0.0 0.9712259193882347 0.11365390124265104 0.006585028395056725 0.006826441129669547
0.0 0.9476619875058532 0.11364049795083701 0.006759383901953697 0.006799634546041489
0.0 0.9035785151645541 0.0523903681198135 0.008194440230727195 0.005471866903826594
0.0 0.8421137863770127 0.09017044906504453 0.011560683324933051 0.006705703586339951
0.0 0.7955223996192217 0.0343921861378476 0.010487806051969528 0.0061021885368973015
0.0 0.8152640551328659 0.032487774780020115 0.006008358299732208 0.004989046230912208
0.0 0.8393510535359383 0.033238812373019753 0.006316857039928436 0.004331918014213443
0.0 0.743834625184536 0.07123345390427857 0.00946860909461975 0.008006621478125453
0.0 0.721719179302454 0.06818907207343727 0.008891823887825012 0.007631070306524634
0.0 0.755408738180995 0.07203816941473633 0.007215417176485062 0.006531352875754237
0.0 0.763764027506113 0.07262823800556362 0.007215340435504913 0.005565754696726799
0.0 0.7866440437734127 0.05448255506344139 0.007778619229793548 0.0064375514164566995
0.0 0.7220276396721601 0.027485303673893215 0.006115565448999405 0.0057669119909405705
0.0 0.6650825709104538 0.0452018222771585 0.006906841695308685 0.007255562301725149
0.0 0.6396946977823973 0.031723290728405115 0.009186892956495284 0.007242180593311787
0.0 0.6152053464204073 0.025942975445650517 0.008610107749700547 0.00590103124268353
0.0 0.5587297022342682 0.022563295485451818 0.005780284106731415 0.005082977190613747
0.0 0.5686809737235308 0.04530911336187273 0.005270647257566452 0.005310941068455577
0.0 0.5624849069863558 0.046864844881929456 0.006048493832349777 0.005579179571941495
0.0 0.5573483262211084 0.05399977755732834 0.005847432464361191 0.004398956056684255
0.0 0.4302613493055105 0.07732226073276252 0.006330133229494095 0.005243859859183431
0.0 0.37933803014457224 0.06769284810870886 0.005297506600618318 0.005377979110926389
0.0 0.27157696448266505 0.16326287284027785 0.005914504081010819 0.006920285755768418
0.0 0.27934215404093266 0.1522655042819679 0.006544854491949081 0.005404828861355781
0.0 0.3567799422889948 0.07003982709720731 0.0062497086822985715 0.004694044310599566
0.0 0.3459300722926855 0.06904740075115115 0.008019969612360045 0.005941262701526284
0.0 0.35944880172610283 0.0753373432904482 0.008985754847526551 0.005069509148597717
0.0 0.35162993185222147 0.08219061258714647 0.006316780298948332 0.0058205683249980215
0.0 0.3413567319512367 0.08070196227636188 0.007483626902103424 0.005538948113098741
0.0 0.3047434568405151 0.08583855263423175 0.0063704222440720045 0.0066520472522825
0.0 0.28988356366753576 0.09207488200627267 0.006464353203773454 0.006196076329797506
0.0 0.28485430516302584 0.08257954546716065 0.005753501504659609 0.006598434085026384
0.0 0.3001299042254686 0.06749169081449509 0.00536457821726799 0.004989046230912208
0.0 0.2901920240372419 0.06800129648763686 0.0069337777793407 0.005445017153397203
0.0 0.28930693194270135 0.05603828658349812 0.006544777750968933 0.005230434983968735
0.0 0.2822792615741491 0.06269037700258195 0.0073762662708759304 0.005458442028611898
0.0 0.27338751442730425 0.061456497153267266 0.007148345559835479 0.005297516193240881
0.0 0.2706649746745825 0.04910455436911434 0.005592652410268739 0.00590103124268353
0.0 0.25154023990035057 0.064085161103867 0.006142348051071167 0.0051768649835139515
0.0 0.27336065508425234 0.06830976644996553 0.005592498928308487 0.004452612390741706
0.0 0.26955180838704107 0.07600793954916299 0.0062095731496810466 0.004787888936698436
0.0 0.2660782430320978 0.08396094786003232 0.005606005340814679 0.006665472127497196
0.0 0.2541957080364227 0.09042526269331574 0.005673153698444367 0.005619367863982916
0.0 0.24551849029958248 0.081520059495233 0.006316780298948332 0.006638665543869137
0.0 0.22562926188111304 0.08455103803426027 0.005176793038845018 0.006786166504025459
0.0 0.3231305956840515 0.02965793195180595 0.006236432492733002 0.00473427576944232
0.0 0.3224868539720774 0.043002322665415704 0.006973990052938505 0.005029320856556297
0.0 0.33622022792696954 0.031723312311805786 0.005901074409484864 0.005082934023812413
0.0 0.3518042873591185 0.03149530526716262 0.0070275552570819855 0.008918649656698108
0.0 0.3595293413847685 0.026492855744436383 0.0050427265465259555 0.005377979110926389
0.0 0.3678712394088507 0.03196470106486231 0.006155931204557374 0.005565711529925466
0.0 0.38416615054011344 0.03533099931664765 0.00586086213588719 0.004211180470883846
0.0 0.3900537952780724 0.033788671088404956 0.005525504052638963 0.004305068263784051
0.0 0.39524401798844333 0.03224636444356292 0.006196066737174988 0.007577457139268518
0.0 0.3988517265766859 0.02334116124548018 0.004667156189680099 0.004506268724799156
0.0 0.40963452495634556 0.026506237452849746 0.005217082053422928 0.004466037265956402
0.0 0.4110292922705412 0.016622011200524867 0.006424064189195633 0.005136633524671197
0.0 0.40039402842521665 0.005061326676514 0.0055925756692885905 0.0037686128402128817
0.0 0.3847965009510517 0.02838384222704917 0.007000772655010224 0.00419775559566915
0.0 0.38450143188238145 0.02309972932562232 0.004573301970958709 0.0036881715059280396
0.0 0.43553203493356707 0.008843353600241244 0.009039320051670074 0.006061957078054547
0.0 0.3712240912020206 0.015119936014525593 0.007604263722896576 0.008704024320468306
0.0 0.39163630940020083 0.0043505313340574505 0.004975654929876372 0.0026018357835710048
0.0 0.3849976774305105 0.005128386302385479 0.005887644737958863 0.004144120845012367
0.0 0.7930814992636442 0.0007033532834611833 0.0044257290661334995 0.0014067065669223667
0.0 0.6537632763385772 0.0015046909917145967 0.005337795615196228 0.0030093819834291933
0.0 0.6789902236312628 0.001601924211718142 0.004600084573030472 0.003203848423436284
0.0 0.6562712866812944 0.025044415309093893 0.005015867203474045 0.004077061219140888
0.0 0.6155674487352372 0.00024401535047218202 0.006021711230278015 0.00048803070094436405
0.0 0.5245841100811959 0.0125851382734254 0.005203652381896973 0.0031785010825842617
0.0 0.49057266116142273 0.0330912682460621 0.0044928774237632755 0.004734232602640986
0.0 0.5066932551562786 0.016554951574653386 0.004613514244556427 0.0035943268798291684
0.0 0.5016639199107885 0.016849996661767362 0.0049085833132267 0.0033260883763432504
