0.0 0.19598905490711332 0.7610260030720383 0.01685285139828918 0.019492981676012277
0.0 0.23523544468916951 0.696612595859915 0.01579346759244795 0.023494359478354453
0.0 0.06365097723901275 0.628506739018485 0.014193716831505276 0.01764901662245393
0.0 0.11446343022398653 0.5901198477484286 0.012874280381947711 0.017217119783163072
0.0 0.13740420108661056 0.5771721228491515 0.016112379543483213 0.015495652612298728
0.0 0.2122207019943744 0.4901121431961656 0.016493081208318515 0.013040704652667046
0.0 0.0909520673565567 0.610560140106827 0.01178609486669302 0.018775789998471737
0.0 0.19906137678772212 0.46687388997524976 0.015467187762260415 0.017758897505700588
0.0 0.2699377787299454 0.5062288064043969 0.012284598872065589 0.011465745326131583
0.0 0.1790439794305712 0.44938046731986103 0.008637414965778523 0.013301801215857268
0.0 0.2430803940165788 0.4826321456581354 0.021148911025375083 0.00859255325049162
0.0 0.46109886853955684 0.49930033180862665 0.019457480404525995 0.014564536884427071
0.0 0.09026237525977193 0.5105301674921066 0.012750700954347827 0.013603855948895216
