0.0 0.2091476410627365 0.4994724925607443 0.009766906499862671 0.01165342703461647
0.0 0.23038577437400817 0.507918081432581 0.012384116649627686 0.011521361768245697
0.0 0.24057150781154632 0.4950096320360899 0.012782067060470581 0.009682003408670425
0.0 0.24866364300251007 0.49221974071115254 0.010361999273300171 0.009236069396138191
0.0 0.2606234341859818 0.48868787493556737 0.013891428709030151 0.0087879728525877
0.0 0.27454289197921755 0.4663571521639824 0.013335049152374268 0.008582431823015213
0.0 0.28658015429973605 0.4859277058392763 0.009385496377944946 0.00926840677857399
0.0 0.30188814699649813 0.48085649516433476 0.011779636144638062 0.0073049794882535934
0.0 0.301337668299675 0.4901117758825421 0.009760469198226929 0.010301543399691582
0.0 0.31142125427722933 0.4758163897320628 0.010872691869735718 0.009951414540410042
0.0 0.3351320713758469 0.47972438503056763 0.009571462869644165 0.010258695110678673
0.0 0.3500756859779358 0.47910632863640784 0.0170212984085083 0.013146176934242249
0.0 0.355744668841362 0.4620489377528429 0.012024611234664917 0.009992100298404694
0.0 0.37959437966346743 0.4681869802996516 0.01619410514831543 0.010842176154255867
0.0 0.4050826519727707 0.4893146317452192 0.011937171220779419 0.009582828730344772
0.0 0.4104033499956131 0.46867815144360064 0.015313535928726196 0.008923206478357315
0.0 0.439576530456543 0.46502872947603463 0.017559349536895752 0.01330404169857502
0.0 0.4512258112430573 0.454502660036087 0.016822457313537598 0.008955191820859909
0.0 0.48883100748062136 0.45527488477528094 0.012541651725769043 0.008812665939331055
0.0 0.7984228372573853 0.2358154535293579 0.010615110397338867 0.007310058921575546
0.0 0.6186833620071411 0.2172073770314455 0.01130068302154541 0.009092587977647781
0.0 0.4894471108913422 0.21768288239836692 0.008417665958404541 0.009689748287200928
0.0 0.34566094875335696 0.21403972171247004 0.014613032341003418 0.007155261933803558
0.0 0.311162868142128 0.23926519341766833 0.01452067494392395 0.010908812284469604
0.0 0.28959848880767824 0.1931733090430498 0.011081993579864502 0.011067431420087814
0.0 0.27367653846740725 0.19241202268749474 0.012187421321868896 0.010110938921570778
0.0 0.26496642231941225 0.1905594879761338 0.009753406047821045 0.006697157397866249
0.0 0.003436279296875 0.22308689653873442 0.00687255859375 0.006077416241168976
0.0 0.00743550956249237 0.22772524897009133 0.010348588228225708 0.013010038062930107
