0.0 0.39628430008888244 0.9292246244847775 0.02016609907150264 0.01950763911008835
0.0 0.44103078842163085 0.8990258343517781 0.024135231971740723 0.018050797283649445
0.0 0.4989961862564087 0.8932136550545693 0.022000551223754883 0.019873961806297302
0.0 0.5640290260314942 0.838364626467228 0.024143457412719727 0.019807174801826477
0.0 0.5830427587032319 0.8677915941923857 0.02396160364151001 0.020964782685041428
0.0 0.526421281695366 0.9213087551295758 0.017480939626693726 0.0179576575756073
0.0 0.5353947907686234 0.8695915743708611 0.021706849336624146 0.019005127251148224
0.0 0.6239429593086243 0.8333685763180256 0.01645517349243164 0.017779424786567688
0.0 0.5999787628650666 0.8583011507987977 0.017609596252441406 0.019448496401309967
0.0 0.6404925912618638 0.8340035054832697 0.018457084894180298 0.016338173300027847
0.0 0.6640296459197998 0.8317288748919964 0.016872525215148926 0.017175324261188507
0.0 0.6502155542373658 0.848107834532857 0.01746457815170288 0.018327299505472183
0.0 0.658386054635048 0.7913352094590664 0.022893637418746948 0.019624516367912292
0.0 0.6974077254533768 0.8179421864449978 0.021505504846572876 0.018977969884872437
0.0 0.7263025373220444 0.8132931470870972 0.021768182516098022 0.019089214503765106
0.0 0.752663466334343 0.8273706708103419 0.019655674695968628 0.02057894691824913
0.0 0.768530297279358 0.7967464655637742 0.017965614795684814 0.0195700004696846
0.0 0.7148385524749756 0.8168050471693278 0.01706904172897339 0.017954539507627487
0.0 0.46276678442955016 0.9064668521285058 0.030095994472503662 0.025086164474487305
0.0 0.7084261506795884 0.21775802988559007 0.010450690984725952 0.011721974238753319
0.0 0.7832591116428376 0.24664698000997304 0.014360010623931885 0.01192324049770832
0.0 0.7716853350400925 0.2699457623064518 0.020012766122817993 0.014200888574123383
0.0 0.7291424155235291 0.2789689229801297 0.012515544891357422 0.014369616284966469
0.0 0.7271806478500367 0.27083345614373683 0.018741488456726074 0.01482892781496048
0.0 0.424156653881073 0.3911366157233715 0.016072869300842285 0.01355283334851265
0.0 0.41787232756614684 0.4819001296535134 0.020640313625335693 0.016667230054736137
0.0 0.3636246502399445 0.4701578628271818 0.01811116933822632 0.01469072699546814
0.0 0.40397034883499144 0.3998656218871474 0.014763236045837357 0.013741476461291313
0.0 0.3967310667037964 0.41107965279370545 0.013811945915222123 0.01205621100962162
0.0 0.20957984328269963 0.5628248566761613 0.016466081142425537 0.015754742547869682
0.0 0.06541808247566228 0.6469936065375805 0.015766561031341553 0.013942591845989227
