0.0 0.501179313659668 0.16067695282399655 0.01993560791015625 0.020628634840250015
0.0 0.5092361330986023 0.2316508436575532 0.02366816997528076 0.025390176102519035
0.0 0.5444071352481842 0.2551909241825342 0.022280395030975342 0.026623371988534927
0.0 0.583000636100769 0.2570667941123247 0.02329123020172119 0.030774828046560287
0.0 0.6413435995578766 0.22338947225362063 0.020662128925323486 0.027625730261206627
0.0 0.42226058840751646 0.27977643758058546 0.026600182056427002 0.020762912929058075
0.0 0.31429112553596494 0.22783988565206528 0.023350417613983154 0.025938905775547028
0.0 0.26974025964736936 0.1834478260949254 0.020008563995361328 0.01990036480128765
0.0 0.27638051509857176 0.2481494214385748 0.01782989501953125 0.02419791743159294
0.0 0.18304965496063233 0.2946156248450279 0.04075133800506594 0.028762467205524445
