0.0 0.9973749488592147 0.713953111693263 0.005250102281570435 0.013381842523813248
0.0 0.5464785635471344 0.6283454488962888 0.015833258628845215 0.01936672255396843
0.0 0.5577180922031403 0.6372345326468348 0.01689094305038452 0.015887612476944923
0.0 0.557850593328476 0.6145177729427814 0.013386011123657227 0.010226760059595108
0.0 0.9271185785531998 0.9512797765433788 0.013695627450942993 0.01740887761116028
0.0 0.9007216632366181 0.9657902088016271 0.015128731727600098 0.014724422246217728
0.0 0.417878532409668 0.6552794206887483 0.021140098571777344 0.01994245871901512
0.0 0.22133886218070983 0.7435168720781803 0.01582735776901245 0.01199430227279663
0.0 0.12167897224426272 0.7858819108456373 0.013278007507324219 0.014820177108049393
0.0 0.09429817795753481 0.8053250260651111 0.021866977214813232 0.014470450580120087
0.0 0.039206141233444236 0.011547748371958733 0.008839666843414307 0.0046323928982019424
0.0 0.034100556373596214 0.030448458064347504 0.007696866989135742 0.010212049819529057
0.0 0.07637118697166445 0.027753441501408814 0.006599485874176025 0.005491395480930805
0.0 0.05534588694572451 0.034821183793246745 0.011349141597747803 0.005015663802623749
