0.0 0.7779638350009919 0.4624507922679186 0.014758765697479248 0.016128357499837875
0.0 0.7707557559013367 0.44365052711218594 0.020514965057373047 0.014777379110455513
0.0 0.8889272689819336 0.4067601619288325 0.01261889934539795 0.011218959465622902
0.0 0.8171044170856476 0.4263637067750096 0.009208381175994873 0.010912986472249031
0.0 0.8817234814167023 0.41828242894262074 0.013891160488128662 0.015169551596045494
0.0 0.9808468401432038 0.42266756407916545 0.0165826678276062 0.01238204911351204
0.0 0.9805820167064667 0.43299226667732 0.01328212022781372 0.007239902392029762
0.0 0.8000778436660767 0.43146033976227044 0.013670682907104492 0.015694594010710716
0.0 0.9957236886024475 0.004684604424983263 0.008552622795104981 0.007523898035287857
0.0 0.9810500621795655 0.004957485664635897 0.008409619331359863 0.006553047336637974
