0.0 0.008597648143768311 0.6415674017742277 0.012219607830047607 0.00969482772052288
0.0 0.003638821840286255 0.648911507986486 0.00727764368057251 0.010273179039359093
0.0 0.006092171370983124 0.6551307460293174 0.012184342741966248 0.009298330172896385
0.0 0.004079777002334595 0.668151898495853 0.00815955400466919 0.00937829352915287
0.0 0.030424794554710387 0.6624110072851181 0.00935402512550354 0.00939011201262474
0.0 0.06577197313308716 0.5819093065336347 0.010666519403457642 0.00822591595351696
0.0 0.1449865683913231 0.61002208404243 0.014801904559135437 0.01044975221157074
0.0 0.18452092111110688 0.5351458054035902 0.013432860374450684 0.00950135663151741
0.0 0.16156398355960847 0.5377727776765824 0.008058339357376099 0.00714460015296936
0.0 0.1343010723590851 0.5444812506437302 0.008250206708908081 0.006470795720815659
0.0 0.25236726403236387 0.5645645253360272 0.01273423433303833 0.011423695832490921
0.0 0.27682646214962003 0.5557219862937928 0.011985808610916138 0.010855603963136673
0.0 0.23937491178512574 0.5682937597855926 0.009808480739593506 0.009195232763886452
0.0 0.22999804317951203 0.5709962949156762 0.009573787450790405 0.00809500738978386
0.0 0.1995188057422638 0.5558800773695112 0.010427355766296387 0.009225206449627876
0.0 0.26658467054367063 0.5094179224222899 0.0083695650100708 0.008056987076997757
0.0 0.335774353146553 0.5157679181545973 0.009632796049118042 0.009945429861545563
0.0 0.36142695546150205 0.4942412545904517 0.012227475643157959 0.010484201833605766
0.0 0.3879262864589691 0.4817044839262962 0.011244535446166992 0.008815884590148926
0.0 0.45145503282546995 0.4641309522092342 0.007821321487426758 0.007196199148893356
0.0 0.44564313292503355 0.4924661686643958 0.007295966148376465 0.007332136854529381
0.0 0.4530811220407486 0.49273326639086007 0.008247524499893188 0.007826803252100945
0.0 0.4606675714254379 0.49961489271372556 0.007731646299362183 0.006433127447962761
0.0 0.6111410617828369 0.495309167727828 0.00848686695098877 0.007513135671615601
0.0 0.6668247491121292 0.4719636144116521 0.007342904806137085 0.0074150171130895615
0.0 0.8128327190876007 0.5546746674925089 0.008420705795288086 0.00932231917977333
0.0 0.8013126313686371 0.5440307904034853 0.008770644664764404 0.007748700678348541
0.0 0.6930983275175094 0.4691565988585353 0.008261650800704956 0.006867142394185066
0.0 0.7052198559045791 0.46538946982473134 0.010581761598587036 0.008718369528651237
0.0 0.6913445651531219 0.47584123369306325 0.011470377445220947 0.007959773764014244
0.0 0.7019188612699508 0.4817501736804843 0.0086117684841156 0.008166974410414696
0.0 0.713262727856636 0.4775577552616596 0.00987294316291809 0.008129607886075974
0.0 0.7562290340662002 0.47451409343630074 0.008874982595443726 0.009127439931035042
0.0 0.7746761053800583 0.4780092716217041 0.008871227502822876 0.00863071158528328
0.0 0.7780994087457657 0.46596797201782464 0.008159011602401733 0.008916417136788368
0.0 0.7570278406143188 0.45248816180974244 0.0073247551918029785 0.006988143548369408
0.0 0.7684751510620117 0.45065408404916524 0.009223580360412598 0.00788896344602108
0.0 0.7665768623352051 0.43680802658200263 0.008728265762329102 0.007549948990345001
0.0 0.7762007176876068 0.4426800023764372 0.009731054306030273 0.008011825382709503
0.0 0.7860324442386627 0.4391135361045599 0.00943225622177124 0.007773041725158691
0.0 0.7861332505941391 0.4243778485804796 0.007806211709976196 0.008082736283540726
0.0 0.8115645706653595 0.43680018112063407 0.008256733417510986 0.0073911286890506744
0.0 0.7877282708883285 0.4469158222898841 0.007454127073287964 0.006432322785258293
0.0 0.7939387023448944 0.4547618368640542 0.008238673210144043 0.00696430541574955
0.0 0.7998290568590164 0.462979731336236 0.008007198572158813 0.008957002311944962
0.0 0.8149390578269958 0.46745805647224187 0.007829546928405762 0.007781339809298515
0.0 0.8226623445749283 0.45520281717181205 0.008810609579086304 0.009099125862121582
0.0 0.8460611313581466 0.4538236504420638 0.007547467947006226 0.008990244939923286
0.0 0.7216272413730621 0.41496807262301444 0.008256375789642334 0.006909739226102829
0.0 0.7256032139062881 0.4300166482105851 0.009168416261672974 0.007425075396895409
0.0 0.7072143465280533 0.420502014644444 0.007958918809890747 0.007225519046187401
0.0 0.6894020646810531 0.42402887642383574 0.010174423456192017 0.011869780719280243
0.0 0.6793844163417816 0.4202059993520379 0.007052600383758545 0.007353158667683601
0.0 0.6712089985609054 0.42846772279590367 0.008366614580154419 0.007837565615773201
0.0 0.6534600615501404 0.43626276701688765 0.0077013373374938965 0.006222456693649292
0.0 0.6463767498731613 0.4359359985217452 0.007342010736465454 0.0062479544430971146
0.0 0.6400880873203277 0.4354397730901837 0.00890117883682251 0.010139504447579384
0.0 0.633813551068306 0.4261695558205247 0.006412893533706665 0.006268573924899101
0.0 0.6222963690757751 0.4323959855362773 0.007029712200164795 0.006356382742524147
0.0 0.6183054208755493 0.42147251330316066 0.008567869663238525 0.007413759827613831
0.0 0.6276145190000534 0.4057157590985298 0.00728800892829895 0.005652956664562225
0.0 0.6510537624359131 0.42850016076117753 0.008996844291687012 0.006484122946858406
0.0 0.6501060038805008 0.42240758165717124 0.006107121706008911 0.005313690751791
0.0 0.5884962439537048 0.4185630541294813 0.011772572994232178 0.009103551506996155
0.0 0.6632956326007843 0.4100890254601836 0.01077944040298462 0.01176532544195652
0.0 0.6374205857515335 0.4027778601273894 0.006301671266555786 0.004173634573817253
0.0 0.6451738238334656 0.40205109883099793 0.007715463638305664 0.006152501329779625
0.0 0.17055246829986573 0.4413240199908614 0.006690412759780884 0.0060651954263448715
0.0 0.17881306856870652 0.49474467169493436 0.005991116166114807 0.005522249266505241
0.0 0.2158985197544098 0.4287622544914484 0.005651950836181641 0.005231112241744995
0.0 0.22162923812866211 0.42731650192290543 0.006738245487213135 0.00622129999101162
0.0 0.24366430044174195 0.46958794835954903 0.006560683250427246 0.005935443565249443
0.0 0.2999174207448959 0.4090558636933565 0.008663088083267212 0.007244378328323364
0.0 0.3138227969408035 0.40458875354379414 0.0064164698123931885 0.0049857404083013535
0.0 0.31687157452106474 0.4257782131433487 0.0062094032764434814 0.005656376481056213
0.0 0.33122255504131315 0.42984331883490084 0.008060663938522339 0.005992725491523743
0.0 0.33788212239742277 0.4624208176508546 0.007157474756240845 0.006339887157082558
0.0 0.3093170434236526 0.46939103230834006 0.006052941083908081 0.004922825843095779
0.0 0.34091628193855283 0.4906589716672897 0.006705880165100098 0.005864281207323074
0.0 0.3800132781267166 0.41223335098475217 0.00531122088432312 0.004385361447930336
0.0 0.38073219954967497 0.4499918717890978 0.00805404782295227 0.007056187838315964
0.0 0.40730654299259184 0.43660831935703753 0.00568351149559021 0.005310773849487305
0.0 0.42342514395713804 0.421092913672328 0.006966590881347656 0.005103070288896561
0.0 0.43304886519908903 0.40381519608199595 0.005387037992477417 0.004809971898794174
0.0 0.45209442675113676 0.4102661769837141 0.005801171064376831 0.004562839865684509
0.0 0.45525223612785337 0.4062696939334273 0.007092118263244629 0.006034215912222862
0.0 0.4663065582513809 0.4089608632028103 0.0077606141567230225 0.00677475705742836
0.0 0.4879369646310806 0.4444647191092372 0.0067014992237091064 0.004886062815785408
0.0 0.46837387084960935 0.39872653428465127 0.005685746669769287 0.005252989009022713
0.0 0.47753933668136594 0.39241046011447905 0.004331409931182861 0.00471612811088562
0.0 0.4846953809261322 0.39532585367560386 0.006467163562774658 0.005565449595451355
0.0 0.4946958631277084 0.4064855195581913 0.00643041729927063 0.00621400773525238
0.0 0.49323267340660093 0.3996241858229041 0.005890488624572754 0.005734177306294441
0.0 0.5017987549304962 0.4013602204620838 0.007668614387512207 0.008053366094827652
0.0 0.512377655506134 0.4003983216360211 0.008009791374206543 0.008695034310221672
0.0 0.5142058491706848 0.39136527869850396 0.0067421793937683105 0.006718078628182411
0.0 0.5188452214002609 0.39544041752815245 0.0072238147258758545 0.006514448672533035
0.0 0.5339145421981811 0.39141207486391066 0.006549239158630371 0.005335014313459396
0.0 0.5308934360742569 0.39290308970957993 0.0056268274784088135 0.00518207810819149
0.0 0.5372453987598419 0.40006393399089574 0.005188286304473877 0.004971859976649284
0.0 0.549361115694046 0.39439679514616727 0.005842030048370361 0.005096683278679848
0.0 0.5316732436418533 0.45956577379256486 0.006269663572311401 0.006486034020781517
0.0 0.5092869013547897 0.4446408648043871 0.006130188703536987 0.005216527730226517
0.0 0.5150891900062561 0.4437550066038966 0.006401181221008301 0.004982521757483482
