0.0 0.04445691024884585 0.9830026407260448 0.020863062143325783 0.03399471854791045
0.0 0.09537147711962463 0.964792913198471 0.03322981875389808 0.03207942880690098
0.0 0.15014235926792024 0.9279090449679643 0.021947726234793685 0.037968116160482165
0.0 0.209371879696846 0.8868082584347576 0.03756813034415243 0.03807359850034118
0.0 0.17007133807055652 0.8484484615270048 0.01792540149763222 0.029037213418632746
0.0 0.1300927951931954 0.8172426068224012 0.01955222524702549 0.025046044774353505
0.0 0.04246858926489949 0.8925915603991598 0.026180191710591272 0.03503128616139293
0.0 0.1527482595760375 0.7476618309039622 0.015409918595105432 0.023931596707552672
0.0 0.19753202642314133 0.794289969606325 0.01742857983335857 0.026928536128252745
0.0 0.015163744147866975 0.6891206350177527 0.03032748829573395 0.01570833697915077
0.0 0.28953979574143884 0.701274711592123 0.035218484513461545 0.02143143257126212
0.0 0.30404588505625724 0.7443183897528798 0.016840909793972923 0.03715489385649562
0.0 0.3344590594060719 0.734769814228639 0.017082252725958823 0.03397704446688295
0.0 0.3079021141398698 0.5608029197901487 0.02107389243319635 0.03253121897578239
0.0 0.2844783172942698 0.5227142454590649 0.0241167096421123 0.021401377860456705
0.0 0.27221680344082416 0.5557726822327822 0.020757388416677715 0.03174814833328128
0.0 0.2523028223775327 0.5407420305069536 0.028379515372216703 0.018208404164761306
0.0 0.3087005282752216 0.409668152872473 0.024779368378221943 0.022274806536734103
