0.0 0.15468749999999998 0.8978593353182077 0.01893746852874756 0.01415633037686348
0.0 0.17951563596725462 0.8905312720686197 0.020718812942504883 0.014484431594610214
0.0 0.028953051567077615 0.8668437119573354 0.014577984809875488 0.014953147619962692
0.0 0.16054687499999998 0.8795468717813492 0.014890551567077637 0.014156229794025421
0.0 0.018421804904937722 0.8808437366038561 0.023250102996826172 0.012109469622373581
0.0 0.16640624999999998 0.8531718388199806 0.02031254768371582 0.014156229794025421
0.0 0.02724993824958799 0.5038437195122242 0.01584380865097046 0.01318751648068428
0.0 0.04604694843292234 0.4931718552485108 0.009953141212463379 0.01021876372396946
0.0 0.11806256175041197 0.4693906273692846 0.012593686580657959 0.009937483817338943
0.0 0.2631406545639038 0.41884372793138025 0.014609456062316895 0.014953147619962692
0.0 0.6227031111717224 0.5873125134035945 0.012546837329864502 0.011156296357512474
0.0 0.6395468920469284 0.5799843747168779 0.012171953916549683 0.014953147619962692
0.0 0.7267031282186508 0.4624218963086605 0.01565614342689514 0.012890595942735672
0.0 0.9009843528270721 0.46275002267211673 0.013359367847442627 0.010046867653727531
0.0 0.870999938249588 0.4535937406122684 0.010249972343444824 0.012796852737665176
0.0 0.7168906688690185 0.44668749663978813 0.00849992036819458 0.010781222954392433
0.0 0.8138593643903732 0.4840312389656901 0.01329687237739563 0.010328097268939018
0.0 0.8448749989271164 0.45432814620435236 0.009671956300735474 0.010859325528144836
0.0 0.8384375184774399 0.43781249448657034 0.022156208753585815 0.007703136652708054
0.0 0.3752968668937683 0.40571877397596834 0.011593759059906006 0.009875021874904633
0.0 0.3650156021118164 0.4007968785241246 0.009593725204467773 0.013953102752566338
0.0 0.3712031006813049 0.38937499318271873 0.005859375 0.00895312987267971
