0.0 0.011401845514774356 0.4009162244386971 0.02248195409774778 0.01632130555808544
0.0 0.0028951242566108704 0.42436552392318844 0.005790248513221741 0.015803505107760428
0.0 0.013132056593894936 0.43804570394568143 0.026264113187789873 0.015305024106055498
0.0 0.0008711695671081432 0.4414847129024565 0.0017423391342162864 0.017249423637986185
0.0 0.04666640982031822 0.025737852440215647 0.01406272798776631 0.0121398217510432
0.0 0.19535507559776305 0.008703418960794806 0.017026220262050674 0.017279530595988035
0.0 0.3046682424843311 0.019858586275950073 0.013836604356765703 0.012639136333018542
0.0 0.29642043970525267 0.014253469952382147 0.011425171047449112 0.01665311953984201
0.0 0.3039911355823278 0.004654274601489305 0.00882570818066597 0.00930854920297861
0.0 0.5002137955278159 0.24577104905620217 0.012656211107969283 0.01134336031973362
0.0 0.5191658586263657 0.24260565056465566 0.013983401656150817 0.01629806337878108
0.0 0.6271144818514586 0.1489365788176656 0.01796758845448494 0.017011804226785898
0.0 0.6206790242344141 0.13174658454954624 0.013732957094907761 0.01374446377158165
0.0 0.7035348981618881 0.18875732126180084 0.014637364447116852 0.012184540880843997
0.0 0.7374708335846663 0.14880215174052863 0.023098520189523696 0.011352823907509446
0.0 0.7413913413882256 0.1671747757587582 0.011552354693412781 0.011391119565814734
0.0 0.7658794235438109 0.17090894568245857 0.014224780350923538 0.014800511905923486
0.0 0.7924757119268179 0.18698596318718047 0.0161340169608593 0.011124815186485648
